#N=6700
27836645
22672976
9358727
3675214
41882299
18705904
24508065
22027242
33905243
5049128
17698661
17132167
6771596
23340201
26658366
24427063
34652056
33882307
4135509
17761725
31009003
43064394
44844877
15214713
14974348
41276703
26072070
4749064
37435858
6560281
36128421
16925031
25680677
28306423
16820750
12618657
29690662
19458937
41982182
9536675
35931132
39248460
28127402
27234534
26341746
37666059
13055154
16890331
40526905
5961115
10570449
8557890
20853646
41221774
26796244
10225284
3840845
19511789
13510644
13274427
25769604
585597
104281
5825620
36269362
35015413
8290075
12917587
28417806
2733722
26299274
8696598
5670314
28114944
6942979
2215014
34792755
7094039
43973483
24732615
22761070
14238675
26651647
10628361
37380929
48055
34368241
28220018
38632185
5688646
13170146
12707584
1969836
2742468
35189146
23351775
6597607
43209954
31508314
19721207
41953408
35837931
39407220
41108901
38212190
37502541
3131532
2823739
29222969
29734808
42970969
4896309
21747747
19367192
13913721
1924511
6305870
28679595
7813472
25924601
41372411
10427678
15172039
23508062
41034862
29632792
36733462
24530001
1256546
33323984
25203988
38498108
42515742
39558279
37977369
28152050
8279572
11050325
4742771
17090260
750661
16367377
28636189
12586836
13061321
30124127
31764640
25271270
24960785
42275795
3516162
10627948
14282817
23192847
31664601
9268461
28376246
41063079
44216013
7648438
28461843
23299310
38174340
7127291
24042307
19690644
23409279
28842912
10299664
26028994
26107672
25817426
3306056
43402063
18475797
32680052
5163342
27142446
14518707
7096436
27992978
17976916
23853348
42667957
39706602
35491523
2706048
13491408
5364836
13680303
7127699
21334551
36910603
11247296
28608013
40089396
9390980
35033886
40388841
22135839
22722938
27595610
105229
15516004
38238721
28986952
10924945
35720506
44039469
34195392
28133089
22978622
23160315
33251825
39961908
26215194
22890287
26679346
44017310
28920285
21659701
33534003
30380139
41711208
1856316
31227728
37354156
24908742
12310947
12793230
14794210
44860535
27010490
8771878
42244660
2518214
29837484
14383153
7587417
13824447
11035077
39771265
27906714
41835122
3125138
6046162
19851485
31623603
5019645
3246906
43430147
17602093
31677687
36806012
42010653
14601175
11680380
24560925
10114532
5104013
23436341
43675933
2615874
24492276
23824395
20625107
32584398
8776637
3348076
12706153
30807733
14089956
29409727
14624152
14747237
16391536
1026517
9368178
33083457
25071152
16459220
44277735
20481441
9840111
25125632
10213328
4486643
44229968
1124584
4092200
2488139
36597666
19851538
19644368
36797878
7811358
17277031
19878245
22858904
26911720
20950027
16183581
36996320
13018191
6361234
43032659
20961680
13608966
37798959
33695722
4589711
44272710
19152103
3031713
5353468
18549265
9088743
38048044
41741829
2180519
29130663
20497371
44689788
4803780
2367337
9683233
22606054
28018911
43818219
6675323
34805401
7931836
2585947
31617262
29710112
37642269
5233700
32155958
1782854
31179850
14543619
1557998
38919242
38256439
31596570
4959024
14461037
44561825
1680981
21244457
2380732
17090483
18130034
35006555
19851326
12002027
3518614
15930731
38103511
28649983
4089376
40841740
15875325
2597278
26383561
42444154
28623015
18943851
17612339
224856
29914209
13940780
7615029
33960217
23795402
31924746
40931644
38106580
34944693
29480499
40768024
12264177
34892757
43781608
24251541
3920595
18788516
19758632
11841355
42151772
12774658
39145698
7221778
18321171
18864264
7439710
24831815
28398159
26683243
41325160
30263428
40843992
35035379
20580283
30682174
23342423
34633654
11451144
34992157
22680515
32241343
41876417
32902637
30972162
24993091
4492909
36969240
14290345
44637574
10349258
27693594
39343488
20281434
44672069
31142957
35356106
25646467
21160256
35788332
23492852
6289781
9683144
10161818
4456556
23600230
11994630
26003867
11953139
24099802
38005740
34667879
1269180
16883326
28409728
31656523
3466346
42398936
26619982
31486752
5294086
34957825
20675125
964130
22578928
19025602
9982701
44457775
2153615
14870475
18868787
6094634
39486826
23736515
35820789
16106290
11647091
32784828
32888127
14938861
15594222
21122414
6258150
7266258
6180579
23664393
5036540
16869595
29868450
29315758
3575226
4329956
5142496
1649523
35871430
23011154
16871986
32765827
18352588
33712582
13037250
32785873
15163846
16144136
4853024
40689561
28108163
34361831
9954206
11765713
8680710
8327963
7705435
20247358
2229718
34200985
31449544
13374383
6057969
25538494
24173262
1925703
6112127
19784943
22431138
40759203
4658566
28049405
12492177
23220316
18548736
34546715
20696448
12127885
32925973
15381194
23498955
9106050
25681120
1626243
4060278
33323353
43751846
11158051
26451415
26508936
28143016
5911050
34091122
41785867
12189967
42041919
24384566
10242924
15126377
39271734
21030626
19091851
2264268
22835463
40177468
6420851
39274342
5315254
26282531
16583523
27353675
21872712
5045772
30011368
40417998
30555828
6871937
17242910
27905036
20540365
37307815
24010750
31374684
29702803
17401301
1947042
19679142
30002833
26865899
40924527
29771065
43085163
16567983
40733418
21214722
27625814
17791920
22690819
15615180
4409819
11537750
42232307
19108314
19379945
23139431
23175088
2650792
23985173
17588696
41547887
34055682
368611
6609449
22191241
10023661
32288469
19971144
23644615
37885368
21434337
17120144
26691248
21870441
26595770
22941498
43413903
4774234
13382101
3916669
18272873
22955106
29811406
11856476
33586827
16729153
36807859
43239992
43646507
34819491
9983685
34938438
4628041
35234951
19210981
39873698
24032647
32056701
43426808
44178072
11194120
44453896
35414375
3749750
23346539
14585135
9559397
32260834
31391362
28080596
18995264
44069998
27021879
13082252
19938618
28000436
10736247
39641968
33256307
8708069
30191450
19638735
15727457
9644343
3965904
24807880
41336891
24744575
20862581
36626512
8763697
7444370
21107357
13592839
31843954
28739305
28083774
26368802
13265570
24974965
38712317
43566612
24131379
36675044
2346005
17950251
39634129
2028178
9450518
6381172
37870613
20547107
8436431
28573177
5961053
16874929
3945299
42363980
15980878
13418210
15519155
32824459
13254017
30021653
30399066
5475152
15473735
40762410
25310085
7352559
38497186
39690874
41220607
6181128
41930916
317826
1263333
26016557
1811166
33793412
42834742
9297435
7349654
29215102
24627878
1250674
894051
35417090
26844825
20810020
37817794
23151103
2425393
542465
14547918
27290256
17818667
884776
39918825
30509212
11021952
32316058
42649959
40902781
4917795
8677959
36160261
5123522
28071815
37403732
26443758
6383240
22323158
6098980
28321051
34100789
12059450
17737632
35252897
3693722
18384627
30038928
8603185
20025137
20377399
6426742
25025032
32199456
34752824
7602767
32749254
15009172
27398262
26735600
42396121
37447874
18259744
43646530
23569765
21688575
7844173
13108378
15715790
33112370
31693131
3347018
36501493
8365728
44243006
42867569
32744138
36013090
2425129
39830044
39890106
33067944
16563918
17422265
44340202
19743652
17858105
43667255
10266652
34840389
8475855
43639592
13878109
34224770
28565956
3224987
43626386
19621804
26305248
12368771
41500878
16091003
3994013
31287524
13275191
993516
33206040
37804095
41012985
14247186
23266125
22467840
33617742
41710267
37217761
672947
9476999
27907717
27955000
4280661
13725879
11904686
15073635
10653122
35488384
8944152
14573340
31257615
15774526
2977845
1138358
2976954
2815812
3000497
35735085
20361097
42524132
18958853
7301569
18545145
25519445
26445859
22903680
25708395
32233268
2073643
10371548
42849939
6945438
8813913
34097027
3072757
21306303
43783084
33733383
41884370
30823227
11595495
22882856
12797572
162033
43027862
4895469
20108316
43019966
16776232
5823127
16742587
31093009
25745711
40531465
37464650
31866192
13593637
15336847
27036930
40018206
39211235
1516512
3872681
32397611
35203944
14229374
17075533
12959857
14901488
19001514
10789254
11433462
17508595
7902103
17707318
37661497
25772838
7048788
19040979
30573223
17731017
21101123
31281960
31533120
19701428
22127803
4829262
18465431
13779213
25520418
28909125
6813624
11202569
27296907
8085678
22244087
36981487
42964020
39824203
3468026
39146520
2887151
31379745
17500699
27019265
3422129
11384118
40089616
26971372
42829857
36944864
23851497
1399694
9154157
26703858
38889598
1112190
16962445
27209907
6965589
7081449
1612218
43617947
33848483
27969021
2775258
20073484
33513460
41471101
29700652
9741882
14409421
20757887
20721215
43770182
24583250
14104358
13444262
3144751
3119875
41430162
20554307
42037640
163697
8041967
2505013
4443291
31800202
9880996
25597689
1001243
18122967
11296797
33606288
6538598
39345562
6194158
28026433
23771578
27061680
8942765
26674268
8292840
33828237
6616857
30325920
21438499
10984483
16904100
20244045
43625837
34030065
5275940
32296226
33374007
21131766
37514018
16499203
23562559
29411630
14300891
12284955
4347968
9604836
27412130
16165766
8337584
16786078
19083668
41987311
11532440
20004528
20057410
22856921
5153338
33285975
6185419
1194454
5012247
27764036
14968104
11329610
38309658
29034175
32435809
16874804
35222808
865988
2198311
11277603
25063661
42349656
29762826
33072203
1267252
3389652
41972098
11240274
5253638
36732741
14693500
33565520
7614790
31661436
9435101
3958884
21037328
23311384
23879950
38572637
27107979
23587530
23783802
21434854
38701368
24333420
7440093
16708804
20692328
42392257
26404778
29645059
41082403
19136774
28753706
27680579
43026015
42892958
34200374
9341718
29117951
27922065
16894019
41309506
3387707
23777318
17732535
27354692
33857006
292420
7552435
5673125
29776162
37103983
6758361
14756164
3641092
9937836
35194027
28700870
38963455
31604
891353
6165424
13764360
30750748
31133806
26447896
13775007
6278309
37337700
25462045
17297958
30770301
23576971
20923016
34810313
17440114
12565857
28183881
8169859
15338453
36568365
15019998
33462890
41710525
17215738
12593823
8627982
27926022
27809517
32798031
31157245
15030605
19921619
32206464
9739341
24855497
34000197
33202963
26633952
44221000
1885074
34028542
40849989
43790458
8357159
44280033
9270255
34881005
29269117
38039861
26765563
39747840
35457861
13632667
33082543
26943316
29674307
20719952
41658778
12778911
5640012
36604382
42944865
39956123
35859868
21426379
35875146
34669198
31317889
37495410
41024612
40638218
25671383
41459956
34520202
11129755
7774516
8883995
8115441
34411277
40235601
5896496
6665297
1278145
28848360
5126190
22938139
9658996
7843540
42707997
7487647
10573890
744513
21518486
41734578
1190670
34998491
43269736
31298187
28333272
4587627
44454656
6118015
7305227
26449040
18399807
3014314
18253240
6301995
39872546
20509580
31721056
21938137
39192708
23230006
11952964
42172651
17883743
2171349
34923251
41963483
30859161
6492913
44443844
31409996
43354842
7546084
44318820
31445709
31733531
22215256
42172401
10769216
25371809
4290913
959400
12097812
795369
35397261
12234540
10698009
26206873
8491049
9985172
41910058
42999864
9781615
12999
20810261
8965788
28430338
42409640
44339166
791671
29661359
24744777
11909133
13466154
22103563
26926909
20964315
34497048
37881487
2573416
13273996
41149145
10452140
37516873
34987361
9190388
3743490
712836
29186816
10381186
37857158
34660658
22189603
38469428
16472662
16054221
9516623
20402267
5511881
12357988
33772539
16195205
40294815
29872225
30155440
32496516
33935422
11154498
21223052
41622343
37011277
20647124
43815385
1261752
33773383
27038124
17657173
31015905
509279
32179758
33081584
37041331
18187996
43788982
28952804
33723996
10542340
34812236
31519729
34206676
16953174
41553914
23693366
7798299
40826804
19000941
4037064
29966680
19033222
38229529
35460558
35749525
31763742
16777261
21258180
40411079
19292445
23131015
42824321
1121549
6755362
26946203
8088526
29354001
33246642
39030569
39857868
21225665
17859061
27619415
3276910
1918475
727110
4692425
41414836
3623723
44857720
10697536
32159723
20937297
6465787
18683297
7254945
36242664
35138417
35780765
35240358
18170895
9139253
15878118
37923024
22291361
38589562
6711558
27149734
12020977
21171508
12238452
10712355
8704186
19655905
43474486
43047241
41993388
42378306
30717300
9117601
16684023
41885350
13476425
6445952
15113124
28434881
16364181
38655906
16967521
19405112
12125840
17901472
31737893
22178557
31211466
40031628
19332185
23193651
7674882
38962223
5230922
30236148
12127870
10546945
22552518
38749780
5093541
25639386
18457883
33721951
33294777
3001671
19535826
29931545
34971772
14110818
11467360
34612670
26530066
36719650
32557220
34837283
31580007
29359866
40499973
781415
25120346
18023563
17962729
22328734
26834353
39573977
7683630
11031690
43107005
34566732
13055497
16261591
29998210
15456212
14186125
3363232
12919900
43078608
18464185
359102
32470753
12401311
39709051
29346384
5139642
40850955
31990911
23562192
4239520
15240010
27708687
2791611
36079211
16042352
7408704
15802662
41356973
18006899
35629794
26845413
42222123
42489285
2075466
26634978
40189913
8761117
29789048
5324398
3371455
43716475
43193653
3124369
7261668
43748097
35009074
19231051
36611435
16750900
40743506
39101509
24050800
4429934
33036508
20276548
12338980
34291806
17826469
14511560
13438377
30794110
17533547
15587144
39952973
30967950
41735931
34865515
43043263
23726174
44674347
247086
36454806
44335557
5768896
25684218
44790263
18258173
16141145
35163526
37590101
29077172
6065001
3774252
36980955
43634703
40103680
42717421
13617029
24685960
34631614
42741233
28494738
31455598
18741214
5087457
32814688
10773357
27844769
35559776
32161368
37992391
39368191
3534188
44435295
25164323
9543073
9626736
25558073
24717574
29098525
33815849
36986217
83898
1324172
31917135
22781274
8181320
8085807
15765796
33844823
3176016
24000019
23407280
36294511
731456
14896289
34908512
16265590
34742379
33845186
21390780
38447097
6967468
38881116
27572158
44496251
22479099
25418212
36632225
25384958
21778227
25255276
5069082
22192625
30796453
23831328
44669079
11990098
42563392
29419378
10437542
4535106
16032163
8510991
39039599
22119467
25043910
38716927
32528410
33948883
26877718
27399665
10874938
7361218
9165616
2153946
7864025
34747742
41293586
4140549
20315876
37239203
32112424
18891354
15177147
18806354
18921537
15249701
1552556
30791886
13387215
1926551
3149107
31566296
28357082
37976273
27244658
28748628
11839209
5128745
23073945
12280100
18234049
1484592
37150793
12071475
43403962
3723476
14431866
4054383
9681725
39078122
14825656
13306070
44859818
44817447
17253798
25783252
1862486
37279606
27642778
19474519
18459470
2826435
41975239
37262055
26137063
22115913
5674683
44449110
31784697
14352953
20019307
43816175
40624231
33427317
35293209
39349579
31695352
20243745
26882328
41265656
39108305
7661810
40942272
11840165
42954961
17627793
43030475
20041567
18820136
17579943
15152881
18851016
21579373
19859326
24350972
26577954
35221217
28975331
17193403
25622123
11382322
24245591
1286565
1274652
1731965
15049464
5230851
35319696
26025440
11984118
323384
20031740
9596850
23314479
6463291
15676993
36461258
25450532
4888686
37622721
33654171
32947155
39390045
39891420
29528110
40265642
2148151
2362694
10356608
37837812
24335557
10107670
22513626
31127102
33697401
4065869
33914025
38136734
27759912
43647301
2387268
21898906
6332048
31573457
24506821
25902760
10788307
36492138
29449962
9595132
43122677
31416352
3419045
44014404
37743269
27165416
22672633
9200339
15680737
248938
8087786
38098456
14063870
11211357
34866678
40450668
21195958
27920324
28513066
5861006
30078853
15703811
35045685
25319289
20785150
32904684
34106399
38846776
31023062
42923611
6176087
43998274
38563084
21143629
21341770
28542929
4248279
15187295
38766154
22472282
31075069
34530030
40885379
11266803
34905400
6946353
4701201
8098551
35495072
12809255
15705322
4759564
32572262
2141001
36102890
26828375
39535222
36072789
25434289
31914789
42014128
22686058
22656503
10020154
16895350
43808076
27430376
19429598
21765827
4236124
26476903
12571866
37278231
26702626
44219202
26806848
9104882
36781947
30046830
30735508
17890594
13564320
6310274
5743886
7495780
30101
39047687
384033
31712262
40401831
9258286
31993973
5790708
16502028
20243379
35119353
14805848
15957851
37842695
1957561
4611494
37427878
13242664
10471382
17597744
7437255
34413619
23259374
11654953
16482510
17188834
4910307
6068540
6280173
11586200
44765348
13207839
36299457
36015748
37371890
34611123
30409858
4514194
8324955
39349781
4285528
42166659
12848287
11346357
414817
33604898
39030113
19830134
43459010
13711364
31991970
33435902
17931109
43724141
44398247
10413969
10908660
38214108
43846794
37962335
20176744
1513200
13489550
39341934
43259490
25621296
19049768
28713678
228666
11048297
26501494
30592772
34515442
16896990
9969845
25474683
27799488
18082348
25491765
2786708
40670256
25921430
33927656
280739
32815481
6184138
4220776
10599926
10800964
35097194
17236384
18488410
40797311
32758255
13055766
14545812
18156230
8001470
2212184
14525895
14186456
9604504
13386527
9040758
26751102
36777497
37636519
25012780
22302093
37223936
13749052
33153117
30759550
27743518
40949964
22215554
33036775
6777182
38253543
37202555
39189884
22131730
43086245
26251499
14602025
5054296
5097227
3630335
31468615
37497681
38792969
5145698
20507002
21499030
9057840
1738322
7239004
412583
4027328
34038977
44117987
23659135
29856753
8543995
39596744
26936382
28852012
40724221
12477299
8885413
31769911
5701984
7529704
30795549
21154272
10971690
18475682
12489547
2490967
19086517
9754279
10057538
33741459
18768680
14260026
8645256
35364595
18090028
38838198
18021793
41835824
35573991
28952392
40573972
24581984
43762524
14459082
12730199
1717910
6775315
39009309
38627963
22201313
41448015
12319867
1428325
1244323
37042766
2735268
37323429
22998659
28639199
33451113
25096202
21057686
41059998
7460659
17342801
13907805
3264207
26723002
38915453
3755607
30079869
26114890
11851784
34808214
7683767
11374491
7979948
22227602
42451295
26308096
20772988
32967291
12930702
43583058
1574495
14044107
11749669
41525917
42792457
7581513
37281116
10399143
3714885
19915793
4196452
28273400
19882353
44398600
34296733
5564163
36793824
40161656
18431122
38130894
26828266
23109766
13813196
19325453
39108215
2247604
13377394
14843531
24156396
43776596
31833388
4938579
8905250
41821757
4244801
25156914
41520229
10128922
6202691
20331485
33440
4687852
31630268
7081790
368376
39025078
32023041
43552930
13333390
32974957
24317698
266413
21655152
4329192
5948059
24264683
15744808
7254399
27900144
19217817
27634945
27665232
693778
21401937
301528
31769479
18954222
21188743
10095482
39168440
26354818
30605251
41973077
30258791
19948749
1705447
25691687
36701685
11998832
13066977
4083405
19988505
31971955
42280469
26237985
36347261
34018140
41416992
24509454
234912
18524039
6233008
27363703
13814299
40101316
16766386
14437597
24675783
32487526
17143831
34848964
40986028
10656502
33031230
4567103
20900665
27360215
5388310
25381879
36900328
18748623
6692937
31404121
40514695
8262329
22474594
11837806
26546828
15656552
18276446
17761209
4709740
3785293
3360917
37030303
15425532
21932461
42183767
27480420
36391498
44140930
1817734
29182525
34645837
43324615
36832394
33172387
35349888
31529687
18688942
43149807
23123929
36084209
1693127
21440488
19369101
44471642
31214961
8785619
10946812
14491153
7163892
5333038
33249761
19082057
39736537
25598713
30430963
35696437
25662686
7208973
9495093
41036720
30003731
1473450
7974727
5302707
7247044
29853682
8405758
27494734
34220280
39337042
16715107
2111486
27879128
3347082
33524830
16723807
1621727
43267375
26131393
25735435
10486502
414648
33541095
41693700
44826027
23221990
26201344
22279567
14858843
785242
25825593
24701024
31880007
23011046
34550550
24642311
33287003
13958717
10779627
32108794
4221513
6131625
6240257
11155321
1725355
27911055
35482415
13539892
25544473
18480344
37084341
6446402
38132223
10319105
15492356
15310060
1126747
18179702
41343974
35047819
13795236
2814547
27804075
7237696
27377644
20591833
13862684
38831810
2500803
42301603
25868537
37956193
4406269
23219202
13326506
25839064
40020183
9765671
21345552
19098071
25238122
26765236
35844047
15585762
1955958
42202655
18856087
3732528
4384465
31293027
7243744
44211141
13090504
44865843
38265013
33435835
10854629
9214682
12963273
9434611
37895333
2649334
17393287
23457206
20852620
41214436
42147113
20922112
29417549
39470316
20907624
9652360
17572878
38531393
34383276
43113430
30581789
32453061
34142385
42716926
10966122
7267901
5946128
24544670
26774814
29050331
20472562
1420018
16209349
10313938
29694925
14438127
19450315
21068851
18963694
44820509
11796887
2676796
37668088
12528789
14661038
27266232
12922684
12113049
713204
1930215
1734645
32754864
14250538
26874484
36770797
31311453
18146688
14549398
41725709
25354795
12840981
10158623
9378694
39424823
28517224
8626073
33128033
19519806
9271964
9050498
44806022
36921698
25669359
3165456
37259706
40201590
26553028
10992469
3142004
5611940
25333278
19750162
33637668
20592686
8727795
14984999
27239344
30445494
1708417
31567086
15976101
11069759
19295000
752621
43950391
8997418
37007710
24077535
12367385
10003867
21034739
34404165
37315593
30357770
21502429
19030837
29823186
13704687
30549192
28281843
16864273
42394192
3785966
18652669
31006943
23172302
6040182
40562259
14469393
35528659
12272086
7987080
4772969
10297582
1398512
19872855
34283633
19767443
40696397
22853221
17578274
35566970
12901736
11048356
38188185
561342
33371646
1541343
41730415
25808600
17259476
35865205
4150849
25503665
5376087
35334684
8702909
15401524
21053773
44135914
30755690
1974504
6588568
22553714
13667549
26521070
24066459
4194012
2189168
42783028
9951485
44183519
42268785
5103994
22566711
36646842
3720928
7563045
21935467
43518810
14421351
29409412
23252718
13706166
16800755
34864564
14280911
2220596
29535835
19079269
37547346
965575
25960555
17721099
36140856
2237137
17095501
26173432
39132528
2895650
38167843
4847491
21616807
5621943
39036667
15003666
7474975
42745719
30795295
30179656
20266092
715185
5372257
26041755
44315256
14580159
5328729
32855242
9563251
21333859
30772315
12589847
9714720
16487018
625597
2731023
7994609
14199851
32895590
34285037
26168844
25309500
3464425
6613141
43036969
41180948
21861971
14948920
22479627
30080110
17570999
31877937
1289930
35682099
20713026
4223613
42670508
28884870
39736528
41863405
11619139
7048896
4727849
44637298
8492409
31315747
14725434
18599573
25684608
349689
23584212
19555702
27162532
7173477
22404771
20851649
18701321
29435462
35031522
28255291
21553780
26778901
3928511
34719917
30665191
36718157
9377086
807103
17265731
25451232
29899156
4635442
43446488
18302103
29911863
34782837
43284740
7139345
32668961
6128905
10840758
16410735
34804532
6310883
26125757
30622910
23473728
28099631
645281
8252621
17090380
31723864
33767310
12100355
25342831
29858088
19452425
21579455
15797948
5393889
26894744
4360653
19613579
1427251
19907363
22772518
39767476
29919435
33952188
16258226
16214374
4529874
27938578
41835223
20490756
42916127
22741228
15221107
3772851
13811418
19375311
4990025
44034633
41562823
37537930
3763376
14060140
6822136
39574711
4200895
30670311
18231093
29343290
41731062
6549776
27641529
26473931
16272850
13705061
22185913
33209649
19269151
28929119
29912452
11857595
42923250
31906876
8929810
40735796
43672827
14666786
15466089
5105695
40271257
27502682
30715794
9078666
2622845
21041826
14107218
12511205
33829250
4444917
1701761
8020730
27930527
13936468
41941619
27953202
32089510
38146795
40950798
175156
23659469
35659176
2927785
2187454
25887650
31916625
25269707
38567131
12049130
25617008
19279902
31192591
24879837
2437568
32625048
27765241
24866177
9662301
10809444
18572119
21404391
25418893
3732712
37630926
19500559
3794823
24656005
31914354
7250926
5291621
42137372
21472015
2535126
8664761
21807748
32210520
12631095
37306300
12050829
25746540
737171
9605933
36221143
34768197
15224992
22962747
16955796
6294057
25911511
23044152
14839407
21427066
5918334
37591490
5738521
32476206
41433898
19364383
34666982
23432511
40410096
26236211
44554268
15214607
33687267
22155049
12923290
31774556
36569129
2444896
34415397
3622575
32034542
13258396
10576000
8930935
34704836
31565245
36344651
4484445
17125817
14901518
8452145
18332129
41047592
31264138
35462824
18001387
23844288
1194371
23768244
17959089
37438945
15162819
39944917
1912711
30475921
10478394
35012759
25710154
8063955
13920601
37936575
23103607
16207161
23900756
17476284
22983991
14439428
14206733
40922301
43683689
18743926
22078007
20522906
23046205
183450
34268453
31886744
43538799
8645426
8605424
22904173
28289834
22340499
22230123
4553552
42419368
2414439
21092158
32663579
29850349
35367041
14035819
43280923
38113171
2224928
40923152
26951690
15645740
40352808
18844294
15924383
40587722
21894557
31144453
28813062
39188253
18386627
23281319
20634626
18009193
23918526
38327651
23736282
24811132
19815683
28351395
9755788
17454091
23378718
18627760
24223026
42143871
4574491
40011372
3925080
31469189
570344
8107396
37374958
44655087
34603338
29669930
4538259
20359905
5521426
5531743
11317226
377434
37016394
19960576
31926512
43997394
18511967
40274888
7818944
2361592
42626277
28781629
30884666
18888448
14053268
29101655
38218790
10758903
39441028
40707685
38984232
38458859
11157659
468627
40116827
14243433
16912104
36660117
9042678
5143992
6168949
29010251
6104523
37909001
1448609
36541625
28942050
16150375
42538611
16690915
9130527
16501429
14728361
1783011
25559659
40947966
27314227
42401106
16664672
38635770
22313625
31279204
43232032
41804227
21210124
41110311
42854355
11768111
23254768
17686028
36693070
13149949
27561642
14452899
1730550
22951834
38893014
5014735
7019848
18800782
1962554
111116
35831771
18670396
12122384
28048553
24283293
33568458
12851081
23039069
33057339
25399399
2832680
2121721
36603473
9442013
10619143
25168327
12728642
10104818
27777987
22240171
4182999
42263408
20449885
41605816
15931986
12855832
3052180
44562333
27859012
20945759
32878732
546817
32040703
23443927
15197472
1244224
38164720
32341683
12969989
23699217
26449527
38280668
36392579
11435146
41603372
38167925
35043940
28142071
5921819
23168180
1790286
7467183
19095022
357653
31317236
16259653
29886820
19760022
11683601
20075795
26558657
2198405
30239346
30796479
22932808
20509390
25927836
14465502
43545757
19579322
32196639
15014381
34330897
35878255
14044806
6224900
32246106
11875760
26351785
36108237
41726758
1432632
13803548
2835369
8124434
4320814
4576052
2574625
38091366
2248796
34726450
33415779
24155597
2493555
4868642
8467306
21853634
6348514
19922464
28531376
22902026
33971985
969574
28105996
41285750
2169046
24763116
33791470
7802603
17682753
22304688
38891389
30961799
9482734
35912917
43203409
11119449
39980857
12738176
42329188
22983199
24996494
28547136
8451891
25529922
43410129
26198442
30975859
28336489
23604080
20325401
39686030
30339836
43690529
40996481
7494280
32020044
44733964
11486781
6564814
31610954
12821954
40632073
25411991
36016886
33585661
30465233
13680262
16997658
25395283
6545651
7294908
44356573
30027008
19907050
32207663
15073639
2594362
10650458
26304060
30917845
21524873
36343150
22845556
4434085
33916118
40897499
25455229
13123009
36318428
3586342
43852564
14458668
44700013
39836759
15100224
16588003
42723551
7134610
2466350
25928710
14172244
32277859
12148910
14953369
17312688
21557205
26423180
9330117
26779186
34850911
835889
9854387
2427031
26838057
23868857
13556709
42232672
14632487
14160446
14623360
41429931
41669406
44248445
28112010
42003209
7965614
6885253
9558440
30615967
15078492
13779800
44108876
14965171
28245305
33420189
746170
32431620
36462270
1257828
9688398
25187479
18887833
30875531
26523923
29495386
1999970
44286264
20372912
10856156
10144640
15264916
13317921
37319798
29046431
13990357
32444768
22239647
36696762
40668641
24160692
113321
23188096
10688686
6982600
40703686
41847920
37141943
15506822
4038391
27259996
23702868
43553557
34282447
21639161
27127660
1886074
36033814
26905223
42761597
42428236
10478443
31108486
36981165
4875030
44460384
22183596
29429728
42968956
36583441
10244145
13472006
30784321
20138011
6494367
14730658
25196864
37809529
9881947
36693955
43028436
30631149
39717307
16425896
25159973
30495348
37876038
4014478
38495579
9190380
4416711
43100671
43257014
31538102
14797569
13098902
39145029
23253756
11949183
29496950
5799119
34996135
44631239
16053663
39831148
13574839
42502311
33392910
32434694
16904399
41866648
26602539
5471176
1985559
16203459
21145494
36889769
21449257
37251368
33048509
3586967
17768609
28303102
22921711
30046674
29197414
1149719
9648079
17454636
21843049
22519311
27399057
32818588
23820000
11204953
6438238
26030146
25597912
36416262
43485755
11433222
32644689
3162680
21979283
9985791
39644203
28784127
41494861
10625890
12246359
4745407
18318857
25375536
36759288
21771992
13162194
11742778
16960270
24782369
27709180
26678062
43589312
16194104
26380350
35443454
30497041
14911976
27434392
6928290
41425174
33086675
34343940
22658898
8408478
30848757
6144530
29018313
9301368
36749454
29960634
31760823
5639719
34200465
4976942
17780110
4811722
33269826
28923598
27935809
26083057
11515076
37951313
909458
23350663
11468373
8009062
16332351
11140403
32001317
17474350
18766276
24678197
41148784
9277967
24280166
21547389
7048677
36711280
22430545
31109735
33413769
19547481
32749610
29388743
16597116
33746513
21765914
44840370
10172122
27638096
17937199
25818014
26482940
37790396
7018312
327970
20897746
36511602
30027727
86720
21215567
2251909
398031
19601395
2229290
25222487
36770444
20828943
3297510
2883064
43250126
4025026
40603966
36656698
7622829
16646747
16337991
31781418
26903170
29244109
1155156
25036804
18799702
18918569
9656250
8160311
7953844
20811026
15296035
27775818
37342289
1614171
22618
12829145
20484552
26290348
21924976
33887380
22468818
36926085
44822700
44247029
41292197
23957218
13082307
13495012
27397178
31983883
23389862
39519967
10444407
19890188
8144153
3402991
10964725
33735225
37754277
25068026
21122337
13681863
27753200
24513144
18783220
11385871
35794170
31487172
41475131
22652492
26718281
15875390
40523889
20865481
23928322
20560785
34213641
25988425
27758751
32767211
21539476
3499674
24139414
44695017
8925462
19298929
10538715
23550300
5376488
16836013
34968427
41499194
32552244
9130929
26372575
32186049
7564340
5905278
42422492
25599741
19782204
5852800
29600669
19963103
24305441
42829898
30455635
1446430
42102550
24259077
1391397
14498060
32227812
4840485
34156302
23028763
6686041
31356302
33471873
8767294
21937370
25837498
7890219
366195
39220189
20467297
34653558
26854600
23776675
29333292
33652673
44709101
26437360
31660772
27161069
22859011
38380949
6196558
37708633
20368090
36921265
41440913
25231759
1962649
35808045
40453600
34446891
42808747
2182532
7634375
38530676
21571175
24270910
32312923
10602638
12365589
34344223
42973867
30855527
23957574
2895932
1991901
10311632
41231950
30933424
20964510
22803978
18012859
6928894
41157721
40026332
34958616
5632868
22431759
5169359
30652898
38271068
26812516
41931672
25501357
21017066
6217752
3732137
11905320
42858701
5282372
19163663
3150248
40077935
28863626
6409542
44207584
15948478
34237123
18427971
12920565
6799216
26536258
15640128
16860278
35524852
10358172
22552857
12633571
29050692
16010444
33611227
5533311
5795450
35713920
14532820
9111745
1012652
43339766
30395258
32472053
10094438
27953638
34394307
33523952
12915147
17062420
25779612
3027913
27437906
36781714
34934038
27592539
28665007
5281955
31961022
15654881
26197481
6542413
16675945
16280981
10214994
42787308
35890492
34337305
27464868
16083054
16370088
6194200
26008928
2441620
42967746
21460487
15038490
17331887
507939
9887234
27278114
33887899
5747476
37498968
880307
29652082
33285118
13010125
16738075
25418608
36632537
2680100
33981020
18778638
25280490
20767689
8086040
12571037
17967217
14034268
27727727
13928467
8116454
4548441
25056731
18399459
13716147
5151256
34943774
11510041
41793358
27432747
25771192
20985395
41867451
32760182
5677607
7866509
14031189
14057974
36327589
17853899
22289611
13213331
3456198
5473052
2800472
38941773
29733311
41692351
43571414
23179285
26525337
34606996
35722295
19905474
28345686
39859707
1011499
274627
23392449
20807963
23218896
37901011
15307787
34000942
18728993
29273234
9192521
41067290
36658364
23114258
7161301
16816559
3176459
9404426
20629742
43651723
33023959
6554026
7930613
8964418
25110591
6619863
6261310
33516188
11657575
20834659
16467258
25093536
14709331
23145039
43153777
34107955
19172017
23688154
24808420
22551704
37504871
30968264
26669589
12605405
12701399
35410476
41076818
4414737
21270467
6839316
28484709
16823141
19097035
1310750
2703107
36484404
32615888
23080252
9812530
31454040
6125327
30975819
19593360
25491377
3973022
19465622
2063135
41510314
23836884
38730157
33535716
17663066
11030465
36149113
16418588
8286662
14140009
27001102
13583628
42100927
32632281
27173959
14120034
20266232
6348463
17276456
19435473
1161848
9718525
23726712
4624279
25523951
19766397
127738
16191842
7352708
33282339
8222979
738198
43827419
20463291
42276603
1244478
2743803
14772704
34307487
32356634
9692683
32022421
31299670
20744493
12366049
13589096
41733579
38484360
5186614
321531
40598762
34191170
29084574
41613915
4496541
9332109
12413689
4499000
732463
44268111
34344920
32649688
3351596
42582941
10483088
20267499
4590592
15277170
5080021
2285065
1056964
33838191
12419972
10474174
23900915
11535290
1166081
34175648
42775598
15885445
16126957
43874848
22458228
12516065
21963826
44887542
1363246
13035579
15044080
5736375
40916515
29415580
22166600
27974098
37992349
32859519
15187477
2305526
14220206
8895431
27518694
28236390
2700876
884682
9308093
34615268
13649692
30170637
10812290
43790751
38317218
3610892
14674621
22460687
3916418
8928247
29843462
40516872
17009065
23282101
28459776
5706017
36313231
26960682
5550220
35686823
18639313
43945647
12440433
23637416
6194555
26634011
18928297
12975609
24888591
24027457
23802977
14748942
29507020
7201398
21879730
8620131
37348075
43399975
30270826
8289547
36809183
44214961
4820696
4066648
31858871
1499093
155796
38280009
1084969
6494574
16009989
32655497
37751091
30696423
4709119
30872547
1745420
32554441
34062632
2903249
32174038
9365179
30522813
20886889
14743324
23369756
23239306
21822127
6590791
30945865
41122452
32742535
5119690
3321602
41564452
31232462
38067725
31314823
15033620
6083073
13633484
30203567
20709978
44532145
21714602
9808278
41699916
36495772
380403
17461053
10034037
11287149
39511856
7153057
35301184
30574797
16778964
29947041
18353276
11501857
18589775
37800850
28831684
11540829
2907478
3013229
16198842
24748252
17681339
29720053
23026695
6754940
1252565
10901700
40485830
30108831
9427875
24238863
19225335
33983255
15602797
2880980
13639566
8937059
35264093
5354142
4985121
42930708
4120866
25442427
20323774
44702547
27656971
18582054
40231987
15812827
22985491
24132390
1721556
10926399
21231088
12124995
11159111
16033735
1473825
16246967
3647095
13098220
1399665
16344355
20343689
6665738
5270487
1049023
41605538
29986986
38886877
24432695
22606934
41961921
35439056
39395320
4470559
11844144
33250164
8863197
14091271
12059092
2901301
27250162
37420889
42850954
10651170
39802145
12386639
26029205
7610901
24956341
37644532
32387528
3837468
12058266
9950201
20173502
7052147
9936443
7380051
34578556
33883640
20865215
37491362
23594912
43798757
33260963
35406474
21191071
5961896
24494710
12291804
42593949
16598991
42508745
30464315
22275566
24954843
25083899
33274674
20113374
13882473
18349866
15200927
28553966
42659719
13758
5557051
10127192
20942804
31404837
34740795
10288727
14720058
4230399
25842039
22607686
20062667
3675364
1662867
1021548
7895718
14673060
12129634
31977026
17553901
43034016
33890892
42495070
3965026
7688408
42566048
30218507
13343747
15187169
15760515
32532527
23960955
19042214
20276397
10654076
16684779
30510396
22100289
29765973
21821333
14930275
20944819
19041119
40669646
24643407
26545515
20808693
34772760
13985618
35739735
12712432
31832590
18966084
44819022
18636520
31998262
27378879
7221592
25701221
36116215
41608302
5019730
13306878
2357435
27419602
26207388
24572406
1452663
44823614
8821154
2780214
19150630
33955012
30149205
12624553
34760648
12559896
22722559
22060327
27043029
16773651
12783411
13196070
31857823
10203743
4178528
43950642
36152665
10503291
13445091
22809336
32014466
22490129
24753091
15438630
25966938
19037375
15751252
36326050
25672984
12519743
10284610
44179677
44084365
17589308
34791995
5463921
30406868
5948908
2040516
13846959
22569429
40233269
1781142
25560782
18941078
38565238
30505551
6106929
16142425
35844963
35709846
9339436
34176791
5715716
44577379
27294489
38254391
40885110
26041440
19146908
13325379
37585302
9387682
31384044
32072441
21606687
41077005
16559908
21033080
6697248
4829417
41898648
21292190
8105905
39945232
5597749
15186412
32314189
15287083
44456590
1668171
29994130
9652058
44535903
12351325
3692269
1253048
11871083
27559731
26109739
2522826
19594936
43166462
25434595
27960639
15512533
573607
34379757
4494091
16788033
30295059
41613513
1953416
8458041
30573093
394643
35200667
8383423
23409617
30182954
34804531
39675870
17642805
5959789
43282855
38133843
13786139
12796910
9348257
728395
27833278
14741831
29287897
27653929
24860988
38470883
11018442
28675575
4084698
7770578
14834617
14600618
3804020
39212374
18147375
22189670
14638626
5017713
11232493
28623748
5303749
28844742
34046616
24398963
29827251
23249544
28785585
13057744
29853633
32260027
16330498
179349
34770844
35707015
16635487
41075413
34386185
3247863
13840958
27137681
41620159
13275844
41343244
19267951
17337347
13129662
3720777
30904879
37367565
20041352
32230733
25794787
43907491
10797071
40503378
16769507
38285912
34179159
34380846
29674284
35142783
18277084
28433863
38585432
1320829
6151223
27234455
12104
44171306
38218715
30684438
15115808
40828497
28213582
15547174
31322469
13415698
28569426
36327746
4336378
21023861
21433662
30181409
27137984
10164760
43977820
20042262
8611627
43926377
16103762
1240421
34210952
16956255
15046239
11350977
38962326
6869918
26669340
14217667
29055497
42280219
40124457
44458635
2269628
7561484
31867749
32648324
9079320
309164
14894084
11808569
31539478
4032501
31093590
7095722
1553133
51443
41592101
7371206
2479024
36801108
23847783
22859975
15647530
939921
29571637
24744658
22704422
29279122
11746811
22250463
32774191
32562973
12590886
14511305
36135765
24322184
17754239
34924351
6423287
3625183
25604980
24443756
2479368
23805747
3157222
39071928
42462419
4790993
21177024
24509050
13917178
15671462
38178339
35792872
23125500
37946116
5761447
38107560
34158532
24073839
9659576
18262886
34080809
25922303
34410666
1211413
10662497
14129056
2082971
26869531
38799415
39452833
21286534
8297441
26233329
43256230
10658504
17953369
28527416
43159163
23984312
23014306
37435963
37885824
22795025
29907941
3787583
26577608
28447983
15895646
27646631
21390874
21505820
32869395
15259805
20281610
36782043
28682967
12983242
7520139
5582997
30501974
5983104
22920305
35292538
8279959
7492414
5152942
31622658
43166710
5723200
30988489
37872882
7528022
26861840
41107418
39113558
32781938
36584578
44710710
32043427
39667237
6131069
1224210
33740953
31466839
61968
29261904
23099970
27371269
39190635
20316292
32863036
35356746
8191491
30139596
21547302
1979304
44319743
38287770
5293828
43085179
4126648
41655465
6068064
38969903
4522840
39292849
38392112
34570942
38579641
23582816
5926283
12317830
1162242
4479049
8366869
10344300
27724869
40437278
39398233
41487490
12124801
2723440
13809444
43865788
23473454
28149532
41575477
38888165
34161122
8528364
37017114
2810346
37132625
11665216
38231392
7605499
38366809
14809295
28644658
26261810
22420574
39100835
3950961
28471543
14407781
12819592
15836067
31127380
21076077
29438393
27678046
5912614
16903586
23313512
39943912
29475290
38878411
33047112
1871050
24114376
16285740
25351898
9468954
22290726
10952007
23422097
16614441
12104999
30042322
27197424
15074449
38839031
24693054
36021370
5399076
28170402
29397115
31287675
3449333
15163463
12534807
42018135
3622303
32318297
29325102
6896799
27604240
7527635
16761372
14172753
14645421
31648615
7163491
30936858
43329885
43737009
31033375
34307018
34684150
28856892
40157971
23943080
33439955
41412653
44277855
11765002
17484668
14233652
18752868
43974800
4304760
17870111
12693033
41615504
4714057
14561066
27789028
6195087
37772215
30002757
7009262
28598564
25972331
8316482
37557084
9022867
9052859
39830084
31802647
3504670
40306937
43635319
17318826
14438553
16691584
30044203
37902135
18399869
2692491
38536358
31281767
342857
13156054
35785567
13826476
36172571
21678852
42676272
36839426
9173651
41684027
43582780
28695081
16949463
36917224
35380600
14873821
43201790
44413148
33057329
31075845
18631984
19707335
24928223
21426419
43181716
20115312
37019378
32008102
2349634
18143904
40386201
31406382
14637084
14106715
8803805
44223146
5268801
992244
38146646
18132171
17498164
44319157
38204481
2075642
38605435
28621053
26706493
12125945
25781164
6113594
43801222
42095565
21415619
42466512
22060642
11173614
17765677
11639074
29275502
15833253
3506820
26279486
15366177
15303939
1601513
7811560
43730100
32026631
21147681
38717490
24817690
15422521
43367322
2347028
20259150
26479490
2839889
13356499
13214723
21339199
22351575
38988311
12798523
10242005
24700835
3185168
19551712
1932424
8132254
2996016
38120677
25856482
17441572
318216
16463839
14464883
31553880
5012610
44862542
5725160
33003769
15234262
40053372
16887832
37160739
44556252
13264767
26390691
28658524
19116413
1304276
12109570
7051076
9613354
35580294
15532011
32706515
9319296
1465347
27165773
30444445
37802461
9392642
2976689
6417937
11451229
7255942
25828720
9662442
29628279
3325389
16115937
15727124
40387120
3623065
10770048
8661328
39038354
17850014
16548954
4828937
36580923
21419277
36409066
14560440
19024598
6830263
5540742
23764852
8552887
10536730
20231355
24148123
42831414
40610748
25479218
39442388
15281263
15266931
31200106
6664755
7828269
12492872
4957075
24489392
9474711
37810035
29765974
26973017
18922692
40019678
6073472
14784083
40048280
22342402
1783297
40149747
43167377
39894013
3533496
29294765
12595317
17274208
36322506
41042626
18093085
10212287
1005882
8616508
202261
18707234
1707680
20992478
3018160
4800641
32377019
20155295
11650942
34636297
20899544
4138609
37624999
28621071
5764385
44788534
24065026
6779285
36616250
6636212
27298695
23912889
30625860
9206292
36834724
26110218
32800344
9476577
2773626
27188649
6908828
16863384
15689073
34560639
33505460
27752866
30803300
42630723
44145752
7512333
41901298
29932074
36027825
37726466
4556044
36638701
8172283
10192414
24370591
5466961
20900353
10856003
24731766
4515641
21295949
27358147
23336592
5611694
40221350
23563842
4263176
10001789
28247925
32826208
41410940
28528338
21260715
23290967
38383025
6977277
16374509
4174832
25376030
37042725
29554183
32017231
12268110
40358923
34182062
13514587
18388795
9148311
34450055
42263620
26069050
8447854
24790398
37426351
39002119
22983160
32969518
16326968
13480850
37373188
4329093
18119973
35035313
14283437
6916458
34208193
19254848
16985385
12274250
31012400
24774615
26848860
42725169
43643523
21970128
17797351
16718133
21015176
27969262
18765801
10236822
26296300
14335736
39460838
42110434
15438751
9502310
40486330
11997875
33014477
2337875
27699257
11203515
38480721
32682190
27584674
14697543
25896049
37100771
30315390
33177231
18784692
4878732
17691418
19688990
38608553
27481689
42842333
3541953
1672962
42083666
8429585
21839467
36550586
29958528
1624103
3440876
21377834
30912055
21952219
21810962
8747155
32670668
28508842
16546777
6786140
28137504
29272154
37608819
11079678
18200258
15485813
43985703
3923780
27863330
21736658
35066599
25808727
38412268
40002369
17487096
5533080
23361058
20215363
33109710
1344294
15602049
26378658
37220473
22164900
26935152
38192120
29853978
25884527
38024939
32164624
14067322
9821425
3835496
14886606
11983976
14276477
25276084
15012644
13747182
39708204
28214391
32717831
8321630
25642788
9404911
34925334
10076971
14780364
4613314
44384653
9013822
38327149
37097107
43918353
29964523
38704225
37820782
42579355
11817205
28203514
21092728
36834317
35491050
34449019
34500523
41861333
38182896
23221481
31688254
18682952
24150173
40225204
16076519
18286297
15565817
39514548
30312019
3345919
5766542
11176166
7287546
2749069
1126226
43282882
6097571
32275169
26887020
9617268
14250226
19872888
30366065
31533710
39987395
38519718
33919724
4042642
2936679
12263544
43961308
29116650
40260033
5863876
24659387
21451972
25627879
4983498
33748006
19135853
40948374
40671073
2813539
1658264
41541499
13741058
9159462
34133904
10788542
44667733
24141204
20370117
17539094
29499948
42503987
35944753
28346639
14419779
4971334
18710029
16893512
30861032
4457263
18808061
17889598
12439489
32593966
6492025
1688725
30730534
9085914
32053709
44019575
33962482
30152403
171194
2952516
9381730
2756300
28072026
19892239
32294857
22756131
26484341
38806910
20847807
23737019
9636609
42416268
11763903
7016366
35739051
5735034
29671374
23867696
11397572
10750764
1863432
42296112
7288616
24364559
20013433
39554907
36611981
31009966
20770673
35068495
12534091
27143092
8115044
42969495
38297898
38377948
1908324
40400923
21933900
23321540
4736716
2620243
44330818
6028868
22234993
4634955
39227463
18920610
22004263
13991461
41115749
15152474
15046279
5387310
25406179
33893468
18784233
39197087
11239475
31281182
19717050
7218196
33735194
14627097
41061171
35550576
9207647
16240385
28427807
19313657
16644323
43597848
25275251
32459462
4455006
3314383
27520693
25236002
15458462
6851789
36598782
35728438
27399895
26042812
31493078
31099093
15417593
25156652
12243636
41674879
42435989
5089953
11047026
35838219
43073051
17584386
44776369
34783991
37249663
29719960
38928407
29074861
31906442
21960868
4938769
24109005
25509522
13432503
33527220
17383624
17105495
3319570
41888961
41190803
10625219
43990027
11619057
11396314
20374264
7153683
30627853
44251370
44560504
31116240
28715451
1052660
25224724
15056409
40745584
8174801
35467119
16967539
16899692
7797436
34104947
29159867
35471786
8125897
41217009
22971250
13148264
13568293
37584351
42788935
29571746
36882506
23615763
42118974
25658462
13776494
246780
44401614
15535919
36271444
5891516
6422641
5197076
9813523
24479291
23778045
28928710
20433282
27752593
25393426
9979251
18742649
32832858
5264135
32631234
20412316
30276900
15249329
28886548
38355446
19173172
25106372
3987644
2602868
41872194
26146849
43130576
1628937
31273698
1876878
31074367
33731594
26833351
26309032
18538413
41699610
40915452
41188885
3217631
1773544
37450568
4715116
31001416
12420542
19877236
10145505
29179369
29575054
40966158
41433776
27131402
9333904
20887779
22730796
42015894
40243256
32526752
41253698
8208171
42432105
19933528
4765335
7956780
22787342
23047181
22239529
31245579
39141908
3738317
43392516
8425729
25030026
22491480
20855911
20894773
35192183
6832948
32635594
40097253
24395854
13309597
4400606
12208010
25534524
35094045
762196
24798685
34984648
14083770
3442836
27238924
42036187
19371755
30607252
29195364
28795273
11264812
32743064
23479779
23598291
20901035
32459819
41788854
32189298
6786563
33149180
32748531
27327095
12089597
28460246
12187843
32665074
14196562
4209414
735838
37762998
24332027
14119449
509323
16937584
28961082
41521673
5604423
28230082
12106040
41342301
5315494
32556521
4605628
35909961
19463038
26365338
18436856
8639673
37094368
24349469
21059583
41941885
7902851
17078124
14263684
7978429
24692835
14087165
17530987
24269990
37253674
7394443
30048368
3877651
11333161
38384600
22179232
9152123
22914588
24439520
29500272
7059133
13093483
15893891
10236705
3586965
34160970
38977388
32470091
32806084
9210217
41635060
27678201
44814423
37275289
176518
28101043
38076446
14487092
10136544
39111622
33376023
40951283
29317369
19352020
39834639
8233612
42629713
24541851
8619055
11346037
6369981
41712429
2270118
26622922
8912918
8770475
1354886
22530770
35725031
5127882
9285795
42013372
20265283
9476980
36852444
23343027
10728099
36618425
26001070
14075261
2557853
14024003
38770245
13847357
14375907
15292787
44504558
31283676
10935470
11796627
1839519
24637060
25563110
31153244
18031635
24035749
17935444
41117005
13244975
31365260
22516200
37462416
42814529
34575856
36402482
234019
42231958
41542838
34060571
11977067
20195017
26364097
37301696
16241058
14232800
27982232
4357317
25471531
22207757
31188411
31123517
8339876
44259025
39180962
13217799
21804631
10790774
24223785
11364404
13436159
33440732
32830345
38713535
42580510
29997499
39749644
3827048
30254891
21347821
460074
12328971
41607560
4894897
9319464
11883741
33651270
43428075
10822506
32001614
13867881
24582987
36832556
40012077
15217994
21153788
33884015
10440227
42244615
35673053
23424060
12376225
28513823
40486447
43853892
38753461
44632608
18401823
3366974
10689520
17393862
33218777
3009507
22487419
16133628
10781390
1061234
39303256
29560194
23893120
40059059
11509405
9364993
8442367
6128062
4777767
16562774
35864563
24669767
29868390
44812831
27827614
13412334
34650363
40743839
18215669
35386487
26706688
1007960
7801798
7680013
32560044
17085149
37118118
21426184
14483973
26111197
14821715
44134198
10814389
14528127
31616692
5381343
42240827
29533194
7917100
17761600
31584384
28705333
41732154
16456056
10162468
31973776
32850266
44153877
6800751
17207708
20348289
11790275
6101517
28370250
15451896
11133860
2601176
11006921
6604469
8003376
8060408
37947188
12517506
5433046
9940901
39737098
35117844
17242826
35602411
16865368
20919447
15128328
18542865
9758378
21259391
10898592
17936625
8406157
16569188
32664076
11106191
36868040
41228380
32621258
18532674
4444975
4529390
32251401
40600114
6310882
40375871
2627362
20769887
10434008
7968803
37588076
41788288
11016076
41213380
20474083
43212504
3924669
31522537
7644273
36711754
5616834
31983005
22926149
42189967
17354749
36325697
16138534
18335366
29547005
28091867
23934874
1498462
43108509
36765531
30736352
23194596
22705462
39548560
28071812
13535721
34606328
41264697
21314205
12693573
30052310
26605146
35568231
12102916
25905703
13314869
6549204
8316868
14628256
24254053
18815032
43909384
44432292
32936668
32054093
20812143
29873359
32059344
15652111
12677513
6823668
36077793
32776385
9169741
42595833
31697116
37111516
14676355
3975986
32362660
22015343
10712994
699443
15016962
43207313
17588835
43576614
27185152
27155436
8372473
17475362
30768365
11855291
16383749
40716910
37648350
5160032
9959445
25235675
17227919
24791129
35307528
31135561
1079269
16948226
20683078
27721129
42402457
37551013
30916593
31663217
44651982
12395682
20764208
16330349
16022161
28087000
35204141
2473390
34040672
34170783
38745214
27705056
11860542
11223716
30757464
12412674
25585714
30058317
27581748
30982359
23711860
18359302
3216083
18248140
19435769
28022066
34458137
3502840
37789032
18520911
3662608
28321633
34027122
30330809
26016209
13548771
38936329
38686959
1381777
43989216
22310241
27521497
41837593
37101468
23291603
699147
29720927
39493356
6346456
9222446
27766276
5463720
36577133
20084018
21443604
8696529
35123035
15937225
37493833
2230999
22147390
10985400
39959025
20478351
36284481
32219251
4930594
32600713
9140318
11513880
2151623
30098773
4229894
41138445
144141
28688247
39242692
20498480
4490680
38536337
10298914
7682258
21673716
20644204
22614584
5506379
16092697
25655636
31443436
19272033
44815576
1669039
19590919
7739774
8311357
3683768
15842533
38306714
23212690
23931545
7283986
5903179
22718232
13195248
39549354
24535662
16961167
38359955
2963166
41698423
16862621
27308310
22721275
16167337
4551507
41848949
11716544
34474265
18493661
22537996
44571114
37075802
38247683
15907151
29550842
14894643
18124679
36800988
23786328
17309511
38866914
38978739
4007425
43072571
41124082
1189399
14336095
12916344
14260934
13308457
18977148
38348884
22756803
25762327
42104394
7730843
16118888
34068548
34793151
26307860
29180314
28663963
288560
23353040
42672473
37639854
28761916
38468769
42824075
29697590
6065685
40684344
35508258
40471627
21500075
20971337
31818465
38681239
38829197
13565651
35441655
38104822
41134491
7789559
2407039
8035846
17827693
34701029
4888234
43782789
26019300
43480875
30881490
7538706
39481125
41857305
32469380
36717926
25166683
2139730
31842933
10484059
11947869
14536920
8653162
20472437
27032141
11016414
3239584
724374
17321161
20415695
28461383
33098645
27615467
12596011
40801212
11698504
8681729
43950961
12901299
11244193
3999750
26677786
12722927
40416799
9454222
30329650
4874993
14682624
27845462
10069613
39484498
29129033
32394780
42526748
17232852
26307767
31348854
20477490
9916592
29112517
37690229
8628972
29951033
15916963
3914282
34503852
36450806
35091136
39951211
31113514
43411267
8472951
17223564
20046878
28305406
32425198
2484187
32458981
20088127
36370030
22564834
34611350
11896180
6087013
11177894
41645363
9154775
2236337
27677262
38941220
36815084
14536866
4714690
33100782
17119757
13713146
39442641
5337292
29333470
31478260
6653550
23364389
17821146
22451966
10326290
40736426
12337071
11004158
2657747
23130378
24473850
16477821
23433456
7904418
34585839
1705156
13968101
7867155
3074854
5903996
34226530
41367903
42307109
35891545
38548142
4546065
29269677
7964381
36337343
43622681
6420714
29091584
13038099
21974720
10114895
44212133
30842279
26860294
24183909
31069927
44586922
9333032
19545583
14491900
38826317
26718683
43520303
8064105
18530626
44250553
1250487
35988586
2819761
37761044
6621867
23347360
5862322
23300597
39197268
7245759
30584582
29335994
18976689
6479566
28786042
20908202
12791824
37425953
27163372
14850877
11524344
22858622
15396715
30480500
15861597
23525812
951657
36923351
6813618
20195641
41430792
1143044
29366718
17126001
24662322
20974871
29040093
36270164
30369615
9861274
33159071
16868616
38203553
35722087
38577743
29013689
31398431
42830948
25901609
4304750
37107762
18697444
44650626
29524504
29528843
23828247
16712194
18409616
40382560
43324175
35718924
17068390
14134323
1155447
32975909
26045758
35495257
11942419
3111093
6264599
16547721
35090584
23180874
1953464
41977257
33400395
3112080
27093681
43376787
44857766
42197726
346858
34058602
20822379
12812310
3882827
21099287
18278020
27580693
16077770
21953452
27327077
28982482
25742165
10550191
21033490
22934665
21994257
40284698
5674110
27973726
7357857
38003328
27434079
36494985
14883576
34913609
3144315
22549556
35793529
10799164
14138947
32424548
22939375
37376692
32187891
21192134
5021517
41214569
253616
31985289
33864887
9540486
7948991
2807500
33445934
18402393
10024155
38910532
25690441
12560783
38193248
15752873
15883351
37410471
33350670
29987621
36773681
29998752
1174209
3368980
32749790
21652255
37890258
39400841
32355175
35863323
20938518
10689829
7349681
28366731
24036297
23820987
20984552
27200199
30436946
39425403
37601953
42353373
38370885
9937567
34331032
782777
20055804
30785731
38290390
41005519
21577012
33404701
42138963
24411954
3132323
31002549
26950681
2026934
18462323
14428945
28513642
30225387
31543533
21182295
7382179
34489699
38274041
26449150
27251847
32973574
38708119
27664385
785940
37588108
27535364
3545301
145987
23940286
1972318
4885689
36520157
34818659
23035977
11136413
42351274
1105389
5303826
5285336
11166893
25890537
20539013
7331346
22843208
34707435
27798255
25823030
7237851
42954068
25394631
44477463
24951234
38773612
37782622
42130640
37442120
41248678
39226584
32913899
25073730
4807260
26739713
25383743
37357386
21930588
43486188
29829538
27592096
24303290
22399923
3835547
3047328
30721579
17186692
41910179
27469583
22497788
38081999
7650389
18002834
31511020
44348441
27710595
1331492
34187545
40557657
42181822
8938548
27182923
6174186
44579988
12339875
42462725
26787556
7527848
39228493
19182898
193214
16520149
14019561
36568345
31538855
6027150
40905597
39578905
3828180
19819194
4494954
44224580
955549
27945840
30179528
2924496
24806539
41693271
18012597
6138333
36007636
9248561
14843048
1365061
17792432
42465628
3234232
368257
98233
22708343
42816938
1278470
29871295
7992411
40552749
29613551
2198970
21086403
27847551
42147201
11627245
14202715
14045052
35684653
3139301
26139857
22565500
11431805
43339236
8764036
36185286
27406175
29109730
10031020
43020830
10187774
35130995
25415890
40094921
43709764
37727049
34824526
5615722
37911345
43447042
12229946
39419600
4941769
2222758
13644836
20865749
13596192
11063414
25558796
13119153
29361096
27690622
13801464
20136520
8696661
17307907
18917866
29275346
11685555
19790026
17604940
7746454
36311232
32578841
5270395
30857641
37469305
29031085
31039377
36145345
38505273
10007188
25774764
21729621
26280166
40235023
32960554
477039
26592318
42758174
44207689
1988176
11757561
34147158
38872255
24311316
5622351
44017840
11670406
41592702
21132395
29916099
2476059
43107191
32763137
13892911
44708265
1323960
35415813
21032189
10370581
16775651
21380622
23193341
33659068
18566727
13642705
27855980
1159351
17367742
23764213
2824131
8005922
32336246
28524807
39744415
5404510
1683250
15649045
26644307
39116643
15678805
42042963
33473149
43288927
24202777
23367099
23676075
35843379
11403761
37305168
24830841
20770184
40467496
9550636
43456689
17407376
33928564
4091767
35988821
9361819
36317967
19189325
5915108
26931736
26841557
16858970
23650203
7456607
44860241
29491345
43297095
17279878
10603786
10106050
12376452
33249398
4726937
31260908
11012538
35523578
34491272
8043804
22203496
23060120
13275673
39364921
19072156
24566744
12663801
16799496
41100312
9386231
37237769
26709738
40935134
12148549
16888730
39048859
1813113
20343962
11651158
33191045
42557027
15007989
5379112
26005544
22236860
14093360
34423237
40622335
6083682
4194752
32421732
27728575
41641565
33598930
26701120
2272660
21120033
3277570
17215328
14390574
6104698
17852819
9821008
39539875
10335436
34198369
20161301
13512068
22676936
41533170
27811933
9315083
37661130
28939353
29235908
19268126
773277
22992085
964203
23245108
7443187
43712803
38681056
39368905
5242497
23423550
29947333
6729459
34826473
37016109
42223167
4218423
7517383
20512640
19378574
34476969
4285033
23518131
30590136
6125453
41525641
36526180
17732775
11156604
28166076
6243823
18303923
15181770
15548897
39795002
22217653
5727883
31233906
15257505
9421572
43403039
26250678
30584824
2159893
23371649
29498726
21710527
29729850
10694015
8991207
33514044
3886832
35813181
19646091
38953957
33282678
30369037
1123704
11488952
37742682
5747905
28348527
16162522
37854118
2584614
8561096
44613748
41196311
32720868
33896828
16490349
34006746
2879029
38739699
25339367
31295400
18804711
5482920
41105807
44460783
10831627
6631553
9822876
2530502
34167054
30593852
14557326
30279956
33029400
28030426
21580160
12783788
18527512
7601426
30893971
43931905
13493829
10716920
24705962
36367723
31017799
15404251
1430979
9237229
19934987
12620047
35079594
11997529
39541294
27237854
34637907
1064724
17354499
