#N=3400
7827889
1463170
1564987
8540545
10634508
2095029
5739348
8556670
5160980
9629122
10039331
6139173
4377630
2587270
10664399
5459853
3776796
11061757
2388739
7132441
9091464
9117150
2736552
1926490
4521433
7929427
8760283
4698697
1595757
5067524
9379248
10847344
2388663
11029959
2801197
2077837
8494050
7670227
7400802
7905270
2574954
4775523
7034775
7801239
10370475
11162642
3071114
5527818
10853756
4831590
1719350
4488436
1919178
6367126
4726208
8706199
3657132
3692759
6879450
2308414
2323
9909290
8046147
310825
11419372
6690971
3560498
9472243
2418735
11508742
870494
3657177
3288510
4755596
4730125
4842657
9192349
7122986
3808467
6365320
235874
6912225
11322228
2096442
33456
1033449
1826748
1348718
1013898
5853623
5822268
11251498
10049919
10238638
5633790
1947129
1595698
935219
5925210
7645020
5543693
4998361
10487053
10005854
7123247
6490602
9917653
2827029
6887112
5779705
6603092
9699432
4202231
7612241
269694
10244739
8903014
7533126
4409913
10205863
7363705
4467092
5617708
5426252
8642940
4698570
4905381
2834141
4274989
9810312
8717968
7097840
9435115
1319913
8971664
4296218
11163490
4137948
5107400
6071143
10460936
7874314
9429738
5517493
10269227
1620031
3158288
10257152
9052883
11502821
4588155
10820916
7384153
919138
520870
3132261
9307044
3978532
2999635
8737149
375197
7398055
7009639
2462359
10599886
4833716
8072281
5092347
2560474
8793086
8201405
4943443
9165088
5133169
11242668
8895538
1450610
3215467
2992459
9791968
1442130
3669017
7623508
1575354
495556
8102339
9016088
569895
926797
7161581
1727510
6796301
5681632
11059386
5950079
5507539
2273241
8162657
5774405
9177032
11187999
391698
2584237
9153012
1006021
8027201
5903079
3218643
10656800
10883443
2168460
11426776
496922
11081170
1442729
11485662
4499003
1854507
7725848
3013959
10363412
11111587
846222
174093
8786145
6670884
8616597
1979672
8534659
2706169
6592795
2034987
8269140
6117037
3249933
9347378
6253863
3903099
9933646
10790025
7709982
2647291
7307509
571261
3905628
11148222
1083276
10368507
374558
8174261
2167737
10189319
11208905
3058800
440959
4129935
9696226
3233890
6946878
6499672
3320492
9359220
10345055
10481762
8746637
8230296
8297195
7023839
7753118
7286355
805977
7138721
7625125
7719288
8371447
2420584
8097126
1792478
8200769
1745240
5848819
7992400
7071822
7078970
4922575
6090532
6066520
3196554
8796861
6471120
7714618
4398730
612583
10998221
11068030
1722797
9360641
9894302
6217862
614396
11221231
1970152
7650737
5204541
8505625
3902431
5779816
6351885
7503660
9091832
3556881
10329849
3069825
9864753
9895913
1726020
8853672
11155400
7041937
4398130
5858537
5599859
4890701
7773249
10521043
10057191
7064936
8746245
10233072
1571171
4523660
6016690
2347990
1071767
10984726
11037202
7958772
5571446
2795004
6057273
6022007
2575591
433936
10227267
1011081
10300514
6244084
1779003
2620325
10325541
8390892
9645289
3962279
3716973
9591775
1774798
11384119
5493765
4222584
4216382
8106644
775355
6591965
2870789
1996458
2736741
8242198
10784962
11109440
9102875
5623337
4678203
10447973
1693423
3983183
8115540
5003650
4802006
4948112
1858499
6363261
4673919
8936976
11070944
3892854
4098010
9112214
4491199
6270584
770691
9184418
5235855
7662360
1178685
3512053
94959
3187302
8022786
5161624
3754699
10214903
1253376
695019
11215896
5573235
10741178
3167428
3145151
9998745
9157655
1804986
4175780
9664528
4838966
1958730
8285118
6710889
5664985
6866781
1034729
1991794
5329195
10607264
4890863
6874846
7049268
6493335
10992604
9367884
1231710
3059679
7882470
7240142
10397305
5371929
2428084
742433
5569774
10223628
3146427
8376590
8526021
11100513
1379409
7011539
7853746
1418337
5676160
996652
10421049
10870928
5984394
7337812
3557996
9957528
7442242
9241385
2585087
5256387
10368877
5551569
1545837
11394003
4812057
9654872
11362156
1087919
6479468
6076646
10581070
929377
6997181
1514481
3246767
8844535
1335379
4180555
2557288
3688695
6572259
406699
7312932
4910329
11455570
3200073
7372441
11069318
7755971
5916981
3710549
7858336
739511
774428
31847
1047600
3175403
2608972
10950313
2873553
7962928
9066588
9242611
9712646
179102
7949674
6287247
6530147
9168297
11034052
5259225
10545393
511130
4112859
9097889
9269715
4327565
10338922
7358769
11457636
5177470
2936121
5149951
8575374
9159026
6306338
10540750
9185313
3529506
1883725
2514404
9810283
8887486
10176400
748861
2532418
10341378
4136658
1270921
10182905
10522922
1146366
10330967
124878
8668757
7642429
1910946
4429930
2484914
1746110
3631146
5485558
5337096
10403614
9594625
8857175
100293
8657025
3994371
5279224
1879702
3898005
6384883
6355067
8718485
8172204
1261497
158472
5173737
9008018
8735401
7721506
1361072
11999
9773933
4238827
2480977
9048299
9682246
8559357
7969015
4787533
7450934
5363383
7626783
937599
2186266
6381070
4100785
96365
7777804
7084635
4062983
9772680
2417032
8560012
2998467
1136942
2983072
6335694
7646945
6046864
9507574
8682246
6414485
725634
3440043
5481621
9962747
4894713
9991885
11489094
8720751
3836797
3177117
10129176
5720277
2089901
7486729
8576151
4916845
9565125
1991065
7062972
4097674
1280090
5576940
5546236
5049997
5819671
8388121
7848162
8515841
8781940
5242203
932864
11206351
10105331
4373198
7357115
5057425
3478550
8311977
7475038
9676521
1087216
11525910
6027589
6056519
9481605
6585086
9413874
2790912
9594437
1486031
7434901
5113556
8640732
8718116
8761836
6187292
11166182
2605959
7582977
6459052
6696873
5443129
1172697
2371367
894648
10605139
9142388
5362030
4548223
4832591
3648932
6590698
2044305
8325966
5526108
6690692
5874111
7927842
4239474
4480881
1728762
10276785
7911720
2453440
9111935
3479339
7487778
2030592
4792549
2139848
2609816
1648967
4548481
2127559
4788980
4416080
3380377
1633259
1713098
9517526
2788286
4206429
9948053
6913613
11335317
9158266
11334681
1393230
3522542
5522690
5452624
10835323
10048313
1755843
3849124
4404805
10246791
5347930
10980776
467043
9151368
482257
8419988
9015863
7630645
3155720
2702982
2746314
7728436
6390132
11129474
7434673
1754574
789786
4462395
9942087
2959186
5811991
7500607
4247220
4357840
1020243
6986198
2966969
3069052
10061195
4984030
7103210
5080025
10498519
3607056
135504
1735075
5264268
3636343
4884331
4310747
5196312
3176840
9177226
4635558
7663150
295740
3372488
6714063
10210405
11324943
7595428
10337614
6480364
8821023
1390870
6834653
5808466
6866402
7525843
2304631
6045511
3496154
4944521
6086906
7226251
5382624
8410745
953521
10000032
10590953
4016984
560754
4397153
8881486
10146533
9832549
1645335
931007
8002098
11432792
4844579
10334406
8946743
8529173
336018
3407931
8192273
3503835
9704354
4029689
8920111
11518606
5153366
11121898
9236162
3596192
4266055
6703254
5820000
9439277
3517262
6695499
10857685
3448067
4559612
9215525
1830451
1772544
7646429
9227692
11369512
7875407
9998388
2862274
9220363
8392184
2587040
4162583
6143724
9745749
7759786
6681676
11165906
10440637
4179305
11416371
9336193
6386778
509454
10684502
7465055
8952658
11019349
1642160
1617615
2787068
10452559
1486222
10846496
11331023
8112767
8507237
7538506
1606203
9158697
5057780
11131923
1724754
5286260
8345511
10139843
6202612
11385834
8632998
1104444
9352527
8230378
10211692
7805186
3116797
8548615
5822895
7335042
8232281
73063
9014856
824035
10681537
2256917
2339258
1115978
6506564
8232003
2480726
10917744
7433943
8654983
2786412
3144911
10643648
5843139
10390308
5098168
2033307
9286083
2452753
10430804
5113581
1663076
10865754
4665218
9199797
5749831
7203649
4731707
9834990
4081401
10044778
6889021
7310354
2990718
10195253
4472282
798059
2709206
8131332
1612494
9571335
5826735
1638066
2868942
1133294
1104225
11528878
3162504
1495964
789676
8448512
9331826
1346742
5115923
9021570
4468090
4798304
445710
3570392
269431
8331047
7054059
8253769
161534
2192659
4809508
7900951
8069028
4697872
11188060
11534428
4025855
2016903
9417304
223526
9530791
8491724
10739202
3597454
1047601
11002935
3332589
310256
5762115
9201081
8575860
9781160
4528873
998125
8076334
3575663
5492975
4861400
767722
3820584
3007093
111636
5596354
5418063
9555479
6494619
11000587
1125791
4046112
9809043
1044325
5933337
7444123
11296267
9148328
737345
2564282
5691509
617859
7540955
4672208
4901196
1704826
9836673
7065151
538395
131402
1672391
10737770
656086
7107693
6472493
10999621
10661736
5977477
8429688
2448506
10075006
81465
9672776
2364920
10191522
5668472
4030240
8731985
3456819
9002949
6583328
1019301
7276663
3159591
3718997
9396046
10049894
7028733
2716221
1360626
11035317
6124699
4265276
10099929
5329420
495016
2569932
5536691
4785933
5671685
4335731
5033548
10333407
4004304
7218143
1459537
11095116
6587292
2148657
2437518
10609748
747199
6183766
9440618
4669698
5573727
6679825
8689267
7553416
5474985
8655351
9818851
9678742
1093722
7529996
8676191
4592546
5781710
1200960
8635848
6898278
331426
9375405
8873870
1792651
630851
10870881
8657598
4861006
10284921
5137214
1169130
7637502
9493502
84255
4863893
9580312
10088303
8917379
6618028
4679705
4885091
2288855
1002551
5384639
1748286
7475231
7516698
7766895
869534
10820444
6907871
7422238
6068016
9562990
4695054
4653308
9469423
843845
1015338
11530882
4527175
9968338
97070
11473191
1555953
4829977
2962284
2732059
4032288
1652635
3677154
8383915
540569
2410783
9427941
2864854
3929159
5579717
859024
5007297
2075890
8904881
2727183
1414708
8977030
1174671
961432
9498542
5200133
2607000
8757273
4613985
8412385
4150556
5834369
7707356
797688
10193112
10614906
4531836
1112066
10149834
10515974
6559178
10041625
1171686
2005830
10481863
3503827
837605
11163576
661182
8811314
1552512
9336739
11038489
4858001
9914432
9624731
586147
3078078
1930179
10339617
705029
3352868
7201258
8652451
5149315
6404508
9348534
5575863
6112889
8991672
9344288
4553348
11119763
9227859
10051687
8201749
166107
909754
9611064
2884444
9332825
5577974
10982307
1413758
4271853
6836354
5018014
1806531
2373049
10137312
461821
936040
7087016
9680213
8187380
11133453
291619
9240325
7791575
10443004
9431910
8999892
6061661
2918013
6385214
6465395
10150686
8841664
3136930
1356551
3462137
5242529
1306121
4145953
7955744
2465322
1786767
3764165
10228172
10320471
373758
2341609
4308661
4837026
6712056
10507056
3341877
1408616
11368415
7675146
4381342
3837359
11498141
8479729
4327328
9103550
651927
6117597
5379527
6777863
50430
10876185
8846786
7724261
11242648
1515041
3797151
3026297
713869
5210025
6011810
7096733
7189554
2685068
1495148
5303440
10698641
7226732
8587274
4854518
5060468
4785076
11070032
2394590
5151264
7093194
3724023
5434064
3390628
6063342
6814540
1209632
8517000
7331745
3927110
5539813
9684634
7470589
8574488
5177137
9580471
650203
2925046
1886114
3546428
3151879
5599628
3167585
11049726
3802198
2667949
2665878
8517274
1300300
7554030
11277201
1026027
6544144
7502987
2180996
6429805
11042796
6165984
2977186
9207111
8016522
5848788
1830959
9450118
7924284
11135554
5017819
5987238
11333168
5169949
378843
3662154
1797430
9383098
8383848
4168387
10251112
3995311
6123536
9157735
1009886
1097676
10405032
114338
8020191
4898475
776081
1835685
9709463
6011861
4699614
7449867
9484505
11138869
1755761
10820509
11362387
11407871
5608395
4994476
3372519
11439208
4161768
6512506
8015449
4388537
6928313
1093377
2985425
2349322
10312704
9779010
4637485
5506557
8221720
6184506
4072475
6324221
6019533
11143059
5410819
2444208
5694105
10223997
11336483
1907891
5212113
3691373
8035352
5729188
832707
5743476
747221
11333232
11144193
6922072
10286575
1902453
11224136
2089877
9271838
2129609
10440753
10012980
10317545
1897499
9048436
1812879
9796865
3575325
5448953
6746823
2667726
1109676
5011883
4968572
2756002
11042926
2858665
2291876
2305428
9942939
6159283
5385150
9930119
6565202
4581398
5520160
4190616
9094527
3209125
8142321
3372065
8543253
9848007
5828128
984097
5473111
5247388
373504
9791061
4339277
1734939
6582617
7237136
2852420
2109906
464126
6060960
1799189
5016055
8480279
8896283
8477544
9687215
1733421
11258049
7046872
2311034
4931758
3045923
3549335
7177777
6427400
4882618
4374896
9464202
9494056
4565512
908111
10198565
3208444
5985604
7765982
4472711
6773010
8351461
9194180
4331534
9140682
4462907
5421974
7676527
4486323
8779495
11523805
10982388
6326291
1324411
10321700
6637444
8178524
7550180
2802881
5846661
6948562
11369384
5879553
10855492
1357068
6482508
11316046
7619196
10772595
10974522
6838531
11324939
8094242
4731273
7793022
10347618
8860046
8202480
7712722
5063936
2453204
10199394
660687
8572310
4705888
94982
3834563
11215326
601617
316959
11527108
4976533
7335778
10957046
11099447
2621335
7269914
9224986
780664
8331119
203742
2107258
855378
9306625
4754690
11150543
2634895
1119572
5749276
6396791
4403249
2764356
2816968
9449168
4737747
5050563
8376828
841065
11248218
7185085
4541182
9453525
5437087
4714442
1010594
10757923
1840671
7822258
9021244
7556869
7475740
2457118
6236031
1264836
3995191
958580
2724729
5121567
8276324
2984919
3579822
3837544
9586610
9326406
9955803
1220144
2685807
1191743
7859884
10678156
1747997
11386741
8442930
3562627
197233
2071799
1736679
5843802
346517
3887587
1320838
3534366
10021928
2600913
7423569
7757087
4242257
11299811
1541745
1762242
2281772
3136879
5441742
5689928
3964061
8764060
4920261
3567652
11003746
8033144
11118689
7068833
8512969
3694593
1825947
3236894
10608745
6732555
4522964
8372152
5425660
7603388
4994260
11148304
7242119
7683759
6215342
2480015
6341500
7288329
7880501
5475307
10732819
8237683
769667
9279872
6643776
5770580
1332426
3934913
8403637
4747558
2566348
2599537
4645849
6653393
10273931
2236593
10190357
5803038
701354
5837357
9244732
8870501
2256424
4762104
10225722
7810476
6159515
9749656
8115511
8526281
4705640
10336410
10477369
3882550
7947446
2708863
8926943
5468331
10252028
3127562
101709
7472955
3885607
11292719
5346499
4470892
1535239
4353000
8118307
714315
904395
1806090
10204780
6005949
10162590
9359529
11254966
6516697
5044015
9339102
9608912
823090
2388964
5091968
3839069
11362578
4016836
3122843
5366622
102534
10801955
9252454
2126456
10974716
9757480
9876962
5236048
9704386
772066
3635678
2069536
6458447
3203501
9728714
3634446
969355
4315513
1915864
5791247
4220925
4273600
1840406
5867484
2586387
1075131
716226
3319418
3914302
3880889
4997631
6859541
11387240
11054975
1132957
3062129
53093
9104895
1600370
4958312
5873620
432177
3900822
147463
11117609
5413201
1718582
6738108
8978051
6525727
3950841
7236904
1687213
765275
5151258
8150432
8720830
5718800
9881788
5938224
4053649
5502657
5726583
5648573
8325343
3588063
1461759
6654782
554737
1168193
1057490
3049618
9758031
7371084
9988882
4379501
5318612
4076318
110729
1741147
4838514
3185566
2085646
5096782
927907
8315921
7152107
2782606
1665150
4379131
9095103
7288539
6060776
2138520
4186813
1670561
356787
293566
5597292
9065120
293624
2569868
1944199
5378530
2052472
3236026
1592233
3577465
10797805
8485164
8538964
8625195
11141121
5329726
6828138
9705302
3974232
2772976
2570966
5936612
7201817
6956583
425188
4390215
10665196
3893247
7633270
175130
8883405
350885
4444383
6475095
517396
7591635
1109759
7358470
3998222
1990532
6598501
11056073
8904044
532700
10680520
1435819
10238956
4055162
4457798
9597621
4454621
7174384
2834886
2811602
5174850
8091942
5640407
7813527
6569843
4605847
7290748
2408310
11393490
5736210
2688798
2042389
3593413
10679228
759968
1825612
4646489
3389263
375553
4791686
1853745
6625358
8538022
9524798
8484003
8843415
6762735
1643019
10882997
6302945
8731196
8921323
1522099
9918023
522779
1484995
2095820
10438001
8602975
9351100
11026260
3569571
1282421
1767800
3356201
6254168
1450059
8738265
1535518
2633658
7813665
1212410
9701355
8578070
85524
6840984
6843881
459790
4471824
1961673
2104308
7696635
5722006
8920567
7822203
1644779
4442021
4304720
8295203
5033404
8068679
9258460
9096833
3911715
317741
6177936
4718650
7699864
9808063
9206571
4492303
8119057
1126885
183833
1734189
11185735
2369160
4882207
7238945
5658651
5123130
4743742
11434433
4077227
4478546
840945
2233038
8292080
7796042
10596744
7496572
1480426
8940719
242358
8076528
1501339
5253336
7072080
3207561
1689006
5403147
1631932
6384868
1501151
9374673
5735445
1270251
5593972
8642540
2495203
5784219
1045902
265196
7916950
10727652
5069929
1928366
3196295
795508
3639078
10539488
4577675
4963899
4762841
6549023
9887910
7177241
3564330
10552396
1575628
4187601
3901996
1140722
9532886
9114363
3780701
8652905
7658511
8693215
4920100
2230007
9427270
10761714
4078730
3312046
7531357
4274421
9849289
1540269
7777833
7558642
3100109
6912115
3959451
9145601
2984693
10895515
2925075
8260192
3973862
434906
3538178
6347634
8920021
9763443
1455852
3970949
1056267
5428503
10825946
5718386
7034740
3438686
3230357
11364310
5022758
3314549
5380050
11174110
7323623
9749181
3599190
5514509
3927421
4623937
3543988
3607964
4245115
2490168
2045476
9186229
398348
2658197
4891782
2272534
8707176
4910811
4705004
6897882
9953764
4710721
2488029
4553893
7299391
8799271
3307721
2732111
4874389
7190870
7574919
1809114
3145222
7858716
10853984
319457
378821
1053819
10445951
3942349
10975283
8270741
4294447
7009276
5511022
8864433
9127531
10692757
3840510
8877745
4409853
5399870
6294793
2572221
10129635
4567280
1248344
7676852
6717192
388736
4045648
11276204
2515131
149227
4803357
9800164
1433506
5319935
10522000
11058673
11207903
1289469
2759719
4313476
9441746
3701728
2347385
9133249
6282904
10000641
11466415
10721095
4153698
1727512
10207340
2452782
6733551
9743070
954666
4324451
9433606
1219883
3796309
4274968
10275721
8366885
8161627
10818297
5672032
6555993
8298954
4217889
3407724
7941453
10849554
9191960
8978825
3906745
9226834
4445272
3170404
7062365
9397218
1700916
3877424
9347732
10381579
11292562
309464
8618246
528142
5158638
11387625
6989425
4996803
11017425
18314
1605634
11402806
1454143
471731
357500
2251797
3099227
7846091
6942809
11525126
1857015
9619803
11047932
3931517
1469488
508402
49485
202800
4144863
9038268
10646795
10764420
4034289
8790622
5098718
161834
370200
4294572
714631
8498081
10124172
10017366
11045306
8085809
8932505
1394872
6868989
3134101
3312537
8883007
9360657
6808961
5473777
10539530
3882031
10150151
7923540
11454681
9999468
2263906
2327440
1856173
5665701
3872455
5743883
9687609
8330666
755582
5730401
11140728
6336238
10921826
1084861
6973895
1216820
3121865
6965798
6869445
5333445
5387039
732692
10381128
2926930
6883626
11499452
1310813
9034146
5659634
6450703
8143295
8158205
10014986
7672291
4861555
4425251
2311763
3957207
8749939
5979344
3692038
7379329
8245806
7028468
9522997
8097
3230838
6671883
10462222
6136753
6512318
2460109
5409066
7765138
10499580
6732943
5839818
6420111
890851
9061430
7995717
9354467
620112
5589735
2683989
9787811
4558775
7892420
265169
10254073
6617001
5547033
9416333
8237708
3797630
174576
9989339
8654086
159564
8002113
727686
7630643
3520530
7559586
1925320
4079469
3165554
8338389
9984394
419847
5764780
11289445
6670477
2392302
9914422
3675032
9522642
5864703
1275418
3601598
9721203
7262756
1749403
9241757
9808370
6703545
8898474
1987226
5249861
1412384
1805045
2051563
5705322
11001062
4394031
2470394
5655075
69169
11457072
7578412
5309370
3372478
1375023
318907
4429661
1373181
2399614
3244505
5026963
2896125
1852195
479446
9014387
6605859
9226745
5144605
10337146
7486090
9065644
3198298
4590525
2363984
9217533
558390
2669448
1648324
11456786
6960126
6319800
8084594
3526851
2313925
10502818
8885305
6802756
10068618
5229680
11063489
1392310
4547517
2765201
4129798
2812701
1193243
5152176
10624118
7638962
7138848
219027
4025122
2864228
1355597
11254536
4892671
661604
4592785
6888525
3372192
3433275
1329336
9141777
3525009
7071170
9317662
979086
7299267
8676308
682163
5621750
6145975
10618279
1571958
7861085
1072046
5114282
9573328
10405091
3613839
1598082
7746893
4330587
9531558
693992
3985213
9564147
6172875
1159509
2882650
3113878
8791729
5818167
8707577
11429385
8655366
641354
296923
1677517
11413796
1623885
4049792
7168352
9546233
8017676
9847758
2226955
10383906
7975246
11541661
10843253
3626525
7052900
9228836
11527412
3404580
149166
4004958
3058996
1251243
8624484
3289764
6245807
6046264
8066223
11132462
6977848
9671022
10233039
9187726
1568905
961115
4915578
8880595
4642739
6517233
1872512
2245295
11100653
4348720
1812223
10497880
982576
971782
9079670
4845915
345584
7781386
4263937
8652695
6565437
2578220
6783542
3996808
7951878
7278663
899422
9350123
5425579
6595386
1595610
4248311
5201838
9958346
4331545
2397444
4300043
9083792
9316535
602773
689606
840441
1418209
7696662
9509661
10181747
9465441
3252889
1215949
1685716
1869153
11452092
3509805
8388341
3097385
7485218
10736547
5864037
7754513
1177268
10277011
520727
8800228
2804394
2981765
6807754
4640910
3697269
8394186
5799556
10744565
1876407
214243
119925
7114683
6256771
6289260
7779725
10267199
1323858
7059374
2364275
8354706
4908049
6535257
6116811
11290706
9559279
7147027
7233786
1260502
7472617
6422425
1992474
7046946
10844496
9973568
7724817
1836167
3841241
5585313
7948102
6321724
5517472
5390665
8218421
4873035
4965402
720350
7902924
4529152
11034788
7389019
11121358
5177344
8535978
10529785
4056920
8298777
11234411
9694824
10828029
9309133
7137929
902369
10882130
6331791
6132327
2139504
5448066
6402980
8951303
2557436
9663304
9527900
9308726
7498071
8530112
9319713
10129026
513905
2291257
5857444
10413041
591572
1120423
9120664
10855375
3245559
9030749
1925277
2556894
7249122
7310466
9689601
6330043
8742625
883724
8612810
2071664
214092
8299677
10983404
2132173
11048696
997787
11549014
8929045
8016207
4351917
4271582
1660864
1699685
2060482
10175840
1296198
6758327
89915
6253560
688665
10665090
3498274
1750756
919079
10127842
8805877
6600696
3994423
9553095
313133
2648260
9641919
6134444
7309079
2143160
2119650
1865043
4520558
4657463
6355343
11535695
11094563
368487
403487
6862156
7409386
3926101
3393124
984826
2755286
7821372
7069473
4930433
4504880
5878384
3456880
8136244
3611025
10229626
11471177
5738690
4222644
4822221
4014793
2767498
6506065
9022188
7069701
1868326
2446363
3310317
11132208
4232406
1842564
8037387
792494
6424560
1170815
7131753
2798816
6708316
3316492
1191089
10357015
7928636
11150822
4787255
8225068
9432336
6006981
3972418
1723896
10338609
7199619
3876068
4581260
4637739
3899287
3759383
2296118
9773957
10351216
418283
3439912
6978005
6866572
5220742
3625743
3345962
1138723
10491190
7911301
6947856
10483731
5569760
11263569
1718486
7663737
1576112
7708439
4551835
5656262
6731291
3080811
2561880
8860243
821876
11225083
5685331
4968168
10761298
6334045
3373211
2435174
9779170
675723
3520610
1405481
4694554
4318123
5750867
8890922
2341541
4567750
8765245
6789486
7010918
5570047
3111902
4803313
9860611
10354486
3094382
6754511
2258935
220259
3174912
7413709
9347248
10911286
1594956
8326123
8114876
20950
10474565
8373689
7541170
8085949
4538077
4687094
1976582
1183117
125677
4435518
9116833
518659
3677584
11091068
4592899
1640878
1708931
3106100
8095551
197584
3579598
6405226
11316475
1147089
3142215
1021125
2796410
10457469
6735021
8624650
4039780
11272079
3835612
177538
6109367
3354960
4561417
6424526
949747
8490481
757934
6909228
7485761
2036705
9382136
1486799
5105328
1511347
8409964
10573788
9324573
11315972
586473
10295350
9910679
4244746
5846105
3055223
6417689
4346405
4789038
1185704
5162711
9364115
7176122
8568304
11288676
4954399
5666592
5600520
9888183
10281230
6410554
5998961
8491378
5194251
1960298
3415003
1070236
8653993
9987314
10589224
1405293
7901728
4449245
4178918
6710520
10383163
7149648
5231984
10743694
6984924
2893045
8154408
9635440
11105186
225174
3011618
3949679
6945363
8073428
3889221
10673314
10099766
1362125
5076375
4124015
4866306
2311151
2041013
4572162
2085586
6139979
6109838
10074670
2949545
8589270
1478536
8522931
164724
11222402
2589286
6232947
671322
5252696
3947284
4478969
2163274
6498190
60457
5155511
6857125
11410559
5596939
5975751
8055820
88686
10966465
9177607
225565
7461034
10022325
894379
513896
9080568
8596134
5986614
5748008
10699598
5933645
5491778
10551079
6220052
11169126
7752354
3089422
9009094
4418511
5891225
8524528
9093362
8442035
9764837
3354738
5508253
6569287
10438214
8746584
3505430
10715283
8214649
6947138
9825219
3858245
3410745
3332560
6779999
8936432
256229
148518
11273594
3206115
2798725
454092
2160031
657305
6081660
9368029
6885150
6332653
7643153
5738624
2933782
3195550
1799987
5645132
3063856
11282932
531935
5441755
9773526
4356403
859855
6492659
5961709
6034314
399793
6631481
9222839
5933577
8909794
8142964
1046084
11024883
5932433
1675465
5332156
8632470
10608339
1146526
3398870
4447603
1262099
6172113
9015157
2077055
5113197
6505564
10392869
5058994
4581900
3280867
9954695
3709004
3416328
8213691
8371476
3349679
9281687
9963338
4887493
6768374
2210531
10930620
5692727
6183426
11510590
1509092
2557061
6160736
8767890
6110220
4315909
8068506
1058916
2509593
3244187
54202
1923663
7112001
3987762
9756359
8748002
10624467
6897529
8950112
10492004
7291601
10022187
11396776
7752807
2840336
1075647
4910568
8303493
1507097
3626364
5349854
1624665
5330304
10728290
699383
5051303
1806316
4824319
1004714
585929
7692187
4949903
1050767
7247462
2246757
2858830
11357891
132463
8489391
7811388
10655229
11098795
4505313
7644590
165701
3420306
8452013
1284203
2953639
8765895
7179523
3505027
925281
279001
6245436
4758527
4046589
1220386
8692133
4938273
8418625
9328188
26608
9751937
7449571
2114294
3252902
869965
9920697
6274059
3306075
334101
10933094
9968470
10752578
10441498
466667
11246119
5664681
8332075
7840613
4223984
6143054
5050217
5115874
5025049
7626395
7991779
1685224
8247408
4911665
10226689
1878616
6795776
3822497
6579606
3753598
5862306
9123891
6910058
6900966
2221068
1141524
491595
9501803
8389921
4776817
1018055
3405506
10324160
2189021
113858
10668110
1118004
8983822
6007558
3339825
8262450
3080113
341998
6368791
6999352
3727654
6859011
3042178
9520191
9015715
5727002
10521341
4226285
5768534
6409370
1602728
1635065
7274779
8483748
4984415
3336119
10389035
3291647
8539513
1071016
13499
1984014
6661642
721372
250907
2997827
1893659
7640762
5497807
11069781
3957173
5767463
9403297
6198639
10558851
2112892
11518469
1435433
2623557
1456931
8018054
4678981
5534113
1262122
6978176
1692768
3680069
9318018
601610
6555499
3292837
8175590
10616570
3663814
10387714
4170145
6383483
2383879
1007051
8613806
1666484
6641997
6768613
4613867
6240171
6446880
8372797
7385000
4977380
9504577
7482819
6755932
6584268
1164807
6465515
9220158
1091157
8684571
3348643
3986021
7498930
11189024
9347877
3769886
6163794
8003835
486556
9329678
717395
5925054
10728656
5936080
401826
321733
5124532
10415172
1469500
10428221
11462182
7104911
2920309
3641474
290416
6247572
73649
9340945
5871515
5988599
1185641
3719620
3521607
1052505
2348692
1344042
3283330
8394117
7286440
6121503
7484485
3664778
5523228
10406922
9695010
10430118
10412234
6256312
10512991
3248052
7507911
5144170
6814494
5556200
891286
2509472
376057
2968513
5478765
11035358
2466991
133136
10254391
2177565
6652638
5514576
2941065
6045290
909632
945124
598275
5961025
5529768
3976572
8878151
3438698
11477128
7164182
7631864
2692283
7993558
1951711
4252883
4305022
5180143
6806236
5914170
9784162
501522
5345629
780967
9172889
2363960
2063277
10796501
607348
4604944
1995941
5447015
3832069
6975356
8181703
8642875
10974533
1382907
1713968
7366835
8784845
8054087
5680152
7322862
3688536
8331569
6330110
7274315
4279443
3628176
9452003
6326657
2888634
2981669
10277691
9936388
1756612
9018334
6124022
4043796
772874
3904047
8825312
4072657
4884286
4122258
4252369
3607698
1481524
2543344
1686682
10345446
