#N=2200
2208816
1313450
3960517
1806197
135981
3396428
4359606
2566903
3202113
712920
1099918
1137453
1468599
1511059
250664
3716063
857613
3824778
2930815
1465079
1119599
210
4671846
2555197
91182
3942989
2939585
2114533
4341497
391824
4535410
3765824
4540674
564089
2286592
932282
3557519
2169890
1466985
2064660
2607526
4428860
4249994
2592536
4016651
4629092
4148453
4232534
1228383
1453809
156438
3404403
3272233
728857
4455612
2816650
4441493
1070965
2419123
3938878
4054355
2494525
1479232
3608392
369774
3479907
4305298
1492859
4402365
1878126
1177871
14989
3775414
4460903
1807288
4624117
1923913
2694644
2599300
2663981
1544780
4267582
3788791
455583
1127365
1907851
3760731
3865820
1856611
3287803
982850
445963
2124751
2839326
2666299
3716916
3917543
2427171
3678192
4387375
1465917
1556969
1570906
2514501
1060194
3952645
2024817
4099933
1149863
1694922
3715190
4452402
3140217
404144
58057
624750
51240
472928
1406174
4773852
1163052
2983525
1142869
3247835
3761784
239127
3401929
2893372
4324459
644427
1339673
3791417
496775
2458261
489684
1800262
1325986
329895
3747947
60666
3394706
3311046
4394345
1038671
3716109
4425129
2581781
3480593
4149877
3262650
3630983
1278421
4061742
4266947
4685907
4231616
754669
1280706
76903
533042
147651
3721413
3301733
3536514
4495480
159789
1415519
1265319
298394
436901
506322
879238
2958141
3332420
3296891
3598721
275252
4159132
4689611
1394660
2564113
4204037
1432515
3193330
2035481
1928405
2677917
221627
1133054
1195491
2071310
1451138
4065933
1665148
644199
1753365
3224600
4341823
758997
4259156
2318761
537107
945552
2722625
3057168
3977760
3749110
2243797
118223
485574
3325350
4210783
691759
4344110
515413
1813854
795351
1482426
2990318
3045121
492762
3769367
4170144
835772
3280549
1142377
994368
2328648
2023062
3585095
3313604
2959340
2319939
1807792
2336720
4176576
2382741
3263536
3758448
747440
4633816
3821240
2218574
2241110
2071963
2396191
3663536
1113434
4352869
4060952
3714978
4496991
3852023
3027767
3204609
951900
3959316
2249274
3855045
2426926
4628360
29016
3985825
2983364
2788256
3913185
3781333
1635301
3469721
3300412
1892071
915909
272481
4662384
3417575
4321734
1406527
2965789
2238457
4695879
3572134
4050416
1292381
1423326
3908452
955335
1936856
55593
984118
2349233
1804306
1644996
603965
72640
2565235
1152955
443464
480921
4583231
1077015
1551135
592892
2338335
790748
1779060
3814991
2083277
1550649
2756859
1551245
1926701
672012
141964
3700251
4326471
2376062
3334422
2950828
3091288
4179123
1745268
1731665
2442966
2814215
2992381
2084314
1409725
4206449
3769786
2513543
3578681
760387
3653832
1886549
2070676
3591616
4421336
3895236
2987153
608051
1409281
3066451
1185542
2605903
3729034
1375642
2647979
3995300
4568765
1359623
259361
2294258
2102489
358651
1404490
3625933
1677733
3736183
3990973
1532603
2222915
215335
2052916
3425421
828418
3015440
3967668
2336489
2485955
4760702
4262510
2166583
2700622
3173104
3321129
4573735
170082
1288356
3735939
2274507
4097135
3263914
889768
1839761
2044123
2508308
2998164
145130
36471
3775638
4319687
2160699
4226918
3877477
2820958
1855134
3892690
4046966
2913979
3682577
2060080
1089406
3685455
2966888
1526226
555977
4201001
2735575
2031222
3835229
1384739
780578
1219791
1744665
2204801
1898993
995040
4062527
665443
1238977
2911924
3805415
2702945
894988
3347992
3613993
3781155
210112
510090
347777
3360327
3933192
4403180
1652682
2129092
2153856
3364756
365771
1350836
4613849
2615438
3003279
1938981
2684002
749624
2982275
1233550
3119268
4513808
223233
1899237
2016936
3820628
3928953
1953834
3137879
1627106
1956582
212990
1416899
784598
230849
327304
772528
3127927
1763321
803020
2114112
1113538
3187557
2674867
3294641
776859
3796707
1450452
2470357
1831672
4373522
4583236
2496872
4605810
2810284
63102
682749
825051
3360457
1448093
210207
1171984
3345345
4452800
3375274
1942923
3403984
4809509
4377020
4012988
978667
4279245
2658898
933902
2241365
1844188
3146502
1965035
1916931
1250326
2698005
3130916
296155
2433770
3923061
1985233
65850
2597860
614843
711677
2942749
3960613
1159914
1402422
1048816
3405766
929108
4230997
2354046
3460979
1354090
44765
2037880
4177914
1150605
3639534
3290462
1896176
4107031
2149220
4317376
3627440
4047856
3150923
891124
4688406
1370390
2717378
4495112
17435
4391763
63531
2911797
2594149
3836518
181024
4414925
831334
2876907
832485
1423099
539380
3734161
1761551
887452
4094430
4372504
1141242
2418801
3842796
2941365
4529658
2736316
2722655
1780533
1536951
3556498
4716160
3165615
4431581
1945638
1797614
1067013
1253977
1542429
1528388
667322
3582440
4248236
2337526
1938325
4501549
4491929
4479732
2229048
4586211
1675629
529707
1563082
1252348
1106480
3581915
2749125
4562570
4006157
427578
3211336
3964918
1293725
4731206
1887772
691661
255184
2901830
3949860
1323194
2120153
3169796
167319
4586688
2685598
2298594
795705
3268922
2804103
1699340
1546333
3786486
2786432
1344372
1866428
1383911
4415758
2321547
4714438
3404444
2497057
1843335
600350
602064
4476022
2349147
105005
2295195
781676
4143269
1155875
896670
3847403
2708726
2314187
2779881
4334492
3936365
1722589
2380822
2276113
201961
1920058
1402520
291818
4384882
32678
1011314
3187694
2871103
1327298
1894993
730518
3091204
3860264
2180827
1567470
4164942
1139319
3248211
3659071
3287150
3422484
1067522
1737439
1741026
1057292
1953670
1660252
1520627
3823969
4236798
3273348
2375177
1369842
4120505
4560392
2001575
3047220
4655906
663789
3076095
1397934
3389692
1523733
3058526
4404712
1682464
3869076
1215374
4665727
2591549
72915
1681458
10230
4623770
3443979
2899869
2969702
786659
1610484
4811997
2866955
3992843
2654785
4208268
4436490
3267691
4700991
4811126
1781176
637302
1552362
3179408
2348184
3204474
2552655
3189338
1856738
1277527
1142458
1507473
2581319
289146
1600683
473565
1654068
1180524
1289385
1520910
2759704
2457642
2157211
3498688
2919558
2750299
2870482
4465365
9718
2586892
1781968
3441769
1652323
1711093
626753
3998847
1347736
4638332
570084
3712469
3536209
4216517
4746791
630957
3475079
3783364
4024181
3496363
3260821
2194948
2726903
2624221
4378084
4246913
628206
1817398
1263785
3646794
1206601
1407950
934569
70875
2815015
2493477
363357
4191627
1951967
998471
1102123
1193568
3805679
1428456
741437
963427
1446777
3341921
3885748
352437
769459
636600
2656864
3319991
1996014
1083890
1506332
344617
610797
4695835
2712225
1135726
1956140
1804297
3070723
3463389
3904715
2728090
1612708
758399
2032793
3036872
3815335
1365456
4821680
762721
440884
1094339
2572462
3249148
1058778
812673
2003790
1572974
1813659
174601
3836297
173701
2472393
4315072
1262899
4271132
1428208
3332751
2739583
342632
373885
1669520
4058502
1939041
306268
4030541
3055193
1575818
924572
2250544
3030260
2031737
3398766
282993
4608562
4325804
3839014
1829189
1099882
163162
1065413
4361226
3750803
1564465
1410068
2770149
1531549
4448780
1482070
4433268
4487336
1798049
1363251
27961
3723849
2093655
3105969
4167853
3385559
3732836
3691779
1270471
786379
3912963
1283979
1302577
3225922
3675852
4126980
101861
4615565
4340949
1474361
4343859
32916
1801289
1288079
1938281
4801445
3047225
3070017
4459375
2914201
2632801
285197
2919200
3548096
4213133
476074
638292
1469661
3142021
4826492
2847007
4050245
971332
2015598
1647265
2423492
4626032
1990704
271706
2831236
4513073
3055780
2934636
363048
1604058
3708265
342070
3496229
3800420
2697382
3358206
2447910
912064
2443126
1433008
1266676
697258
651801
1985859
2454980
3855160
831409
2402980
1911044
752770
4496562
2151786
318000
840836
579131
4736601
4150025
1451721
2589575
20978
1471034
3271050
1007893
3501228
4715715
308521
915080
1014902
4485389
269071
781207
2644022
1605483
1636641
1154450
52000
467320
3441843
2746419
4599259
434770
2178930
1572655
421399
1530812
3967410
670230
4129047
3343892
4158526
2376289
1333011
1918539
4062577
2586148
3700813
663133
4009213
3596900
364570
3503589
3984566
12776
76686
4532526
2552607
2145582
4071267
3007073
3930694
3026603
13371
4011323
968450
3114374
2241766
3986723
1351704
1752757
534084
763191
1676917
3586864
1580931
3399443
1940139
103913
298563
505624
2975538
351794
1950107
2815245
2300170
2771105
3824464
2908739
1578093
1044663
2993702
3282576
581357
262201
1769557
344931
285874
3852213
3452639
3951718
3439045
1787221
4022261
3117475
169929
1477017
3100880
1434515
491580
4786770
3395518
3523498
1414829
4019003
3830781
2754635
4556216
1303005
4755038
1658722
463306
1254704
1513019
3599631
3339532
1280548
1732293
1174156
413168
188622
4769458
321570
140496
1068447
16594
3575414
985437
3154111
1402202
331286
1895145
2739720
4532718
2023398
4302787
1050980
1362802
1420698
839699
3500334
145703
1703676
1278377
3595675
390541
2165376
867380
1543671
1244699
3454803
3411331
2224215
304975
1405082
83010
1702484
696416
4017356
4622171
3502483
4001774
3234951
3276933
3481737
660596
1405293
3574486
2702469
4638199
3976024
2221957
1390029
4676339
2476206
1251499
3686871
920677
2252577
1495545
2383689
3149828
2006248
2141205
1965696
4071871
905655
443517
2033933
3378786
4750425
3588755
3883242
2574355
394844
4747252
1321332
1607095
4438463
480512
3248170
2662889
3108956
138529
989468
1555529
3838923
2191325
3376989
2465954
2852502
3605689
4547336
2774378
1235550
45383
561142
890073
3896298
1808383
2858749
2176070
3193911
3975991
4616227
3627750
3671993
840820
3198925
1775574
734761
1632845
196625
76631
1139607
3638144
1541745
4736173
2702028
3134505
1281823
3441329
2370139
3025157
736440
3708681
4352290
2115963
1394529
1720228
3454473
2245963
923047
4406162
303997
3775407
3792029
1896419
3469264
89284
102153
658130
493237
1398482
1898091
4606640
4299320
3247241
1977554
4100700
764366
3096666
1228093
2024662
2036072
3460477
837356
2632062
3501491
3988566
797181
3888312
1941966
1987641
3977337
1770783
3669347
2225949
1794266
2811134
2959252
3543672
2123244
4089803
462366
3490851
2629085
198620
1006079
3720889
1395811
2102908
4423799
2607616
4550511
4244011
3322191
1688791
358085
2976383
569804
3649540
3274180
171183
1681499
274592
4816517
858213
2629902
1613799
687890
3709449
3081305
1995598
1460718
3626951
1007976
3748197
2166013
2266375
4137090
3628196
2392398
3542993
2648630
1384924
2409130
3709013
1118986
1548545
4542204
3761826
491245
1522791
3557871
823286
1007895
1725922
3533527
3760453
3372495
3532293
771935
2817559
4350827
2552521
1460938
3581601
2974312
3377818
4713978
594097
4342771
4370679
4497068
2302822
265937
860584
4006809
720365
1057300
1542617
203955
4507960
514896
1831949
652963
2087443
3193428
1234
1511722
3918141
2544671
3059415
1356621
769225
2941414
1446324
2230828
2380215
2398252
3706503
4300234
563153
4104742
3636484
3136013
2908777
4643285
2464192
516410
4752545
1027721
1735210
2378201
3267454
2001726
4014934
3938926
2638492
819767
1815512
2561520
1775446
118000
3273501
1901602
3924404
3888073
1887530
2919981
358303
4441762
663750
2267140
4559169
3833199
671821
2392367
3253945
4799676
2144404
897548
2600268
4573485
1726471
2691733
2726439
1718371
646618
76972
3884322
1697511
2651223
4713845
1033597
4225429
3377277
1004423
2052973
808972
779435
2931164
4722594
1670552
1595319
690006
3942459
4075350
3611168
879600
2199408
2410920
4011078
3271740
370249
8100
2045115
2649467
2674049
2312311
788953
4010478
663914
3265795
4699773
3392379
695660
2568304
3588193
3961810
926379
3948884
4699049
4032588
1091297
2359970
442043
3062859
399146
1200247
1708523
3767669
563875
2526181
4589830
1083987
697256
3096008
1860514
3503572
1648397
886363
4150706
634740
2570135
2131468
4644187
1573850
165129
4479310
2625966
256996
2857586
2339079
2113749
1391643
484028
4081796
1354335
4834682
3999577
2545547
2541044
4319889
1828925
1493821
4063474
2033685
4810816
4337355
2716070
1013656
3156229
542442
4193759
996284
489543
164877
2311089
4748133
1621723
286886
2983248
4829148
378255
2871953
37308
3852551
3445424
2171993
2293638
4519689
4079826
1047223
3619620
4635241
46210
3089323
2680819
3797160
1181126
2173628
183102
2159945
52898
4028882
2048400
581411
1906358
547407
288089
155780
3271836
111295
3315044
4728910
2789734
1228519
1558913
2288939
2932168
1246415
4263274
4284586
4364218
3893501
477626
1089051
1908197
507191
2137262
2384386
643934
994220
3474750
4311488
645728
24197
3656527
273782
2115572
3539999
1680737
1906131
684765
2086524
3169996
3864000
3136352
3675703
2865666
2010787
245402
3732978
3806960
3275167
1985304
4810436
3791790
2887016
3226462
1143041
3749637
1172446
3711697
1973757
4018166
3735151
2748626
116528
3433045
3572646
1378437
2957418
3576135
1660766
3790173
2857498
998334
1125565
3430301
2495893
1567032
1810236
1747674
3836525
4323378
3938288
107178
1171952
3977380
2054015
2271345
299084
517485
3339751
4065132
3901638
302105
2539185
2101295
475627
3359715
4557672
4007246
718637
4025637
1187811
4267197
3342442
2921738
143269
748219
2570508
2326859
1172590
2252551
1674629
4800909
1416367
3740608
2201500
1536530
2294798
4437158
1455847
3037646
49151
1800343
4666479
4019470
906828
4671587
2641078
3895239
1342638
4654646
683195
3106074
4123928
2594223
3714435
1179615
2938833
3681162
652229
1211682
836183
1297226
1122612
4719838
1445810
2604343
3443888
4097153
4388007
4495505
3211168
869681
4256719
3358096
4741597
374794
1852153
2826433
3212044
3076565
530718
2928973
4231639
1467516
4495390
3396478
3890591
250355
2844978
2718208
89070
956346
4691417
3358270
4639155
711861
3056337
3788383
885985
2041529
3601991
3216276
968085
3881925
1505943
438368
2002751
3615588
818919
283070
2208131
2426406
1796788
4198366
940130
2768239
551500
1172382
161285
1888632
2866792
94005
4520397
2502759
301932
850771
4665877
4378013
186392
1032914
1073444
4560066
1710333
3892921
402378
1253560
4459450
242884
4770662
3232513
1849487
2849766
9480
3868549
3646866
4607749
2606954
2026073
3145591
3430485
731439
3727238
4632073
3669626
2676883
4127125
4027584
2156167
3304568
3829532
4162582
543728
2680892
3819978
4273472
159494
1322898
4590142
3233398
1920896
1746237
1344143
2566105
241732
4624800
1620793
1462158
4016470
4657838
2781558
2161616
1901814
4413559
3868153
3005247
3883921
822557
198052
2833586
1284044
1148640
3705809
1110257
2521398
2497079
3046535
289301
2765207
2843904
412459
4194792
1504505
1559344
945312
2142779
608329
326159
2043805
378058
2756024
3207999
3133464
3736568
529638
3045596
2807195
4413540
4378513
2412617
3967778
3536992
3467243
1208729
2903723
2232097
3095077
3565835
3240047
3410415
1339399
3693116
1772684
2724931
4314219
3982357
98974
230271
2410136
3675806
2084594
3859456
1201565
3451073
4292578
4319303
2030287
3757783
445762
4204726
3785375
1282252
633269
1235146
2953653
2701092
2355255
3047867
2226436
4386932
1637731
3454468
4218897
1153532
2625957
2607152
1572221
4626373
2985678
3390681
997445
1996726
2930083
1722263
1420786
534795
3873541
1188766
4812409
2526715
3571456
2550229
3168600
1295382
2243096
3268991
474656
2808324
1410136
3611969
3531239
3847404
828511
134949
4421312
1362789
4461475
3021541
2152132
988952
3823803
4115183
3939145
918491
2688723
3595224
562387
4710031
2457311
785384
4198115
799278
3670338
3262814
820726
4274773
1858855
1702688
2640289
925937
2783458
3396290
4266093
2828927
513475
4762976
4050657
1995727
2560943
1400154
413012
1428515
1426460
343920
356104
1341897
4501118
3140208
3875120
181236
478251
4298506
4818553
4235566
1403959
3958039
157687
4296123
3759231
2607204
1499845
3317736
2882814
2866322
3618270
1880953
725237
1173707
1582715
4495632
3336899
69091
1072411
3447768
4046008
2055896
2306777
4319882
1185161
4416615
3565889
1082686
2894546
4223719
2601082
471041
198808
2390484
2796278
3804700
4564391
3473524
4539466
1001861
664289
967767
298238
1069605
1200012
1513623
3423221
3252336
4226289
2379720
1140990
4566127
4233940
2730163
4117198
102475
45273
4182170
1844808
2423505
4024911
210598
2514764
1234109
1189298
4162755
4105234
2085734
1332439
2094903
703622
4434684
3130960
3624616
1009589
2787677
650539
4406706
634550
4500163
2985781
3250828
3812134
4131464
1208094
4775028
1620872
2461769
3520464
157414
4748741
2790802
2384505
1715214
492079
3943565
1353520
533535
1382111
1737755
2327148
1919007
1948299
343283
1497281
1442884
676331
990376
1420925
2223722
4051234
3694317
2042734
2400310
1033796
3586326
4617769
4826663
1076232
729661
2612909
1556731
821927
3280941
361694
4798545
1084657
4455765
1569592
4303105
3152661
507069
3784931
505414
4506953
506904
3385164
1815813
302347
2566608
180988
1650924
2660521
1819613
1145746
4410339
1033297
3888108
2213753
4359502
3270939
2695173
1195036
863383
2196284
4109135
1752156
1621553
1303104
1062523
3881378
1170451
840117
3278027
483455
1214343
204557
818556
1634825
3491424
3269292
1724579
3868383
1613386
4149521
2097639
719790
1513796
617168
4358581
3164466
2407556
3862094
449106
2474431
574730
2806031
689633
1103380
3495858
3585611
603351
686996
2988978
3073469
3028104
4419519
76338
912468
4750247
2986246
1655906
2415059
1770744
893596
1158929
3674
4564414
3189331
1572817
3859692
1238563
4773126
3287363
1006280
308002
2834555
4150174
467226
500028
2808862
596633
893087
1022097
3409460
1520335
2115635
3032477
453297
4096563
2335187
1215502
4125514
4619335
290273
1169183
2809599
3270858
4067927
473971
1639692
572329
3595488
2988327
452808
1696107
