#N=10600
34075889
38853806
12600836
9005856
56790460
88842465
54460516
215319
4623167
58109433
3587928
109341291
13214184
66071436
59060747
22977828
47181719
38927730
41647054
23187996
109537662
95367990
39779318
10140584
31444900
79559252
90439311
108990055
7899368
670417
26710125
25070033
107066976
36118372
79548969
56575141
96862926
8994712
9271020
7641877
44895248
49876492
62924172
2879985
31533346
20133017
93690774
23993723
54393698
58639065
95768679
112040707
63923090
85223696
32061274
47458474
84303512
89768894
82279930
107832965
18607071
102951754
70524693
50491835
64259075
70554257
59947749
89221049
89103094
71754529
69721335
42015263
30986775
55434784
21549212
7539623
90742949
47695338
53228674
54712992
7359603
23188611
79979433
16464616
920184
67296010
90182174
101474177
71161822
91688176
37308272
93118866
51336308
112330437
3187714
100041656
106454793
100553221
19499714
47087831
40767753
26930179
20466051
36090781
77051836
98857503
79314579
36029957
52979364
30040062
87093560
103254988
22268427
25327052
51286071
24449637
8777816
110853999
64165905
103046586
52995497
49981464
102574781
63654652
5875644
14994494
80541942
72010591
59785468
5213163
26621780
17320601
62238344
46612177
69136203
41021879
58521768
49274516
73940027
62084376
20415264
74410137
51968917
110178791
16549235
65435702
85287362
18091231
70502130
14184440
13115434
101700846
44105820
87580287
95472711
58868683
67569027
75328779
45388811
55108496
67978449
105013232
60544398
21216464
100450410
32505316
92085482
108797393
41502881
111889891
22759088
22596473
57860901
111536844
37535058
11101633
107293573
71102921
17619426
81161285
95082250
37895148
6228135
97597137
32654889
20143932
26123501
25104160
19993958
52735579
106924098
46761985
4562822
40682711
41490983
104013018
103362435
105199221
98681933
18906408
54028989
23582245
110065045
59402897
4243271
78792138
105842207
38775916
101024301
104727908
74933150
109845114
17883888
98444204
84117265
7550729
12793602
85747923
43183691
85591974
48172757
66241387
17914631
25553434
49680277
61295391
17974713
97099656
51170232
75099688
33844993
7269721
31982602
31272907
65920691
77827356
102771467
1114299
88846396
103539188
99487649
88848947
38371478
10333159
98294230
110729343
89370667
39561629
37575166
89302305
80320972
35262951
16561110
68979240
7578721
77584250
22768788
67878655
63254663
43900511
43117086
2572086
53709031
66515247
53505070
64806392
1624589
11875908
26630279
112357449
65167710
89154490
102914718
40002136
45966121
58732601
85797806
68362
84244286
2312214
85384824
23985361
40327859
63980489
46210452
64703696
14329587
91228278
24761569
73326206
2835109
101605468
74070646
101262640
64890658
41629162
50819741
14270769
71711828
49835790
9442731
25165574
55831998
56825745
79207960
58541388
99491945
83485591
39687167
60258925
86987985
21404335
90134910
100627793
49650902
67342174
39942127
66007010
101036798
48159730
111615561
13932470
36714810
45085113
63086527
63263518
94920964
983951
4828038
46546254
6647421
77620616
58317615
109650610
69693801
108082369
31497850
39233019
9141235
18282832
95127645
98720192
96757062
22792735
60685666
96003893
78665377
4426025
79395079
99747957
24088549
79174077
75849572
85811293
62524150
62102576
58435480
48374710
6980159
52211052
872268
9356811
20570443
75238875
90796389
30460782
111584763
13215017
69109004
22781044
33885771
72334910
50678155
753169
56487359
68903270
29252443
103921049
105341106
12864630
23898385
50637257
16649927
13746996
27375813
26793069
67766045
18868057
60146071
109983349
44284237
37993393
30920423
102469662
76014113
77581372
86355408
88803719
104332876
109134095
97106519
33132601
15847550
106778515
96504356
64926311
75922165
16387812
92666293
54703848
108574704
10151388
35905073
2500487
70984581
8507756
79006999
82786326
99587449
22152677
79062926
54174576
86982910
78342681
16114254
112214024
98252125
89581314
104057201
71200275
93286544
2971633
48988246
75924869
30856350
92760173
97263647
33861945
32816738
82514905
31442404
6357844
64170437
27397317
35853489
100558255
33923936
69497950
3723400
58056502
60173397
13363874
38060321
87128886
92450556
51536570
20800452
39695479
8938398
1369196
22212029
30005304
84475284
81231703
91021223
109354405
59943434
27392371
15063170
26458894
18344467
4045086
95507985
75972183
6117010
78715540
109478484
100871064
9324553
3003155
19996181
98048141
33273318
111527381
78972063
65398706
42598172
19431256
17483450
103936724
29253913
53340327
63987711
100124508
33931897
63628851
106934864
33484540
21691533
11018084
55954539
54732285
10571705
16792445
91497329
30249576
69390987
106475328
80874883
36280042
82089838
20828801
31719707
92878242
81572838
59540806
60558884
63665077
102537344
76503124
39949013
54133034
32052058
358859
105549645
447357
41937318
95916780
89890002
91962877
13090007
51805723
75594957
92682130
59761459
97382001
61734694
45754574
37029119
60046082
17203964
1855224
64259593
84538901
32319358
17907760
69363463
96415761
23716064
61047939
44451066
39590154
60943390
44248330
83425171
22276494
22917355
74978071
82826772
50727908
16367920
45411507
104404265
90572957
30947436
26650514
72996511
1688612
28550610
35173895
8430118
57668692
81895867
58995461
15175438
60907227
106551697
20959153
51964695
109129540
104549
12846364
81168613
51310524
21330975
8447100
64453352
84549448
71253780
50058894
58683644
38154964
14464070
90397380
30220075
29258824
10743533
37822616
5902123
95885547
65638028
74438286
42493254
33632269
64803765
6859914
8942532
10065786
33498233
51761959
27960927
73797654
103875390
85365142
111860802
49141528
49553321
14394457
38509432
33098816
35594824
93289894
20578518
97565247
92297476
104757460
36000330
27217986
97188217
56467466
53392293
44649388
9634521
35633339
37333366
67381607
98365311
82184202
94464860
84704208
60246570
67599415
86940482
67377491
35811821
97466345
23275724
16454505
103803263
57579539
25163927
63033207
13636047
28181059
74208545
65079489
20212871
91892865
98829323
65182458
46832945
17758954
7316021
67256544
62271658
67509165
85276748
26304732
34581261
39509074
10407355
5512707
44431223
101834138
44101767
19357316
6306710
78056186
3934207
40770056
56587120
9626497
1468290
60916559
20611816
94675681
91253796
80034043
45059920
81070369
57866437
104580031
80490926
52166857
106983426
48610555
45571532
58411302
28541005
41712183
7721480
20933218
73770941
25073907
108171056
78405581
28066738
77896655
34112695
106667711
51945395
108030562
101374681
19152610
94666392
65581403
49615761
22827056
22167606
65483519
579443
5699579
10240234
31880371
19238954
61215752
32713178
16502978
50689822
7607787
80301242
95007574
25122163
8008989
9650798
30274401
56936515
33759028
38594889
38442133
5293029
32792785
13364170
48436907
94540478
84482965
43413797
96492243
22247613
29111655
67886914
93702702
111464255
61384482
111527193
2735975
10525930
25105391
61205366
80685877
107489254
84935882
98000405
107207762
76076103
88251771
4323141
18494382
28465998
18445733
25077963
81859752
50612307
53884835
5023109
110408236
74878980
26945771
41248958
40904912
30007401
6502431
94535509
108728280
63502181
99065431
66534239
54843683
42619767
101273113
95045473
281491
21503408
9748634
3168249
57581721
59785772
110881038
105776419
71609876
80193426
96196758
76836643
52564072
91365855
103080968
81802906
33974068
109298371
34746527
71373033
33639122
68003880
8113707
54837669
21302127
69089292
90264756
72158211
42338276
79769705
85296838
9756871
76281687
74966492
4647211
64165303
819525
30687612
22223290
107133234
27629354
4830903
98759304
95764796
70035416
106142598
47056379
87604665
75659249
91746276
75902954
103805082
46701753
64028045
76932914
74147546
26751016
10495050
99221373
45225033
16131647
22973975
5109660
24760013
74146966
86319600
54585642
6046292
15701887
17392387
21017558
56868188
59799116
104976707
48708416
94790752
43126978
80313733
24345339
96857796
57688152
11874909
26872168
97557837
37277028
79081493
87286173
106529613
7007032
76247398
40115373
4015262
73830639
31150060
95178001
68100674
83261342
37193255
110032364
83837329
82596900
41044481
8159771
77368365
74493357
93398313
83089042
58629183
22625581
12470430
69985628
72490315
99601511
72794305
10271664
55751045
72074460
11038775
66414239
15635399
15060388
8965313
21197262
5729965
72892348
70628375
83071940
12067642
66956355
68987882
75677557
17872164
91554754
39765088
6922952
15864174
70772732
70618612
1287183
75138895
25228920
109551324
62218651
56494094
719844
11876517
101696807
69082690
8622016
70092555
106798138
9330423
61076595
75572516
47661655
60824705
3672020
14084057
61393715
61727820
102436758
48556098
10949212
88334208
81352356
48664341
14576991
8277466
45389692
4095860
12920244
93738455
108831480
62985763
79800917
56640784
3254501
31604251
74644553
111651594
9015960
31225621
86672398
12895518
84544125
46221226
12074619
66947830
24007300
12837616
50778607
26746179
79563743
87288501
73757217
85718519
3274649
10481131
107717223
76654866
20268010
74938111
26581167
64834325
59731262
48196666
94356231
16606536
35231920
56062561
37622825
8764071
71685126
40451171
820899
17596295
22213926
111597004
16169222
9904750
58277503
88493736
65348962
6488852
84013852
75919715
103004926
51623412
2856750
32779112
50073699
67793686
15206849
103388131
95481723
55768354
12964746
50937299
91343712
26467849
96737436
109531655
7943172
54088830
30880874
14227525
14070702
24952805
65963129
52679116
69559417
51788651
4479883
101789248
28487556
45034069
85706594
70225814
1549713
60066694
30215892
71689198
84671963
84442124
90423385
57188053
76784643
111500527
66559864
106815687
18524677
42648605
91294410
6359276
52661757
5928068
73268025
73751586
80397018
14174478
60842862
80130170
35944724
84449444
28726282
70621742
43484356
38283529
40009922
54864144
87754731
70777397
93625814
40127539
7657481
103926488
102988189
94972586
92975850
23911259
15521277
24809030
102346849
85366341
58094880
103913801
50534680
71737176
25552353
12910476
90589755
101397047
51403888
77682982
40965088
3086382
30611820
1263840
62888799
94236155
73598331
47627192
63119916
2342955
49499351
37688524
23594267
79076930
79451309
68166820
33924411
42514936
91717779
11076677
47475290
98717705
91005076
50267833
93507421
36515307
86510218
12906773
60431959
48317506
47071162
52344877
52557584
61379295
40025510
27905236
43759867
83899004
110487842
38075021
103752318
82782421
70597216
67787448
57796148
36936373
101452670
35491363
7683275
105360075
45075230
9851086
17853913
54489769
88761244
80600648
101086978
38192712
78195611
20730711
108119923
110695497
24962995
37295977
17619427
68486507
29777395
18328475
105150316
27705420
79837806
48608499
37629902
46304472
78694778
22304785
29253097
108452596
3059761
10475818
100149791
102945462
33449842
49613265
78406421
50568532
2405037
92999896
55076419
92503744
108127716
70823946
93076070
68836489
7518582
11934581
88339821
2071974
63494299
56541816
2719147
33533334
82273722
15325116
17051374
82602183
31888653
31420908
20946434
12474300
89385977
50536525
37182669
107884940
47208228
110410155
8135741
34904923
97232180
96612474
111787675
51934856
63305364
93785118
92856669
18090236
73443911
31798004
11996456
29960965
99271724
99754032
16481959
112031540
108440093
110634096
61655748
32057981
54394932
95413539
87651632
106504666
3328297
51776144
32827
24946934
13177975
23883268
48120878
45297324
33307110
30646186
71438187
57858756
20341206
61058665
18737409
56126575
57529910
24602425
13479006
99600185
3957567
30851493
50375791
76382112
56239164
91245839
69409979
72893895
92085242
35875488
6755467
103384992
38598169
88509560
101829686
80240651
3219786
17474692
98862767
100451984
10304979
10379522
51764976
89218261
16172384
106494985
42647569
70289725
33288486
94987514
61868023
39935456
86972329
84133582
19615761
108348899
111520598
33534491
78782057
1343878
109637320
43249537
14198935
83361147
85289773
84354994
106381514
27771432
7169712
88483244
48687008
46090348
6850767
70273620
46570692
70886288
73206499
60020056
21065331
5996659
20658813
102738071
32963324
103627060
84972984
98441271
42210471
10460348
36257172
35532519
99504944
38919801
70319765
54847570
89339634
70161970
77185282
30541899
91444425
73439365
81632477
103417017
111879656
60968109
109427122
111554266
49820957
79853469
52004871
30687261
85393336
29391754
17765086
46882054
74060218
74512636
62184098
6677951
35959033
9981000
90216384
57301003
61940168
12801424
90022289
71441364
91077545
3745916
61269423
671037
86563339
33307997
106349896
12969019
11147152
42217282
59549395
19133695
106820134
22613117
25565804
38511282
80335165
68256080
97057956
67382267
51197232
64846727
41465197
103661660
60400832
77414960
79638714
3142433
34083879
86276373
22815570
103050137
42186207
40605055
6681142
73594320
22160845
64132613
78423254
104373457
60400778
36936277
6211520
68308852
67281582
82313354
53813326
12952898
17058848
44854858
38560699
72539201
17089524
76410237
24022946
57258399
55974710
6005970
105330493
56037372
44090165
107214145
96368995
93595517
18444210
54908529
107531067
42791017
16375464
41486976
98161937
104451927
94658325
48901796
14495525
54328683
65254506
21602097
99395829
69523276
27765334
74510462
48516255
72191126
33079156
30660604
76931535
12580967
74275806
10759977
72028377
75498278
88769935
41460466
98424451
100656822
51176694
66044090
56989081
24283537
71832281
61903769
102600031
40329642
108650920
105253429
67292855
108091230
106196764
37528996
21007021
80577838
54074935
30499280
107619591
33141818
81388428
78815187
52912590
111137529
34350043
30567911
89433827
756741
2927400
32380361
56311370
39536786
6855438
107445313
46687136
44146268
78256479
109706603
85396788
559690
11700293
42407488
99727838
38262555
95814062
3151370
85318247
20933116
74114481
41448033
92589229
82610900
57108772
34988308
34347330
33593302
40284140
57053466
69449001
88394244
38168551
61226058
105209650
87712800
41832463
49340534
71109481
90340418
110649938
55632929
13191852
85797739
58953427
109220097
77947938
87524574
54040518
56513843
53347517
103863582
96699262
70244550
60907199
36159099
7347797
102297494
76504301
64249896
18884915
20866572
95544595
75459381
32037224
55869116
16603319
76495675
63694226
15476552
77148565
24852199
109039503
28975385
7849801
96432482
55179579
34077724
34177057
62536937
72174582
95462968
55600012
73183791
75540382
83613335
72014799
55457901
83412579
68281358
93708931
55785535
1472977
39675479
58856061
80545179
4818519
13770396
111707110
38842026
18797050
48173180
17002398
25250649
98799436
98775707
62255425
5286270
74263143
63717718
19580554
111350791
32566215
96990307
13812621
32726109
200756
3733441
74108971
27627044
79452009
66677081
9573102
33287799
47500589
57729294
81198069
78336493
107333347
63533930
21839628
6190029
74377374
43230321
75355225
93513165
24512564
11181336
98065717
87915981
31151503
34950248
110181799
12483735
96789551
22722809
70977139
97577342
36641432
20075518
30697570
46164210
31820121
64203809
77093360
81524096
75399576
17664139
56496865
101143318
1800184
103612936
43194805
93224210
18717757
76817518
107807449
61600212
92389834
63115468
90094183
31311397
63164327
100102618
53866596
11855838
98441378
63545250
79523400
102837223
899026
78853762
94074480
62656026
1447862
59429220
37670860
86616259
28507584
65243930
57948512
20935975
84895179
91380917
97776761
82121175
96787685
57335610
83866030
73722066
12594770
2635194
89804801
63952118
1661240
2964975
57336067
8247783
62646224
669638
21406372
63246630
90049529
34645259
24985166
27191603
43565265
84786931
28667747
7571608
105352381
91571225
35519215
15417633
7236861
53084780
110615146
23065619
44740840
93874465
108920894
73646281
13617582
86839826
19259680
6057086
52678752
56666429
99201412
12043223
35623739
111764743
38261464
62857925
103439995
65201865
110883857
48637286
104438180
62100152
84412394
102578377
96977992
107438064
17162488
96531243
20987569
29384310
39148354
96098188
80256882
22081068
67030230
20204125
34161073
74953252
19215675
53279158
21042689
80298
98785389
97769444
8324748
98063229
64334069
67446338
73123686
61427334
76584892
14503432
90125789
101977960
85415889
13090378
86450495
421807
57382889
37249382
61487428
17067286
41711587
72696386
563624
104436979
988450
105885545
66554191
31779006
66853770
48276875
104115551
13365789
33435375
65882040
24939543
15550363
103221446
71263883
83661546
86966933
41447544
89679040
15527465
84994082
68067490
49201113
51294379
40315603
8181424
101151043
29147291
62278237
84351564
7038080
37882788
81569445
39031774
18277316
40023456
66131610
14841500
50877140
1069875
30528640
75020594
66035661
44248818
16254513
29816339
6626134
84083097
81457092
21611550
78686353
33699702
40395516
53663318
62503337
23811941
70906816
29443108
22109211
24395449
2782119
80366306
19605472
54189618
97903794
16079444
1789945
77705364
109316490
88216546
47394215
98639823
71409710
36219322
50266313
57175045
73362877
97374585
5396744
47757389
106219664
37666664
83556366
16583575
107760131
45703858
1702730
59154996
26660989
54102905
4789977
73596130
107466142
16169656
52399673
32842058
19122955
38577028
30311149
10676667
16806836
23818522
61017139
14234665
75216446
65251729
64421930
38249116
3798549
80090081
76561024
89636089
54910162
50496137
27524474
48605135
19042869
59959825
54365018
78068488
71640393
100980322
21196457
74624084
109406702
26466274
15174538
21089917
21770192
19136256
74663158
15215800
60962077
8409039
74816365
36967329
61453179
96691849
86691722
26522461
37823548
26064886
74755244
6305027
31453268
79924649
6883746
65978010
100679433
65744697
56872031
9659938
4217249
7373812
72093175
100960413
17339710
8681910
58786760
19198021
70534180
66254119
52759436
23994747
59315860
103128145
75279237
47574347
58868301
60626836
76770846
44162150
7255247
107190596
12064910
90478888
104248846
53499049
9105979
103663124
74171077
62141848
62570393
15616836
2677730
76054893
42173653
10785318
50507731
104892642
78798586
46539433
19581887
61991291
73719140
24385142
56903473
27296030
83163502
27349780
66015218
94583880
44740869
29136360
15585379
70925861
94016538
585721
104331602
71967760
53736360
71197870
59464118
111519129
85803184
4536041
25547162
49641011
44346732
3968298
97954384
16807295
97823922
7840374
17731447
46423110
53581641
29553692
86284442
1223250
107612541
36878858
91642130
86175008
60123452
14999657
91597889
22048777
71852991
33133732
12503642
67220861
97754686
67571705
85971967
36162173
85192939
21578864
76690257
27539437
31148005
102757638
11719476
51400812
66618734
821384
85142298
65002019
46944781
49405584
34584750
21437533
101759036
76642473
7220748
38074674
68150296
58464157
9545135
4632130
47739046
69935567
93608895
74236142
107382396
64393102
84475545
57653501
3074488
86292620
28463590
92107194
48782533
23541721
91262143
14260344
66236604
48380343
43060898
25507248
72650178
70302278
14216785
63684361
21135805
73760220
41173168
63518166
10725111
64613198
36026865
98506534
74913171
41859421
2404226
49728895
61318614
110542926
41833540
35970923
50153716
4921868
13488680
47165818
69665118
42881800
83559446
40729356
88090166
85118621
23934092
21609445
61810101
65460194
22511193
82621269
63035109
88919971
40134930
37222207
102060027
106527444
96102308
37827905
92900808
16864929
7895354
37991320
60389210
36911672
22482243
15631527
60260380
82966881
75966372
41579391
79795263
11084454
29438893
79124350
35952149
70833898
111458253
104192462
15068714
58594851
42486338
25812902
99219945
45967487
53479900
76875751
13626636
91881007
29932551
67553117
68835720
95987312
15509076
44757683
101654922
64518992
64668784
31324617
15815246
77525547
12140498
670913
87492306
70964995
92669726
56763316
68408813
52863402
61706124
101615812
71734907
9162480
97336632
34987823
32340850
86602522
46943200
71077149
23045287
58948868
52044040
36721665
106692391
75993714
105092529
82973933
61347375
112146867
19184119
15144333
102393242
53535504
33004817
43372618
15199811
39806324
107417193
79153002
106132124
65187272
16922809
49390713
89181631
10734110
100404624
86267331
76200864
637960
19033109
111327252
64616478
101053956
43989137
36362087
27289968
5589291
63789814
46203042
22397253
78008616
94499517
59020624
50979322
5842121
48315426
48406810
46034201
54873550
74873822
69385040
101009271
6188699
61346090
2914300
59536876
99766663
67234222
77233613
61025112
42982782
67338114
40898020
86407617
51043475
84932273
93446927
95552038
110784828
64063526
75736630
39672923
101301024
10705198
2572512
72167921
6085505
98536618
101652791
78867908
68685123
8038949
98094971
71655453
73939428
60683708
94663264
51385180
24251439
22539127
20127092
81578795
28938268
80969376
105320691
67851438
99151075
42027030
32459037
71111905
87766131
65031432
49744040
29133103
17263322
29039524
82875131
52221226
29851495
106257470
93132938
9673299
59103151
50054892
89352190
35197877
36432268
84767765
31258087
67676274
6244488
64161346
101261733
73446831
94178302
75937290
48036030
28039169
79264528
79787605
34011494
58633028
60411739
20704516
58617972
77402096
11831658
101621291
71448289
20178196
59797948
55721674
45324739
36548903
13622624
4584424
3939789
81115995
91166906
79456742
91418171
45157658
94986673
25324443
25410801
78782762
109032763
80608425
106387676
20631500
19375866
13306978
15056
95369644
21516487
82000311
5953807
104013463
54466972
28370244
99857087
23249044
42099050
40740314
32609114
44866630
38421148
36843048
2341453
46009247
109473699
66093728
19746857
16203911
28651681
69806005
84755087
101044892
61232559
93080697
20616444
49009852
4434120
43018374
102059466
29863025
27533339
102587193
16800005
31217927
111274823
71760401
3283559
109592421
14962795
108126067
55168806
104771902
52372979
48607726
38906019
93269787
37442047
74944482
56452454
52610419
8573446
104034390
80428448
24866336
101290206
102601699
71954016
99574725
28128664
111832274
25706649
108675413
3955998
70043233
40577997
1682402
69441235
7517493
67067244
22550894
68396717
6561080
78509512
71463192
23809308
76321538
49460962
97191629
79014665
64778065
97185601
96067110
15387813
102830378
77915950
14359109
87116664
72481743
73868076
31813252
8159903
80667045
80741045
2273596
13245627
33060503
59618787
46890341
64124406
60506164
69045012
109293525
107755402
2187974
22002230
38977680
9950502
97042898
12649657
95307555
62033880
6998851
18151160
1028704
15713714
18077836
52851034
55303412
64321839
5844660
76075837
18529936
80065047
47680541
55014810
78715286
93939727
11756252
90205330
67190882
77754392
66857038
87291295
68777722
4881101
49962962
26328023
27002947
47652646
18294434
77156395
61005176
103645138
12716952
73181300
85413931
66115998
59650003
104231205
58435532
50783242
28395295
75875127
1349761
78744444
55902187
100869957
26748845
59005489
35991921
92259588
8976670
74619566
49971961
55093328
90238154
2310316
20677217
62206553
99007471
39652926
77083072
467505
18231207
58960955
26174926
106186356
20324094
8866760
75835910
94920406
49433481
62010852
19972940
12839805
51995599
9540326
77521664
59492887
50028819
73732356
42287626
78886972
96741412
60305274
34416110
28031601
15662846
106027921
110127111
111183594
21421719
18122116
86652580
37048481
38636861
17308165
30350446
37763689
71793280
13825058
74947466
36593676
10015252
23076242
60321770
5146341
71871508
3789308
17205260
96145476
89350945
106985982
44470862
81353440
44642428
53391819
42908120
29482881
84606202
92004994
37174643
109376868
91845256
69344415
6698035
13516801
57874886
16525388
87819852
47843232
3809805
64514853
101275536
4868911
63564735
56532462
584710
88086033
39441993
22579279
64318243
20641134
74987182
103439044
38445319
15159547
81145617
63263127
4951867
100232964
159738
80190229
102678833
90972084
24113157
102532648
50700578
22675283
25359211
23304999
58927697
111300895
950118
57386702
16927830
100482332
29734098
90365431
23767789
18800859
72595727
85882829
94555815
59827635
22293426
87542193
22851308
105916283
75747018
37121639
109914132
21547654
68720700
12789814
52915135
1437874
89817065
27395579
88751215
26418317
34998510
14184624
107016694
25471416
40296233
38922399
76714542
10933239
30413333
62888590
49248673
25411720
63589403
7013622
36976327
41380773
24438804
98089670
108362151
54199363
93404569
109767947
80992520
67282826
35332749
38163185
37690289
63398748
5040697
87210220
44405252
9527094
86248392
68094295
61116874
42006622
21152695
13825952
86688196
5001613
11942816
42235051
100795394
34852258
107578447
63890287
45378623
82599442
4685101
11237833
98210473
38765372
87078827
55472964
42236166
84294002
33122487
62840069
31637125
107873604
961828
88670958
73413850
56885398
59585229
47290922
67678427
16151082
14526765
44453144
29209848
102094187
47016605
49548736
101833636
24979005
59205186
46784419
109392599
90923359
36519007
42737508
108889207
2784825
22350477
91756097
52656877
50252513
74521870
67969796
47103383
56436431
41729358
26122928
101566972
43434147
45407785
35868912
111944863
37436208
109796540
92021113
260551
34681228
2987179
67692846
27946407
80641828
10265412
79298719
107037782
46377811
33030660
17133109
62487949
84457964
29877856
109690710
15792759
18085439
38884067
20980455
67229460
10938840
105718772
78341689
43849284
20615206
38432372
19923750
49819286
87758941
101677562
44927705
6734821
34705352
57427434
73651318
98607676
76247602
46268059
89904672
96249863
60932697
112258883
77800868
81308834
11792417
83450272
107172305
75859609
40588855
40265312
1531400
79449557
85103566
52552945
36569163
95799550
63033432
30606189
4891580
93667749
66972210
99860272
45443504
61101306
106183462
40026888
8703003
92357740
110338992
102649419
31092623
91983864
100466465
6994225
99140158
60936438
42861417
66906993
86971838
86142928
67521747
61338455
42880394
1947644
101879514
5962974
90907970
94369313
75993980
17391309
60867874
18514532
6320438
18060245
65041932
13825722
42047897
18413585
73908745
18355128
14826583
36742027
5487334
52173656
76492809
32233165
98968230
81722118
111745246
25633382
43262534
65574103
84462571
36917420
36043304
20153829
54972624
86160289
46145068
70123076
11070871
42807629
65832601
5138345
88372349
59271976
52276978
36336398
3587002
49810347
25511422
87656557
72609219
85614170
65565426
107130691
32847920
73334848
51103213
58814772
66174441
18988743
42174427
76952371
106948426
62243016
86368762
97209548
75089418
3337439
16934104
5932526
79438910
19204254
65221368
52035951
55684974
15110260
23468604
40934075
89561128
52257253
22091130
90482158
65409879
104590579
68671107
99036777
19804036
44758098
16640345
1865699
24400318
104935041
102943610
9738877
99513598
95674951
92919073
81800521
36258530
10373478
53071159
40046588
75879281
62754737
41210975
27394528
50552761
83571352
18842944
11722599
111851004
29860552
21811050
78733102
97430172
36556638
95040061
30581966
20357780
24065304
11282090
14661441
5421443
19912287
41823434
30356706
59416421
95189224
28729362
8855571
46854198
2960051
111195613
61128382
24845604
69999624
8551583
38830162
96723977
101342393
102271550
33117902
57434009
110258042
108696671
66848206
28842487
70974757
31943505
5696339
31287490
4013431
97841637
100068367
72855867
71637840
14270972
63204478
48335026
25769311
22663588
110729445
103118076
41195989
52576799
98375443
98279277
19569191
48918613
76249704
56552013
4657136
36781232
3229432
94059184
50365543
47548330
23146148
39687266
27930073
32858332
56222753
43517565
26203797
85797394
22295018
23302814
100861662
40540890
62609210
47654865
93827600
58152646
4742633
67920342
45651237
62100459
34673201
88020808
44261476
39468472
53322581
35601582
111419319
80684731
70913036
10678276
19618257
102647817
108468143
96772509
6654535
82785360
33866176
2900983
97295733
94114128
85697233
65850426
71716920
17100193
55555861
38550887
12501409
55002174
33247140
69990430
17838983
107564730
34698227
8659894
40409154
97641479
89692175
1024670
73710103
80625220
14570134
35205748
95993282
25682783
75549962
16397181
110493256
64755677
42207379
44088936
35040837
68597040
10294565
33166033
4598783
553686
5303746
67514609
49806820
50686040
35292203
9179088
79799204
62060377
43971349
39384484
36575005
9066955
111458166
38504355
96991939
101247352
84659416
92239730
40193156
10794285
86549802
79047949
42358469
85970340
33794371
1874803
76641886
22384507
27862287
62087804
63106867
79621336
32222406
53271361
83246837
85591826
77567740
40414720
38129001
47548023
52929948
110430651
24435016
10210813
78848569
17395838
73697825
73865131
5689927
86148837
93439445
579462
45253577
40483666
21972083
11409864
99016146
27197711
71637641
60600952
29865397
22479135
9018128
58990581
88063621
42832116
60106454
42663346
99844773
52701980
23113006
55362763
44225711
19682807
48872989
4983438
11705911
192616
105429315
5110465
40895260
52955779
103611009
46487342
66471149
7418001
52132223
38415194
109692314
49158506
64226453
83234817
59419143
78546012
11527756
58043904
67990973
20048102
19550340
57125639
8476269
3430199
6489774
51885902
20620525
61324002
11914123
6595446
71657357
52473536
26503085
7051546
111488260
108836637
106715120
28055955
10085687
2973717
99192371
39101126
2382992
110684070
71707061
14018868
23198668
4123282
38493564
10865334
11571833
28763769
50635865
81593997
107813304
70169402
39971778
26668708
2310273
84444217
92452361
64605811
53345277
42670078
25340056
96075934
98750950
103741403
41223584
95988191
13234354
1151930
79754065
1007752
100129031
80227408
100528934
12333334
104911450
9729794
85233099
54981465
45954095
92826464
54265848
81144596
80502757
80531191
46576347
50064463
31098940
62425912
51909383
82272973
56279129
33958654
54852349
15406387
90507049
52715283
16234126
24870230
13382900
12170286
12838819
87795696
87675958
90799140
39460236
62573614
88779329
104766636
13359246
77169499
24967335
98738287
47211878
30438294
49432250
96510436
110515081
73829597
6146783
17950729
27420623
53516370
68455235
14780695
111532262
78280447
39332383
4063839
12031411
50590833
49497958
47043309
60979089
25102344
2019810
47053601
61857996
24253459
79799300
26980960
29957621
7172670
49306036
63061443
32283214
100606283
103007281
105207981
59052603
64990414
74499123
25283557
54344109
102534789
87808312
7752051
66249036
1385179
79569511
89991732
101971745
24395613
45023498
13925487
88247978
90126352
92257931
34877036
6939466
85270259
102678554
79256179
87249457
73703383
85057791
52078863
54197309
38016867
30708857
33769045
23289934
84324335
49835246
59235687
36285753
86423133
40542540
101260933
11773434
67817527
44968234
100689887
61151265
79900776
46671186
53370942
95830515
6987672
57202112
40043288
110380802
41618799
106558389
47814223
19506074
59684553
21370005
20428263
14726933
58744523
96293800
76414248
60682211
88415742
31336775
60028449
74649699
97728643
68936328
36087177
6666261
90071088
66662329
7780323
96430262
39683514
8812459
68430856
21610499
15583312
45844900
75210208
22112725
59517465
39087847
11721440
44957619
74985483
36494464
63316315
10705940
20521687
57721101
653762
13766043
58611762
103452122
51206150
91062382
103868870
81784849
11529567
106000827
39622444
11611493
40643035
30716644
105589147
22585956
71403921
6114216
111331065
36122361
10391285
14559845
76462364
100230606
106644934
64279543
15972777
5595214
10052178
19399272
11752968
22205270
87563523
79909381
12226880
81781302
79532815
110228044
54806034
112278074
65357792
8905800
18382347
30700708
84316352
112118560
23614892
35281560
108082932
109414848
84663626
35164309
32918541
12182821
84257829
101049720
54227364
9217133
6485874
490537
44195750
44203588
9978389
18425849
13020195
14358837
26975268
92258370
44870252
58543863
106539356
47300713
49593077
31267417
19729445
61678421
4035627
26560044
62977935
72918623
89139936
72480805
75910110
44228822
70315458
75040695
94563845
66380456
90025013
87285916
102872149
38413530
43827022
8263181
103810582
33121825
81848585
93435035
98079015
10213168
8950785
75271939
40214897
558285
27231789
105529401
111060487
56120634
62423738
102857131
9652142
44911113
14808976
869414
74668607
16578631
110019312
19921558
75868308
51611483
56102522
107252596
46962949
10705197
51418226
23019175
60046440
71635417
84484250
35450704
95001901
8392500
60683779
47045496
1857799
96114785
55749292
8203356
59112120
17512625
100691784
8782728
95246136
110590346
15853732
54747048
65713953
58407829
88822666
80975712
4648534
45397325
68477999
36587402
75662386
92142810
50894926
37239365
101637145
76091750
87126926
47956405
19178329
89572623
3939833
106014444
37002665
38236667
32515202
62973021
47270118
2745067
105288997
40499088
57520022
69805903
90928012
97098241
66402924
43425340
25141342
93064761
94738569
101338819
110696106
51066650
102865665
87163177
62472439
66324369
69557049
10197932
44016571
25523886
52569958
78063167
86142871
99033273
3610177
29770135
70044025
6771030
70228675
35483093
61931076
72781781
16046608
60146301
71956899
98341793
73690401
48806152
94728656
56315547
11116783
23532928
100954212
36541296
17606128
64918136
22307798
56676792
69987974
78313405
51741015
78540315
87096619
56372736
28989248
109199148
84545090
34560932
69843584
109806894
32080114
14428404
824882
30064816
111459529
35794376
3613136
17374854
50332998
83839357
67721336
86935488
18570429
48679704
14233498
85932965
7573791
68998023
4935777
4091288
3860415
107728280
49551067
90257472
84187647
7071945
51999193
99741825
2480817
55415179
108982012
2015298
27972505
90034136
39095308
94084675
110465007
44777409
74657147
75757511
65268927
31685261
72701990
57641094
53749542
70239105
80997188
16126131
65137608
9567498
66900222
25962944
36184261
55122751
50901908
109449452
4591127
108944014
3403442
13109148
40086303
31591505
87923620
46247830
91929129
6961528
32071157
34707496
91868483
42971886
15699150
20271462
102939348
15106514
89003906
37623411
5101497
71429690
61585910
51818293
98386866
24421100
100064666
51738439
63175252
54317894
106046010
4125608
81501340
96815566
37545529
106198474
52022377
93605721
26820302
69865262
27453046
101459271
31651974
71597020
65036168
592636
56271186
65315937
10005017
30217845
101041131
78286834
85402825
49808438
64113628
59292056
73605849
45746771
58052430
71693273
97820184
21874072
78940080
87662867
44793189
68943438
92021800
94517115
66152675
37721032
50856917
68216026
49066732
31059338
27969463
12363859
3231248
26053341
89278436
44078184
57175021
51232692
14173206
26110769
88562590
31010485
13883254
14556205
60286588
36178358
5396821
22800946
89440884
9996642
108001067
62636075
2790763
54300768
56303827
10580277
1297928
19797579
40246563
36702873
40471718
1916122
48089053
71513065
93881950
38045744
29904978
31064252
75030103
108166350
24871143
86650014
95727527
90064897
21803012
50129270
59097475
107760180
27159880
39448438
7205879
66343928
18975876
4854114
65646469
49149877
82693715
76955056
104329490
50974069
1257449
81318654
33037802
10043309
54251716
62817698
75375642
46742257
18836737
1023717
25082452
47166247
77490631
58241886
43611051
26402833
22969390
32292666
100554300
85819582
20472561
2351765
697459
82186000
47164029
101051413
69824017
31719646
75697607
23010836
17936267
3857769
39710566
95223734
59671297
7509459
43980960
86995553
34303434
84030491
35893087
79200567
16198824
51087797
35272495
11318385
50852163
49509809
11820104
98202535
85122123
63290191
80191366
24649675
25005612
15444383
25353806
46813180
26427008
84483467
108303900
35072533
69190102
32201107
51242774
85035744
98209654
84954099
51102466
67462868
80475296
109808920
56571700
4880439
12879263
110766316
12141910
65009628
76747687
73533543
30654798
73116076
38284579
64746983
11939498
103196061
1661004
53230339
50869281
3998103
27936994
88746421
96189760
96514358
58995083
91292305
46576907
30746786
4478803
66297176
23534797
75594857
109573285
58165385
5382158
60229636
34018628
50968368
46998459
16275240
35248963
90911445
61176578
60092148
75729608
71069160
52326780
110022901
25293345
87126490
20168344
56426266
29751338
17541084
62581080
40891926
86813502
105283361
19855618
53887576
69083891
77729412
82856328
49343649
36790386
66773791
25874806
17743388
15719404
81090643
80102292
100160445
15181837
102467419
7765368
78066707
45775815
90203920
102498186
93870709
70018780
15270888
106205187
1503041
43087583
82301348
21036308
45569555
36199470
54486206
83391249
32383871
53582655
16082537
36112472
19046997
51054386
69787792
62644726
40562589
65908806
89994874
92395077
62118760
69335233
42565078
100572151
64265107
32828768
87227298
309151
68515739
97186935
36547467
92826734
109878029
58745507
91553731
74538307
16459228
13547180
79952341
108631399
34535658
77388151
91328310
68762272
23135426
3878986
97653482
73171141
16433675
33303270
49829999
73906610
5070126
22379938
13344853
76599585
76673030
2683992
88765313
100692634
99668906
102805590
13916632
35339722
42286279
90650180
7229595
20187829
91371523
15207818
29946718
90777016
54252725
87449323
96112419
62324286
88940
76993841
35984771
54887066
28233144
27450061
60561757
40830542
70710538
23304490
477900
100984026
15375086
98319724
86776002
76972813
60519310
35626452
40753756
34742079
11922286
104381777
2884740
594507
73315094
54857396
7308225
4572068
100004012
19118578
38983144
57561875
48760697
8534710
6968938
46231
81743153
49900896
52996270
82086513
20573032
14518177
14208023
50762274
50444043
63793179
48862685
38420860
36347795
61375609
31857339
11327779
31066683
60387345
5929910
81386655
79857014
100549648
77948925
42442136
82717881
43092063
63236566
61358095
51795187
82071672
72053590
112016641
41971492
38478093
80522118
82170759
89077764
75418474
14543218
24666811
27445384
130705
6563521
37663644
30308926
96473624
5397869
74683657
105533961
30383892
3437730
37414877
17831767
47500491
104209200
34003415
3940505
106168524
1948134
52138547
40100179
33575497
44138151
72160734
74403959
5103644
67627541
64410952
60616719
27056141
30746919
102141740
82181780
22449898
44909404
80628898
3583292
100017607
71245927
68119083
12552125
68297240
58209307
108831982
56203615
10684304
32055281
64161959
66068345
80732638
20644024
92943075
84175167
39034507
17176822
9993007
69490554
53215028
46307662
70834980
57234362
8297020
69875965
14196511
31510235
57251798
9382971
60467838
100109111
2948686
9909776
16080144
24737254
60168632
89420330
4685285
56975960
63682644
56161563
98128900
9201099
93969518
75766252
86825789
94547583
88965424
76045345
11299203
108340667
50654271
13602644
55681480
101790415
12624166
4813539
96046027
82146317
6434285
50558062
84028967
103215062
74744774
39019815
20051969
3192671
25737686
60883722
83850690
67125173
87195675
22362647
47378940
12065564
111804458
10780444
95892008
105628386
38034703
110056560
52659187
73867486
978477
50867940
5744388
42837850
11022883
58131593
110477351
15579224
88173289
57652781
83163092
84195731
13282129
84171877
31701982
83616142
98691677
74131672
19746233
75130111
22918190
36598496
41177185
18819701
97749370
98195449
52969199
76527218
109078083
14434876
68123098
83144257
52488686
72616424
44720499
107803660
82318305
65468199
44776132
3977558
44370652
11634844
52493749
54669616
97840201
82573940
63869909
23561565
51213482
108151367
46596555
4098489
51209126
67985366
90854132
21222152
101477367
38534323
21047749
38577454
74306191
107866674
38423758
69688655
102658120
104255930
63027528
78340747
33741176
45784917
76487438
102061036
26154644
94923439
103159708
74278635
31360458
80722171
101968640
47114993
56942241
103614818
38247987
42630603
78868000
52319809
12818031
62899912
89231762
25541076
12797325
17261164
5208554
59171458
19304756
36961002
70514753
17242611
14496937
44040141
19630272
106567629
11544957
76879639
63562981
22437537
97313625
96605466
23779930
10997451
21510635
26955266
24746818
98288179
29812572
28611717
88091677
99636956
62746216
84614226
20332522
78629497
10600037
93251181
101016705
2062145
22464065
26474612
10255967
32932938
45138813
67754263
43004647
101467421
104569644
79317516
11301235
86316174
87738460
9468293
111254263
35582457
109502695
8778730
22840131
42535616
78225502
16121079
91948063
109120348
86657818
39441341
89972793
8537891
83430745
87185722
4449807
2174755
106339429
54861705
102288292
56031393
88188249
88690761
102809814
18253470
4222685
14476571
100065541
52156003
12325598
102475533
12742326
66967079
42913229
19362680
75591183
94108783
54466891
52506722
31791184
78119927
81014226
15430700
16731713
81255990
93206293
61948103
24890093
62951665
91677085
13597531
78225208
69934779
97111704
100976872
43191559
64426683
2150973
109950009
39413677
57718520
72205933
6023274
4019525
61164446
89899419
35728090
74961228
88706965
83852497
16360484
61388213
12401865
34584407
67143611
56365896
42898257
95274647
11292562
97086458
21742306
41489456
102251966
39386849
45328650
98825899
45601551
25013006
56792453
37744076
46034031
66342624
11041486
28483856
93295065
111206848
1192454
64235594
58600743
27318751
84094261
106779707
6888231
68395969
4329779
96872594
45073334
58171800
73532341
94806736
7478120
107359086
8804435
3426067
106145299
20315643
42033445
20501104
91338976
102809830
39346218
30193804
98051189
24838268
27291401
29059471
52606105
98877333
105144963
76824666
33074149
15698291
102449927
22375638
23322635
71161609
23340252
75270228
50693679
91176885
98645929
16695682
1213787
100848793
73752623
98287824
53980297
64227245
93514886
73788800
17402269
14507950
2902403
81635347
84592164
53417698
48918138
88141439
65803183
89446671
99378369
23342140
5019285
43931947
111395386
73056037
20467930
57166997
88984299
46641626
102606727
10440765
55303060
27929592
59512124
22169006
4772938
92551498
46824976
91650565
83530026
60770552
42275787
61844705
32717209
9094353
258144
84475096
1406699
55104672
97071015
55446422
24306755
44323248
36107646
66872018
96431739
86186304
66920271
91187163
103698567
87320763
63288642
45777682
23156654
79320627
87704031
38126003
21665100
111058054
49374777
21685321
28053342
45825063
74230190
73245743
7687654
70157102
99764082
58320278
30797917
52747767
31982405
82438367
72895139
62281342
112311747
5244576
94847738
104603138
27898521
70564514
64164109
108971644
70433652
110034281
57655527
89005978
1394854
12623408
95648340
3549714
72458760
67167600
50781038
16716717
85841662
61727376
39359185
59659944
38981502
60719551
92212628
82061063
95130249
67650563
79793605
7708609
89706056
36926853
53082658
43930506
130862
79133457
51316117
106431303
8923055
57675747
6001267
110205141
52524649
28480740
65128677
68385672
106329568
1697290
89717533
26181718
35389503
103643264
79807316
69280440
90592931
24562065
2267458
100065269
102948137
55510381
66985952
58419178
36795991
98952830
104974390
18703188
70210402
6283999
713664
11077915
17794727
89880528
57720092
109142607
47154801
76075016
91028139
80147850
78667788
111077899
71378031
78469064
25693961
67888880
67012982
3171291
46617557
71760706
33079316
44528959
31358019
93036752
78448418
18092802
28742428
111334020
30633153
71776116
1132900
23193137
78361452
21012121
55369355
94005077
18114467
79366952
109767228
104953870
21413448
12842353
85383938
16132780
24099711
22522670
21271323
7895904
95095605
14732227
40402687
52402565
78440541
13265217
64294324
92118028
103278
69326312
110201119
7440015
6058293
92480780
92827412
96716376
2897654
88362404
96597850
25520598
70597133
109568504
19569932
17924297
1386271
75504897
107221458
16203806
52430695
6539095
92496847
42693039
48651687
27137470
100468242
111326143
25805567
7611640
94276910
105023264
75911648
30363968
39616233
34345547
89583126
4465007
118526
102380685
17765271
112032976
5950666
65316465
8465860
69068665
23062840
97542466
23074202
965990
48710589
22381284
82891038
65359377
54584798
62329174
13975531
105500231
17049233
45785933
44059993
76556570
65407030
54209730
53140843
35151226
34227021
112206070
111703366
13089180
96430019
77452436
3850743
49242002
54897254
23283395
58638092
34740478
61475506
692917
30434953
95711212
80156487
33205493
64027475
61444568
45279941
80549599
61440238
65496292
92738904
2493891
23415727
42899433
19982709
65938403
48451490
21137841
15776051
46894558
21882065
47188016
22555182
92927349
3247539
32800404
86811519
57945174
4305525
78124294
45540060
9873088
44327366
31355548
100285553
95837877
4330
104787278
454324
71589975
42080565
62483099
94871183
82480954
106807944
11488497
50162351
14200560
11899404
93591665
24339376
41314717
56584106
2398407
18759458
57662366
28494879
8687225
25048743
106792438
46440557
26828140
21947536
60849490
31351218
8141904
108027182
53417984
62706713
62974854
89078793
84603241
68035156
96026314
32318602
105251013
111949094
81574316
102221185
82944688
37007559
21940969
35198888
111281741
98907158
10072233
45257251
34062442
87250298
10864232
84844902
97951067
107836923
26449261
77825938
90293235
70438821
57695956
76699192
103107101
107299699
5696108
52284639
87787773
109080850
63104287
3029827
29004406
44566757
92923845
60389429
50729448
48037441
25126654
66024489
64844716
47825565
47036648
61577541
1942859
15387310
71039270
20125129
30187317
81014070
32773611
26237672
79691720
62756258
83646713
50822462
19511926
21618887
101540353
97401574
80076444
31181158
35109612
93618607
6480938
44886404
35262774
97064959
108196355
102304719
31631470
3267175
58526335
31649338
3181900
94177731
110203623
2668829
112355148
3949645
1322349
82377354
67594589
41512887
55887960
62027825
61642110
34470353
66546073
83002823
74935591
98817838
24700220
102583208
58355832
21775980
61693679
57961685
78077118
104929180
43778384
112342132
12728904
76708604
46449345
13156700
106826213
106253978
1346479
29977794
61358686
84813092
39133022
5566763
92230777
21417607
8125381
103642917
84538391
80088235
58302603
84712384
40462006
15567869
53533158
13037776
56058862
69124500
14183301
78094987
104843905
92073409
78536416
12215833
94886021
52555368
11810220
76848419
44895292
28893388
3488400
68435551
104942316
17715415
109801383
1231489
49239217
53040776
45340313
112186008
39626229
55378363
43822855
40067859
71869007
109412287
111214475
102967505
89284225
47113522
12202200
105271701
109547389
38624676
405612
18037601
7660076
95276833
86003648
101463370
48954702
110776615
83637798
3994454
80836199
69404236
80894806
62056838
13414546
102321951
81006782
12201999
95869357
59414197
41213384
93905132
20128062
64100953
103408934
96372525
62569762
98581153
5149716
91509788
30964600
17488780
57037583
31200336
58965760
100230662
17825572
44960247
29940416
26877191
48103278
31422989
55989689
90932856
106053686
13856176
6452594
21592585
83348616
14607854
39286135
102116061
3139826
48759166
14174820
4827781
103866438
83419975
67616553
304565
34472204
12407893
70883020
81810551
13374764
26649142
70290246
3592009
109216970
11161056
83247503
82174052
50372933
42133513
84480262
84461101
55511190
4488369
107310079
106236185
11468027
3170598
87941241
110672046
57252729
43114845
62214857
3845500
61591400
67852289
54425175
65021654
111393130
44233878
24163934
9782754
29792173
71772819
32704507
39686546
85791752
53757618
110053791
90915462
111625953
79991893
89511022
74278635
105380342
4423109
18294944
25799611
58277869
44826395
61100818
66050858
106527075
7006197
74423955
108929746
68819160
10191296
53501349
1894003
27085334
77394745
102081877
102465627
110984696
103950519
54636385
107236291
54491666
30061898
1404440
49990947
86971551
97731542
55983691
92224360
58505241
98472178
89702423
104587012
50659321
54094621
4270531
10240958
50547037
64232659
55428397
79568786
108109592
101110234
24815756
36979708
78770049
110491359
60472871
3748405
62102482
24574486
6115479
17144347
68093977
16032899
106367257
7390820
39226301
82515142
15165566
78921858
47812857
35607802
600109
53061992
16191212
52397873
67172562
95981881
81126697
79321792
67396658
83773513
22340185
26684398
88866837
87665273
61032506
48542014
109992927
44958134
81484139
102442581
23137091
73346786
101810228
36495744
104585254
85308072
34702285
104561394
90965378
7394494
32060218
60562236
98249431
32569332
96274806
100210770
41228852
9996813
69625236
40712260
107266676
47034913
90655522
40324823
90032346
16074371
92061504
20193975
21821043
8137353
13275982
111644977
81121532
16502155
1793459
12667489
6986323
39951419
72501176
30403142
21505064
111850887
76647431
10682289
3984109
98921622
43229163
516592
15090137
22590323
62416738
66941853
82006196
87224780
73266949
82482000
106613329
83924151
19561622
22536067
52019451
109133827
10135146
81097672
22159461
74202040
52526314
88943182
31089984
85653918
78759341
23466404
8150406
102729438
79813127
3467517
83831485
20638839
50459854
60508285
65587757
100195588
6318533
111884197
92971452
101702799
75564006
84077261
44548329
22787796
25044550
95925408
86974366
60936735
28571358
58219909
55755685
91876025
22827470
7623580
77503512
88389903
56013277
4682889
31541582
59174288
65367663
23323199
80054712
75267896
66833381
66063560
19867765
29619364
48963820
8894190
69798099
52776210
71676340
73626550
60817060
89111445
67354050
41398085
5181050
61698963
48036068
48132105
14372513
46797567
63970303
85464251
56848321
9482618
51675227
8218383
104123205
2743396
81493448
13991152
55400130
49857646
29743369
10973575
72181266
108547610
49577851
8815177
4602779
107568525
18916129
32062603
83930395
5655087
105722018
69408945
59970078
1238501
109165432
41268263
2592875
67131314
33789024
61273567
17719414
61575459
51728565
102775682
59703267
44279430
96607783
57070184
90036381
33555760
73755724
76009717
4228459
67012956
102259049
97543806
36281759
25904671
38700586
14521449
58045009
4767145
85247143
18701815
11289254
42034118
20122867
53679309
62055529
97217195
22188631
39947361
1872192
7449134
6167899
15276711
79246679
63052023
95674461
14026664
41970930
19386397
98754298
31688283
43374826
88998006
58843219
21760309
80219663
33933441
54277936
39343194
6121519
43213025
11222577
69969946
104982219
35265673
44134307
34751796
107988631
14739496
33779462
98955482
53206085
68119505
44605880
65220015
33724722
88931693
40275995
10282647
101015200
9756292
85205064
21614517
8778343
24909778
79842374
53520098
40455551
11064910
28120617
48511574
63234436
100960533
25835638
82874051
52280672
42038440
972334
9033149
73893412
90663587
66993230
629699
34394783
80677817
24944019
23442075
100276493
43163332
50081212
79400683
977948
72938915
54132143
80261875
109457857
81421093
25399481
104303977
60190475
52163713
22675936
105364015
48679861
108800828
81901717
43247522
80505029
22668748
67043549
85907341
56268804
98675414
88045681
23596336
92761325
106784317
98364493
33519439
42185384
102145927
25268540
33076074
75841059
97714680
67506023
5153879
21230618
85595768
94271670
79830090
3483852
38878737
23462297
18075968
40939428
59232969
88563974
106957688
91403574
80728136
10505289
45316096
18557718
93621365
50235473
59241886
64598933
8862195
8250899
21752939
26304867
52557489
90573680
83330809
76484062
94270256
35885839
66404158
94755545
68036562
56367792
110411514
110299310
89232958
41871994
46341741
92833025
20479467
96452399
58731106
74814047
41887554
107440624
71675833
29022432
54016907
63634616
55489623
94917328
80697039
56182888
55334059
88433428
108663425
60088599
22723533
12158339
92852907
22679994
96704032
70097253
92138464
68539519
76601198
108759933
34036156
74892972
46745548
58025421
67208473
63650483
3138214
25508751
53423716
20684846
85892810
71459580
95297577
11950363
52226898
4907240
59879464
7889089
65709894
109148715
92239322
12687168
27814308
22755654
55545160
40808142
105856056
95738532
47146992
14351855
62014385
88370735
7684498
108098694
67530836
41699722
10226767
107456998
51975942
106967766
50390898
86586075
31876311
90390337
64430900
44337808
51557347
75734379
28009768
65666355
81334407
69483668
69502009
112009796
29259599
72166629
6304778
104147830
46367775
71136258
6667356
78919321
33483528
90988406
97871927
85077468
102083780
28262630
57066099
90393497
75091455
72360562
22155175
99898503
51476619
101056522
16328040
98250992
7043601
83529730
108524347
94328241
40224069
9979009
5988645
50115399
38442482
47528521
110124102
79808455
50296359
28038951
106051023
60766060
101264627
82252926
28011369
24333912
65531176
109709167
80881951
87552953
33527572
33458653
83570463
65585627
106656550
57801939
102086646
25075361
43305661
111188967
100983224
2752299
96540156
70820125
52351297
70994028
9875791
82085151
98761062
101890299
51777954
36441726
45398320
76930714
16721750
30662203
68455591
90338224
88825223
47423297
3982489
80301946
39162104
38412153
75858982
81581189
14496278
3541307
49095766
53196991
27292440
30163099
62761002
25546128
73587962
95269776
97236596
20345493
30307197
74962964
69135608
87207240
19719976
14736117
21118752
38743527
54196980
21032294
86355734
8523277
8261193
90573966
17086592
69940915
23915875
84961304
45129052
73659287
101252497
31576296
3079618
1746311
68935138
92494856
53313162
65886098
64962578
34917260
63569886
68103587
55242988
54399490
78732117
105980079
72899138
86458
64747793
45673703
25414729
8425397
4080314
50680279
66658091
57128918
37455492
75260217
96068807
13552756
83223298
99506186
75001159
22944762
73436779
15692668
40175907
31039531
2316212
9502620
92034273
9170395
101731470
74266538
106503982
78645659
41232286
27225435
99675358
68966025
54237018
87094451
54127306
71955025
25868415
4041503
73420112
23902736
104396920
9206250
63555227
72922165
26069407
71952119
95128856
55040877
13376456
43316915
51365258
105505818
20131151
30411364
27670043
35729440
33034252
79278547
91330302
97269890
97992047
25224536
27482348
94641993
73869665
50085803
11178542
1965679
24648213
64213861
85351139
31474755
95496844
4246736
90153309
96032160
58575663
64455570
3675618
20230639
35829393
33597523
90479404
96761712
109737112
73395125
69402768
60767992
106290130
66105766
82431171
3350053
76358501
89756545
96107080
71903986
38081219
59324682
28974540
105533459
93720647
93748032
66325075
12108313
58031074
25697739
92356541
38345024
41269805
95081725
54754865
51427682
48864041
29727907
40002573
48969120
79464996
3297002
103340450
102940077
2390894
105034627
32246603
4454515
64318955
49426027
55573074
44907761
77964036
60230138
51852012
94255962
35716958
40627336
32111773
19686049
109431564
9918445
108593789
102202124
58861313
37670586
24068738
112254921
62622912
49349200
70632300
101528549
906108
110665824
83337102
110296380
53359301
95180577
73885070
19411193
83821992
107702937
5699378
108711703
24513180
11224676
74787818
16030908
43555773
22193327
36095890
19873069
76060762
83566832
90777014
58966392
100051304
87079539
54266250
73454364
48443092
72326476
30835075
15613358
69950152
100516526
36411309
33948107
11358585
91185763
26355444
100113918
83189756
106834702
46567514
21125901
80028904
52594491
104938648
36326333
71136195
77532688
54099684
17094370
108519158
3697475
17343771
26596939
51280076
106943404
55262918
45473363
2376324
42678550
91562049
48645674
101801569
70229176
20236292
36248297
7996007
31880743
66190033
74707484
26805798
106333024
41190882
56346200
93818297
27405960
107230278
54041825
94017160
50402209
12394228
81922218
77421028
35403997
83694022
5806713
104567080
25227996
66271314
78734280
65880611
33976502
41053011
65553272
74876798
100715550
95061893
45648523
5074945
72217010
46160231
95463227
12514727
13784922
74119552
52420101
58392430
56828069
54291226
12094941
97984811
101993861
10871825
71614315
43196918
71109655
51895400
38476429
84351015
44938441
50324898
327338
71459705
52697462
95495009
29228274
95640605
22844883
111848293
34615347
59702283
45018938
21343675
85098256
80396121
17291483
10772504
46297489
83846888
64657366
13866745
26370496
58796943
52122171
19718915
17364118
111762269
19600588
795160
84023677
85838736
109987437
17192330
54875060
69416858
85293755
29739982
73668886
88146229
79472984
13271672
86964028
76982817
4052192
86969381
46742261
58448225
58475139
32430743
70120021
18504052
86748204
6651581
54076454
65363531
12761956
29212587
27738592
46121852
3167724
79474975
43607305
40570579
56902205
25135078
8391600
109507526
75270627
60397214
1182201
2490167
9219479
12638276
42884185
70607597
41137871
14311518
971833
39971087
70686169
76112069
89431228
34028302
106249626
24863867
37624939
79000104
26044863
73267247
15158176
74957146
22572770
18472227
44822607
59754680
74868080
60354387
108325325
72780460
51177735
1187553
84609612
63615512
96504035
28572667
82279393
1166784
68628979
37219765
75543489
49301496
82222444
64567361
108763364
39893150
111179005
89361322
76485557
76091347
50694477
109045949
42778167
87821720
68607777
96828221
63789355
14731249
9176652
7421400
100530849
205852
29687148
56036945
106339748
107980880
84947318
45059628
37983296
31971112
80000951
10976128
52898133
54972922
65748357
32045671
88411223
47731287
38666845
79799609
33313179
87876387
53081801
58309947
24032364
53876528
100295198
69011584
26560400
21614429
102737882
57137533
6226104
34066268
83449628
73923749
69997584
65619835
77418678
27007168
91432980
37671657
70231401
20852462
91565329
18017070
6022455
8611614
27061736
75794088
26717807
100006862
63844022
111565274
70374749
80024410
39959756
91324398
78633703
94426497
15388324
68671613
86047906
57305985
89072314
30473422
108865071
42990416
86546856
52390650
81779397
70580518
71109958
52214331
27473636
82953715
3598962
42588368
106897436
52058504
11950065
27512534
29632113
108823242
84249147
104053981
1390706
70536889
88579703
9962090
21022219
70442340
104602929
55574484
73444544
58725526
56286567
69118050
73571020
15966338
106284322
42208695
55750511
799871
48615368
97245269
88416280
76544088
30638302
79384902
22426391
28130453
68267017
37938133
107432536
26355886
28117907
103788617
62158299
30780992
30362790
77807736
109357797
45877403
11931546
16970122
97514507
40320229
87837358
31362325
85219457
105484450
6236955
70865243
24743592
84431281
66606966
21675006
54117697
15151478
11117885
109491888
45701547
54554759
22463855
3643918
89201217
9980544
73425827
96710564
33783196
109489017
78519818
105031303
60722897
83971318
54136394
78795810
80104402
94712909
37768999
26997843
93384487
34165675
4258276
3068586
42957212
64099117
10557121
69629439
94453561
81566756
87028033
42057628
90357172
25126940
42578092
104850654
88557349
88940439
30834374
53755522
48766120
106908501
50894909
106930716
16510545
84427115
53670440
65750188
1328422
3603323
22739566
90315901
3852092
65162789
5155094
85687774
94649185
41350366
94961407
52395933
3853213
74544722
12123165
110510147
48929592
65997654
74016280
47445455
52817948
36285874
2860613
54195405
103041584
91471424
65903905
75763987
83098693
50067117
43010621
23372522
12394860
82580407
97804436
30524319
82873605
76164729
3369995
54896881
50140782
20416685
52916397
5703066
38258759
58485512
36493867
1484136
25823335
50374034
44584842
110982544
58247920
36392818
935129
27277597
8372731
28480417
32753366
72369800
37672256
85433844
50571716
106874171
112066803
21639707
27154323
40620352
26023947
95313311
14624113
44437715
107161556
106790886
94212829
36774622
32662177
111123463
69259295
27200792
104486115
20835653
10331043
30970323
28020087
84814713
7167860
61006561
3451789
59679522
34441713
43158086
98370671
28932009
92363477
71446450
8259389
44201013
38639868
93946232
795383
20193228
75228516
70386934
86772338
108092996
79875328
5461385
6637347
61067271
29513378
73515792
5459195
50519960
36446092
92017155
94006552
59848338
26564848
72653704
86312481
5509704
75798239
39567850
33316249
48162463
32806582
26673157
43405630
31090268
31361345
55412079
58424520
79495521
102871606
81310953
101455648
31451686
100951637
45481556
55608076
103997048
49713329
38445669
68873408
101601383
65452307
21352848
85895858
33698773
109215466
59388260
97197085
40279404
6761267
19286720
4756833
14359943
107671813
637179
97669378
64225824
64900474
89473568
90399874
84063549
105362946
68617721
88203611
9598218
8411855
29806035
35123639
73115576
85353363
47520560
15705525
44397162
24497382
39151227
48861689
81579691
52626992
90553993
48166200
5044953
23974908
4119654
41694195
56089618
48096706
8195809
98829580
105840555
109114252
34425781
108219938
108408357
60205866
71041205
86834579
60299909
56812673
99963080
57410051
53599830
23023178
88914298
107895474
67921321
111527865
83311326
46057120
60225668
79222714
44046546
88354388
92888920
68382948
33498385
82263667
67259781
24085187
64403799
10264245
13349524
99223545
37178733
21573777
12549585
14228532
99231500
2889858
3212843
89583531
93499382
70707986
80105486
102390063
24584148
21864201
51302197
16732240
14654203
96874909
111337424
88023598
54856003
23268881
13766796
22056827
17859868
69639165
10735662
90183883
85445513
104135748
99317589
35593830
47345907
9659727
11015689
22291598
34394106
57508487
9478044
103469320
58767467
58241285
51087866
7851907
19853627
79430917
30398446
38990605
42018906
100712172
86900431
45442804
5409013
56487632
11321165
52679615
109197282
18959915
3509923
49851682
69433470
89657862
24578141
25054308
87625622
78510832
12813554
43284787
111101021
76240389
65025082
50915559
51031286
84016950
102457091
93223023
50055640
54689904
77093804
9219731
95303159
30412799
34121639
65089399
72293980
5004878
61813320
59345599
61886446
26212062
37917170
57022790
2032240
58427310
24884383
56984464
79769812
61576794
103263334
72829090
25209103
93368133
60818469
70168264
46604939
60410816
16129219
53479538
71746746
59324633
100101721
30213760
70478820
29116761
15919707
12948380
55478433
48244887
21428429
17507285
24179822
104493489
32138407
70051406
91017499
75667590
66081130
19584350
36367691
22538830
12010621
80044468
46763194
13051281
54039045
5769030
101024071
81808215
78381446
41532986
101205814
70984960
26937681
57530440
98641958
92678450
4163580
50614777
24065064
41938570
97728879
79132046
13475990
81474447
16613904
84076778
51943527
43542300
7573729
81326853
100779265
11602969
26005423
53637793
37030840
97234460
52391213
59491085
92962402
7396486
27238933
43675374
84703003
59262861
66010489
60670810
68613386
74585011
65245899
69936648
41106209
28898061
62518142
41759213
42174548
85431605
76503049
82976675
67766665
8614389
67965059
47141472
86932130
41130964
1246580
102543384
16915686
44994727
32252152
49287028
35053483
80336073
102668515
36675822
103009476
4069107
107784912
11320367
33478802
36347838
7418506
111706997
111727142
89446538
77616165
71557874
30308569
80532289
27655245
20625193
46685889
26834095
58538521
109392375
24215277
68611853
70291232
92632288
9941244
64276079
58978514
11021290
89686598
111243037
41250911
104332738
82950306
84080703
3901861
46775435
49624325
30331969
34090832
52812897
71781598
9727505
43902628
9683376
46490029
821150
87090302
49653514
15262446
102286668
39101143
56586619
71314238
6015153
33653773
11563583
86949482
72739107
82130379
110357490
28292731
82173838
714505
36174871
34456377
85929893
12684603
9455057
83554001
37006956
8910269
62098222
88241106
55725107
47596704
109196515
110562334
97163634
23196000
71035828
43616059
45729619
35576475
59750655
31425672
73274667
41793204
101595621
57090005
112316542
109642985
4761489
47717461
27144613
23490268
37644949
15019521
100681277
544788
21455779
73769480
78188792
27145147
91404591
57522774
62793070
98644144
52170135
66191204
102470011
48102982
96225404
14303947
74661809
30601080
42190051
28828290
54480292
4596265
64972145
77242710
82498372
93631222
10072511
24768721
35168992
37100161
105923743
39555426
47359626
6954261
94724889
20666018
76712077
5404076
17996268
9245495
108534133
4067153
94969430
88166064
98444803
78267953
84473896
58477147
88480788
50237415
88859775
102241212
34457893
83700924
67170198
70373280
58462230
97975980
31204979
107973567
2384164
111613111
69834166
26693608
55245813
101964442
15313379
67466582
9229944
13929115
26636066
33011698
30625980
29345105
16335797
39967655
102147166
46880110
94621002
111243206
28423151
5158850
35071014
89088243
37882323
94197848
39168301
62848664
95591815
44595498
50783029
88050557
69010926
92873354
11380229
100139232
92734498
1384264
40830516
101221876
108306765
9934589
16675901
103018325
52201569
94459317
70350283
103263961
31100588
89462152
76172192
51694909
79636528
65876795
62563570
100037289
110966034
7216432
12065634
20184887
87944572
82913305
76670328
93875324
138856
9995965
59308715
4156251
18081129
43539556
84545975
5288439
82736650
47220214
45311671
61297609
76002358
93248132
27091769
91765680
22469253
22939025
1774967
104602868
79914391
55347138
87971655
90781147
31631861
54155959
55874559
6712877
95418077
66674363
34566609
108342606
4558465
15769159
44613906
25436318
85806536
37325761
84980398
21439040
96221486
64423540
46849469
96596679
83422508
16796372
89990712
30226385
55384635
58787830
29274842
101493245
36358906
33815695
34906587
37562613
83741512
1843825
84506269
99435472
74759527
31441078
76372329
104125776
54966253
7288145
52815921
64367495
53464276
20556857
86949572
12268436
93361033
42696726
6605966
65839751
73771738
43846511
951543
66251390
35072553
8102776
66586658
111156294
75077813
45706391
78059974
96666041
52087927
65708819
35706771
95637381
88834826
69084184
51309855
102958759
66183870
32259064
102421553
53839469
52199454
56896475
5662469
40164911
81284988
87763085
64888208
20163977
8773957
5492396
112024733
36276260
58028592
33523895
45739949
90771773
6262093
12351154
60959269
68810547
89233994
91626217
44327526
98236068
2900314
19050791
13180834
24988030
105063240
45525078
60820628
12034543
100615116
30259385
87636703
61121011
78989128
72039441
20499244
84857698
72467433
91144467
3179940
79616820
27261802
33388794
29812504
49811546
35477161
94336682
37126650
3641555
101369531
37920364
97698862
102915914
26347552
92659386
76527402
93028697
57269963
30561243
36757840
39494105
63630258
28240891
53265396
6775059
12215637
41714778
94321386
105210614
63882664
82151147
62447945
102453886
110271634
60479451
25328525
44479234
105327152
111566287
30946323
11097246
11572812
5039476
26388512
58322485
35389423
45966159
56270856
30419487
79290986
21160578
111232339
69498828
28668883
11550617
37457302
32008652
102835744
12170239
42762669
86432408
96883142
1968493
77125361
78436029
67512300
26122238
26176540
106873535
99993475
25906846
97068735
78253957
94653683
92782354
2051628
4969936
91678802
47753907
31547149
22435787
5135324
112325350
44685154
9303859
33718503
25287063
101605984
16403335
40290727
53437805
9307047
18447113
59459823
51003122
52259488
85642395
51132393
269694
9804800
34383147
43613164
16930010
88845957
89683747
13747180
66657722
98426417
69243015
42618582
44225428
102754263
8475094
91250476
19398091
20057876
17315168
109999966
60811808
7096288
21843613
106337983
83307555
91191255
98821057
12514358
51989794
75837595
16749245
81660160
5518419
57897191
78933046
3182829
22188235
3900959
56864166
24039140
54200988
91492382
46787117
77978582
95999800
100777218
73935308
21758126
84249698
22862509
100799981
66833826
48792363
43012359
20160554
70793196
39201460
22983462
108125114
95333264
82962805
83855684
15370742
2335589
48352585
75032087
71322293
110509096
74703601
90375414
102255652
88582407
8136210
58369900
16686903
74241674
16527520
63716428
45961775
30059501
86430147
57787622
46673271
103002796
16454528
109537093
75028083
68871826
65024286
36913058
92606151
80627216
35503099
52698656
56016926
50203490
328486
93306879
20897072
98481195
94882833
43885752
84539132
46254537
54486009
77974105
40923528
111471648
89646282
100534154
95746231
108430980
53976723
62139808
27974713
72586332
44512807
38115025
101269305
96757071
1409959
39907494
37253918
110303239
65013799
75070048
41950046
14207292
11067675
89371321
26585691
48628295
2043372
19208656
17974638
55374361
100687824
52749375
28369046
106218931
59201060
46250052
80456267
106394021
17627001
102219689
96320657
72759365
36705066
61361810
72146782
16110349
99897325
74543871
68353193
50806507
76646001
64938726
265229
74799381
99971577
20020664
43297286
71672641
30880832
77585264
39648944
7112522
6191944
94478995
25762664
77810669
41266680
90596579
22716993
69871265
65514623
34958846
612583
33238345
86468115
109962911
72760786
61734446
110257871
3414466
50541278
14490249
89970779
92604566
44145724
40942565
101499833
78072022
32023697
36411939
84036949
57529949
93709859
53384905
65855944
47526085
55093676
83755415
25081956
100118147
69258682
44919906
60850732
15653302
85481189
37377298
112065041
69346320
11193168
108411250
25803688
70296713
95348155
61671842
103464734
91077331
8918868
77731522
106395074
99497377
55062081
43295673
104034006
58827402
110651230
94460530
22444129
79979158
27140362
105165680
51911044
53605380
84442347
36117063
28591890
16134869
26184129
3653791
43542631
53256456
25706724
89135476
79191980
4270824
65396603
38376840
97042258
34425121
22669441
75743029
107823372
8878308
57648073
9573476
36383273
43315700
79963796
42282079
28068114
98538612
20723332
15793981
37657118
80951107
9932933
24938099
84952238
97931303
102950697
79410785
86424477
21435900
36382502
53458768
32232195
43615111
15707399
33942858
38961749
26434762
18094956
110893525
84855035
26976002
54613309
106461195
15247586
93785185
21558746
24917761
73525123
64775855
18504677
12719019
108358870
37005260
46991032
18185082
11506825
81514797
55671912
45609338
1847333
5411020
50394998
110649338
4653361
101632638
15847902
53071854
53939727
3762583
56280216
103397470
24372044
73188125
84902449
102689826
32903691
81786521
19056713
60806104
81420615
93859417
90731616
90173788
25498435
77836236
87516799
90901117
92311092
62904521
7857969
3557996
757658
61122360
94801436
76585137
60336540
24728948
109151639
75545887
104394168
95452091
18495021
34042219
52928063
15759556
96276741
97101217
13009535
37557297
82434488
103606828
81004611
12895380
15300617
46957318
110528774
24612278
95686777
88753096
74790492
59095609
33760189
36532522
13429449
82716117
92437128
97150653
45338409
13699547
69694495
70351949
55167657
2735464
62769108
80830476
15393650
71363073
14666728
21762708
68912686
69539108
100949839
34047293
27370236
103048340
76274171
34419306
74825416
36591168
54992907
38257970
58309789
76047702
69099023
28638797
37377708
78737581
27456158
99990090
83535520
66959031
20226470
99340810
112345444
4049663
66163748
6274570
2450387
57487621
45816499
47509022
54812501
110261500
82776752
105310930
28222924
39683003
91786400
49211075
103285009
103948835
94162576
29670992
38669994
3005071
13826268
62391247
7845689
72857128
79763620
96554711
79617216
28820435
33177062
6354502
1599276
21319756
72818072
79944994
2675119
60558629
77092271
61861572
82038575
43093749
26168159
104015479
61401624
481194
80052128
73614017
65278841
103801134
28488353
101282376
107519383
53329141
94987628
23650979
5883540
63586814
63377648
85906343
27221159
24500935
45896430
46657912
18644636
24903072
2852723
65817177
90880054
33998522
48337042
90383097
106695755
25686964
36606980
100147608
47562354
101254624
45125664
89000094
108641752
100162842
6294748
96512032
60089229
31400814
85276961
32337198
49009284
51520342
40009913
105566877
5856299
33636987
43805189
77831089
46383019
93857830
17480135
496957
52306397
22650077
66419746
6548147
103128240
60355985
55021944
70922261
104972873
69966452
82705346
24773348
52717241
99897564
23878700
27752031
107395160
33756619
104687286
68446037
58307672
19016555
61761688
40385211
99613969
74950988
72994582
45886061
54195062
7473687
59080841
45758250
31881838
18707389
63886204
32205979
67743113
110059122
100576916
92843154
29892839
107811411
894648
24965210
104862405
102482082
48068375
51592752
87808948
85670731
6684349
30566090
44406216
99170700
92394258
53727907
33399555
65520895
111808850
8436811
87951849
40373452
94232047
12319488
75967906
78830712
56632693
87259960
92809911
5409133
91948506
4927629
2949006
23416195
101900464
65913282
14673134
74757645
44908403
69886487
53908144
19873649
63175461
103038309
78414774
26873363
66922687
24962744
102572676
71435398
39208394
88275990
89409175
28044964
68046796
101067947
98380801
63867188
107671455
87882282
2460127
81175939
28030795
49395724
8743061
39786448
33648508
69790277
20849501
25034753
19354654
63229835
66462505
36302098
48759251
53452030
36660688
107847290
110757980
26940315
94386223
23807058
20229193
100701229
42024164
16823237
6040121
10498519
61407061
26495515
72495116
65424404
85076507
100604348
28390845
63956413
18936946
21257384
50435623
82623296
83575878
95412557
27114213
13010475
12285039
65915590
67697680
9720373
13461067
86950921
19354750
6328623
106786524
3405956
107304736
31525644
67776177
91904607
63007033
8626286
66422638
84250769
37033559
21120094
94311030
19777090
13520790
61317280
50041507
80026696
68152711
70565402
95771146
86202253
57672796
2564666
52454523
93106759
3009251
19776072
105168027
28592423
11383888
87904509
47989780
15400129
80878612
71793520
25481969
91116265
96596357
57946173
2583367
29900098
7599303
45637379
82095584
58497724
5808198
104479734
96615550
94310459
12892606
93206480
33747729
89569667
111915416
32678451
582361
99420458
8392184
29907147
92962643
108343759
7025897
101199890
2561789
2405975
100200793
92539426
101176527
66696259
50346869
81949618
60164515
74105209
52472810
102619479
74242175
23857739
91587128
16052699
73206359
48326569
93651065
13712907
88987305
25138586
24286266
95678844
6457815
25052055
35524879
4406382
6065598
4619921
13642726
35025993
26233078
33504534
42192556
31870537
6531744
101245290
29476808
82548665
112223035
28615070
11032351
70833104
75655010
55904188
34761635
72137080
71699264
81156107
101786642
5952090
18680771
11877840
60153965
14695062
18986457
30904957
103123656
96043234
103390473
92498193
105193438
7006170
26972790
65950896
2393729
36343079
1665884
13505367
84159943
41389930
77963690
80131792
48715098
16161559
96564925
78609158
82710439
78390803
62475336
102552430
58158125
16629338
105251384
41892637
23931406
47946852
52518114
23269092
3493425
96384303
78169032
39242542
17256070
102989711
76928640
1531991
77186766
72635955
47901678
4028151
5318461
74445760
108570497
95109570
45811120
18174121
16133822
105161639
20232678
58489626
109661047
28909117
105057933
69948161
101734523
13305943
57097056
81137441
70103689
76610884
91771862
87539322
87317531
28367708
25802945
4292685
65990314
85802244
79961122
85815919
20461283
22568892
41278268
90396376
78975748
65653111
110301444
82647825
107860593
3967189
65791694
52356515
52178224
104395618
25494734
33240711
68205884
92846172
2009208
94924368
101653354
63404154
61736376
95668475
74737395
65004331
36691564
105178025
65340960
57392230
57181279
42424908
68596774
87985158
105098561
8971551
70152519
6617883
16856131
68147707
76792595
86399706
26861781
18937513
36189734
45008562
43875131
85641516
103552819
50965055
45831621
18628508
1310388
109092046
58976911
94563000
112023372
91659335
47996745
35559681
1439084
81556122
62329977
72268852
30476267
98480678
104475421
2004812
42185288
55460055
53929555
57855082
50209971
106856848
100066011
75551848
53815744
5553705
52453524
84924311
62298296
49099576
84655227
19107389
109428675
79677577
59209883
89107320
102863879
78800624
85589705
54173862
51079855
76209299
80153431
41115084
56295390
61658995
73078887
109333836
5250083
72076336
82792701
99661753
53041104
107155935
23098323
81251433
55615409
3353948
12912713
43190907
52030902
4977650
84901135
32964984
101817327
92769260
3517615
61333646
40364398
22024034
86380432
22608400
32557538
31138065
93039826
71965184
56408912
1002551
39184764
17948331
19035232
87996766
89207059
84149672
51540526
32388004
80982349
25068131
63683047
7935063
83293402
31709547
28163952
4775504
42090998
53127310
65048491
106497210
87313215
17755998
2110125
55242367
54572203
72952355
99732783
92037275
45424049
38460581
106970949
63547998
53744902
59889190
49099869
56819055
3167323
39116024
81064957
73047285
54134730
44617129
104774741
91161527
101978550
100040272
52087013
60597417
78174096
47292493
4670713
44714477
88187424
41517770
80513214
74894929
40171935
61272202
110069956
94236051
109719309
47081759
27091758
109285848
56721867
9983845
100757727
55123667
97341295
49091457
80632545
87976833
54998580
17378098
39074513
54024761
21866175
17438149
68570333
33459619
71465070
75512944
76561264
13292495
13989464
31884641
89828602
58295885
63912894
75631826
67144293
433461
102719893
17107912
21171749
14241828
37646180
64309899
86851123
9364462
106452877
75898076
48902319
973819
107871923
21636364
110458058
100766557
58333080
105417390
81901985
70816203
74167109
57320252
48467523
68053580
80331748
26840405
103511592
76123062
85271934
62680010
91621712
88478064
104465362
81865480
39750706
28281718
70217023
23596675
72822143
5762686
80386154
27265955
2875761
7105366
88306914
17684297
31508200
160505
43893910
24581733
22348680
18757158
101992134
21627118
76901988
4208686
53928471
53475211
96861350
9437499
83218278
22399861
48727358
76183643
24292086
28797660
67819576
77097965
55570522
45556188
2886925
85924416
63962670
110195094
87957167
88146409
98794017
19570096
90171826
25136752
34949600
13365191
54215170
97783448
80058647
23426777
19707336
57134601
95260563
87105118
73070142
7034634
10751404
32573327
8364067
59554121
98230767
22263387
86854669
94649736
106597148
5051832
110327250
100819891
24044705
81030700
110334584
73657265
96980496
89450263
95925211
49526153
45666545
43432022
90719740
35567675
53169843
44962219
109068089
88225929
88997342
53140444
11314196
63557284
59346189
111104310
97703082
3581031
40669869
81802837
109326115
5777256
93367127
29296550
3128936
75391070
96410204
20884320
102735684
60097972
56427347
52493189
83810043
10098870
102622180
45757521
51503215
77303915
80968507
68571274
89555362
38083687
6437883
12569887
90857832
55765158
70434440
15900244
19258546
47536242
100795711
80029565
15291949
30619686
57889976
94604617
97659016
48955861
89460603
50242495
88647930
46328477
74874639
38052522
83599284
37961893
89792644
107935571
100108554
55528448
62133391
76985475
72229485
63032726
67139076
74957587
36506612
35541827
27464534
64232611
32244293
82819653
34783218
45690962
57964300
8934114
5144014
47416521
72667932
43132125
100371486
50595408
75089194
36912745
73263508
100667343
50213340
34264195
45802180
35766708
108302593
11744293
22490027
109631899
39169743
44240878
47493053
97277631
3297534
69648511
42093022
111556961
24855353
25849103
40546948
10547779
61269812
74371889
72048665
34716153
80402932
63458740
89691901
99425480
111703035
38999312
54865163
27090260
50965232
46701515
25920310
111030695
84934551
90609150
74782475
54252113
40943343
102848172
67828238
16744203
44793158
28887547
83653642
26951202
76939292
78535059
63502744
39197287
6612586
8589924
57384253
105981082
76759335
63336217
44560317
97256404
677709
20807277
13813579
64938167
74126965
47671160
48891849
43326066
62309436
96937933
111427505
36842769
58055014
51584319
58094191
30485584
64308256
5118582
75808459
50385634
84566102
54912820
94173035
12991505
56834219
6691665
61420765
91862932
75302137
36396669
96086453
48099542
71683941
78502420
16046318
43444528
97721725
76957546
44258562
38110296
38882919
72486815
91108578
27569429
112279693
52975609
67037126
13922622
45556110
33539268
68572600
71574597
110438601
100124999
76574370
77331288
56393157
37667725
8420107
27202595
77072728
17584033
32053224
28239413
93140695
64092402
111545967
72255058
38074627
96775377
59361718
23957118
72567122
50776598
85535933
98357071
7419499
46141487
57710023
98985142
35460667
93451231
7643856
33107313
56375470
38906645
81554810
29190562
72954997
3479703
107509372
61476944
36803339
92964451
41697076
33529266
26017775
14770590
25536969
26761137
24208254
8585120
50781186
99213681
43357099
39394445
53290677
33437986
10680820
89262422
91341286
14996983
37075760
81097212
76556133
27184908
90955277
90718736
46684820
24121682
79036365
14544920
19779867
15917702
66946676
26926486
20635926
11900267
3205964
16951849
88339952
49998203
77588021
11386741
45923003
22562742
41357254
89031885
54456701
108043837
52186661
22887702
50800851
22534481
102501936
110841027
105503717
79477224
11682371
32139900
4341815
75762292
72601874
5497010
107641777
67690038
36364151
3684077
35920316
65567762
51723828
76953211
16718829
67668908
95033116
81894748
80466041
58317047
49488853
44212628
57242986
29652180
32745767
64963454
42034394
35668341
111802285
73363817
75135409
48280080
84541655
11488434
80480516
17555465
81492860
103957700
31769722
95800019
76963878
83970735
61492562
96414921
106923724
59827711
112206497
49359698
32405895
36253413
1074061
19836673
24110489
4923160
261415
109437427
78164799
81030577
85536562
63522205
1465791
76290604
80159565
79629819
42355575
101526446
98145744
110696471
39637450
72802617
34307457
92908958
89407011
14308480
109212054
70207655
27421816
75953083
48285637
25212851
24786553
108510901
19575258
27033063
39118362
44234467
36544494
27286223
79564786
9245958
95722641
46839602
33935029
103636749
93844075
44019105
61888995
25343127
76389014
71732122
108399235
32642606
96056905
31842985
99246665
45902599
21922017
14852594
51166530
52134737
5637593
10397119
82036168
100344420
3132197
24475767
77029682
27298536
43923583
45368813
100314559
4729521
65355527
102275925
54391382
68500948
92633721
2800502
41947522
43746408
88035217
76556250
58399571
50154306
9920968
97037700
7379698
82147281
9215001
53413040
95102198
17653173
7264921
57560401
35958367
88193662
92912185
31660868
51987607
51837691
92373287
110398635
62698139
9498208
22285833
51590880
39197055
48887313
27125286
77751273
110350467
37880911
79278911
73721872
55418237
40133687
87822699
66326658
112048713
4205456
46148119
37541797
94054807
44074889
77008217
4297499
48849683
53718122
64291211
53948973
101499553
95518707
100756431
23750888
82661154
85758521
24465594
73805783
50896847
1888003
11115991
49272224
94822675
39145223
98259174
1735207
53088604
96260871
20178539
74506915
22510650
14716858
72893581
89757308
107585207
35933723
65009917
7544339
64578570
81132505
78196172
90392293
12857553
14997910
111645295
21499000
47505303
35221219
62689792
14268252
19425329
96974397
63373051
105731097
98416620
14641931
93916669
103585319
73750221
18105310
1613334
45113343
32135281
49603487
37391019
324496
83715154
96237413
54351796
99189907
80918581
63198262
103750628
103718553
92496237
76424076
83812838
45880680
15795890
90719024
63255202
38697862
110917778
61374748
11814428
7474930
53251711
88454988
101971985
41280506
110973658
64369848
20365953
31810785
78248334
53513607
70976329
109528877
27962461
103513535
107799280
89560028
95705655
27326552
32549344
46615557
73271814
105453815
94985479
89458029
104804876
14524082
26883434
103442848
8123037
48363070
17862946
11971205
89841330
37602137
33558182
79162873
111125144
91855976
85838086
93723087
25551145
92466424
1729597
50762434
7807879
93116357
69654313
49090098
79058367
39455530
76633708
96173786
13292568
80461396
75218224
14005656
6401045
103523994
85579902
108511833
70881740
105264439
103416652
23322086
51480623
54062207
105684788
17402057
66304830
6015290
91993490
87148712
84658545
33616870
106111750
71077782
14057989
30198783
97460020
107888211
38806591
108532312
33599190
111646912
86703980
84054231
40785755
10249213
32642253
105319093
17738809
60203283
53783816
49354445
29997299
34078566
401006
112313126
50412197
91516119
33716746
58376620
106040592
13580763
32202509
88556596
98621391
31173408
103752193
101287709
74289021
52163308
34471961
61904960
70861157
76454766
64055607
60470291
5154033
97442600
51535277
80744365
30205983
19705250
61597068
42687803
108669999
33888517
78596380
104395578
110479157
32779612
38817739
17483996
39963001
1029101
109808032
9977311
69244388
64232514
66815747
25027690
93662152
83020825
10492982
23034495
71300733
78973007
21578643
49413297
79880246
31830027
19147297
161809
36038881
40352180
76451424
4274421
35769361
58460396
65577838
105638790
5460240
50432267
32679593
29985690
44144714
45575518
68165194
56860327
95573992
96154923
27178337
70627657
11720091
56523604
1455852
34531065
11736390
102108616
30266000
79718436
8434775
103798747
36070386
31764460
4582819
30634656
63700212
55134201
65643785
27789200
72959196
87834551
6287552
99464076
86824126
112288017
75005156
84370271
42325619
24946335
97078461
95658362
69171805
102192656
44787214
24350865
4265065
44377955
93673841
51470882
43648050
101673945
111859557
18079359
93067877
74452248
89994501
35911012
94535005
90169235
34145277
98498750
13654054
6359536
24458919
2453854
82606027
62702450
112295440
71670886
68134531
7529433
50871148
57464568
97927591
13052888
55680654
77797812
729905
104359896
64614955
38212320
21249697
37407309
53088488
57156865
92277243
12468894
1765735
108396256
76515181
40429370
86683460
11200199
36113509
86760099
15162044
23578770
106927920
5049635
20799738
23313591
21961843
50461889
14427543
32773408
12322983
63680759
25826486
87521215
95753828
27207645
110127462
76452832
70133696
53263222
68034759
108884617
48313714
86339995
34356425
65314982
4315860
12566990
8681784
25178368
92192179
22756038
2779032
96257958
95447793
95341478
21529677
1832064
38138906
63106785
6946921
49805398
92930560
11262470
102397383
19300996
82077579
69507868
21061702
86252708
4949508
106698394
74528192
95358733
94667763
21789435
69276826
91497493
45378440
98285747
35042965
108294222
52311875
19797554
87371909
106259358
69846201
70782893
107245143
977137
95179854
8328080
72411645
73629564
54188520
32889514
10882923
108184872
64558360
39366937
11724516
34594405
12030631
52738757
26081906
3170270
101414624
95994709
69098156
49444219
58617501
15245411
33565942
58412518
74954983
16589016
111374215
81512692
87963040
111560692
53569122
34193919
66499561
39522130
75390270
58363649
93334784
96519615
109103985
42607583
27336306
71345759
8512499
21503989
76327763
55090827
59075744
51970405
50020836
66496374
28521906
204983
65294057
16976926
72041932
6085920
53629606
112173524
40587199
66412750
45061131
14046992
71163649
20779540
71190976
103874285
61619665
63370830
69183309
37758225
34095084
5832317
7661625
78425301
87431875
24357357
5069991
104939370
36092128
62459482
13845946
24188609
40523052
59208137
88350950
84872038
90502351
99576857
67112393
26540207
107609101
36925219
67859646
92292994
71519876
7820146
34690976
23861440
29275745
75994621
42740229
68029784
43404071
108307898
85998939
94852506
100625230
67614139
103737053
24547148
21936430
66997809
48197660
80654644
93709416
101134094
17759644
63962144
104327756
42830803
71040562
27959736
77765344
60039500
70245647
47658436
90904401
83699985
106124841
86249591
32590549
46792332
107034474
73555195
7682668
18384800
103475453
88721710
58321338
49382873
88709489
53641787
85648394
59423567
75538628
29747272
9449966
99932471
5565211
89011649
77425459
11001062
70074089
42750537
81495099
111549292
66537225
17298439
51109435
59332509
91575118
84038984
39109664
101293303
82439743
43964587
85067092
66736209
12221
4679551
76094480
29285922
103106788
68544750
62617229
87966158
36825690
32798318
35150641
106924150
18937560
47318551
54509592
83528427
101216942
76840289
60439857
7204716
50726951
92074081
20222845
2925444
14242870
7788705
28869839
15703533
43952366
80387541
3285358
95729928
13932763
20193358
91672323
27784259
31719060
29818911
65459146
54905170
26504387
475719
52414557
60412763
58461609
102672933
23088570
94012226
26113338
93369405
99341872
60445136
77831211
25077768
99059234
110899337
76196340
60842299
25061804
73226068
79098407
95452001
16701234
111152134
100834299
61853411
74685114
89173890
15958153
77627056
2490613
78451625
54374110
74745254
37324193
89453013
76559594
54722794
7313983
90671832
15538194
86907732
86389531
91935504
61241429
38216935
85837533
15613901
94103893
41969804
69168462
80306274
106977702
67207824
36467019
24304038
45895258
9701687
86683277
49866529
23252945
52748988
41127432
89924727
10829289
107605028
82139029
110891392
39184600
45409881
16925930
48606320
25666303
48172596
6097970
58271157
56473043
43867729
71449068
26441248
59995731
1960638
56482883
95317293
21312566
26765332
49980761
108388729
111452372
46577918
21382726
58331848
41919699
58526033
7785698
24941527
81064057
49372777
93965462
102938281
19743578
93756964
55151978
92398775
104059553
74590242
111825719
42675424
108875628
69488430
94961994
77038439
105651702
29717551
57980161
25283837
40316590
3402843
99649632
53120524
4658218
75216694
63189779
29621801
102465606
70772921
43336066
90485776
29629199
12852127
60429932
52348432
102057411
105565366
105576686
61384129
78074615
42337289
72717060
44480818
88840357
65244443
31701907
80367865
101760962
54577317
37994206
112199696
111104626
37076567
2574374
100040047
97754717
104776858
111289365
11979830
53787351
30483939
42699473
102284397
23154716
79868195
71775376
53316911
27490751
63239397
101027070
33593797
78500561
7472617
25422540
8472492
88487110
89484590
42373658
2204895
68476321
13561268
109625322
23708208
51681850
10157516
101110682
98418516
63633136
80805426
81640357
63862955
7329222
87834908
30509021
94841435
52377444
8535978
64649842
106256955
97098837
93554453
20814886
70028069
43989136
48297950
91102464
86282215
33651898
28812390
4939574
44768113
86883048
112111434
34957526
65623335
71528010
32948885
16778159
112130182
86119833
6449078
33353934
37491417
35457464
21973042
30191592
58480489
36440771
83455390
98085698
27070768
49565316
84876936
103929235
82710551
27289681
62290074
81342640
101243785
66932972
17831770
22454216
21259713
40583424
14652270
61488805
71757828
59189053
10329080
78776248
61272044
83351615
11380891
7299825
101980604
110535901
59096203
85398421
9370003
46533703
13208762
48145163
91858395
70230884
41639161
1367911
38405897
8000731
76154499
91433198
45673259
89608346
7801945
84774538
93829226
67823218
51159724
5625209
10560637
39337466
67395357
66615848
106374641
25848620
60563623
16582183
1449525
25206129
84833288
73584841
67035309
67981508
19149631
90490484
31824987
33638430
50217041
71976328
87331102
111549783
83631253
73258722
8422749
64982357
33614813
100847646
69906210
11822258
50589853
68948419
57966455
54190365
6052225
89792457
37042724
35357494
56752525
40224685
70530821
16851780
67078839
101548455
36156521
97871202
52917071
72208659
71310958
51027259
100705076
14072380
103127033
31292525
39643908
32578733
7719776
34436184
62901422
957791
78859433
108759488
62896193
80533998
29791270
95698361
33039932
109178040
77186674
39900745
85505846
93985996
105698889
94211267
48631383
76307862
39203873
1889812
83863584
57238578
72903856
82056180
86788472
83191929
36216378
17851353
94680941
6761985
80580380
66501934
63065227
110685436
78968218
92201462
47494066
32973231
31155316
105499187
36315822
95560679
59205486
103654580
57998241
29391026
67651023
46741571
5087907
94325296
53989586
14451032
82810106
102071928
58483431
81580748
1154616
29454393
62274603
28179007
68700387
82254945
99893717
95867395
63191369
45994986
61046145
54354880
9301038
47954638
46293701
45021243
50206066
42458089
48647185
11256670
24303119
85685728
5395614
102996876
24158818
64277659
80971231
13872987
1200939
29029038
19306145
85335610
85757635
92379658
40645290
97836622
31707205
66542360
34821250
8836489
49337577
25735136
20704808
76639795
10392201
3835612
9017687
38949396
18154970
75321458
18504684
46309873
74170539
53477956
34669274
10285831
63076719
51942192
106926843
28225330
55631404
51930116
57333949
564642
73316082
99106560
63015372
22870715
17204782
9086114
775310
85057783
27986564
16869196
80265737
83802805
110684272
46056230
33088341
96848727
13794548
77386729
11640599
76528337
102761238
107730711
15718988
34851389
8954417
67640356
95895011
67710390
90974035
70587389
49909271
50445367
81901778
53929258
34739034
57150629
106103180
108909744
4792045
56543759
18544925
46853136
50714464
13835545
44905311
80705242
97851757
62269841
86985492
28913517
60809348
80553477
111419923
73082262
51316379
53604028
89026322
37951250
17801119
53172297
101045612
108340014
28349962
37394777
72829708
38189290
52358584
62203049
90364819
82942539
5829295
17353009
14591454
95012852
40987418
107639100
6363379
68938239
1460492
19075643
42497224
370715
29237098
57815895
96415941
26008758
48446538
48497654
49265639
21821105
24822335
76294464
48153935
102520672
97396194
10626658
72828101
94419675
56373754
73011810
68351084
35820072
101369221
19312355
88649473
84409179
106178607
112291365
39084644
13733406
2482174
109684959
16314774
3228340
9369357
47918287
101746749
26625432
23675319
97974805
86027171
47305292
91258270
50170906
29692571
15620148
79256534
112176291
26068590
20553682
96646219
49038729
72174229
16960041
38137378
101361738
57968164
92445201
10092819
54403314
109778633
111613835
100315602
93400117
26485221
95103925
24242968
3771944
65601891
101373656
6716534
48499894
17612721
88281751
83274373
42519910
101911559
58702852
28173701
89389862
73383083
79686178
23544980
83172492
83995507
58052178
103912548
16208479
95026569
10838984
66447713
29022145
97772243
17855306
69157148
22713277
42145663
47872942
9699038
17101997
83760935
30794784
90229151
100096441
111373822
24571521
26989838
12521696
110323399
60847524
78488511
102570592
108050672
77852803
104263574
80430657
88029239
105717192
62120767
78648053
38070371
61236036
84868626
75058966
88069644
21284206
13014238
25043665
76472007
103907884
51876476
108668124
44424592
65657630
85750232
98852125
39251752
78502315
59036815
7752807
77800482
635708
10950647
40263644
2467193
110906382
18309890
22024815
80290450
13528360
106139427
75371405
85526393
63584420
62044728
63025978
57172200
34109984
98170819
92807513
72126920
98578847
22917892
57932468
39049507
19891546
39815310
31498945
13345462
71044735
9445789
50180467
10812144
12404265
21953754
105446008
43259561
17425159
28245388
4919045
53005597
55198636
13326677
22500414
6412220
40578372
89858789
89368317
86986694
111951972
69889620
14194452
72172969
15669975
30760786
20194191
6546084
93774205
22053156
88168625
60232591
109401524
28226713
17726137
81504705
17172224
77200619
50984145
89423192
98050382
4235996
30505182
48786416
97751935
57645255
42047533
65951679
90266818
19478696
85435870
52422632
54219645
95793667
64622407
9123891
61990211
110501036
43381089
33541614
25011632
59941912
55150082
27896819
23698118
52885519
43164189
40109033
104153867
46748148
58918009
49263965
31487691
85219928
19382512
31800255
92382067
22568836
105519439
50487815
77619052
102002204
100160225
45095753
46447084
66481372
90746432
28448597
85489403
108442807
103395161
109474814
36243794
2264563
109736259
95949086
61091652
9059670
93551024
67533531
27904086
98701711
29881453
12331065
105197862
109173677
38640817
54537881
57309785
3517234
62687590
32523299
68198749
33678853
79352951
17998487
105995599
94663626
50057066
101018219
72199013
1414226
12382184
65298338
53532912
960217
2398061
6201750
93515585
7492942
50295707
28216650
105863849
33067777
86050248
63303610
51863892
47767212
4493919
24786486
60322115
29008737
78173978
50200262
52686884
109692954
92945051
4977380
22464613
48642840
88636035
19544304
72884944
24065595
62900276
47331161
19804633
7548748
68266044
65298935
13989094
17227930
67170031
55203868
93563886
50926665
58809691
27077406
99805097
100488812
71616138
10121853
88681854
93484653
69615212
47709504
87228341
44302211
41344975
2920309
100761526
64570439
81647657
25553782
4260962
55351528
104068747
66865699
105919655
63681743
10772532
83788856
36024045
16243366
108754178
66486480
63481569
83324509
80464898
89683244
11806957
103135114
65510271
40972350
6256312
25313001
19008158
84308031
68544315
89134536
46276282
87851372
60309477
26296129
46488665
62398892
74435503
40387003
56093167
34774428
27657698
7172795
87394679
94541195
77765427
25429669
111025212
86158326
84161180
89689784
36816601
95838237
96878802
40197270
21964192
46951911
81772316
42233622
38031749
93052943
28825059
19980153
54006336
10554214
76864255
6101662
6305725
39661075
25372934
61564000
72383379
45476504
41767369
61965010
95875984
103967102
66272118
21335427
49341724
100682944
5454611
9262960
73874044
49926891
70784955
104734200
8920161
1363001
13408563
18051596
51690236
30914474
68119527
60548303
16892117
49846809
93088729
57101726
79637697
92256430
19796631
10418369
74604150
62803897
108052892
87184185
54625377
90592804
28524445
52722393
39452529
67887721
63481634
94143474
41006729
82065583
