#N=7600
15168257
17043309
35452416
48663848
3436034
27091917
7327814
26517028
52806910
495602
7741908
23592703
23983082
28142094
37333144
20247386
26095588
48540413
7030865
43820973
2743451
41760126
29593044
20039100
19435198
29429060
53288933
46427540
52239954
38835675
47247769
34628020
23970886
8360499
41336034
45042618
42408618
17195822
18775120
29214207
34272521
37359815
54383171
14099307
2046506
46552732
13216521
40034615
56160572
33394351
24591540
40464352
32688539
10527594
24510168
30767658
45312718
24816868
9543382
17611933
14864789
38887270
51051987
47051880
23711882
34503823
26267498
23558022
40683302
39175306
32591036
20173214
45676920
7830439
11246397
30135502
755770
47945782
25806686
26059831
705811
24427557
15954184
12284492
33338488
10056910
31587887
27700785
20315690
28416113
24319947
25572910
25538999
26911775
31147993
153859
51580521
44852193
48726987
30873699
3861997
35124208
19290428
15541417
7074669
21060616
14692427
42819551
47239970
1379129
10105646
56544931
1452680
5897274
48820216
5637703
104831
3171774
13744448
52502780
13240725
7771783
4788528
25385139
33091254
54419412
19550484
31070433
40990196
23966390
11583271
56444191
28049539
55989813
11212601
32378729
41944257
13313298
32713905
1058650
10290060
4208372
18088326
53574978
16156053
45648442
49653255
5362052
294660
5972665
317862
45615586
32440530
8129117
16198266
12384432
23792827
5947705
29850772
42306005
53676852
13353459
55595201
53430810
24409166
55659303
57424825
40885607
3023238
38869143
51093936
14475083
45812320
30199885
3921722
21157612
45353781
54044201
15407801
22802686
41655747
49948745
39780931
30419708
52459902
10250560
50657272
39246822
10030854
16497313
54834416
246041
46704294
57695899
53765986
51647171
5239675
28919293
155282
46308156
50816824
20894051
10553360
35018318
52969715
18001133
5749811
32914706
12388454
23219056
40781755
11236038
7852454
29530371
47886048
23576691
10583317
34159959
42172407
9784813
27553020
7502128
4240056
5420734
5059834
24846693
4095498
16691519
46226080
37021232
35754796
15798506
36047947
2915838
39632118
20055009
5612678
40290756
2496562
11516027
25730213
21614995
31473602
52399375
29310665
24089700
39164284
798504
6606939
34670279
5544756
32495897
12805905
37153364
11688846
46128315
46744224
24834267
38696724
40791185
973285
43202568
33926389
26356549
55063161
57101363
27922058
4460262
24924153
38641567
37802426
41454450
2667941
17747512
13235090
28512161
17482761
4494005
53013748
31871043
32227985
36515004
31170661
34801201
772751
44614580
7431591
5953039
23860982
5857767
6864796
42740347
56263019
44948638
8798102
50602898
42540820
47040491
24417837
41229704
46337237
30418524
28219360
31915781
264751
19104696
33258413
43371719
40389631
26862355
11063992
7790395
35742253
44316082
27369610
5183323
20753598
11937435
56848243
38880635
7354748
30039770
44305856
5660121
12771428
19517612
26185061
1311116
703254
4362924
23373955
14421455
40517384
19478274
9020979
14653032
36475066
16759669
42671338
32599236
1483713
24507911
38180785
40922541
33926094
15432175
6095080
39632964
4582686
37172084
4938390
12058238
17268342
35151855
47598672
21823923
18814357
32185748
35697162
54405411
31969151
3895680
15764087
25864352
40763209
50021311
40105306
3875829
25639566
18163426
4782062
18321173
945428
22748610
45191071
52053131
21213100
26682997
45058184
2888059
30267353
27546536
22219567
5808030
16337497
15412924
43886761
32532558
10580207
42165093
38641323
16468410
20892472
23502777
43519046
36887380
34745355
32305491
9457378
7318393
27581609
39793453
41253714
17015908
11899121
18508074
6994947
18325041
6779255
17511648
38428492
24459323
21572650
17170254
30044880
51928551
15196327
1721668
51651236
4475408
21272621
15138546
30709365
52128704
56881034
21577166
27430001
27426962
15087492
37787537
34188291
10565701
27894332
22745640
10020961
51334081
22092429
47243300
48020160
40079933
6302609
31621849
52174443
27404100
1973927
28323212
277315
21084530
48572659
36512690
31526044
37267529
26381124
19495809
24698702
29454071
6489674
6075
3602282
4521791
20256816
11442651
544739
34320252
653210
30901273
13677531
39772497
51304302
16398311
56029102
36658510
29647922
34214842
37490396
49013008
37510553
21524626
47318487
21668741
20495177
12030234
12568826
54687053
23369746
35056238
25851789
12331493
37509259
2523242
3977052
43696565
10789440
37767078
31006331
18640714
37356972
55039221
51867007
14645792
44510390
21814259
9531725
48758525
54464290
15965770
1694521
26205423
11393060
45651864
9099915
23568124
56784100
45636200
39198875
11038253
55306980
33692157
8354441
4176305
49493803
34333586
12690234
2512337
410105
33727111
24533708
33074791
10528830
40416358
5114067
6115476
35473581
3929566
47064004
28258867
14936321
24166269
17105508
45584936
46627765
21223716
52492861
45745847
692831
5506718
13047422
51130675
52321966
42144467
1849682
57345077
33923480
36723123
35738629
35458926
33561892
52240962
27960724
4413354
4942777
11548112
27175083
7214714
57116857
22897735
21516970
37474996
45662116
53641793
50852076
881918
30894496
57349754
43062035
17685768
21308363
39026567
1884603
5340500
8220987
22886559
21606447
8828165
13524842
41257668
7498201
29148537
57661796
16412612
45361883
8091673
22554867
14640959
53821356
30005471
45359231
25635178
44382921
44780198
33110908
3865933
25943494
13208728
36041390
14399079
15801165
26331474
30805580
36758044
41494054
57152822
9361717
48472391
1329964
52499917
41355873
48845590
41546655
2173732
4221356
30720924
12030318
2913006
37405339
28186178
43382551
579033
50284271
50880598
18836703
19902180
25584544
21908026
55167564
9709916
41353500
36803121
52961032
41776369
37759938
50781664
55822858
24985412
7116517
20607986
10953261
49545752
54987844
10825731
47903415
11671961
3679195
41604140
27654067
36826306
46025519
50261954
39502331
30382091
35659665
7292288
32858228
15874627
48678137
18364442
24872496
57337132
9406794
2179368
43713512
12774526
54028757
45578483
14032150
25694377
33743753
127530
1642336
43315883
17510147
6299275
52141506
24612890
5942232
35152114
55083976
15643428
24965899
42573653
7887474
19785038
26737763
14493785
1365742
49101006
19321259
33056739
23987231
54392268
16274222
8498639
9105987
38697991
22198341
13904620
24052041
48187871
50740995
5706672
1537988
50657257
357043
16989392
27288915
662414
20549825
22873933
7755954
5180861
15835890
3757299
28782907
45760368
52932527
26069003
35477386
22688992
27146128
25852202
55649892
35336232
44060299
52961367
25009561
42134082
31287237
18345368
46649882
10447348
5349629
52672208
23368342
10058239
6803177
14778593
50666461
15368964
17401654
14362266
44521566
38199134
8584773
2713903
10282982
40607146
9286486
9625184
35162711
49569896
39551904
2688525
20690282
12289828
32037741
6664192
53244200
31203500
23359350
51737675
44839007
53051391
56232642
18953360
27515390
49194214
7740550
36304195
28607398
36962521
5777492
52171274
27916152
36101239
51187418
657798
5444434
27840202
38196892
32474186
28879614
27262075
28410785
24389701
16805629
11197852
41064843
11870136
44124493
38431571
5868644
36249258
25536000
7038427
21576421
48971196
20586816
28538030
40890313
44559736
9046369
37799865
983856
27258354
30656805
33710827
30584518
30730249
9324199
21298427
14427012
4489913
10456446
27576544
41084858
15299103
35196970
12996883
6001492
7875235
12895570
56590217
25036448
34324805
54575223
50798392
18444494
33787080
29855272
3090448
53939491
39548016
7143060
25033030
7037447
57686557
34750239
19649701
26666847
4834286
10841981
54974080
21165055
5520954
50139574
38451586
9297611
27321735
10464924
17534887
50962398
36330766
12378605
42361668
15880311
20788143
20943120
25717656
47971201
48067257
6310999
28906461
42874180
7216504
646402
55511357
41383320
40279564
8807720
39816379
41429231
5321027
4834506
50837081
53983344
33181450
38350273
2126335
34119338
31894158
5156282
18964341
20450455
1954073
21418548
526265
40940554
40999475
19406657
19064739
5193077
9458106
38623670
55486434
33956795
28490450
46703637
1566941
56610333
13850304
45345484
955761
19461295
29413057
12486808
51857009
56822113
16819725
54730054
25518608
11443703
13565820
55305793
19924190
18773520
38179074
49243220
21875814
35806398
9948550
38201070
17830254
43624923
20496831
8782797
32389854
29640117
43216943
24345069
8258182
52149010
15932427
46228953
25364287
40714556
6030694
7490566
31303505
5376022
41164234
27972815
49279514
52552301
27490330
38804581
7261316
2372676
39294670
51798356
28339754
34447239
28067849
19411068
21598680
1220325
33689466
8044784
21381935
48827934
8412642
30152841
37148334
43341483
40198259
28237332
9411051
11018282
24086333
3330689
13856509
46371934
10846096
20838543
55654595
25117653
57269912
13222961
42156534
4847430
34094118
19292297
23212170
37211135
43481603
13553895
37598391
42621533
9995753
48989095
22043210
33194771
318192
8911002
44294043
39543588
14514610
6080361
7525384
35474400
2848204
50777967
1080949
53852055
21328632
52795245
51084731
5026092
47252455
33227847
49758872
54642983
33570695
20021886
57372745
11223681
13921753
46369297
20578322
34560982
1274512
13132208
57024340
18534605
4760003
38213681
42381815
47163822
13595768
14507418
44757061
17119761
39812946
6045705
2767323
26666151
5542790
28220495
13027221
50369472
57417153
29736986
7633849
22347014
16463743
11003448
48405359
37120772
55458395
7446114
45660254
40499908
18735815
18810659
44276402
25719793
34981524
38238008
12770371
6839618
42818084
38711356
14352437
13146795
10866525
42670440
13638930
12933319
28563343
41050236
53099234
45433749
23636853
54390401
31701656
37102972
23668665
40959245
1824129
14958487
56833911
26849595
6587116
3379633
51952747
16402005
12949422
38505516
53179925
31819016
2850792
29671289
38208442
29441998
57267866
55693207
24470708
40712306
27957696
51253205
27776993
56468834
13732093
54657493
41085347
48502412
45642454
19073788
52248946
32734535
8371371
6057888
43020460
47945112
48190212
23810841
20982081
49254018
35654724
33872247
3974185
31168795
40527035
40275235
15334900
26919171
38099122
30977504
12935312
39612474
47884723
30879501
25747097
22989682
9015038
22011559
6617077
23271530
10702417
46191058
47474076
18186260
25991288
29573229
37326641
9299805
45916118
55233446
45279833
14849540
3708823
31822561
26197505
13607864
12539724
42117397
13983858
56246648
51216393
39815812
24228988
24895040
32228074
3735538
16372605
53867120
11309141
18186020
33557455
50276158
30563381
28264457
48983230
16691483
51780723
39853196
32143584
31066577
4128233
13457271
56775647
47860960
19282837
52203720
57384006
14053077
48661005
31928047
42381271
36684963
17951349
20493449
8522435
46484566
50186398
8550196
20309664
18792984
45382640
15656609
11656539
24235509
44607346
19493645
52671511
20714146
46088573
18686312
42414542
14027274
4538045
4571927
48236954
15593371
3542714
35819570
29431806
11976042
13976698
32251433
28162528
39590395
38430663
10335849
26174901
31393414
20927557
4653055
17500056
31510742
39172875
49922894
29323999
23893200
31165073
44348809
36059604
42424910
14148267
37842615
23550321
46704675
11392823
22780995
43921565
49326673
21842871
7543984
51937125
42509915
4184380
28190290
13415493
7037249
47168293
21521846
24256969
57540427
33603792
25337162
12550354
15279675
29121432
42735190
55957207
46500164
30200542
55976990
29238200
35567203
36813403
769325
13146721
19826151
11301735
36377581
7753159
37092957
13723215
23746835
29094422
54907132
49145609
2257258
50903892
47387866
56041665
56679807
55353684
18324117
6579341
27575164
17082468
40381269
12534648
10343828
27625575
4996950
19163587
28468874
22420482
16987252
47227591
44892752
22436603
31968779
22654366
52129935
18362146
26939695
42724838
37200774
14366850
1757742
3975594
51984086
2397793
37717548
2704076
27778520
1241649
23958072
15040516
17102251
12755694
17901309
48940242
56916701
50700079
12539946
49364895
45651342
4914260
15258812
22238386
38430279
23970244
6078282
9405097
49284983
12572844
40967096
33225180
20142765
57119950
34381658
1883619
32379274
36475899
36506005
23101614
52263010
11202378
7502818
36285620
23962605
35324841
46763907
17915417
5048737
7625686
34106082
33776567
34607592
1652179
16160104
29025182
42808872
3869048
36561613
16059803
50190080
41607146
56603523
28622757
24740676
55665760
23137615
19641270
52336501
35667238
25962407
15977389
55363385
40301589
57645325
6047187
30276104
39138221
51932947
39395781
41141705
32453903
17616463
15946021
26966919
22654666
2827180
26749069
11438969
52714467
27579891
31930934
27230081
11301374
5485141
5099406
13692870
55593989
4042474
36359111
38063854
43420819
26455676
1919807
10025484
18507103
11874241
48640324
8360127
29842655
32142929
25195684
15850595
5325408
23482451
10581460
11215697
7872714
9532789
37268036
35847997
26642128
36809403
22130675
55368505
7651153
11420542
35093759
27893746
18381656
20267046
46507657
33395334
18312184
47805567
29508772
10146976
50155198
16497395
40924443
24355671
37181132
12076844
5269134
51869712
15609737
11412282
42071272
40148328
40650662
10822244
13717322
29033623
39521861
10710132
20274746
47881018
50798887
25190324
39146090
42746323
1954862
56462091
14250173
8165207
8013979
23374988
37346145
25799527
47439875
28847599
19086536
53435032
6830717
4220463
9798439
33221410
28521621
41612639
26431006
21980649
29060383
3007190
19122488
49400844
28034857
52844422
8734928
8052564
23235462
40443999
38859761
4153265
1051722
1238795
38942674
39974453
33695114
8498545
17076602
4368454
32380493
14866073
43636592
31369308
43822453
36309412
6790404
6540972
12552256
33787427
13221772
47783151
43095944
24038067
51029526
19982293
29608960
36414541
26952804
29445808
49755888
47984576
33334203
18837270
25303682
40807740
33261462
39690271
33878053
2210528
28855473
1011184
39167232
7327180
24578904
37281481
34120767
41126589
3682811
32892716
48451483
46943706
7117236
23113651
52189108
14614985
50789490
10526763
44418653
47091839
53871606
30918618
33044505
2890074
53699420
53737022
6929686
31050933
10834798
32866869
31166908
21528293
34192281
1885750
41330025
51575927
43962281
11591661
3038716
14499106
36139091
35701443
5118209
50262251
30084161
52025956
38319944
14061262
14415158
23863646
24410945
3585142
45342810
37067484
53720388
22648486
42902224
42186429
10247636
57430117
56434589
29281158
48321879
50739965
26047081
29738364
48537211
29463175
33212571
25097274
19744508
54000452
5617282
21215865
11942307
16022899
37610798
24819909
13928
21193627
36280836
45103462
7624754
33057935
4528870
21897570
12400850
53595719
43511841
49090090
9108237
5694623
3234077
18583515
2202754
54343906
54285794
33803548
20082278
47335731
29843603
8892254
42058144
47354383
41365068
55246010
26372582
16417171
46299073
23034078
23932483
13586512
50938202
43487185
20657084
19056763
46509340
31434372
44487482
37817218
45856013
48284723
3491869
6650171
22057722
36522818
44625239
17313674
14323556
21553635
15641197
40249220
25287187
44572135
31345412
35311508
19310548
13702115
2848298
43076172
40219487
38205299
50689429
31881439
7341456
57346324
32329282
8692122
43338360
6566370
44688960
39205841
26227000
24729051
30148544
15107659
32562873
33435214
1672476
31834336
54026449
28829063
8903808
47735680
35625198
17643296
42826820
44357988
41606240
22403000
50146744
8338048
30863843
3706716
9915768
9012944
14007963
25762912
32126774
14496130
38099370
19959908
19420908
11119341
2529789
54473331
23798794
728537
37168766
30603414
33294139
6290769
3567476
49020513
15272470
1630821
44160668
20423820
51971245
43631803
49299158
46440028
56182280
32214509
62363
52276468
34646171
57271834
45423542
22530477
5438833
37343640
27793730
22707578
55444159
1801252
27668176
50955381
35558010
30877996
37399548
42033627
1381910
1936655
15223455
52608651
7419577
10892476
39248273
5531217
45209523
17084649
56741275
14269423
7931949
550530
6852926
22479305
4436611
18443513
5100357
50854867
39659482
25992478
5403013
14852389
24003243
54550180
13555832
3887994
39859697
35462893
26810171
6533259
4880689
14694590
23723989
1888360
23442954
22163624
16913553
41303711
19516310
8794355
17780108
53576256
6477529
46169414
17378947
11341745
46907642
36867880
55815465
35170704
12352846
8612833
1296556
20115249
14690483
35852940
34837823
33326438
40945814
22479192
50932882
2992329
49011637
1560364
53098418
39899243
13010925
8119198
33887214
34063666
12680437
29370695
36197309
52895785
9625382
48634679
23649892
11736938
34878644
47202631
33874148
49997598
4285961
33567228
53401037
49487657
5270737
22722242
50517167
37953485
31227556
49372518
18017523
19476004
56673051
44979220
16375640
36707260
5802372
4516519
8229968
17544653
30108923
45322630
29245892
55648445
24119646
44570873
45986402
42641047
42916670
306920
6960172
22921916
38660102
41042406
9334100
25077253
49254686
1144649
30299573
22115163
3063077
30798303
3100364
30329402
49540459
11859120
38840903
46017720
42531208
20667338
46058761
42584090
31566595
52798631
9662043
39238600
1654203
45679482
46044486
30358364
29770430
34041377
13587816
23946460
2151331
8189451
52537681
27139523
8445183
9864880
19014798
40857287
39017845
1604855
49248500
3522739
37451524
18173564
57718959
10310729
57224355
3623741
32922046
2691606
3748038
21742562
50954115
29055839
26272663
22366719
16770548
16187581
42253657
15761976
29168780
32771808
10107879
42672800
8124725
35711508
38970647
27773554
49368787
35495105
32276942
41438547
13927392
37504406
29072821
6698828
35148683
54532748
57635703
11179484
9497492
32452200
5833510
28587395
12285291
10085082
48236674
11372183
44778802
9481849
5654097
54619591
35010694
42519983
14065764
38111171
44102721
3475542
5860223
7930240
31931324
5136147
12365725
7228563
2355723
32300074
6823126
23969199
55398867
35547114
5345973
38670098
30530520
6112039
48474333
913107
23066281
49118436
16081697
522821
32231155
20894115
40553827
54659524
56177262
10590222
42614559
36172481
39667829
11087687
5928126
24702761
2780424
48189263
10769048
36146524
45024819
39399623
28986837
16728769
15380205
9597545
559375
29617412
40805759
57115898
52955022
32907070
27250891
5551193
17728995
35331632
22476853
40327216
22408575
20004781
28682393
41890483
40607966
25328679
8307263
15498863
24297323
24393900
3164444
29129426
17523298
28296050
34383029
29752903
26533004
53886405
26551786
1203478
34422391
7898689
40228618
7438
15178075
49679260
40834341
45525390
23286668
2472072
11644823
38278093
47520427
13717325
33583220
25109102
1031356
52036974
22698030
52927898
17234213
32628395
5110008
55894007
12126656
48620236
3201116
25329526
19464013
18653097
18734861
44778564
3084224
912969
16933098
37776297
36756203
48725880
33880567
42768576
23075256
55687499
4694872
22411325
23049580
49669858
12774683
5863458
34802761
47829635
421500
19100206
30865350
24613384
5296501
54920742
29156222
42308020
16958276
32445450
25932484
28185503
38209076
33431539
21916767
36330830
3895729
4351238
25650623
46316680
38073703
11027542
43001530
23148626
9636641
17186121
14867096
33068660
15805569
26066166
27327896
33568117
24167316
44068220
53217162
31112093
37962465
7074383
16375536
46532774
4599985
2864555
6268736
1878246
29535810
27929140
10680207
15339050
24037535
24986692
13678761
25288688
11754512
25815408
8281530
34327982
1380552
56924542
16104374
39997452
1898849
51383288
48474567
3418834
6105754
46142779
14736557
1793302
2474398
13510980
40264038
2721739
31088746
46463208
1561650
14196760
14255215
53817127
12023899
56508848
13232180
45623354
17007158
35186530
34798467
9116988
18223608
19143101
7629303
32844698
1886496
8843626
55641145
2331787
46442278
14676063
43668381
11589187
19289264
10116270
40182235
4164441
11523700
27255597
42571603
5504524
12536471
15506368
50948558
34524157
49865301
35805650
21188498
7890169
16962922
15655366
11851296
53502522
27620215
56545678
45327165
57314710
20161348
40965081
16423407
45216702
53146800
43915722
29166953
15124823
56352571
23290248
29716450
16382787
25082737
27065235
22679578
35772315
33764678
15142907
23699270
41975132
18842728
5533132
6402484
31584012
45795151
23429230
18538968
38429117
36384329
4362083
40891303
43068258
55941893
40631296
16049748
48385588
45323152
5876705
53531985
50333395
8571122
2651214
4066820
47070423
3664168
7536670
22436655
2153157
54060180
18166138
35572648
55382327
17497981
40733254
23408655
17729645
44804902
14176884
55297815
51076072
16543802
10623617
37382121
17919916
53068145
10173043
52613604
5353368
7669193
50880770
56630186
19260700
9350657
54290150
34997378
11874621
11236491
4270517
24340510
9041464
668157
5203004
42337283
10131947
6291963
9231771
30555441
51488831
7996693
44674198
24057562
56383886
15315473
27209077
23066313
318386
12867461
12096444
6483183
46168494
41530113
2340035
52386934
7839647
43053659
41090472
45294112
12558638
3602360
29501117
34827793
899820
56671042
33105512
47700118
12563133
1235077
43641244
27431269
9372808
29358724
7212095
43681184
25360698
24705227
10969869
51595204
24458968
28326332
14506759
4145171
44054077
17046377
21660072
20305536
40858632
37488112
26156606
45854457
13066150
30590076
1722281
10959703
44107908
42234045
14422484
42891865
49622270
14282520
30582784
33815236
14361637
50630480
32711315
31525495
10609870
40403537
47452056
20313797
52395867
55220383
50608710
34112152
44311356
41931961
51908931
5367786
34785573
53326531
54495787
2106447
54605779
17248236
6900830
1216043
2975386
139964
22672692
26170645
10284493
48075916
1103921
40596143
40020609
2671388
41833440
48056074
56131282
49991674
27465087
18283715
21272637
19040360
39963222
38943570
17509999
56342401
18995611
32679126
9084362
37247550
52965618
53389736
24636461
6760865
46666963
34564741
219082
32356776
25066724
27448351
8055307
8796143
9126314
2328146
4300107
2205377
30954598
37847566
39082647
18788338
36080494
40089068
1530361
51744433
30311569
42590874
47258038
39508062
37473509
23818238
12611089
46204752
17086384
47831721
16905394
14310186
19861628
40894343
34665080
26634192
28685647
16090772
4496036
6920937
29133549
24212542
20882730
12166260
12130683
56753580
17257976
52459673
20141110
16699488
4486394
48563508
15480976
33803411
37260584
49028757
17095464
32902980
39662969
2776198
38333704
44134663
47768718
50987437
22572306
18574308
32501767
21764710
44717224
48407106
54161819
27330900
22445470
32252762
52668284
17431010
46976081
10922099
47973279
29337602
11582123
38806595
21666535
24212219
16707947
4357604
19729399
14319266
52329277
5891916
23131092
55469879
31925968
29194409
28849281
807596
31617085
52218273
25362892
27749935
25961636
21909056
32422616
5014459
53400293
52109796
27217732
17638478
57099976
19530295
18034678
45129905
22098648
17308931
14846431
12752291
20151939
24201094
1551785
7223009
31725949
4300293
36984209
31118371
55337325
44754620
33204705
14230761
26256637
13817446
53087319
31310787
36632375
48436432
35556728
35761815
52769821
18051048
9967411
11970071
7795258
725746
40647085
19709967
7520603
1008948
11200506
23292541
50235145
7615103
38362412
10971189
6722969
49989590
55673667
41106563
18497983
29750870
29267054
5309460
34945072
15014498
53514060
870560
53426612
27869290
36158014
40799749
20619401
9241665
39446598
45845291
3568754
50001748
8509461
52351674
18897414
13949014
42690130
39263956
892133
46132823
13057523
23376407
41855218
25922797
22203120
23552133
5169408
14252555
9555401
34074512
19347887
36008381
32836157
12626862
17613500
26916349
11716762
32534111
16036522
47204851
47699441
19340691
41467944
52320448
9661544
37393459
23420491
6920918
26206433
35275727
14641216
44894727
11536897
18303084
31116999
7950565
24360343
28854897
5268279
41670632
11601966
6721025
28758492
5919808
910100
42839390
21243438
32635522
42594671
54455831
16100518
5742603
20042758
4074485
28899957
2740626
11187025
56268376
2643313
39071707
34102441
54098132
24141338
3586332
4306352
2262102
13045897
40449712
27616542
56307255
23275751
16045769
5810924
43679103
42436370
36398190
244719
24547608
16535004
47215678
44776684
22389643
34602647
17302131
50647461
40755193
97313
40238930
22165935
16668792
25293980
40879719
49791780
21879236
48300436
21616640
42769172
24862254
27537572
21934384
50496330
37356649
31369399
27172735
43434384
17888762
30226796
21152652
37530924
4508972
22976642
37838164
29502183
51607455
17204818
20772142
18589258
51552133
14944950
49409827
24637013
13778355
50339284
28175140
36870064
33801793
4442679
31198399
32125924
47940924
48324985
23323595
4285876
13480637
7309550
32645342
48481450
36081435
55936011
10056371
43130400
29129187
20633346
8730041
33018197
33776297
5827192
37303042
37278731
11530206
56830544
54221874
34668291
26901101
34096072
16035276
1675869
14261755
40633415
19165940
43655048
45207959
26377656
39764145
33122799
39351726
34469332
38425078
50711036
26806824
57546637
34400359
6474601
44617050
2902849
6078766
54257567
4660597
38232499
40816858
34621915
29929443
20125802
28996626
35588843
19834316
33161862
50633540
28366708
5789066
3151895
14254514
12085160
44785930
15658424
5061331
46400691
7662508
38638442
26674288
30695834
12929587
31497509
395835
723094
8605863
25606268
13440709
27798682
8303056
31054667
15988900
4704210
291485
53594765
53078915
1831219
27372795
85255
24475805
4067517
16125966
8959700
17387440
8748850
7995916
24182890
19726403
45090286
25708854
5540389
30299999
22570104
33255257
32549568
45042386
38567182
17303212
50509654
11809782
13962456
30763181
20154135
19748907
8823877
36585581
52993660
35115415
33668889
41719290
25879715
44440078
17740727
963784
3568160
46782447
20665631
56234037
24549625
14790287
13502361
30045133
8114042
45651330
52448076
25609967
52292733
26757399
13704366
30110083
2019258
4577160
32302915
51692166
24515248
31468462
2916691
11274370
9235700
57352423
34342174
24915931
51235528
39081891
38058153
5094124
22232822
16238955
53095287
4868102
17039856
25611031
35357058
40264076
3722208
36054287
11905600
32546260
35101752
9127206
55567169
8087092
37821912
834453
48775475
13240878
22232762
13687880
45055808
52443380
6116895
5623893
54981390
56505015
27212680
32182809
20122449
17364720
9562710
27484255
27271045
34535781
32252434
9666382
38722086
28935949
952535
2778394
34739092
27014660
29065295
7336326
27435229
34944645
36361691
35087595
25945071
37912994
17934596
49795525
7825601
17735492
36171214
22798581
36382565
9847960
32983709
50398195
457286
32786930
52991822
17604663
6177305
3316485
8713847
35943692
4560467
42061487
31473100
27402766
9943041
4484261
39098246
50107635
8999573
56208698
27516610
44273158
40451003
199104
13624311
42787021
39112927
36686865
178482
43744371
19754285
196779
7769983
40612624
36973236
2278947
19254427
38357225
9119628
34775972
4470592
45281313
32118445
37352450
46064521
17595407
53244688
51013160
22591025
32850027
15757695
27317506
41012458
8027593
29209788
45061057
42608539
53128557
16932580
10345314
46337999
47265273
31347155
5491036
31721808
8979622
50919320
42238456
33886632
31961927
2657526
24878143
56976793
14523038
41867762
5414972
5367992
30758272
35255465
5637130
2201180
18093713
8471328
53711401
23179055
33841232
28128477
42626835
17154169
37790919
47121771
40846963
25907076
22367533
22695328
47243353
32852990
29321003
39580929
19372100
32745135
45894489
40770382
51561821
19518657
21473101
38283119
57490863
38920702
17161752
7529413
6249780
5278269
32390097
35946535
38312220
27050674
701168
5868675
34067207
11883843
24754238
28515246
36423724
57638154
51134325
18026034
23844501
54335869
51446441
36361719
49306926
36739443
29660891
23642313
30151406
40312400
21121367
2565060
43034533
22247094
32899317
28063245
24726049
15703033
45608978
42807156
50743468
46577326
49238048
5551961
43583731
24876085
45504532
28761300
44157264
54558457
24339594
45242783
15392553
25070609
17064438
25664613
6588037
47108492
2520946
27586346
7641477
9237884
37789355
14971288
55281045
17196283
50577879
50042505
22719566
9395263
51329109
55555118
13357205
24361963
28171040
14822431
48842433
1309686
14785317
56674481
39165904
9632595
38541956
47487941
18482572
27715947
23143667
47125303
39467015
3646673
47556992
3033800
11716839
30956682
32517020
15602151
52236718
51546227
56473397
35288059
53798058
37330756
27384078
56294775
33279531
37224965
10400724
49927952
19903783
15516333
18132525
2041574
48910024
21189620
24344273
29117270
46008933
29860605
57328312
46796825
2293444
26963920
28276781
6478299
36479965
38730794
16888755
27312270
55508170
29506251
7903981
7866894
4051225
522723
56257662
41111580
17321182
52644392
31795427
28225820
24366310
7306516
35457301
19792753
32940688
4847279
39912570
56972108
27567161
30364391
18520044
6178756
847566
57669599
47349544
19531306
40982625
55506116
19408288
244886
25455026
17744869
9369233
20699646
40961542
3613269
9316153
57218974
38641693
34852521
50528519
14937167
42489440
30610022
48003795
33728580
35040119
9548179
38452064
31752015
39880436
28974057
16589213
49439872
16686974
2207039
10486628
51101350
40414700
12027030
1239264
4755380
34543328
5755963
11383493
51866179
33095188
42587243
6690455
34068137
50123082
30282108
24693373
8760860
53329904
38455616
53036517
13651714
27427744
19841617
25526413
804174
22650694
24745784
49316855
23345625
29915951
8823209
2465696
35659320
35243703
53243301
51131888
50800760
40784387
26556250
45175724
9390662
2827772
44531959
9374763
51725833
34712204
43997758
13484343
50041801
21391483
43558511
56248913
36987180
7554534
11144240
19610931
57065070
5193444
50857257
31243540
52016632
31339506
6982395
42287432
52566555
22822525
24575638
15988647
31393725
34092089
643765
10379509
19225551
20183365
23137006
38241489
42430404
32969886
38049444
4156499
52527914
46367588
45104673
17376249
18613075
16314406
36877286
25821530
10936813
19517750
24261144
9729199
46896563
52283482
17711794
46941519
49188800
847160
15344881
31377827
25230148
48584012
45002504
38744063
35512962
47927120
192045
48637516
48565584
2045467
16811827
35151665
38118123
39153877
38258963
50551546
5377593
27723147
1560386
1207614
40744799
29737663
49777406
10318655
3094682
27228245
31596637
28174584
33377012
34884481
44135323
44246086
13071050
54835385
48915629
44635446
9725147
8510188
42189300
13413918
32050956
35417950
54652703
45326578
44139895
20899427
48991160
4169979
44738349
29582724
9190209
30426143
37006592
32912771
36482019
43043709
4214844
7075767
52162873
46890927
21813431
47059939
5694068
36559215
55473848
50769051
12809757
54071230
44582844
17134961
16521216
44484378
49038056
33753275
54095419
39969916
44284690
19408436
52739771
14312205
2939743
44401049
4307735
51722883
28697927
29406252
1244447
25447529
53385947
5102933
41196858
43014217
1949702
23048629
34113069
1402618
6186207
53434797
47913624
98466
25856906
50891553
752570
9068139
57592197
34686983
55353757
29972485
16468693
8338721
20368081
19340471
26066733
32661484
3082046
13614009
44143916
53901515
42010671
10371730
13516842
28511840
19264758
547083
16862422
38438273
21612606
16451352
37941502
7385682
9709507
16788766
51059357
23825587
21837994
37983323
28581901
47015036
9604404
7491832
50395600
55830208
16258425
12452723
46277569
6940532
29363339
33772186
50748283
23862442
1470583
12969759
11649418
48950097
47058089
411070
496771
24590534
17105456
31516346
14086326
54007531
52710773
13076034
5607297
32582959
38742530
21090069
54379436
21897807
48993408
48306488
9552639
19681504
40849385
22868994
24315860
15864508
42665214
48142135
12213023
10280487
23671670
11238348
48453325
32831166
51429226
37104037
10504208
31221536
36565574
11373903
48400234
20127814
42457116
42277229
46327134
16844722
29856662
16436559
22708779
39675514
7457102
54807257
53125645
35348488
37963781
44297337
3651484
32384727
24470465
11338286
29950773
1204115
27932734
11349288
32690569
20207689
10902074
56890305
40581303
16437759
26676788
16486616
41924292
35976004
12420567
29890575
51895944
544758
8979457
36025133
44309870
40232226
16843476
19191919
31697004
5579054
19826872
2676809
12797564
23266349
41165552
18601485
36637158
7725045
10810825
33560264
47749998
4827925
40577128
34458297
32273468
1064395
4066049
22397328
41840061
22239419
20911118
26234422
13994889
36870843
19181657
25117951
18898833
21628033
57125048
39383805
50541490
6924133
19271258
51956080
54752803
43804118
18154270
13440505
17735047
16346511
3346747
23655312
30314458
39512733
30392248
20239751
27347946
39586631
1486210
15605639
18608141
52163887
7052765
46636938
28335621
55313624
36116515
37275028
39210155
2804524
20112547
56345411
9931331
33227140
44165421
51675909
26069071
1807759
20457368
4443346
43792054
21594015
51023065
20438317
12164787
1169228
18753541
11742307
20978489
17445935
8552874
40094815
23828266
19862752
20884034
48820593
26467080
33311991
27526092
40624745
50633194
44645408
22543601
26379034
17521680
52721272
31218540
21625724
15775706
56623354
21543893
33717347
19792839
49853837
12048387
422480
37950739
1307606
3189433
49007286
51377670
56813733
29574392
43131284
51155673
45332044
31658112
53965947
40438798
40640685
28444755
34617770
37487338
27582329
5524105
53655957
36945566
42718798
10445442
50181971
47194125
29450057
21668960
19370359
22266708
10740780
7596658
57067065
18053548
4135700
29796505
8246385
16021671
42002349
21836783
54949726
4893246
48777428
35884803
16184638
3153346
862425
39457276
51954993
1000374
20565307
43210515
44523596
5888284
38755385
28513010
27823766
17546960
21291791
22137312
33323255
3050843
3460957
27270559
9807163
56237641
45554157
54533214
18831946
47472714
30819355
29428534
46468608
55987693
35022378
44850974
8958354
57622052
18891969
8744478
24600390
25040634
4455129
16010585
35824519
31572036
17584830
16050064
52347316
18240948
18676355
6052696
3607291
15346928
49840014
23397560
37405695
8445054
23713859
57527024
1004105
42955274
52166157
11981245
47029339
45523938
36322616
10577486
43385272
51611335
4289349
8589805
46976116
41006705
8789366
30138065
47348332
57103883
55133710
46294620
24997268
13693037
24336294
37969731
35701234
41394959
57443702
48002283
17804560
38518585
5360867
46782861
6289546
17005830
33418630
46815463
12502276
42471281
6288137
34795467
14998830
31406256
10164050
27201662
51418374
9445483
32764356
1053711
32106615
41440673
32321937
44787537
35751804
40701335
48649641
55822563
33954010
29288728
53005027
28781700
32229039
46115038
23727841
27597695
14867164
1310960
40527326
35466810
37836062
32641882
24631417
45557169
37747883
11082177
4800917
2968272
35098869
49083684
36855386
55442690
5688869
49380603
6501507
48052852
17110936
19360913
13181147
5172310
54819690
6889989
15417469
14994955
41611484
22416881
44830370
37160355
31598509
18249054
21199003
2642504
5257610
23912851
51119863
45143221
33743309
13477234
34236498
47779791
53758426
45234784
48941182
25759628
42633278
44900595
34871705
11938625
32664835
16654769
118452
50188346
23038505
3364199
27924586
14814740
1181983
36944926
26324963
39319616
23355055
55046153
9282642
17874390
47929542
37642629
21270334
54087130
27842420
46761715
9202219
27998797
2601506
4040587
48647924
30694652
22599371
28580546
22183784
40236490
51376265
7117864
32627371
18587376
2182216
48739660
56613389
19622368
23953482
29038810
30036973
5480665
7116611
39763625
6967667
4206023
20163820
32268619
44884911
57603623
44160209
5161632
37110874
40030465
39201216
20067378
18874479
50486493
45327893
25429531
7609119
32788888
4935648
52011322
30097599
40319849
24786178
27574578
57709006
28836428
21922199
636959
8876609
13274199
19599805
32459048
17081113
30683808
45868411
50086889
20492749
14493355
34084028
27407107
31519597
46474724
42863096
3808558
42877374
22902616
20493883
23721408
13054900
22375800
27225144
2523021
50734454
6313360
16015990
9675657
19959819
19011611
38797154
34177561
53953087
57039609
44350638
35117835
10191059
41738667
16002861
3449253
51097369
45369305
52667622
38074650
13960960
19960480
41074676
29519577
20211327
8481694
6859875
10531879
39764957
20911784
44267032
41058797
44113542
7367989
28638504
53905870
22818525
49881157
47586924
18835251
46848550
12975582
19114974
6741805
48401298
38757168
18905243
23386330
41771955
32707142
54759975
42201384
10112764
42956592
33023313
9679448
26476738
43708092
24024848
56466161
44921854
47262653
12420293
571283
42309465
46880958
6318946
3983274
3032607
34611341
10083888
50470355
32697896
48481417
55960174
25014968
7348824
54321713
26386356
57330572
22594377
22166993
19541682
10796927
16479854
57438833
43414601
38134188
56546239
44885806
54409479
54714182
4953188
33662946
52012338
48689802
54211962
29467605
4262996
20685864
12277056
19362472
52270182
7682928
51496204
12002072
8992222
7778253
31727335
14582974
37788889
22161061
16050750
30226461
25142327
46469278
892594
8892405
41484710
12195668
39932618
31110144
2701844
24386998
37210985
22544732
54790416
33526098
27554160
42660525
26175683
4594128
35989879
50631720
9054316
43717951
38034738
52169249
27749364
19929885
56292225
17926039
54778734
37705084
39697478
26613533
4984568
46456927
26719788
20738177
9493824
25909230
51659159
37917112
37720194
14048498
5354183
12129891
17714026
22960031
17034257
43667574
5903423
50031929
12596982
14645068
26332198
28468463
6240635
20186936
22911152
28950752
46352172
38528812
43084127
51000552
57653745
42006392
36963103
11174169
37202629
39700323
56312648
47974272
42926540
25590303
54094473
40154153
5459245
31806452
27420219
24762329
31070592
1621966
34063342
41888520
18768043
16508872
15920922
35049884
41958376
42142340
43626626
53111621
48998679
11441346
14037449
46479576
4803762
7626390
12621521
57351969
54533784
30722345
51639799
13135998
30494669
22288021
23097544
38456917
11099471
36161864
1062598
46942073
40613923
17554469
36331208
41478160
42674108
31538583
1786869
46606756
3507272
42548891
49437782
2519102
6637583
6411059
33858055
15575405
21216218
50022788
16075781
51761397
10591287
29351778
47798454
2401363
21552160
44695681
37394319
21917399
53307942
41268129
10610864
9499374
43003973
15156236
50054901
53827353
38394921
16997979
7532584
988170
46274918
43026723
26421048
1425789
53318453
51958879
57259625
27214821
39431500
54847614
3962943
8189924
7799618
3102773
22767045
57394762
1751350
53886190
11306535
43808567
8627767
5818239
27568085
57300231
34521316
33056922
56658380
47770362
28483062
22265862
32327122
55212740
71881
42585781
1926165
26103631
12527378
12775621
23251878
41605187
47047996
860169
53546491
8164857
11715034
37004466
46088227
26066394
55622034
15851907
16240482
9087537
39420535
52271164
641851
54874565
4573860
34392518
15443240
41393934
32557591
104952
53286574
31728251
30058403
46910545
2851753
39045803
33851237
32755320
45818696
38883139
57268747
26905636
30200242
53772252
39142433
40599931
9825912
46534497
34191373
32092930
8445685
52669581
47697304
34372945
39431325
20939927
12198537
25701899
56230971
829340
27806550
6376029
39240109
48772600
23422919
38220045
50987108
52728098
33246574
29276671
19046508
13860106
45523203
47360312
54309951
2971547
6408558
35492982
38088811
49645403
42155627
42196352
13238256
37120988
22174408
13729426
32832567
21732808
8258960
49854942
29712843
36793950
51076722
1020064
55545493
38818432
15337082
32074047
33681590
19386468
51877080
39809808
27673767
52915267
40951754
18816968
22642737
24886766
3700966
53652460
36407147
15398250
30385555
9872440
4288420
10805211
5470466
40737626
49779965
29225010
9141830
39056390
39008458
22621901
53806594
33835057
5136842
53710615
37956968
4235392
2076312
56721814
9221665
19220409
40636141
26428598
15116002
26750277
46239620
56426327
33630516
36898318
11109830
19580344
4401974
21310795
18785246
44369068
41959407
21087186
47976553
54643541
43009797
15537012
17485058
95979
53638089
11265061
4237913
49358766
5377338
40615903
26449284
40553068
14468018
13885863
37948979
16449676
3483372
19704913
55680108
14050172
32496344
47559036
795097
28156518
37111389
8061671
54152515
55439477
35837389
42803152
37158483
53277429
19658923
16583608
53618067
14642934
5887723
21382010
22909482
22584271
36511496
22927031
12967699
55778343
20766102
28607677
28893179
47193200
44968570
8121072
13255075
14703437
20811258
3097037
31764003
49795523
29984283
11349363
18280994
50683572
33507840
30938485
57419363
5015989
10695885
42599667
2097062
51427064
52994126
10346062
9616571
38493154
2160929
52483634
37248774
31332903
41399108
20772107
33938125
30265133
55433426
10158038
51063045
28775735
41236366
20414640
31514529
47424323
45965135
55466121
51024209
38855461
20242600
25183307
13282538
27392433
47365542
49511001
41810492
14500971
8185133
25256549
11607991
28588027
11084525
16476667
7758388
21497586
33462292
23780087
47325699
26657691
37045284
30648405
55021207
51572044
32209506
44172020
6763724
17473284
35223521
25840902
35936534
3213777
35577765
21531537
53705553
43228182
51689479
16553943
13256591
37357107
24535635
52891324
31193249
47346940
51137987
41738302
31931888
6804601
54858415
16677294
39760095
53596852
56198899
10849187
55171930
25099833
8948499
38682823
39296751
42373354
48023138
24768608
17631836
2713194
27602059
37151610
40335201
14332372
49778309
18125268
16527468
45312307
12116948
57578559
25778663
44333385
55003498
15254593
35168118
1261563
18238396
28910908
8788532
41462677
12264299
16489107
43563083
24335145
1023296
24891754
35105129
55673554
54926550
38240227
20137994
23633297
55496913
22209933
8168515
14829613
16371930
16708910
19533644
25543564
12938672
10524069
19528878
53741935
7379808
16620821
50233032
44899330
16646608
2663036
55659595
45689155
15465811
18671329
57353628
3109742
38088816
7228512
35535560
31293252
50866926
55688061
25828393
40667300
16201614
49219606
53055970
1191977
14133849
19373185
16378296
27320349
13507872
13271668
3508903
20240479
57734213
173606
57363347
39081065
44957225
36988266
46095527
12356069
48706125
2728726
35697794
6795563
14121587
37607500
15828470
10199626
49850058
44732399
45371331
25373247
45449368
44046395
42573682
54937112
16228924
13470239
23811446
51027394
13297456
13698908
20637133
18653148
23339992
30738691
50745539
32601156
46042142
53730412
44781887
52274172
46367140
55850295
1330704
3921960
55881053
39219682
32951907
24476811
57043032
11688546
40559566
875867
38181082
39467054
31125666
22961531
172783
20476149
40753872
5007919
722526
262052
25667610
48498837
42456550
7378737
45579270
4131581
17726883
57055204
50943468
42445179
10332852
19871023
39093665
31404242
39936651
21263361
52040856
8770775
31267465
1092512
27510202
25583161
49657882
21013128
39967660
5528475
30117233
40491819
37100310
9983690
15565503
28652483
2919566
38324969
15465
56647678
10948114
33041705
57085962
41436056
13715125
36688611
48057984
17830304
37123387
31165875
47755896
3551954
49384185
16047915
19558242
16860685
43375502
54493018
48655895
9839452
26188166
20133543
24926316
8447826
17427735
45364146
39000629
4031889
37740466
24733761
9925327
37635670
19326579
20397351
51138073
53644822
57325225
16892108
27834408
43935044
49905302
42071592
41753712
32523500
40796025
22825225
25964790
43899661
28304852
38885963
42673137
28103950
13069419
47685781
27207198
13395846
17987291
14266868
51866563
104796
5407181
57651587
54621209
33805369
20832127
34245964
25810414
13390181
35110418
53886428
2181331
27745412
11639178
29292098
6558710
7259975
4883984
55202439
1226524
10564512
25816544
5350966
896752
10037184
40062101
23303940
19289284
17882495
19223298
4578586
13607199
39725424
36819460
20375244
7994955
7441946
9499157
40047598
11208849
7365006
52610860
41012845
21186702
14742814
24408113
19479883
6033451
52079473
39749505
6239168
20031371
15779360
23048866
35352813
1111511
22179605
14444253
25074308
14638907
37257874
25519127
50991955
31730469
29377513
10876087
36070969
53993098
2134151
45196738
38319616
54301915
48231657
16604732
1706819
8709363
40452252
37490378
10157893
42411713
23970145
40950303
42438559
25031460
11232872
31272170
33797203
7540698
34946380
57315182
21406953
5527405
53901615
50479479
6023111
43508027
8741936
48634231
26037093
15955847
7328692
21714884
52595096
39522293
44276091
21976442
8915081
8404150
23883844
26967591
57733155
56698685
40081042
11166388
48994258
3692174
6689401
44605633
54257357
29418975
3413567
39051086
9867904
20757198
52101153
15148881
17470934
3149700
51669150
14685820
21120752
25566400
45562404
40982265
40970823
35871941
8456208
39707490
8430996
24945160
55010161
46566766
18068038
46752479
14840598
14752235
7194818
35030427
41192066
25569882
29914681
50779980
44709933
52479024
3286264
48951453
21239732
13148725
50152559
36466361
37247027
48262099
42355577
9690463
32526056
1263333
27440944
51634660
52820941
29987842
17240732
8257682
42089779
3315803
39557661
37570171
31320170
49748548
5115746
775697
38619949
35195658
47493716
53518481
41602903
501149
9162505
52896983
44025310
1890460
4474394
37920175
15736043
41092244
40009520
49015008
16566004
7816713
34393928
44563258
45658063
13924929
36823633
4519608
40119245
47569114
42818036
30544473
21492209
38043700
21405592
42861469
3956365
46992567
54719587
56829532
24599451
7272045
48422588
16468746
54278029
21142151
55670656
34844647
34889851
32192806
14621080
29762746
19918651
30832609
18103236
51502066
31565685
47014520
29825183
19938383
36440515
4774336
9138880
36390741
44450945
32173026
56265494
4886834
32756726
47447542
8406944
18494316
21117628
37644048
18558091
19433382
44012300
33841460
20223567
15490716
12274155
51912082
11659510
36540196
57026925
39212327
32040494
21990913
10574005
25050847
10799502
10413385
28447003
34725855
48248858
39564111
9779911
19181563
6843501
24626021
26329914
28522896
57696226
1684246
51391749
42476631
9573426
38885195
21567305
36435096
3831205
43857571
5248768
40570795
14863313
35036011
28638322
6989647
21555022
10524230
6967455
33833648
30288139
57006503
35309555
29067295
32720610
53277502
50611650
36080605
24689795
35009279
45254759
15219595
2474431
22870164
31272937
30898330
35053990
45833346
41549939
31384022
39357868
27972758
22296083
7873666
23844600
28477703
10385803
45481374
48359703
7720952
8887704
1220844
24285893
50155665
46579256
54400006
28587706
25965982
1189457
9470200
32534848
22384595
52070269
29336101
45576175
53563203
57472003
14033578
16839088
13577181
19451550
31484202
4128157
51578381
7851474
36123227
48241611
2664850
46957281
47138859
41195060
16492040
12401588
27645888
21567958
30976885
5814159
19117506
51191135
36564863
25523543
13562357
44932031
8870677
29624099
31542597
47087726
54258433
4945639
43114887
9449023
25633169
23632727
36128542
13700381
15550235
57289558
1102752
19229791
30465240
34737271
23912783
5287693
49548315
32195340
2450452
47909361
27009297
3957574
47992389
1996442
27016477
41698259
13389434
29906563
43489277
36960568
3972838
44809410
47436082
29845771
41444093
11932788
8082492
46962596
22961240
6684055
26824317
24125482
5680618
35541158
53312567
49477444
13200851
12002565
15549654
56252879
10280583
35376465
45064709
6294129
46367009
54869915
8572593
34188867
36297335
56439868
57648098
31887068
13728928
35503293
21763278
4845107
46731549
11762048
20138279
56595759
1003436
1646770
28572915
13963175
22340307
51673613
44291401
14707973
12085592
48296800
21551781
3986454
46769457
47954795
55481537
12178142
28936190
20256336
44664380
4410267
53074551
22144805
10123790
8883820
46531745
10001230
42466829
499401
21122223
28855120
28022843
44800262
37066464
45022914
37795385
17995945
49951632
53754602
50916192
8099138
11890954
31356987
6264917
34591315
19018604
45588812
35637373
34889534
24941786
22519575
52046478
44190731
33373061
10486171
34540603
56395954
57002619
23975320
30236559
34081961
49548657
51123541
17368488
19070519
5434893
41800784
24839753
41852493
52227259
19559205
1834221
35059639
22701994
18436106
9317553
52252682
20647026
13117798
40603057
48874667
57270126
51923918
20013739
34737107
11243553
10565282
36523006
33284268
32186664
36873018
16713473
40841749
56052259
33327704
51990766
21342400
47333526
15644159
40018272
27531230
7220822
41158115
36105697
28209313
55549081
53959756
22013235
39895971
23971283
56802751
39224539
22533019
51043976
9448456
8577712
35719285
46502230
57409989
16570795
1708526
48944371
51509381
46610983
45073470
43754179
46710218
39084129
30165907
8423337
9223768
49185534
47135121
53732646
39905942
16559688
26016721
40352083
33334096
11035043
11801875
5758775
29776082
13955307
15324690
31069838
8927724
29512101
44793703
18829229
33185026
12857544
14234512
7755202
10264376
5989341
13588272
38286880
40223972
49103985
29411828
13251123
9279591
30575432
27715924
9917470
51349204
25345289
38913819
27575320
39018961
55606569
797696
56466245
15391194
53936201
44036136
47858496
6690686
42299770
4594717
25429824
12956778
8245171
4530541
29737497
33888981
32607899
19238663
26972849
39824393
56596397
53658810
9725732
47349840
12734246
39127263
23773884
44086329
41067250
37141235
50676328
40215375
4621496
12430109
25292699
57609125
12099976
43263779
39020863
29342992
6713157
31262894
51342893
42479802
29682643
20862445
6916132
3147116
20402267
41437650
30098661
9246557
40924564
38722081
23575956
36771529
55820013
54756260
3773611
11215486
32519739
38246219
25286287
15135982
10693743
39788921
18588262
50880596
46914233
18121580
35760099
21993356
1580251
40844059
35563670
26535526
460178
33602093
41172067
11155710
513086
1740190
43430602
4153035
40662069
36943307
43361528
54968138
32600132
33651004
43689199
17383757
27552476
43257367
6911331
17573148
50634689
466681
15120497
24920877
26904940
5279651
54553298
43168336
40383881
1961576
53487071
47064469
33089007
39431877
25485109
54120051
18838122
16850905
28915119
53817542
4343175
20074135
11278939
25579986
6098528
10795443
20836036
20342939
50382679
6444650
12816262
25713812
41685353
9840846
38491191
41496605
22655770
52591721
47441266
3683023
26632570
14055194
21579360
36728957
30957365
18997814
35568543
22780581
22871341
19204594
52902214
46886801
24339218
10847107
4743949
53879201
18172764
14391386
7526677
24668867
32882909
2975416
55346233
188748
55308687
43659470
4418949
29336358
25959151
43749683
39863664
47663614
51221440
12945156
11524024
8176784
53886474
26727560
38001978
44108151
52625377
42055107
42142852
38583629
50434343
716174
46352524
51263898
49632089
14914872
37446246
32694161
5426729
11686762
6133409
36335940
17700319
28792878
47232694
36055538
50288244
37282119
46503200
53408267
16818683
52920076
27934807
20141934
31862184
6310482
1965299
24405358
49380765
51790289
49991106
9534056
8844085
31437652
13817651
16937928
9488142
25759484
36924362
37214401
4350054
45464143
46863247
39404781
36264635
20314186
57675950
7243588
20463436
3946735
25473460
7040360
21057892
31987936
18176634
7456825
14689718
18298622
32174253
50210319
42946203
28917065
53476406
2269768
21949509
56181779
48137178
40397353
31773040
49220220
714765
22705274
9199508
36912671
49852443
39384658
57610751
6332825
39530129
23786687
40648843
3849135
46623726
23964678
27661829
57638013
33042573
22239399
43476031
13620798
54493914
40676435
6967556
7658237
11892591
49675768
24408739
56676959
50046199
19431377
50384322
21562094
30612831
37938462
47425532
43519618
57614530
33824064
33807593
35680994
45286572
16684165
44310918
46745714
48682105
5422429
24525593
29785386
25505486
2799595
6653242
57199288
39147455
25415400
41009499
23339244
9993179
15340972
16656247
28484105
46578547
12445860
42260174
55216825
38083933
13601467
20075636
32297147
56661104
17123428
49130077
56300859
36125672
49252099
22220121
29260330
37676944
21725997
23132143
36429810
31775752
49361454
16189788
15808211
25785831
36032138
6682996
39269075
26522426
4210387
43983931
1725333
32121927
39022318
35141189
16150397
14700364
13315819
40927071
360245
49121368
10241588
34080737
6865341
21938766
10857735
16491798
1247134
313856
41894301
20240021
15967540
23575623
48281262
9125215
44276757
19873322
12836220
53045145
35160704
40212072
15325224
24344145
26335141
24321953
21825370
43346938
24703730
32318063
30685482
24039508
42256026
56426434
33586613
737154
20691631
10543878
32357498
38767114
42106317
18318678
40082371
6842325
47422478
28407940
6652606
48991613
42472619
30384149
48083531
10816559
13876931
1366882
12882386
51111814
9981834
57630919
12661456
664222
47822037
42382660
48212896
51882483
35734803
23042735
26139657
39684518
36561173
24402431
9048354
45627602
28656201
11674431
189719
8794476
54058933
34028458
11271692
42019670
26870829
46716649
8297784
30888728
1748659
23375079
38450358
9317612
9808881
28038797
10211327
6303165
6647857
35533772
36106436
6413895
54605173
12100837
40999775
48693572
53506231
55133924
45437883
30225336
25739110
23921262
7886394
12039262
17521240
22315044
44085497
53742101
55331601
42682706
2801981
50191048
13566197
10411561
9469896
13869327
31754551
42801167
27956730
10597572
38688599
24005599
33537732
5911601
26718218
43625852
13619300
23280895
29394814
21516620
32702552
24063458
16763633
43331351
25713766
31902750
35107054
1402790
50940120
5140553
39480120
50150420
51084763
10060481
46780622
24428730
43672598
21156978
4112567
14314742
45183452
32776998
7650991
47671880
2655912
3437323
24594649
2466290
941953
15694966
15116598
47131202
56109693
42620884
18587908
34674587
38722631
29966501
30046282
11153311
11815791
39783249
3369798
37019644
24147884
25623644
20316162
39721467
44097138
29095570
6663750
55271573
40484696
4213668
33440842
189622
12858981
8899683
45109693
21934363
17345274
30255715
28543294
31798717
3898253
46381408
4628304
37932931
18150709
626644
18147124
42919759
15635365
35506155
16703481
52550029
49650118
48980593
33057716
56949177
56734486
2450082
32194342
40295074
1718298
24541159
12839929
48684618
49314409
25217589
51151070
53670169
36721073
39921887
27170412
34088934
28230698
14365271
19785807
43354562
42751280
40400970
36579889
20845336
53979649
25482889
29855924
50460942
2609718
30607634
35118446
16439411
11095395
7653183
27455145
21157291
32986750
55745952
7897159
6007851
46256517
11229183
36863368
2632139
11691188
12805141
14303127
52999748
39737603
47508449
6774673
32269554
54544933
21460610
48749413
3518707
22873171
9611901
25706107
54293918
29875849
27465263
46744267
301715
32426433
29469194
13260132
37342510
19853045
54427976
37268095
53987989
57297996
24058227
56452624
26815052
41191149
34918290
46225075
7468049
50723517
53437674
41280142
3629836
56347440
49501123
35572601
36702865
47859663
8604455
7549651
29574134
5402440
17275073
44801583
5447534
19979759
26955768
10438026
23625057
54889981
13209868
7898976
40846555
40627078
21534334
38349977
33723100
52318385
3151012
34311519
57457292
7453845
2142629
25817236
30008186
12005071
37331757
29153214
18285529
3202014
638188
52896163
57714907
55055315
17845815
52769508
54114703
29825787
54988159
26089691
24407037
30342790
44124643
12860188
17267589
37339561
35198965
9775192
52621094
6060777
42532500
31640056
35205660
501169
46245480
854972
51479543
34129742
38878636
23149367
3247108
3342874
35050347
15309010
940611
56143640
8144960
28025012
15782361
24645369
50088660
11546849
23438812
17148693
35421224
7492396
42478468
39501799
35366304
20981038
28615118
52394942
53518188
44714299
6781627
12115737
19736336
28330176
30882634
45899373
56222631
56061710
2402263
47030319
7164050
41039211
40361279
51623203
46059964
4235512
1206556
43303577
44249237
26310027
32430226
6283036
29886093
21497430
10886681
51094974
35586462
52024430
45613314
41402450
24977963
36211452
38993104
41960575
40231156
32580925
53860721
19555923
1501270
29486663
6669040
23664459
52739248
46489378
50416646
13119997
28109887
43020141
10873351
48329812
54183934
21296407
53156356
46914731
43670969
26985862
5481659
4547622
27046467
19765473
2409346
40777388
53740297
6412178
56223466
31038844
41443266
34737668
12886882
45960423
34507416
17939663
31007813
39619251
18379491
17760116
12610257
47903687
46596208
47336944
52933457
17632814
35385439
26170493
41433072
49486957
57699396
53839798
2138276
44029080
23785177
53757169
52677534
33065063
33092524
31849409
18151962
5846454
230252
52707220
14952609
52648166
57320173
23611308
37372604
38599416
28923909
23033314
52730231
39327005
11951505
26762963
44323354
54022094
36594709
45353274
47348681
13670316
40418232
16504719
1715157
1083724
31028256
31191736
14913101
37609680
31619156
23204743
48653846
5342087
5750657
1704912
25639172
29084368
52447400
14339290
53992797
57720516
21445420
36330878
5367262
15689412
531865
56730080
17037023
22924393
15298653
41207573
22318770
49698119
53600075
28283422
43930624
3782186
57332580
49468359
46715835
36640680
27817696
57312545
47826527
34426290
17381123
11299882
43215183
52486885
3257481
17661918
4956864
5756008
35799013
6397182
9015999
35367472
51795038
43953062
10969234
33724146
45367499
51795349
5767495
2421498
28710842
4825875
14826352
31055511
21650663
47163291
56937765
51151407
50295032
36526645
1574717
22654239
18406011
25553265
47530021
55261474
49986517
56319682
54500009
10795152
22725756
33186549
34761849
18070892
56345563
16933886
27956651
53309612
33448117
11305230
45355147
8018942
40935213
35786672
42241358
28259256
7231870
20411120
2180300
27640793
18120633
44145064
32884218
31268149
43690360
1573950
761465
39191365
43957537
31677071
44156915
4654863
44964598
28191573
47874242
3035951
51609381
27015031
18318075
25429175
28130018
19932086
33901195
12675957
28554802
21830238
36442567
37351077
2290486
15795236
5120186
54976096
10818315
41673879
30506684
4498995
15376413
37208006
5398061
39302674
54836085
26328952
24904233
41928646
34342193
20859211
52841488
26180205
56645014
56145990
1891591
25817672
49137284
12070957
33993390
1567336
19539752
31010942
32230891
15438002
15340532
31569918
34833023
16682931
26297466
3662289
56860935
44197351
50495533
47192720
24762052
12907438
49746760
4045022
46847159
18525599
32337808
7059108
24288614
41190953
17372317
184245
49584282
47569948
50291206
13346059
27096445
14465361
26034021
11024584
48728590
56417601
5272452
31170734
17581997
50223726
21290368
9668214
19435299
37588094
7809571
31080641
34183891
31221161
39830825
50151662
51996985
48906856
47446792
34467980
49366672
27562369
7653040
46601834
30837114
46189456
55435650
26435472
23496771
27376420
16115742
17557856
49199215
12808727
20243977
7913783
30788427
41462274
12222254
56478270
3404203
34348411
1613426
52155841
36984176
48683970
2704869
27892616
57300185
30248034
26814940
13128449
7088866
29587196
48926184
14765252
22692684
38422841
10319730
16302526
35937206
3307015
55073879
41285432
39780301
46905315
6055140
42433768
48421682
35633843
7468454
19371974
7727846
10689457
49450971
19455171
49143786
30216836
1077675
54535347
33522778
7591355
21962265
2687225
6894511
20866954
4445522
16753769
2485634
7012714
18988648
5015385
31650326
18532175
45593903
7710143
56243634
28181297
34965314
29049707
38269608
7142608
27681004
56396286
19305671
19234135
18377496
4972050
7057669
51246321
32573081
30835553
11060455
11458922
56001703
47900743
18381320
55192809
8128732
7833860
43486000
456472
17181483
23940183
20048542
17412605
30504830
37557537
275300
38186317
1368703
49996934
45596937
8446869
38018790
14333621
12176466
24891176
40522581
33982116
50549477
31477770
42957462
20919712
50837603
808894
50135622
20911071
22070420
7672259
1015987
19545817
38167931
57528879
51195354
50614617
27500916
2682123
36188834
18401978
2952991
3285445
11978143
31263316
54030404
23491225
41934652
46317961
32101700
9044810
1388265
39993375
48763779
42148567
28544091
40290143
46862086
52826974
19895083
2524603
27264329
1247109
26110464
55676926
40391573
1116840
24789394
9098938
57489133
43266999
16787445
29449675
7015042
46246919
47088665
18076053
49149526
43253452
44929696
2471935
28404643
27363310
21812895
8473636
53046482
33477118
20395059
44337483
35926255
29011585
34174140
39711015
18615537
35357234
30887532
31292635
1387708
49646006
2675104
38403069
36251957
28300527
50484622
46698990
7461003
14198824
41269969
57041202
14848809
27929997
48782652
19931006
32076829
46095778
56202189
8708998
7914473
49143475
20526954
53975241
10396048
9180516
8823483
55446514
33969526
49365137
28617531
31108251
13394049
42498188
45678448
57676579
31203135
36285798
15792631
8179802
57110015
23703583
8258550
5281414
53613169
2686873
31852429
23367830
38181305
7058713
56305656
11699233
49111038
11346438
55515368
23073146
32970991
27581958
26828983
2861275
35971088
54242954
53553415
13477471
21658664
9392650
52247558
23023332
47299394
2452659
10284863
4432211
27850415
5571676
31188985
30245338
32629180
24793716
35185786
36845682
26071287
55322829
24307477
36401503
36135448
27933410
54004164
40473326
1974481
40709640
17431472
22493616
42947901
44160765
29353525
8998943
30216867
2398509
12738469
53230794
32362244
4713187
31003227
7968688
41066108
16758880
5423163
53543499
9086040
37622958
12538205
33394
19187381
6737677
40157340
6025732
36322540
23658134
23041854
37240865
55521740
41394319
50900092
33948958
24307508
37318626
54020475
45109685
27796266
18388893
22227567
34757167
21407080
14244346
2545525
45282610
18036451
25560205
51368904
19416256
28799188
16164139
17636055
13161648
28175138
26862817
40743879
9445286
25896395
49771146
44100774
31936393
27450422
23945077
48052095
36957824
9522360
35631582
22882118
3402709
7345424
7983220
32211642
33884471
6571506
45108931
4277316
56380196
54521018
35204765
1780201
15637540
45749002
1136849
40541381
29093463
966422
1336344
23104513
4323612
22320724
20155697
41644299
48252599
24786327
22784124
24439316
6119651
38649769
14898898
39314679
31220954
11775325
44862712
29607154
18314922
48347914
37196163
54599994
49247089
47215764
11006963
43219771
27019150
170427
39205037
5988950
7006420
47139231
2948816
30802925
42191737
5732980
29223786
23813282
18666676
41894356
19904029
34928584
7428815
13487183
52211968
11977410
51220404
6878408
2774602
21474928
9464436
47740399
53956642
6027318
30560225
10836536
14378345
21030200
3527617
2429416
13403745
44327107
4947494
7579446
1579138
18378455
55189916
45089431
14272864
51861704
44829152
6416846
40476617
5815015
20026780
55697170
19566419
40109087
7777583
12794204
25278287
3437118
27543785
43120105
2012584
19893636
17672530
22312539
17990066
27324122
55241923
5824298
42747969
54692651
20513142
24613319
4105591
3328211
260279
7856018
21748698
49377747
54513678
52903058
44008597
37677694
47919587
6772215
25194410
14704075
53374031
50281794
1424534
18013759
35811186
47823656
12267181
48108409
24830617
12165767
52699765
549272
53434768
18134650
50587060
17184931
24353039
6613184
49703125
19006144
11102341
26605641
5369150
27199595
4983471
47599993
22846894
43579123
21521796
43036228
13279541
35360271
24834218
21724490
5746578
45462778
22993039
101414
5772255
24281344
16491000
34565115
18085824
46613448
4145221
54337487
35605418
15710506
53270844
23097484
13636994
52026358
21622170
25892768
4352700
29527960
26078197
47934278
40663193
43921525
18202010
49315052
29613693
37131441
9095061
16008775
39690523
56471696
51734025
39330752
16559131
38001164
30419893
31871949
11008030
56558327
1066643
12507934
2073512
1244486
1475314
45504226
277267
2457821
10178182
24542034
46624768
39916673
29732268
1711752
14307832
49194181
50583601
23968529
7804528
10383366
22034750
359771
39912565
24096472
8910858
52810793
26993134
41985178
30805306
8863707
54484814
10185768
11032620
14329287
11330829
56777494
45689655
33495234
23956665
28021510
5173377
55276627
25608841
48661699
19251762
48099303
41389652
40200235
12297390
7444757
28230802
8301889
49208914
55225383
54863338
35049292
22005487
28493038
45260365
30983149
55591088
40155527
56614939
22378738
36763243
45959207
43184440
28031756
28321856
26440039
2412669
24635290
46388475
35269538
7272046
36811528
46165524
33944895
11969432
14359111
26359455
41129031
11198552
24523233
43583507
36733911
47548928
48782338
41025562
15468448
32128211
43575961
13755895
21019343
36954299
19095098
17637351
27108012
25619087
14050177
48175175
24903131
17363244
9576947
57227626
41450763
35205707
42170024
17949051
38964013
3160559
1836222
55305524
42588253
34734306
52561170
6071959
42444090
16654127
7813212
1712553
21472479
6621662
5024408
13745603
9846287
51236011
3587174
47056448
715956
54446934
38598228
35799117
44036093
32131241
25421213
23501711
6605304
39009464
16112829
41418490
28695918
24861917
2744354
46879904
2653826
35907042
56018748
40731537
5545259
1191550
7051756
7726876
7138986
11548397
10158429
30913450
3123665
17263852
8458220
22676839
10410841
6466987
20741515
30897992
35889547
44171749
7388882
33310426
10313546
49010913
38674135
49939626
32571701
24597313
48621157
30045901
40725394
7430807
44043391
55578384
4416175
53263360
7932058
33985536
18788343
3258188
32818841
38206827
6853011
1991232
12298935
47636460
38701052
34329767
23509110
2579121
44221814
16137969
52396292
28497532
26802823
14076822
11682079
2525800
51995531
41190350
54126122
42907010
13378243
48540032
249936
28190640
44838628
15037481
1166695
38341517
6768788
30827609
36271503
16976551
21050181
35729169
34490961
46485542
471563
7371141
18306441
15724282
47095147
38319469
16815452
34640634
19841292
28251730
16523290
19452131
38175718
5586089
42657074
42947604
3701404
53336067
37387556
16860722
18632304
38462698
2070014
47552237
9777427
542334
40245591
42688251
45621216
37483431
28179101
42507282
18035994
37746972
9272441
22818124
18478177
56687334
18117344
10752772
439623
21300811
34555058
52988115
1884685
57444618
15923659
54964294
45067374
56684859
14790708
28840067
28685270
11891291
17670257
35212788
12681118
13125771
14509150
13477545
19447436
795739
43598452
52977871
19268795
10345108
15064391
18089016
56247710
7180143
33957714
5211509
19416126
45234052
47428067
4680391
22740855
16998801
50537197
16227307
38363199
2899417
21533421
51232483
56970173
4544485
20703637
9567184
51438336
24077022
27639094
34593177
49650556
33253344
48277090
1179779
22221009
18247859
41891302
51036201
45524018
56847274
25907054
14735735
22493197
30429266
22266806
6513548
36395602
47637780
5057496
44890717
14052855
16988936
40892457
47402989
21229761
6990226
50051701
27208769
42550078
52145751
54439699
48470776
21395945
40392842
27412089
28944809
30483842
53167640
35492757
30788283
44717688
5841399
50228930
26343260
51793664
42752637
1456051
1868496
33584925
56192172
14361871
24409867
6122785
33902230
7714899
51780993
32563760
55665951
40892682
51839302
41113417
24410467
21058687
2814747
9909000
42368061
3815663
57455560
8449951
29651358
48682965
28738039
11807736
7476292
24887208
2528778
19531323
13387491
45266626
19538669
2672997
48583252
16694968
12101793
1338470
20172560
21251921
38484459
14552534
26845826
41144226
48662281
14501467
46814238
56759085
10213441
33918109
31924306
19136206
47835524
28207233
41206672
3850831
19642569
56068581
11499717
15022152
57752655
21078105
7046985
2843701
48331204
47244782
6886019
48609873
30977623
5620026
4769706
7703844
34013865
12344359
52089988
49663197
4288025
23259740
35198390
1440846
43842586
3717073
46053145
43984693
18928275
42898092
2714724
4620416
56075926
785223
18338778
7512564
30506901
17562203
6321293
10084942
26630770
1265993
43840166
23273779
39729773
50185348
23737467
42110669
8056333
39193859
24828418
13210790
37177154
31481317
23511313
57617894
52912410
3155053
51633579
24671469
54945778
12293112
44041639
1166972
28038323
776575
11554882
30785570
1295044
5055300
24004777
3356991
29659832
4018429
9899922
55379105
42129015
42303609
