#N=1700
1473766
1996005
1764003
2316322
1489018
1420015
525019
1959021
55649
120357
2134026
206215
2068797
2752906
1414359
2687802
2859578
779313
473431
1393148
26480
2445118
350659
424004
2733677
2144254
105190
1757622
2571720
2234060
2230748
2260349
719892
343988
2004208
2419998
1577271
404662
37899
62338
941561
2484026
1681857
2483900
106233
635046
2214371
1466430
752833
918314
1255394
2705381
2601442
1096405
318814
1188959
2462535
974036
2416875
524275
1727073
2099665
469046
1402800
1656718
1599545
2595003
1514932
2566007
656779
1270482
1560566
2377792
1046810
269529
1742709
95118
1508961
211036
1150357
1419778
371893
2599472
1412482
1523871
2447684
1874990
2151165
2349868
317209
55229
537178
442947
1972407
1697797
141785
2136444
2151129
457355
1218346
1168988
436577
1291037
847988
1164597
1863474
1531673
2047667
89183
52047
1440886
7296
1738023
151788
2640398
2262707
310720
1557781
2308841
1812690
2764263
1185728
1729382
301162
2725964
2649574
2787336
1131003
982141
233683
2817310
533905
2161981
2530469
2419220
2219836
1774291
1479626
606781
294792
1416930
1502002
256899
2365317
53973
1082617
166771
1388031
1683519
1123113
296213
2676006
1349765
1969808
616731
1807866
1880338
2766558
1203694
448236
961703
499746
1217590
155050
756178
939594
1825960
1479499
62696
2207684
250798
1941613
1448029
2064283
2411451
1768847
2502004
1933659
1091818
2110419
2663349
1216405
2059274
2644805
302375
740174
604172
1432102
2017760
916853
2333551
806653
2633569
277996
1431996
2166680
876898
2721181
1441606
1223988
759655
1076516
2420163
2782088
2665185
477792
677029
391585
2160311
2765414
51144
231449
1126935
1319100
2040633
1973178
1825319
2577320
1988552
1211107
1386190
2268460
2477563
466889
2291098
1600815
937979
2755816
1961526
577995
1693826
1080473
1514237
2155275
2105059
2273600
1420387
801616
340440
2141767
1851383
1622045
1080817
2043758
2596687
2566219
197531
827117
1404035
2822997
1623545
919301
2867363
876747
2631816
2638188
2742195
572889
1061989
1093958
2166664
2641457
1865415
2130638
734888
1303443
1933159
2168621
2053138
1608396
1060950
20530
2128264
1617504
2059131
1982475
1162184
264535
2093572
484734
168539
746798
1390391
229174
1237458
2058927
1576199
1648236
1509131
1523438
2118544
36026
1906569
774877
197478
1456267
2353210
537668
1320576
2245513
2583038
2546352
851400
145789
455320
1794596
101807
890355
308900
1346774
1984344
2829366
2399340
2221465
1755881
2479223
762701
265665
2632598
1473105
2506870
1343667
51452
450301
1311667
2762716
348596
320602
844630
1664225
1394113
2437249
2091032
1946804
256886
2667871
1698601
1645034
1796012
582440
1837435
2865785
1286389
133022
1671669
1703121
59530
2392502
648796
1288930
1421652
2269474
32000
391642
314610
1203970
1918086
1574371
1816490
1297382
2676099
2337309
2180363
2526067
461108
1714758
871859
1116160
2697600
2033133
2398957
1917317
1194116
2473269
73492
2169168
1054325
1660600
970849
1482228
1256930
1242915
2167768
1930936
1363557
1630240
2490385
620704
2001178
2369182
2219925
150032
2089106
678509
1867113
2234949
1907159
1941632
1820109
780282
839017
2815688
1843825
2127854
1631849
1515798
1198318
2675003
403670
2830840
2204460
2428900
2769359
537528
2330551
742853
2519063
121203
1503685
2064050
492981
1541415
1172920
2744158
1661351
138386
627744
1339782
1102615
2107327
2039363
1814069
1183839
540932
929535
1846847
1112128
1470384
470542
1077675
61480
1879837
98349
2239411
908466
2422253
2129169
667917
2518223
175174
891130
851729
92969
1247439
2329318
534474
1925772
1410418
2190419
2391452
923488
1498431
884533
2439897
2531710
2562057
1589210
247357
1408904
1693611
979326
924975
971370
779002
110242
453454
2794030
2166899
2666788
1879399
82205
2746596
1625316
2661401
2424573
918900
1234055
2637226
699835
904893
1506918
1586496
2069627
1425382
850687
2497257
1366058
2785599
2158032
483929
935146
413229
814732
517916
874972
1046249
676666
1127536
2297599
133097
466988
523709
322023
706416
1640251
252
431969
329162
1130307
2003340
1938171
294441
735809
2462371
272229
955089
339225
882129
2063358
1744802
2772102
417229
2641163
2871389
54155
2850342
1638650
756474
660548
1986795
2701075
2650572
1773459
534675
487352
1311088
1759946
1318630
1493897
835866
1480436
2365801
235116
2670721
2336050
2280101
1781731
1484424
1000027
1859034
2206545
2790714
363074
2680821
1232739
2400586
2189794
2754761
945400
1112881
213335
2166399
2376125
675276
1664730
2271627
30096
1136984
51099
2018096
600750
1699716
242656
845016
1101894
851626
1492979
2812698
2380784
1312219
1495959
2415725
1557975
1065394
703932
1580883
1455186
1076913
2754331
1669002
1839662
2428060
501669
104498
645179
740651
2220528
1114906
749139
1454289
1775440
2645735
597821
2493935
2454943
1179197
1573748
180759
1529644
2855060
2644245
430565
1924698
189996
2713114
2517020
1716553
2889090
2340157
326270
1167333
1735164
1995786
2863924
773971
2633179
204416
979143
2229466
993405
856468
2384411
190792
2521530
920187
2274183
2752459
1608688
639420
1099078
1143267
2454249
820357
2297679
1576349
36929
389768
1603188
1721757
817898
1433390
1406315
961193
2252607
2872412
7732
616618
2101012
335580
2735056
802613
1224938
1464223
1019514
2871977
2201500
1847668
1866285
678326
1288077
278721
1948494
1090805
996333
2120816
2863162
1418078
2461871
169797
528347
2746706
2283689
1636808
1166365
1848894
771400
2562153
771562
1511303
2213548
1483738
2886005
1242962
2152724
2061847
1218597
1736079
772496
1587564
1832737
197272
2385293
2717679
1117644
2681161
2548946
16268
1102636
2605166
989014
1781539
1793245
647699
865408
1494213
1077332
2363003
561510
2390730
1515299
970586
2221014
824158
237270
629550
1502255
2733938
2793342
575224
2305177
2005059
2182534
2594133
381638
1314280
1791430
2833781
1917255
2211097
1024825
554220
1129036
299032
2460368
1605311
1145608
1789507
847703
2480925
169716
691141
946221
1804369
2211903
393332
726209
1139936
428761
788283
1282691
2601045
1836325
1081158
1015607
437858
2287026
2683239
2021860
1575940
1082061
725793
983852
2413726
2043424
883766
757607
1767589
1619791
156562
1534704
1468253
1582144
552888
1078160
1284872
177476
2827926
2747245
717717
2054864
414438
1798342
1611372
1897038
1435274
1305999
923991
1601178
1508972
592087
1558335
1572370
312991
1869024
488740
2153975
813950
232885
364443
1677324
1194720
602998
510176
588317
1140234
1427628
2349759
985967
2545712
2022281
656397
1620306
575973
305373
1185951
2724097
9932
331904
42842
2826603
279096
2792217
1296535
1261922
1267978
255854
1789532
2026627
2141071
2864351
1380052
606403
2352764
1972549
1128559
367172
1771916
327478
329570
925406
1659213
351024
647259
741876
508346
854047
4159
73330
52808
140626
1742973
2120080
1737144
1040680
2362391
2131352
1217689
2028086
859480
1534668
724492
2297504
2580750
1985592
200633
1013985
37601
1059415
1771171
191451
491052
1130241
55583
2683213
950622
435016
801239
2753534
1433263
1035634
1506388
702292
2647690
2708698
35896
547209
1271872
2573022
1516499
1664882
2056824
1628900
2096871
1566764
1947991
2244124
2345720
59055
568363
640930
135868
697840
179619
2723473
2094878
1299994
1891754
2655606
1247146
943875
1490850
1900596
879301
2313385
1436826
352874
1920711
2709896
729103
2777600
2458012
490059
2570910
2742748
2323950
2101841
1888666
1704790
136091
2760524
674216
302396
1705867
1982530
1044624
2329273
52848
947878
1377661
2449456
277479
2067465
463770
526427
392674
1616931
2726677
2033112
251884
239044
419594
2818170
1056110
681974
854082
832065
2178654
2018143
1030574
2723696
1267561
1581686
2360678
2266595
1929682
96745
951611
706298
883304
2413102
1985686
2641053
1674791
1736840
902656
1462468
1365047
2487633
1826422
536620
2285840
2840526
1964088
224044
1606226
1938845
2691492
2344959
750581
2338888
575922
1890967
2754910
2263933
1527889
1436288
2103442
1641415
1610613
1132252
738311
461751
1951302
425227
584698
1305024
2738952
1041332
201793
1875897
1462533
2061795
1447205
25243
422553
2151267
1188263
565509
1769037
1749615
2686884
1201990
575983
1318622
373396
99378
38580
971189
903104
1361767
2283856
313083
89958
646278
789181
2433367
1103231
863054
2468800
1242903
641597
1437290
1639242
2185938
1939885
69949
382230
2328649
768626
779951
1386537
1368262
1041499
689509
1492947
2292207
2086275
1779718
1790239
590021
1484714
1637578
2626808
546592
2433048
139032
2854568
73232
434362
1031510
2493662
1345660
2600310
1569293
2016613
2501237
2404229
2705185
1155016
2290365
2841358
909933
88220
1639293
1493235
2603229
714873
1496254
507909
152660
1066119
938122
2094531
2700681
582025
2572720
2594671
2035963
469571
1978703
1321200
924368
2431953
311978
2267970
2201429
1559126
113864
2753828
457988
2415050
1414970
2306698
374991
1137324
2886982
2308225
562213
643040
2459787
948130
1255439
569002
2624717
106010
1648968
2103149
828873
714762
2435204
2649656
1222127
1759304
230524
1642853
2367011
2550507
1314042
801720
1551763
1041291
2040058
490550
2309717
956767
575111
2456847
2738439
2716989
2277602
2103690
1426319
1362334
2022940
734473
2167138
934205
2557946
1282123
2382636
888805
2419132
2469275
2282293
782923
541715
1778196
998744
272751
1651662
1274117
1621575
1296196
2805440
65774
1108329
961028
179245
847654
1503575
1128173
293654
904751
2085197
1088735
1066528
1097920
1441570
1882046
1752992
2803361
1496512
1849114
2140465
717002
2674180
268964
126534
2827532
1754082
568371
1358678
1555800
187867
2057316
99434
473580
2560359
2153978
553999
598824
1932977
2094920
2728224
987277
2750070
2287388
2234929
1528210
385533
116783
875801
779510
2064935
1871501
590468
59552
1617787
2661069
1468854
198282
380503
2404268
1669271
2604288
2599863
835456
2809581
1961535
221001
1349080
973506
945700
2447756
653741
1642349
1221860
2114759
2331051
865313
2496024
941849
1894301
189042
2218287
466618
1032305
1480699
1632410
2493470
2167492
1419011
666216
2694406
833815
2684708
851232
827360
1673406
1200934
2378207
1791325
319765
2193352
1438800
1641887
2414204
569452
2508736
1389202
1861013
2306981
1826467
1640588
2259643
737588
1937114
1641740
2416113
213399
1827254
2575992
585196
871509
2056078
219360
1224206
2753204
1552058
2772082
881169
184855
565429
1780783
2882054
869348
2023152
1025002
1811345
201755
2665640
433330
47338
1088879
2593475
830808
1424380
1723715
2704487
2730122
2731108
955745
519913
365836
2750208
2192875
1770207
1555030
1872034
1367203
2206653
2203292
405707
2798987
2647632
1857052
2160909
1821397
1462267
1378015
154417
1576761
729856
2319436
2554500
1082665
1016322
1584259
2095512
1961646
2423114
2365272
1308443
1217039
1698535
1195178
533746
615909
2451283
2771648
1174400
2510572
2445660
1651561
638077
826235
394784
782894
1879885
2775507
861064
937887
2125167
2537192
1303114
970241
1877153
2157581
2264051
2833146
866108
1206075
666737
326169
896198
1295530
1633896
652098
2331510
153616
538893
2625745
1872494
1832330
1256777
2745184
2049256
722183
134735
941998
863245
1213873
2737679
1154926
872943
2248438
1596191
2146913
1504378
1270881
2166409
752844
309877
2474112
1582274
457004
1854021
1693185
113205
2808671
1171122
1596564
1368968
2017311
2673074
747499
2823353
1320163
2748938
1810863
1307225
2598320
553834
702145
2661641
1616031
956965
325310
193408
751534
1173909
2795203
2273476
2742873
620091
2779089
343799
2148256
734968
1619547
1439703
2043812
2026395
834374
2083959
1565816
888561
1225395
12938
363523
1469934
817984
149584
1827804
2848086
2336331
1635528
205431
2254307
288206
1580964
1321036
2175112
2384387
2611979
1574740
2257026
1827157
708553
1581157
2483153
818234
2849854
460579
2835813
1071469
1765782
737943
2645462
2297860
426843
2532131
1072804
703254
405181
2642654
82024
1347321
1514468
1146175
1216000
2299482
1811963
600371
340266
784822
1079092
675869
2234005
2780320
1621304
2235478
872421
1778385
1797703
2310775
1316008
2357923
311100
326236
1437960
2613590
2126950
1320151
834135
1947860
1341091
2038754
131321
2317892
2437118
828534
2172121
1027141
2624185
2554397
1440817
1188772
1944566
2888528
2120804
2732920
650680
1451647
462377
2329780
2212580
1202677
919963
587511
1089287
330714
1992359
391994
191965
1898287
1816539
1913200
2704542
2405693
358675
1409977
1307254
2507725
2476324
1435413
609831
1442290
2170874
2101647
2450752
669156
2483448
1210901
2341973
2362606
1622722
1625069
113390
589248
1698057
910197
351654
306977
1465456
1168766
2083746
2513752
1767429
1507469
1311343
740951
1823654
2761842
2110799
1034034
2367444
1398184
2094444
1501718
2721105
1239851
1430089
120842
2691084
929809
2462121
1033474
139916
2093193
450499
1391080
2547647
2072889
1113232
2054609
2291337
789181
1202409
1239383
2573816
1439502
1733058
789620
607303
712614
2042496
1078631
1567080
1067497
284534
2813168
1651673
713184
548722
1657610
789893
368927
795880
1638837
2648452
1267610
490752
493038
2884458
324051
852200
1264859
1318271
2652908
2396325
1997101
1045104
1020444
1850030
2631577
2248440
974998
794097
1643912
2305825
2461350
2264446
206967
2813292
392699
861730
2253961
610476
2418270
1148085
2368319
1486058
166701
2530838
1619598
2108686
1302198
1758535
2211170
