#N=2400
3004444
251941
521115
1708566
5264420
2645636
508490
33482
2647131
3332403
185390
5529422
3007550
3386208
983776
823475
241200
3337844
5454535
5277691
4762205
3471531
4606343
4203692
1240421
2700668
5676090
766155
2070758
3072082
539815
299152
747522
3635479
1200076
4234213
5758506
1939363
4611368
2877710
5088129
2559183
3548920
2184075
2148282
2409208
132215
723510
4335640
1983004
671348
5321789
2231110
908949
3290878
5237542
629910
1607283
4989616
1771605
2324559
2664337
4859077
1276585
2640249
4023989
5382846
2880796
2611235
1055460
4092065
2904053
5174176
142987
1055135
1424772
3833569
3909212
4815438
3777127
5511895
5522399
2030911
1756844
279039
686870
5011202
4618306
5042724
2325279
1675804
51249
4787364
5598364
1653740
5519453
1412754
3330661
3552007
4470457
1641284
2952353
1848918
2752679
2069418
1909198
1372609
56442
4157318
5053040
1746216
2758326
5243360
347316
1508918
424009
1404146
2685923
1945777
3994750
3297916
1837440
4157509
5027911
4185610
3086355
970721
1705572
1689376
599653
2621539
3651881
882935
4702996
1380070
2012976
3511881
1082845
4070227
402267
5569680
402175
252683
3822626
3706445
4582996
4238233
2172672
5148008
4871612
5597242
3033280
3411831
74429
3060465
1483313
1396979
371068
4844034
2800771
5476719
2681819
2271811
4629960
1191115
5060500
2706024
2112888
276441
2671327
149584
1747054
1459005
1429688
4347669
1533773
5194989
5126621
2335431
1118002
1459781
5522813
5732816
931793
3440726
2689397
1402554
4356208
5417625
2162215
528960
846759
493979
1974586
927210
4838227
3787334
34697
1963304
4289388
215597
3483172
3159385
5685233
997975
4981049
4958343
4076986
2670115
2572619
1145187
5291264
1085362
2046694
5289239
4844518
3031772
5000340
2830523
4570866
671511
3317650
5679550
1415752
3947253
5655789
1878198
5257947
4582376
3243407
133277
5053641
2485197
3938337
726889
2680989
1314209
2385724
2931799
3138851
490532
3861768
2025
1004119
4774923
5052175
1017270
3224182
4328828
5272874
4651317
4019035
5130398
4787036
5297555
4449306
1073413
4394792
4127945
4292011
758210
1954941
4326751
5564209
1627403
4101166
4512466
3935358
898467
3833307
3136826
4249688
4846846
5473126
5746850
554015
5486623
507672
4332866
309793
142476
4627556
3484756
5444367
3713623
902763
5084637
1544678
2639857
2173004
5725260
954002
5090813
4988861
55018
3452046
3202698
679159
798532
1412055
4746461
2426976
4262839
4292831
4749779
4242452
984425
5176829
365196
4468586
1588313
5221385
913933
2581993
359730
1172219
3026182
2911633
582694
1685855
1845466
736399
5662260
1638767
1786163
4139135
2653514
793918
1692698
3134832
2909216
5216906
2440472
4783663
2311681
5332951
3877256
2275840
2591791
5667088
2557927
4766321
4861655
4504990
4319087
3208097
589525
343602
1066167
5606296
786871
206699
3713512
1523125
3748529
992244
2446436
4281958
2647978
1239068
694359
3885554
2905225
1870797
906407
35841
2741160
2973444
4481188
3585470
805432
2816213
5210510
1653558
3915464
2978760
1145205
743230
5316732
859468
896059
5023747
1221445
2721267
3839964
5226572
3107542
1207368
3587598
4522424
3097118
3586838
2979147
2869384
4889638
2696239
1314653
3918965
1171286
668250
3138236
4911875
4660750
1235025
5271628
3172234
3422029
285737
4610447
5056261
4401298
2938067
1183782
1754874
5373726
2632596
642249
4345119
2873526
4764036
1543277
227734
3460475
5046184
1554731
970673
528227
646403
5544005
2019412
770776
1903210
5400248
491791
2576272
3989166
3325062
4125769
1644440
1672380
3872478
2646424
2327617
4311187
115900
1028607
4522346
1638213
1805117
2645792
306836
2257093
4433004
2489802
3521232
908327
189943
4268816
4638903
3640795
2379165
278985
4090214
414357
1930004
4210504
2344726
1652682
5016566
3761291
4108038
5321292
2530524
1299010
4552117
3240962
3986766
879829
334652
5308024
3972789
3577034
3499137
3524676
2299859
4015691
1032700
1312424
1889651
3363193
4313857
968083
3112256
4642985
3829632
277322
4953939
4343435
3304645
5455275
234042
1812303
5532450
4052838
3072245
2675563
2906310
3442017
2667041
2517619
812162
448112
280450
4246722
1495251
5750710
2126040
3429507
2758568
5684844
250937
4434147
2898452
2834934
5449047
5246197
1735953
5258664
3112668
495617
4686101
944480
4500058
1860162
1146528
4393504
8522
388691
1633130
2218928
1240443
2325441
4712862
5053017
2120682
3825745
2992142
2201196
2181845
3087697
2786392
3176003
3748376
3412255
102256
190383
1136804
1240336
5335839
1171463
1755559
2825939
5557953
106554
1851639
5521113
1763648
2552870
3911523
5067690
3266067
950702
4968035
5650393
2060875
4682761
647174
5664446
5174805
4765843
4102597
5134138
2077022
3557993
1278726
4621921
614544
4728616
4248052
2509900
1373511
1649005
5737575
4800116
3106182
4062045
612864
1459234
5046803
2960821
4862931
2378950
4649828
285273
5003218
2156430
5267957
644607
565124
4803943
1692096
544604
2858686
3215101
2943448
2310111
5137145
2867920
3355105
2599047
1535601
1336671
3306099
1675530
3190526
650223
3778518
3412044
2356303
2667853
3074268
4577658
2139008
2493398
5540593
3361886
594581
5227290
3715787
20520
1945256
4236995
2364431
548575
2841232
4838804
3718282
1541372
1332319
1021708
5052949
4623347
2909421
1659151
2660288
5538483
4053920
1110665
337776
2541921
5292121
580870
4797066
3540398
1898817
5076578
5406099
5337337
3282034
5238793
2419364
399956
1395763
3285628
1593569
303135
3506485
2696573
2248424
1472248
3872288
2397073
1963059
3130939
3365231
1549623
4203982
1511999
1578545
4520182
3504856
754998
4442053
4483763
3894299
1324756
1794544
167306
1921247
1885353
2846305
4893737
4566387
95903
4542418
4656997
2817987
2034237
3587561
5611351
4272465
5504625
3795118
5176712
3690233
1853232
4734354
5443801
3767143
5586823
78128
3784369
1623974
2120572
2689219
3726993
5163510
4672467
2084277
1790786
3078966
2750402
351319
4672666
2041192
2508181
72711
1969911
2525048
2846211
1816233
4855754
1814392
1941885
5205634
4006433
3846090
4907532
4368947
4746050
3962848
3717557
1095150
3656982
2717063
2780027
1642715
2375999
1593501
4097151
1439467
3169576
5472486
2606414
3603230
71280
4746408
1989775
153678
3429295
1031819
4637624
4413396
3567960
3855796
298102
4400761
3863315
5707959
651390
3650900
5069142
3769
3078398
1017542
341064
189801
2308840
5699808
4183926
4384666
3596329
4329621
5401205
3620006
1613455
4680878
1317113
957956
279330
3779175
3223859
781827
3118569
3930475
4755757
5113419
3749371
212415
5402093
5410896
572502
4051600
4425981
1891872
3471978
5164533
1765876
3684174
1106754
4617580
3746737
5736323
2716166
5483603
1306168
5418774
3404823
2301213
2497373
5257503
660606
5053385
1786071
2768425
4944379
4543342
4474602
3101751
5399914
1350493
5748191
3443906
5342898
4024724
4889271
5547804
4057779
2908297
4700713
133706
1901414
3026410
4430155
2060668
2078779
4764956
1924676
3907321
1640607
3203988
3471432
2655457
4872282
2006005
3057099
845903
4903429
3124108
2116836
959283
770871
726741
3317910
5555094
5726946
1980974
5610367
2927347
10158
677578
1463552
4604022
947630
5425200
4899267
2934734
3124349
4480689
435889
3748426
4091707
468701
5358358
3029653
2862577
5692992
4489068
2947421
1356512
393369
2404648
975778
759796
1336936
4708003
1802874
974091
3936063
1463795
169412
5489949
1798353
5464755
2776172
2300851
418578
2498845
4139199
5152257
5727188
3153343
65329
2369400
4428642
4300586
5675157
3339755
3098974
5306048
5144010
5393574
1067712
1031050
3720198
5126120
5535216
5102355
804679
4206115
5425442
464657
1717052
5257503
4049452
277326
2924928
29597
2531658
985855
5086928
2361063
3487977
528019
2454243
1088887
1201612
5132385
3955746
2468675
4238336
3116234
676651
1701593
1255835
3381119
4321441
332375
5436913
5103298
2489063
167939
1178481
443000
2332575
3023130
2508944
942347
702669
4933870
2261154
3562184
5666821
2399089
5086408
2085134
2893142
3496212
5657325
5602787
1792024
2536743
1860399
2058808
2143428
5686736
3704206
3981419
3603313
5268974
2928091
1049338
3595364
2918627
2697332
393503
2320460
3335075
4441194
2900486
5027050
4625341
3239052
2584961
5265948
593470
1191085
2053631
707463
3120582
2745663
5493216
5156591
1933664
3117878
3922010
2083423
4195233
56602
1557250
676885
9464
3115282
3201861
598167
5122258
715585
5179975
3071300
5575854
4424709
2442089
4122669
2645582
397151
2215592
4649283
3830504
5067968
974248
3723992
811999
1378613
1234581
4613517
4682646
2868682
526173
2521623
47138
3205244
3235024
4174573
3753025
1489551
1178192
2050957
899732
5518542
629211
456460
1779127
1048213
1907077
2759575
1329922
2907624
3675035
106512
3259244
5355635
1492686
961758
1459243
3129174
4087344
2161023
2821544
2084205
4049874
635841
5212220
1745473
2996380
705342
589819
422926
425021
5206548
3739414
4344274
4309384
4779553
4481566
3762728
3847816
1223410
5408381
3082675
3377102
1300760
2899667
4123512
2634415
5058221
307630
2003139
2874424
1188977
2631986
2304401
3399462
3510152
158928
2573454
5043597
146547
1446788
1840747
897164
4719862
4625984
5309931
5695013
3258156
4114348
765140
3606308
3110896
4946284
4016866
4426346
3601446
3815882
631276
1187072
3881929
4134429
5333299
3549516
4881834
1148748
826008
3229831
12381
129941
3202850
4012659
1490202
2974764
350508
4784849
1367827
1195583
3933148
4415124
6727
582132
4352718
3447826
348113
200984
3795069
1417649
5693954
1260123
617049
5095688
5012595
4184551
2723508
655278
1136367
5459343
26981
762997
3403015
4991361
2665426
2465353
1606937
4914926
5614977
1715979
192131
2354291
4825681
1322177
234019
4151734
5412757
4690464
267031
2534946
5563876
5361541
1010804
2192499
2372180
4357317
2051459
2027441
628297
373369
1059603
5558896
2860847
937661
3384424
3510501
1613652
4654233
3726069
3260686
2650299
3633230
2120272
5437223
1669420
306830
3884703
2877811
3889864
5428766
527417
2374652
2989361
2413488
141040
5108014
2732294
681364
967838
5592678
3272523
121941
1177747
4113622
5084010
4490192
5544432
4112966
2003934
4856115
143689
1976352
1963810
1813441
1552519
4551610
2176967
3219213
1353669
518486
2439405
2877205
2233612
3641348
5441194
4222951
4140176
1902892
3168842
5609173
4414931
3922176
797932
2447556
3332466
5734320
1489532
688317
2972552
27582
2892305
4090249
423832
2175476
5396475
3096582
3197940
661756
779808
3239740
4044875
4558058
3196011
2773937
5261173
2541577
1054109
3294279
3247962
5006667
4811241
970650
5352986
5586889
5721299
2644148
1765043
1461950
3556013
4642304
5363751
5480105
4453775
2090526
4737536
3737994
1320049
4721476
1380157
1981751
43729
1270938
5056886
654434
723103
970169
4056890
1807443
4243039
1280587
4416956
3987628
12626
1712113
2825121
4259349
4848136
2882740
1858200
2839184
188529
2276500
5505844
5479057
5533752
16060
2357837
5098299
3681022
4872495
2684866
5149295
5311111
3089992
1360820
4675661
2487131
1779578
2153762
5018687
1267961
1708118
165782
1513278
2623978
5702382
1404424
1012226
2694211
5341701
2096616
5232749
1506023
5489784
2124495
435453
1098314
3245343
1416708
4291727
4324660
4358150
3788475
635450
5366137
4344518
1525173
3228445
511617
445644
3856180
5514684
4844141
223401
4872129
615026
3008171
1822724
4675611
2224738
2838952
2366833
3108254
73845
3394744
4639153
3782020
2566588
3683959
1821834
503252
3689210
4752014
4207233
3873552
2137692
2836176
1079529
4135541
756934
1361503
2636054
5405830
3232390
2975231
2052680
1699416
5546709
3747048
2308778
4876485
2765107
3735364
3232377
1055101
828156
955194
963461
1066611
4758025
2829821
1059294
5575658
1617597
1371057
1797298
2765427
2079242
5478027
502762
1111104
2892389
5420824
2356425
1532974
2191798
4065633
4153913
670224
981941
3336690
1644108
713281
1910483
1280458
4854916
4524821
960445
3893640
7316
4942367
215499
5448238
2781635
4612171
5051816
2079272
1265940
968137
2585637
841939
3517955
362690
3229026
4050793
2142336
1521574
2086967
5580499
4786117
268660
1426207
5126926
621641
2148937
320013
961275
4517505
781353
2681416
319079
2160732
1363329
396421
702363
3346231
4083679
4256910
424001
2213458
1226222
3372914
5227162
2983630
710727
967101
1325113
1498733
1818307
4154292
5419192
4410295
4040545
3810188
4423641
3391433
5298660
4039860
4198425
3383897
1318086
5682659
1458368
2780374
1076018
1208729
2922230
873495
2033963
1814363
2746297
4002593
1665462
3263336
661792
3975270
4908795
2930821
1839542
2171288
113747
612279
5746654
5412388
4271528
383781
4953009
918038
1725049
3279042
1925529
3300988
3609915
5012915
5618145
202523
3938041
111142
3887199
3791371
148901
4246237
2344076
2453468
3117816
3490971
2135728
2737507
2817074
230538
2184634
5224636
2100751
4366148
459379
2356765
4418733
677241
4752510
4184062
5429128
1675889
2446118
2410667
78149
5507003
1078599
146670
5722242
4404238
450570
2458709
1128420
4613105
317740
380309
673897
908465
552873
3352439
3889787
2581762
3768532
5503987
5707416
4545413
3364256
4997947
11389
2079895
741218
3018460
601015
2699116
335343
5691480
5544762
2434362
4459375
2266808
3275818
1597466
2140969
748111
2942483
5169276
4590712
3081458
2778678
3731112
4347183
3149076
1637621
3986394
2139730
5472745
4534024
287636
4256728
2752930
482155
3802103
1686392
669536
2914354
3660982
235379
2281229
4918545
1865184
125839
1530981
3418258
2731694
920675
5621026
1393872
859600
3497551
4392878
1096765
5124065
1009346
1924877
5212371
855369
219292
784369
4568757
454625
1066537
5572619
887749
2788686
5197433
5396401
4502438
4130196
1158665
2390838
4206927
3154146
5373582
2560508
341096
61075
2123475
2760995
5522835
4133487
2386807
3935164
4674969
153976
708860
4428002
1049888
5524668
4481107
4756138
5326877
4037852
375186
254624
4046249
1067237
3241010
1114874
4686545
3764520
1780532
649693
2813049
5312506
437033
2343377
298241
2753264
374188
590946
4221793
1236105
3226304
246967
4864089
5707469
4710171
2053751
197791
443255
3384227
4075528
4754878
5067950
1776889
1934650
1143968
5236491
4097618
4036851
951471
2228027
4975936
469672
5014265
2447045
972463
4470571
4291471
4898084
3124642
3974826
2132017
2282111
300072
1813613
5509678
4266915
3432800
885539
451653
4076277
2298638
2820228
3923982
2300399
2600308
1870392
3288295
1869591
4820916
481798
1977037
1532165
4260485
5306970
3915575
1834380
1345928
316645
1769341
5605807
2678029
5081680
1535709
1793157
4140814
4624139
2818537
5116523
3350176
3391425
4915571
4761515
4983196
2053590
3775380
730717
1812752
2806496
4655829
2292026
984589
2430068
2379866
1429379
3961042
3598930
4828315
503397
2401891
2447662
3073372
5648148
940866
2671571
4734621
3787566
277237
4190388
4964228
4348662
4168230
2861981
5749410
4252479
5004114
968884
838163
4284002
825182
2225761
4675435
5315211
3232302
4540937
1364340
3457644
200313
2380653
2193301
1517019
510070
401801
913527
1916576
1397609
5307509
3586614
1688576
22158
2102247
3362528
4679026
3617868
4780526
2417591
5483388
4906978
4372403
4371842
1269972
4753460
134498
2954145
5534658
3343899
4743688
267618
4443295
873857
794775
603492
4353495
4764193
369294
3093238
5469034
4288626
1484366
3089324
106407
3247655
4342002
2261435
3894481
5633549
3805189
114820
2640281
5378943
4237344
4075827
3982078
1553875
3970458
4270315
4660605
2873106
5232844
2843077
2280363
1790583
4997474
263532
4058435
843944
1608871
2379710
4182218
2999987
3510597
3604973
5113175
4468454
3219522
3779660
1996543
4186246
640752
4324454
400140
1686744
105369
5471764
2653271
100627
4797471
820802
592743
2445536
3605604
1020105
2495424
3156805
4414662
1678725
2421726
3372160
3632388
5340521
3646812
4802144
5148726
1333515
1475185
4793277
2142183
3432090
2789381
4714008
4219085
5451653
4793474
4768018
674292
835743
5267885
1355210
2975199
4335913
5710113
5212074
2365444
5579975
5498355
45776
3806337
2841206
5485349
3593520
4955071
1316572
2330234
5118725
4951332
3803096
1007171
3188176
4973006
3097728
4683810
4214342
4777361
2961006
4263409
4082358
3620545
931971
408372
2526401
973744
4893414
4476995
2319668
1773637
2657149
320428
4976093
2649411
3172051
1263286
4599621
2125241
4287138
4111554
766431
4590091
3669443
3267642
5521939
4080368
1722804
5710934
5458278
5100462
3331438
2677261
97419
4721503
278234
2812681
4414077
3119777
1819846
1002514
2557545
7738
2908378
3712807
2813065
50085
1739423
488067
1358809
5457048
5205387
3258790
4828153
5349076
1544838
4574281
3385366
1385618
2379496
1784292
4006318
3373210
1402302
2048013
307426
2918458
992835
2414837
562232
815383
3854137
3608013
1957948
2858292
976659
1328273
4451277
2042376
1042681
2863295
628895
5616312
717227
5017147
966985
4922496
2194785
604348
3139301
3769561
5145266
961579
2069059
4243845
1055178
2655865
1359501
4940727
4320701
1717494
3620711
995845
1634629
629675
4167016
4694283
285592
591257
416756
189645
1149342
1371748
3652602
1554732
1825637
5125912
1783195
3188500
1219083
1180996
1700502
901421
5666402
4176470
1887619
877727
4095165
4405282
1320016
3324856
4846141
2991036
2588829
2700347
5107358
2579034
3280802
4859223
4205190
4805009
2297044
5354611
4309387
3289965
4534813
3400413
3906829
602198
1487997
317661
277870
2287308
3777078
3791950
81305
3242337
5317711
770309
4322417
3092256
736026
2145794
2646953
4773071
4182821
248135
4133845
4235794
2562179
4610580
495621
3770354
5583073
908974
4146412
3932615
915690
3589168
5087604
3963965
1303859
2245921
2206003
534741
4234239
4074272
3683196
1228730
34282
2176623
5208579
1722956
3722974
2398818
5402502
5707028
3445956
5283265
2743447
3555101
3790783
4349923
4387218
1650458
4756560
557244
3608287
2711726
1288584
2841682
1757961
769118
2774958
3891732
2611546
2008784
4039989
1506572
1780152
4071327
3216925
2809760
1083730
3775947
3716138
119236
1966855
5650856
1492482
4153525
3931158
1143599
5353364
3829974
2805447
2044833
4031936
766604
953765
519466
4830000
3626230
3917573
5529449
4615019
108248
228632
5728663
3052923
3733667
1990871
5200979
3856898
5727770
1809091
3825282
4386755
3573331
722973
5112159
3563437
4864460
3101428
3308530
4561314
2038843
1091068
3512470
699880
3087536
1365169
5060552
3774487
2812599
5300817
3649631
2815326
1258241
2741067
3611944
5636770
2023102
3391888
4794892
1341015
2999036
2105584
4037872
4773169
621789
1014006
254907
303145
1062585
1220737
1048844
342238
3763533
2147301
1399329
4076325
3315845
4523011
4888131
5757274
4042576
908564
3966658
384747
717964
220056
5605154
5445363
5156127
1692582
2066419
3985868
1483795
3023866
3521537
318643
4714697
3797446
4017577
5483623
3217204
4661544
4702910
4450484
3594731
1639594
3951469
3318572
480435
3979567
793891
2661104
4953876
3746601
5302870
35877
823930
3912571
3378944
173534
208787
4802554
5227606
168427
3072445
5484092
1064342
4991075
5343517
5116033
780713
4526721
70088
2066591
499015
5039435
1159159
4735178
2524681
2582607
4785692
1810565
2121510
3921274
2922671
1390298
2416933
5413671
2707059
3339666
5469205
40360
1730109
5503515
3867360
3841371
4903851
711585
3213637
816796
5045945
3477398
4027706
5553930
5670708
527112
2514753
3339828
5709487
5477392
461097
5627694
4647895
5494487
1504340
