#N=4700
6499166
10759837
6049231
18800981
10372087
20677079
5838530
3877716
17325517
2156603
673495
18224038
16600950
6999569
6368537
8411038
16033104
7348786
17676142
4243465
2966292
18647954
19195139
14709797
16304811
18750188
8895417
1771683
5385529
14930775
3089964
14541737
387749
12215703
17716001
6494371
8105113
3681927
7957772
21191480
7645654
15763927
16609052
12943462
13056466
3773301
17578448
16543189
4382494
21118189
7138327
15100046
2343143
5198502
5814380
19286678
18118209
16054643
3435270
17687344
19296577
17717812
18915737
20736930
4110590
14034074
3290150
9003633
18126273
14283845
9335979
21545744
2707461
17589301
17455015
1266827
21480808
18550260
14158413
11372449
1438595
6693375
14039217
9900017
9170294
16603289
15851408
430865
1511617
12561010
20861608
3313197
13607222
4881662
17446780
17196958
661352
11096305
4421205
18670530
11576384
13836679
4090728
6194185
18198494
3658306
9198415
14861910
21865215
7465038
2086782
13628579
19613082
19525929
16138610
13492979
19845223
8043949
6412809
20288420
3707339
20733496
7956418
18500265
8973861
11104026
17529304
4080822
21609922
17428078
14579802
10135750
391735
5185973
19085771
3336584
8636643
6486928
17528678
8236636
14695507
4650854
2243520
10873654
21770707
12848212
11833721
21646803
9090161
7769314
17085553
7297075
11759635
1605943
5724512
4893039
11584104
4854777
11591021
16227723
17036342
14147380
13139980
19145152
18639331
17352394
12651458
400007
13881421
12877824
10746666
8575404
4970147
11485309
3793484
4877455
3758051
4064407
4561250
1793086
763230
20233161
6326114
11620147
12111839
869735
15392018
109932
9908435
2197192
7841294
2644741
17598050
17877587
6493694
902874
3470972
4527184
16496892
10059568
7907677
21351358
9535471
4846243
12480809
21819078
316205
1964965
3301177
11171640
220523
11233084
12874873
5456379
18318129
16755458
17804851
17948377
14358638
7263694
6689143
12053708
904598
21448727
14406614
1966509
6495982
20254956
18709508
17235535
5277647
7814984
13624099
9806394
9283589
10515844
18517901
11234565
6497993
18911645
3050318
16854145
19758506
18209415
9741528
369752
2396820
15294708
16012784
7058481
11112646
7330417
19737095
21028090
14952744
20995210
5347002
11350448
19730860
15648075
8364987
224804
20621396
3108255
13378494
20139025
4017851
4359807
12937798
11733849
3906689
6930904
7112616
19388754
20566146
21290372
11200520
91890
4182062
8682367
9411387
16928108
14467674
3495436
15681088
3602296
6017901
16542479
7739012
19506056
17116680
5256732
8936310
5235922
3843954
9018687
7201227
14374003
5206668
10760445
9374783
6607936
13208309
7912245
8188234
3137806
21861861
2518153
12770504
14097505
16304694
5915951
6000571
10865377
2231086
3892160
616835
8601846
21515800
2482280
10569745
16634309
6166328
4671174
2788246
11559952
3812019
1194333
9752771
20688733
19642136
1462538
3173253
14824054
12893936
5670081
12457303
12517906
8303460
6854553
12850485
5439316
8438416
2108411
15002093
20472792
9219912
2888106
20122101
4881491
18405952
10652122
13846063
21449928
859155
6347464
1807181
9966838
3642197
13043784
179029
9571633
10658602
19593173
2366750
5129581
19456622
5602750
4420972
7617694
3169688
10742073
17280775
14809176
19732051
16867537
350690
4338421
6572155
9469979
17878980
1709575
9792967
12252150
19642747
17735869
2705266
15606949
9787808
16160565
2385181
2675857
7204883
10282572
136551
1517551
5462159
16592478
7186613
20522451
12426920
10450513
13100023
5166789
14458485
20147181
10295382
17724263
8549442
9616131
21767012
5626830
4156828
18900650
9546883
8789349
7948060
8634702
13221767
11865502
8955682
18946161
2539305
10440883
9573964
10387625
16420938
11783260
8919109
18826101
7422428
7260131
18082028
15042842
21714958
1487773
11597739
5432802
18047252
2922612
5459302
7619913
833497
121030
15706141
5665732
17657583
836109
21769021
16365607
9326197
3268350
14125748
18995232
16109945
2544254
1468515
2348388
4360832
1658978
744073
19223137
12388724
21347806
3445103
21035707
10284073
13428678
22063501
15180890
6842665
10091823
18757324
22011317
4553448
14870032
5986711
1291975
13599913
1164221
6993410
17174516
9248405
16335044
17526717
18515108
20273423
4563088
1604315
7227696
11360255
6239818
15778034
18196569
11063733
16859976
21062207
21946735
6586013
11971677
1177117
11674900
5538375
3887292
20778157
3261472
1270119
4822490
21142117
1178947
18759368
12748367
21737800
12823298
18151622
17717180
21664344
13045727
15292834
17454497
18293213
20007237
22019637
21008059
19224363
15960550
15027514
9090529
3433168
17001114
11186853
19379826
17740295
2276903
2617173
15955667
8962907
4844722
8153123
8393750
6284699
5936070
21440296
8774171
18002505
5105895
2424346
4209847
21596065
17375597
188411
19375155
5536425
6059086
10734095
10133834
17280933
20116401
2657227
6143343
4014370
8909950
21516204
1784628
20157547
2526001
12556095
5322708
3313574
2217053
13797005
19600528
14777116
16334401
6349825
13792658
10353382
7138749
4021435
2220910
16592723
20972877
13394611
17492592
15621705
12707695
7476606
15891141
20855582
20590829
6717140
2229742
10842403
1653752
16072085
19588390
3965978
10339042
13615704
5803047
14283488
19552605
18004254
984458
10734570
21301077
14524774
8132472
17389578
9892110
10916300
3853682
5351172
5440467
10015985
4484114
13942113
8975778
9174001
1289390
14501977
9816938
8247658
18097565
2441325
10486594
5972686
20252932
18145554
20906650
14642345
18052581
13571586
18793178
13303236
2602098
8665050
4632663
1969723
13535895
4540938
10229384
15927698
5620608
13588354
1040207
17400114
17406274
21317353
4110614
15131733
1157962
7375613
19851065
12124879
4278394
19184591
11909587
10364138
4846524
7335064
17939168
4749345
15723039
10128128
13424123
5385926
17219155
91725
13830340
19698198
3673881
1394580
19641041
15064046
18272081
1812855
18043051
2274540
2822940
18825002
17370669
11123084
7850769
5420024
4968843
20757808
14338067
4574523
14514971
97178
18455576
12564591
18168774
10337113
14998973
13332398
13645587
19610958
1171395
17189310
4810708
15453386
5212500
17828186
19110996
15997541
3743466
3971600
6993872
18543408
15727783
16704196
10907792
9182962
17925509
394319
6242837
14240889
8208948
6703931
8771956
8118463
19655618
4836375
1445077
17478016
16914554
1209827
19553801
12561560
11976810
13826074
18432391
11304960
18838271
19892947
9003669
7290058
15087368
17133228
7635616
6544821
20868688
10513472
7693675
3684620
19028923
4292457
10222483
90485
9138313
3935581
11426936
2177602
14765373
235250
2677766
9106545
11323018
5727727
16219170
671850
21831355
3292994
7054842
11548212
9559130
18713993
4407993
8542547
18354541
19212145
3604697
21937619
18328101
3401218
20305688
18938438
17244145
6286902
10753549
11714262
16013760
11191686
21589836
5658828
15755784
1703590
19730926
15404718
10739924
17679727
20460560
10283142
20577416
10430850
11893770
1016583
359452
7285849
9691401
1170473
5637595
203479
1631930
21479663
8247074
14018786
8184889
10283433
17116694
4315414
12214427
10354932
189453
2549796
12771453
351065
17807218
2051199
17034159
456781
19192311
10029710
3142923
2224383
14824949
9361472
13415183
21278980
1648254
9487922
4292093
6247932
18799957
9703145
18048325
20053641
1655642
8623026
2822557
6761762
4125960
14418182
2337029
21928389
6832578
10720254
10160458
13987
9702440
11757999
19403859
21721479
22048313
20625002
10899201
20389521
7713218
3927261
21740437
153872
17531517
16678949
15043159
20836316
12801054
9425299
21984635
16983881
4497065
10494376
9178284
9041123
7585603
13706776
16521481
11572142
5771365
3156010
2700128
10070962
16553238
20868858
15575828
1658792
17665335
6971940
20739084
12312897
13239296
9815039
11954265
1448751
3877895
5617859
20941682
17907174
4928234
11490258
12559148
209493
7662324
225058
14609643
18103462
7935411
18119022
13625565
453954
13446324
3921271
21338685
14894445
7957074
8603888
7763260
10105989
20576196
15677596
5112182
11790544
5937144
6336406
2597070
12814273
689625
9451424
10101577
4718741
8581485
17087640
12443402
11648863
14379648
1244171
9231448
12235008
4672698
9704293
1205269
3305429
717748
17488348
11884736
2604636
10117692
14175665
9747357
13539203
14494002
20865777
9193474
15212872
5646780
19989198
2712696
18060885
5623489
19857488
19118891
19022623
2707992
11199230
7170966
2144639
18661474
4280705
11029739
6120820
8986545
10560473
13510694
20203113
7370656
19799072
19700830
1332040
21771663
10971581
4345728
21371131
15218997
16047828
12500176
9675896
14365708
9698759
3695545
8690867
17149496
12673211
16605208
563353
14627757
2890260
13204901
17294205
17384161
5222817
14700127
10873432
3189817
20555173
5255834
10792166
2780960
8729249
19076313
400532
17842585
10387901
8870954
10296652
1682120
7554968
10733901
10428392
14639264
17865886
18929210
16586143
20135455
13714948
9448452
2087103
12349651
12735635
2594078
6510729
2033000
20988505
10371149
14487651
17774213
1280135
18559405
2380427
12976665
8688412
13619579
12299484
13459332
6069537
21652751
18097279
15005704
19711567
13589183
2806672
19820432
5214262
7137690
711901
6118848
1466368
4246576
5838922
10702635
3695573
893130
14388900
3214292
9091014
681797
20147337
10393471
9870993
10850849
5430732
22072632
12303592
12736733
115603
17907385
6694735
4508096
16952583
21981136
13128471
17758983
1772080
3848965
10424873
1218876
279926
12853733
551003
9699342
1067286
481281
13892117
18460654
9910507
3451094
12900804
9296487
9716289
14641913
3300808
14784000
4620578
16486208
10795549
17697508
5708353
6803599
18223177
21283601
2872606
9279506
12087660
5306755
3569039
2324691
667873
17424135
11786447
69721
17897226
9450183
17414326
10441023
5559850
614019
20578356
20348892
10749230
17022290
14774886
8904600
3988450
9013071
15531406
3991950
4227882
6514753
8684544
8943671
13949491
19655851
10464017
9762969
4638882
8234905
12628244
5351702
4280460
2336264
9498947
7456202
3890333
16800307
16706219
12054510
16708341
8309617
5574006
1844630
13033840
10515365
20216746
4750051
9538740
9016653
60956
17374212
19408813
11118694
20569654
4186522
15016969
6982663
1888276
4040731
8707995
10291980
17942756
18914259
3199481
19542192
17593535
18679375
91966
13150153
6480504
14863711
17365778
21902192
8471436
13037339
5730176
11200092
4689095
14254529
16451392
11032263
1558108
15222291
18191726
18340542
2298246
10976238
3028219
18439847
12941526
11883737
11846050
3154115
1320723
6610107
19450226
9196933
12198871
7318256
17874376
11421863
11145826
4328438
20925567
2024894
13101795
13565647
16838701
15746832
17449972
1229100
14930538
5307567
12924045
11969039
20065874
10701950
2788262
13234482
6593797
14540962
10563014
5235943
5793890
18967342
21254787
16885521
13412558
777008
925981
18299488
17339848
13874482
18070195
7359920
7276194
19444964
869226
20363152
816294
12142404
10395056
7715050
7331694
2222095
9180776
11584942
8861704
15090852
2671468
6111405
13500622
18439224
10824707
10998370
5554783
20477779
20713091
21956622
10280712
13895050
229293
14733479
6598288
3378782
6490693
13756594
18628670
10816823
9968096
19944795
9564261
8172961
3287825
500303
20203943
20933476
8913474
7503849
6343781
11075796
40249
2502252
17637991
12436929
17128831
5688162
10197067
11571591
4390878
300784
7296762
1604062
8242785
19685246
11593664
17763871
3788498
3437425
6006113
1795135
16656970
9063958
14812570
9197901
13676830
17453644
19343246
2591228
7463600
3841529
20281357
9693321
7463421
11949829
2239861
10310791
6050835
14649834
4274829
7540367
18901550
9701516
12100399
12568915
20650299
12909789
11757758
1993363
8870456
19032156
13826117
12212620
140679
19448926
16698207
15839152
9990044
15501717
9153423
2523830
18468108
8331528
12207010
1906181
5898994
14433579
6035961
3264019
501835
21416865
17529968
6332635
15894769
3944161
5564707
18656936
4039333
19569154
15010798
18747836
1555027
16467191
267964
6391527
14212433
1196490
6685729
12219764
19123609
821895
17160372
21315478
2432534
2526982
623771
7388526
13931744
11462648
12577602
21012751
5522096
13585807
5521479
1991383
4658378
12839105
3646138
12135049
18014127
20633607
18479872
17253500
7008309
21161475
4459349
1992669
8916432
5863833
21902944
2561682
20479362
14633389
20691707
21887560
10685239
16004674
21654475
19762544
5940552
21081796
15491272
8284263
13680980
19525926
20435246
14613330
16914978
9856083
15745178
760627
13625298
2071947
17547702
5015640
16998594
20685517
6933276
11108301
7474472
7269555
3959976
3345353
8701701
4687032
233084
13012696
14817673
572679
4271272
2409840
12154367
718897
9939018
21157650
2610947
15332714
3621703
20907902
18320785
18426781
5302926
13363209
11916905
1615736
2835914
5890293
13211045
4417272
7148324
8882669
20657855
21362945
7865820
442556
16712911
21750406
8741424
12407833
15261864
3552374
14560822
17840268
2861501
21449856
17535947
3793046
19101929
12038474
20358527
9711127
11263427
3687190
10527295
6026612
15248243
3172193
20831969
9081926
5849418
7875380
1016849
2878849
4650033
8205415
13791133
4305078
11242092
5189049
2600561
19511597
5444424
15200967
304321
3822006
7101478
10251024
10278070
14144353
5528598
16671337
21273833
5236814
15282499
12108653
7284644
6166316
19412775
12956589
8065077
2970569
3225347
14901435
11177717
344955
1716873
13355634
6458068
13820496
4498176
14243146
1870825
6375969
12853040
16896849
15633936
15047125
9475977
20450285
14960521
291783
1388838
9165180
20042171
9116182
14785878
16418056
2854790
16442206
9731242
15253642
18636404
7633943
17938113
2575633
20730439
9986378
8857458
14304922
16703222
20212207
6143657
11817528
12832034
19895915
7420872
22027203
4840155
9184193
19061446
5795341
7093164
14362657
21222853
3624115
11014943
3097223
6686814
9691149
2559352
6850850
2069080
16060771
8993505
7951735
15808176
6425516
20126708
15488803
12914816
9639245
12133724
8337743
4396655
12894831
19809311
2990230
7719308
21134814
6844580
4698789
11416040
3469048
8101265
18125630
1690852
1323794
537871
21925965
12375619
13342133
2610896
16207346
252595
2567988
14668579
5072924
15600701
15241014
3355078
9330624
5242589
21328894
15371983
1406425
9929074
3428048
899200
3020518
9718774
8129083
1351075
15380411
1778196
6777471
251309
1854888
15791726
14039289
1978619
921824
13089538
42907
1538767
22023223
9057288
21517566
1717845
11023628
9998424
8869736
20802192
8589715
11399819
11943935
5260776
11662107
15799274
19613669
6422994
16428364
6350887
16663605
19882653
4676858
17829296
8302020
4629820
14869902
5703302
1935711
21473057
17909867
13075620
6864753
20305377
2787210
16272692
19691661
17064988
6162260
19559918
8858257
3328939
4491263
898212
7737107
5239113
21460911
18016333
11849389
1299262
1674028
3587860
16334183
4800589
2959394
7352269
2694109
20240397
14636986
10950092
19361855
2358041
15041961
12682062
613716
12565774
14863983
131743
12960282
2833321
19822205
7960045
345382
4005701
1527302
16564326
15479724
2825198
16342305
13015080
11808631
1626990
628466
8981914
2106480
9562549
19558835
18587569
878542
17032496
661682
6679793
1744324
7229737
2571630
5235524
4359043
16784212
7153089
5000237
7241490
20570055
11186294
5871057
10615978
20792104
222021
2464644
17860119
19468865
17140165
2826717
4274061
13155918
16266631
5608912
13437558
7279889
589437
16288750
15288172
20275496
8861714
1262351
2870694
12630969
2835986
21448807
9542722
8673035
15903944
1370432
9954077
17237741
5649036
12904885
2931985
7596707
7414479
19786953
19948355
8737798
8650087
20755150
21808361
13740292
9773026
19238809
14081718
7157492
7427036
18779372
17404802
984295
20516366
8265438
3088247
16252951
10298414
12925841
3472509
3419753
474947
1802743
14305756
20142330
5490405
9988583
14491904
3430232
11136866
21283205
9019438
21753346
15735675
7323103
4412125
2615533
11811773
17392347
16596242
11196291
20353007
13892915
2649599
9016965
20057025
17005958
12780442
6878661
12450894
1669766
15957549
2422618
1065888
9070724
10403976
6813724
20941718
15298700
16500794
16227072
10301081
6449886
17341221
13120142
17601331
9109778
12862843
5369032
19129341
7456878
13300243
16089592
15925891
7733642
18326524
17931915
4555064
15864226
17764664
14781827
5357429
11640376
14108642
21095716
10219007
17195277
12402931
4714646
9751170
14804459
20975851
1934490
15692107
12984994
257298
12232298
16823989
10159516
18912341
7793300
13620988
5566600
19853069
20083977
3178578
7215849
4920802
16616789
10506797
6124288
673184
11105265
1421369
1666916
8692785
5504361
12197658
2352023
10582346
7816680
3865902
12744408
1677191
3459809
914556
12187783
20163509
9030689
18628529
13345741
14783783
15627012
2388022
12637220
19916726
13405341
18799052
20886515
15943604
4155083
9456470
3759819
2412480
18007009
11559258
11094313
21765566
4380978
20576121
19927939
6139488
406093
16583403
16332960
10139852
13973868
15649254
6817768
21090458
3001517
10957719
2146563
463837
15826232
20681719
3783762
2215288
19397520
16183596
16937336
1742603
13539462
14290562
18161719
994993
11931831
12608192
6591178
20331491
2833578
8098086
16650080
17109793
2609535
683706
3322084
19726962
12647737
613600
1607445
7291231
21975038
8308395
1433626
13610944
1284199
9690167
7367953
318466
7397685
2646774
5670885
17298019
7112282
5553526
21247367
13690341
14528165
20583093
8434962
7813785
5488551
20719925
18541260
9726125
10125970
7462035
783067
10110056
728562
15389050
10611156
8364094
7024196
13833460
6242991
965733
7046033
9474730
16737582
16943217
288043
117359
18140653
20265493
17868913
664274
5255379
6714380
19848093
14558589
16116077
17852426
10593955
15832776
13696609
4769464
6733472
7484017
21588901
14454469
8364854
18867697
2121102
10812014
11540978
1521812
6318152
16946367
13940238
21373774
20892565
2112551
9091998
139929
15010114
11154533
2906182
17540342
17441855
1995666
3964634
5036851
8909368
10578041
9099304
6212592
5270564
14369004
21209164
7474754
12333367
2306391
12080270
5352841
4493862
16684611
14425126
11787930
807353
11827687
12281776
20752635
13945989
20027466
1987298
19559773
20556230
910515
18329259
17158554
15176299
15476593
18027548
7450327
10061028
16820301
7093429
2549361
6789188
1566322
17484485
11734077
2566080
149210
17771266
14795933
20630809
2597439
4259705
2144719
19971699
19097862
1428887
21229768
4224787
1076783
1230514
8151226
12577768
2852665
21221007
12479523
10169116
5960798
356898
12265218
14784664
10280657
7154877
17145112
21090243
17335275
16052811
14613699
1608402
15173827
15289779
1149640
4715741
12005395
5469383
3495482
19626626
352104
19999254
18163561
15342567
20467849
13773771
98244
19527101
15260208
16876176
19993899
13266135
12166241
5110341
19729553
11280415
11909603
5845851
11230094
20480424
5632535
4077471
5212313
10458085
8037935
17770258
1220259
14468770
5117279
10339780
1463064
11853089
21621405
9143341
15244322
5694299
20603564
10065620
4286752
1994073
4709935
14883558
20380134
885826
15290739
18637252
4803872
18272731
213316
11906174
15268111
17264451
793087
9532056
13991377
15659166
12652979
17724031
17759256
20107742
15561926
19163275
18698767
20680657
10629778
9932253
1407547
18609491
5355685
11493195
8457490
3824109
4346370
6496433
835505
1771559
18423936
14987699
3004620
9792417
15866637
10489606
8026625
7223922
18969078
18357346
19989910
19388789
2162105
3349532
6162525
21724821
8533497
8766514
19273110
18863839
4576568
16757904
14905551
6285127
7146824
6714608
2988604
7328362
10162497
12691358
20856940
13385070
3874612
19358566
6519343
8642715
13610529
11759279
14077564
4333840
16195241
21393929
17979814
7280835
21659586
19486012
7205262
11759659
4189945
2515206
3958287
3044992
9611079
12944494
3296523
4572013
18642112
17140798
13314974
1530978
13570296
1498374
11619278
17321898
10501588
16850064
21408703
9276689
17654039
19527186
13197577
13667957
21824344
20583803
4829124
9899927
20049618
4690056
7801372
5898504
19747678
17857345
21838470
9792617
16392383
12999277
18100590
21864685
8324052
11816600
12001700
18338399
17840338
16859215
666746
5978450
21286026
6635067
832662
8739633
19792843
14703775
8838833
16677968
5287736
4892618
2098555
14151114
11785930
12034027
6150034
14708612
6218513
13592744
13782028
16617699
4675224
11037541
14616535
12075654
20819814
21986037
335202
16615439
17663189
16121680
9899338
17299944
8932225
8218888
21990801
3114875
14169590
8699765
14579413
13226623
19950240
12154528
12754630
1830869
10569065
14647291
926584
16444366
8917520
7498038
6754714
19443122
17061278
14720499
16494003
4204375
4322848
6303523
11469651
5116796
7189455
1680450
17399144
10570900
16139298
18044586
15379014
5696518
15593077
2424884
471992
18119371
6339014
2860890
904285
16214699
5729771
15518547
14443203
16317950
17280311
14124216
7702670
12856903
15151202
10190479
19578276
3959603
21204069
9789201
9807652
1372105
12384704
4108109
17281887
15196331
2451509
12954130
5224526
19563706
839421
2364653
21968637
16967867
19221120
7475739
6525047
11501822
2991786
5072537
13368831
9176959
21063015
19602191
15368628
15945150
11076411
14542626
16241951
19831964
19494498
5699543
10933770
19278374
6410150
9081308
14725356
9731355
16868260
2859873
2348620
5961555
5233533
14492898
10442819
7719298
9237503
6206061
2886542
15904828
6099523
20610191
20651883
9871416
8525780
826002
21793199
18087999
21891680
15295959
13651744
216124
4042944
6606013
9306569
18768796
14303049
11865483
7382735
10906705
19716340
14699273
17608736
2267786
5255395
8990309
9586307
15422676
106538
9119902
6495
981657
12084411
19825881
10168218
17281333
5777874
6497240
4436254
21675556
16006566
11799282
17753107
7364148
14392965
19531087
16139612
3396344
14239143
19527013
15387969
112104
9443878
13371978
14771479
11922719
13637322
5219956
15416181
3878431
19125492
2270615
17656991
21646629
18801558
3670977
12845079
10945870
17334226
19480524
3922449
8642417
19496317
20312021
18068088
15750172
10045494
18702600
10098375
14127039
10083135
6769542
12184177
2274710
4488206
14305074
1260089
9758891
8184464
13145566
13064992
2232414
10312608
13986014
8801550
12609239
8426752
15454555
7023421
8691809
4737758
10453980
17417881
8499696
15020077
21455489
5651797
18008456
13373016
8082384
6696413
12561976
7034887
2632653
1014620
16819316
6120610
10204524
1447450
5952050
7586508
21168979
20274415
2456920
5559262
15436996
10339369
21824944
15470348
18659442
18117479
18328063
187453
18052393
7601450
19101622
12836024
2322964
11312043
811040
1047497
8817310
11547355
17059122
1265594
17653648
15371866
168559
7371567
7122023
12521187
9883139
15609717
4837419
18961102
5824319
4720198
13769928
8461015
19232286
18471988
65086
15480164
3175832
9969920
5278486
7789578
12024984
1275467
7248284
16107236
10831926
7551716
15983708
1687256
1097035
15035632
13003394
9737373
2241978
13602307
12437318
17765589
9785398
4870772
5191174
2116854
7577913
17387941
8395929
8505673
20049707
16938717
10201678
17476255
20034937
8756570
5294845
18007748
12533541
21786569
4877079
13898221
11208232
948076
15527413
13449662
17547204
21491088
2053606
6566390
3816909
12320097
12574415
12422094
2046410
9893234
15810926
21162240
2091785
18300764
20393996
2573452
18993781
6198659
16934960
2027189
18313029
5598277
17884220
3388871
15331888
3929002
3124359
19848570
10244424
16126326
16149607
10980814
17674179
16577060
20835527
18238366
10273687
7434732
18701169
2974170
7801449
2263713
5521795
4271884
21396984
18948888
7728492
16966592
9975630
16090234
10986520
19677709
12356390
18708769
5018063
17573318
20528130
9088034
3698963
21353611
20542147
4326098
16988838
4189364
6303373
13400795
4290748
12053068
21723284
16437456
2205926
8283116
7710281
13416458
1296942
4430392
8973258
13728259
10733622
17141473
8487394
14367752
14659646
16873073
2934189
18020030
18627906
21264520
15389438
4126416
4364772
16352783
2776276
3588043
4652167
16340306
18521063
9943292
14600692
18193719
8727175
15633020
11739724
8033440
4443200
9658684
15786770
18675337
9994416
18455871
7235377
13704322
16187114
18729617
2998717
3759670
2630591
19255041
16899748
21126656
1350140
5530280
16454167
8525971
11910531
16798875
6493164
5080895
1216117
3721223
6453994
5447286
11189819
2081040
19090221
12611415
21754269
19420900
11439959
1043644
7022308
10595761
10705605
12427444
16099026
10587228
13703474
8347487
17904901
16123018
9426039
14914170
20463301
21745293
6786357
6829636
20336309
2771941
20716902
522381
14621405
9126505
13200617
3331955
2416772
21759322
1171456
3374174
12398592
5597749
12428040
16684865
16586736
4871928
3477521
12505089
14772327
19670456
3674999
7744282
17749718
9770747
8127812
13633665
6162534
4014416
12956286
19813928
14994088
16343948
14165316
16043001
6709732
13531296
6914050
3796149
14114280
17663707
17789686
17803728
15854565
7556112
17960895
4081646
12189601
5897065
13583641
11781596
6674289
20747803
21706471
8869604
3608213
8866947
5430930
8438607
15863880
1365889
10402162
3704638
14387766
634020
13882502
2913583
4170566
11340343
8096464
18400553
6562693
14987124
4596384
11772919
17456512
12063829
17341557
5161556
3976327
19679390
16918677
19894685
17139590
12839524
8192225
17259606
15093067
4065041
2789996
12159242
9068123
9768142
16665688
11474183
1217005
2542158
21660671
12613565
9531201
19952891
13804168
16879775
19620613
14622556
21274914
17048506
12841053
19752168
10332880
6171643
2539799
4079153
16456011
4633535
19836457
4127184
19223161
7687376
17086918
15111855
247105
2347491
13304688
14123529
16657063
15446991
19854509
1707780
20899398
14741427
5085829
21271613
358412
2572107
6535054
1522746
6715626
6669410
21965919
6253727
11805633
2659815
6332696
17082377
7500374
16902632
9130267
8864857
7440270
19492978
6560718
12967128
12533980
19947697
21112572
14949283
21391145
5113081
1375502
21717785
19136566
2513722
19490110
20925667
610032
21955645
6400378
461898
16953778
19306104
4674582
21566807
17249442
11520065
12705661
3389068
14215913
16480841
2304139
21316694
6958998
8703021
13944556
2338247
3310103
15999491
13573781
21763361
8066516
3615331
6981226
2964450
1903690
19624466
14525288
148133
5001867
9184275
540867
140521
6810213
15244518
13614697
13860374
2057703
18314821
5838479
19742770
9521843
20444670
7372138
9374301
10146469
20035066
10854467
3636743
7932975
9958450
19535686
9855616
1711641
9446760
10529163
6509107
14622599
10094564
21697267
9614896
7127613
12139901
13369376
19793391
13186815
17389876
12775445
4404933
13546529
12237361
12370632
4901092
10298200
9427072
20609835
11263277
16855642
5649567
6191058
2830909
13000360
14842476
4080004
17292534
16914162
5188150
11655392
9761254
7720501
9557365
18335521
14177774
21043087
733051
7017945
8781881
8596898
5291635
18877853
13398988
1939161
7697111
6381258
3788474
19414982
19713819
5072219
18778284
14739208
18192133
20840906
17797827
20018315
20981855
10390693
7152908
2221199
2098027
18269285
15632728
10604279
266020
7159829
12261206
14226154
6479861
16747580
22041462
3352474
15934293
7017730
2904238
10372130
13510991
3469805
5390249
4974611
8970087
20027379
1694932
2927369
4612601
7407134
12865407
1424206
8292666
15727175
8678472
13583749
18003265
13226450
3096624
8129867
679967
267176
19028244
7880938
5566838
15023732
448236
5562163
20350291
4187983
9735432
8536380
16589719
12206422
3279679
6042718
20168328
21131350
12151962
3188395
21204469
1891783
19589285
21552469
19813911
17542023
15240676
9873398
12546482
2829447
15945175
19642581
16790339
4004512
7432702
4758226
21516993
1013803
17916732
11813911
9688265
2282561
5256701
10547001
18881645
8991881
20734307
16979933
22016882
10260179
10442662
4405551
4167873
2047262
6311793
9940513
4995541
12411228
20771775
19747453
8129109
11940663
16963429
16785663
4577520
6418899
8931495
14456633
18169090
20387722
6557210
21231264
5490916
1018371
16656246
1901712
13818551
10474128
11290822
274881
10845856
8395400
20183759
21070912
19141722
15990565
16012290
12091639
4282119
8831112
2784024
18186998
12116694
15298081
12607719
16964439
15093360
10633774
7899423
19027827
14896805
10292390
9328569
8342755
14043372
6182117
17454442
18297221
4381823
2895422
2181123
11864945
11343679
4193193
5058622
11803633
11708446
7181178
14061166
12938673
1467969
14329494
10332830
17242256
204721
1973944
9065016
819084
17826970
2360584
9699257
11307601
18339019
3146452
12978313
499702
6553845
14559020
16116098
14606879
18395295
20077930
6806322
4293596
19328299
2630995
2496018
3523324
10466760
21821673
2605843
6315714
14124773
13112436
12930791
4139187
6236975
6704432
13209828
6519368
6111566
11306356
20419289
502867
1346157
3172844
6473605
14036967
18253726
791718
7800556
14101698
5503182
8928878
6551129
15804974
14254236
2764346
917481
4151046
7696899
16336958
20228475
14739137
6875461
6226359
17772911
21807608
5346417
6657022
12943631
10362250
14713750
21999996
20872814
9399191
7009118
5681886
10989962
4152028
42087
3625229
12304120
11788209
16764642
3786783
14887493
14856741
17157447
6670524
10766123
19801314
14215048
14002116
19056226
7157854
5633493
15869440
13617527
17074168
14033273
13033636
11579437
5314559
14990877
15190927
3162780
2857090
10393350
12118283
18691460
10343879
8950588
13270887
18990717
6661452
8719337
12970520
4090618
2109684
19299027
1517558
745088
7057194
13122174
7940337
15630327
10649326
1836166
583891
10248282
13472265
2796310
18478510
6905330
12133787
9551128
13134497
11009182
49471
3167695
5420572
13443163
2289136
4551550
10773748
7324384
11363204
15761493
2573060
1364596
12241833
15238936
19648302
18270419
2472848
10857722
19799987
5154595
10453902
2541132
13859772
6566935
12752524
13680933
15860833
5878155
9501656
14720353
5588610
13449860
878559
5622573
2669415
21808303
15278347
21855806
4751324
14752159
8273211
14177676
8559845
20814966
12766088
8790580
20560432
2071804
403820
17258855
13384823
8640517
16632160
4932390
17549654
11627919
4179277
5894031
289545
805347
13841793
4719588
10780445
5913808
12434226
7657160
17056979
5279739
13582595
17417199
10945864
14301797
6165139
21859266
254533
15447835
13140311
8055128
10776981
18606854
5380246
13205984
13180864
9757791
5506664
11655622
11338374
3373930
18895790
323508
12114902
7927985
14375362
7876836
10946829
11908038
20918117
4393331
21177427
4034348
11252060
11176599
18800815
17560856
13472505
14289406
4670853
16623458
7428432
2324548
5425990
17712456
12452871
1525242
20509418
2132734
19603384
11014865
18102579
10967804
12791698
8991617
1734707
7220875
9048719
11307049
12820612
21637320
15231272
10000827
7323534
20534755
2457645
4511408
12890003
18939048
11614525
2346305
15951019
11805977
16715228
3900748
1956588
10320137
4011858
9494553
6120155
13389131
2976718
9110962
9233097
5570822
22032899
17271209
16490264
14254951
18165778
7573335
14313785
16786517
12296733
7565677
7644752
10362148
19740435
15297248
7741580
21898548
7721078
12050271
14602940
6395091
4642440
14552036
8953533
12712728
11271385
1762744
4156033
19495897
9168064
18805440
15924110
12531498
21195432
8916929
4694717
1379261
30153
6748108
9141765
1934585
9915242
19191056
2620568
2595438
12329721
444860
7295608
1325987
7407830
4804454
2195109
14019713
8034202
7190788
13310246
13865489
14684681
7440594
8325338
1390116
2363559
7007181
7836781
2479721
13640327
20036609
14327497
20185569
1586417
16794261
21404018
12073355
11614885
6929258
17389830
11003734
15127031
7244705
21220879
20231669
18860253
17094321
5463018
16258713
19349659
5869651
10293702
13294565
9830586
1318157
20396887
4637389
20210406
14643724
10242225
20298310
1113742
2286787
20871552
11603062
9932926
19228310
21527077
611151
18645779
10145125
11872856
16985362
10474452
8880108
19522202
2601540
2498213
4346917
10718562
10808645
18129066
13729096
19741230
9946748
7951303
5753163
21238716
22002097
13529981
12708989
21516759
16354232
19197412
6396792
16919537
9321775
582531
11381951
15581846
6413968
4424224
7746299
19553161
7872912
6381895
19928836
18726530
18533120
8307852
1743016
13157416
12935868
5777793
13988067
15551584
8039207
19066733
13283278
485338
1929300
15601577
19873517
4188245
9875637
5814261
5537586
20583481
21012115
11711278
7835547
8950808
18641312
1364404
4377876
15989934
14692326
16374534
16983513
5375704
125535
18055224
3922900
19474285
2492137
21764885
7021857
7553869
17137433
19771701
7455372
2494606
10479491
14059256
20740660
16135708
11645698
20669859
12747933
12061307
15159967
6471143
9326483
7404929
8762078
10093342
21096422
14070173
16248999
21018290
1452804
2741251
20316637
9001566
17205978
17028269
4627452
14093708
4852047
19396378
9292210
15486117
3843946
16433784
2413557
4824352
3387774
4337942
5509892
6276790
2734824
12508589
2462616
21323141
8398508
21535457
20687895
78131
12617368
13507748
5455204
19294790
12378824
8041919
9127665
7865821
12176222
12074626
4801498
16209482
15552431
14948426
13072560
3773145
17799561
2829166
21404460
1864535
1603118
19844855
8567725
8255234
8863632
7770710
5388797
8320376
8918089
7180146
21466479
20166130
5882475
2166836
14920676
9266554
17955698
1806589
3064323
720291
18612196
11943072
3136922
11779286
1902416
14996945
9212237
20688576
1226047
1559605
15386811
20191436
15734774
5550565
2866437
543255
20942622
20298652
13697449
10841959
1297671
19299643
5245454
1369472
6301139
17867637
6202230
21988958
5284394
17964803
19673370
6832910
10040656
14983529
7320600
8057392
13770897
7652632
5301765
7878163
12668382
14589797
17324999
19945070
6697944
9411337
8935807
10100663
1664530
16487806
10350056
4681750
17752055
14221369
22010793
11155733
12583243
15080979
2315588
20541485
7924147
9443392
4265861
6736815
1212631
21757969
7509178
10646285
21827801
12801969
12643165
19566864
12645404
12667213
11009262
18687282
7746806
14538002
4504158
1736331
3489302
18218688
4760958
6596322
1638126
6929814
13593696
18885309
11910383
14962197
16275624
1187332
12984311
9351444
3981188
17409898
4683718
16797210
20093120
2260937
4910116
4729503
8557602
16048123
4920406
18561261
14183124
10764026
15802251
13129022
19065374
1646530
16580562
2584695
15092627
9596368
21862982
3385050
2609685
10723051
1977885
11677731
1959695
327964
4667725
9273979
19406779
2422781
11887094
20117168
15793336
10951994
21899098
16839892
6618550
16246381
7512561
1054102
18542204
18909271
18638461
16480679
8643904
11737744
2811713
16461128
6986683
11139931
1407164
13021954
13516907
6403472
11763557
14775717
3011186
2244944
19476886
4043162
13472997
935100
20308071
3706994
9086995
10406268
14080882
5564448
19794177
15446842
9259193
2061525
10265367
6900716
13668965
19026327
4751061
18515334
15053964
20808281
2376574
17093693
6011948
20831191
3392286
9518613
52382
3721575
15615498
1205336
5825092
14519554
18691657
9901803
11716113
3522547
12702091
3387591
18395256
17732652
5181474
2358476
15236112
13329041
2149655
21997183
3972363
10786332
16138760
2713822
19549883
8388935
13701406
18583336
3442359
4424262
15993115
3600597
19986484
5849495
4603680
18013290
2803440
15169110
1953262
13082073
7217292
17059440
20296117
20790330
7250091
13942434
208821
15328930
14110228
18206875
5858423
6012092
18080000
12503376
11102416
966547
9700126
14030695
2590221
4595313
6527779
14897171
21086918
1973194
7799606
11524571
20813578
16564919
7951818
6983823
14875957
13270513
9809349
11107234
20581509
18764713
4585757
8845497
9470507
12851687
4880426
20198599
16999677
17113453
2803249
1825272
20466327
9858364
7502915
14536602
5598396
4554585
11851116
9562347
8003167
13324688
8326304
13829755
1688962
16771305
19264474
8522274
19532556
17888188
6521477
16489563
9294206
13824071
8718622
16115460
605561
9856973
17395349
19927955
18737127
19788437
16412358
10683276
4259967
2948330
2685486
789600
1304969
20616429
5989594
16263413
16389277
13644999
16655282
20010240
1992300
6129837
2000797
3042993
13347533
19540958
12524491
20022298
17972061
20951650
20810111
7521157
13209847
19696913
3515597
12807402
15528470
18217579
7997790
8223918
6396912
8912609
21643558
11885108
4227152
14434595
21698132
1132588
11652699
15278996
18009443
21039308
14872304
9303391
17362053
20168787
1568897
13662842
21302187
15204454
7741803
5866749
4005560
5155995
4168443
12141570
4809612
12058103
16574218
3838732
13423911
21355356
4685457
7208963
12276977
7848115
2781896
11172687
5213146
12703391
406691
13459603
8430806
21547069
7734494
3699211
20956601
13207994
10674590
20188989
11198894
2585807
1698306
18707541
5099934
18953892
320903
5724431
20724192
17308863
21243276
6214948
9078379
18927343
9180617
5857841
2634969
12168506
10765995
18597095
9026136
949623
5725109
4731595
590468
21370051
19868172
5521163
2009100
8088783
18490682
19334905
2239424
4834415
1050188
21465503
20319700
5102041
6571156
14509244
12984035
2315933
1787882
7974089
16292374
19102112
21935397
10881426
7895920
9816372
12871986
4294541
359155
11198609
11706974
21912857
19360951
16532940
13874032
9517747
5849358
13656267
18284717
2863922
6604716
701697
19647898
10564007
18961558
9008774
12721362
5009946
8113560
9529321
12882243
10164499
15959743
12119025
20099441
3601379
9457216
6426927
19431119
5289850
13927659
22017586
12792375
14596755
10683582
217765
18076582
2985436
7051551
246569
10059576
794259
8583691
15392674
19932646
13951612
895214
7945591
18971254
2702612
15659579
763218
12155059
17111915
2661809
18426064
11013812
4167366
14589269
19503534
19341027
4084454
11334004
12574610
18610174
12451696
15256215
17830012
15015861
11010842
13752879
21510453
7705165
16722079
14497460
11987055
21823910
2946153
19129564
18208036
12637554
3301215
20191410
20572546
6098103
20584444
3836795
13600279
11669891
10504815
12923081
6766417
7564281
3635858
2071945
5533713
19525836
8998924
4077133
20348960
3305677
1784351
11766544
471661
21741721
16304857
19701043
3615873
17152151
15828348
20106627
14155008
19293113
4360517
16735751
19341376
13668104
20175532
677198
4903474
2940534
9287222
9448022
6784119
10953574
19916573
1456580
21266877
10446797
7046333
13335966
2834016
2132630
17551688
7614170
789398
3906257
3872694
10352798
2997143
18625236
20499661
2172808
4705288
12782414
1313770
18664178
13518181
17234998
18233527
209002
18246416
3087199
16375001
10081090
11776698
14223327
16500248
12684461
7612781
9667253
17874279
22063398
1343232
18398982
3741475
12526601
909114
7337459
11943137
5577886
18673498
12470798
859037
8131111
4017784
6168773
5184201
18062729
3742133
15146328
10677553
8165326
18154052
2151674
20424394
3845788
11364097
6832994
16900183
7639383
8324021
4228848
985473
15660183
17489868
18494017
5337014
84779
10753962
4225890
4718848
15295938
8453014
21533816
7700461
12798606
7180191
12127874
12138727
17666808
1745827
8525879
14584484
14308264
17631129
13591399
9035606
3724713
3262524
17424885
11407461
19507389
8828981
4581457
10323169
68639
7740055
1111124
17455931
211575
526426
10028584
7595477
407959
19107175
17662588
5413430
11603384
15135598
3612847
3082324
9527563
12984751
5746635
10026209
18659966
15082426
13700721
19160804
5845136
13349455
6826004
9184220
8760342
18931403
13965595
4702708
7528480
5338249
12180898
14706099
118467
13011410
16776441
21838080
7503791
2526990
1800583
13274611
5608034
17471648
2089239
21591355
21168337
17507761
1079039
4252713
9237290
5104817
12334799
18750916
4589112
9984602
17308626
8811185
11402923
13380897
14611811
14912382
5219781
3923039
2683209
370388
5507619
14249451
2701047
21072731
1672506
11172487
15938923
6106680
18393312
11425030
3175866
21669174
8270471
727772
14007915
12576374
515705
2350197
1442290
531478
20671680
8681279
16289374
1244092
8161116
15442323
16982724
9602944
20505421
10523759
19759341
11278439
17330495
18372112
9887359
17655827
14869176
4513893
7684365
1477688
7908109
7201644
7661259
17784098
212067
16411269
11134084
4737777
3768517
19604563
6332105
2091138
520163
5600602
6351369
3311722
21780454
11212516
11933604
13980532
15283264
6140780
1391080
4428219
3502936
5373466
14725012
13391487
1359334
482721
20659981
12214012
6989577
18093542
6650014
227841
12642751
18373073
3159223
1677379
1747949
5485054
493320
1961992
10663699
17228854
13468119
7799922
18019252
10546375
12589452
15608596
2637843
771164
11793208
16955001
4014132
14242291
19575058
15988874
15583145
2566438
10317549
11515287
5450791
15120493
1822168
15718923
16625123
19764170
1184058
21875958
16911355
5354467
15337424
2863777
3963152
2921744
22054021
2410656
7908531
11818288
8568939
12526394
18847033
19640917
19469943
14868810
3412697
17008620
5671324
