#N=7600
38146373
17353220
38239300
55533516
20812560
15472774
52568693
38111642
42535034
34678955
43359365
46791493
46642216
50857014
3430609
19324591
34696047
57247274
8413131
10135349
49890291
23541793
31325540
42390948
38104674
3029666
41774391
24728258
7130035
46159916
30146696
40372858
54300661
22766526
13328433
40460919
41061351
17889738
5115888
6107152
56160351
50262351
43360883
37681235
16160967
14306947
21275071
24560698
7356983
52994950
36569810
17862954
43197119
28295874
616557
23740027
6263241
5978086
52341563
24517178
49619256
17743781
37408036
24203353
49828786
53198696
45708641
45317810
29852999
12613538
20506270
18479115
44464995
39417547
16406164
49360270
6949964
36403732
56114500
57617641
9797831
8273935
17246397
29820703
32396244
5002082
39522075
39506064
14118831
44961393
44869143
35779514
25674995
41969341
36254712
14874587
33709307
33095103
24811540
11373884
36272154
49212335
2072951
52864726
32467582
48126044
3609381
17455935
26605901
47840564
40371244
48100739
33637692
22607926
662239
3253790
48643252
52320683
52396922
36099318
19286398
2899802
57284802
21164019
18623644
13523220
47823048
22335423
54582950
33359206
9300933
51531040
27108363
22070519
49255345
15011647
31883753
23892428
45208303
46628774
14202872
17763318
42110
40747513
31724675
6101557
8616869
12543934
43397896
2100730
46938127
55882380
52399769
54125193
41464582
54048222
27063882
14463842
23398101
3051910
16614453
55354026
12639305
22460327
47946766
35726528
37926955
53378591
20053167
27444985
56950274
31215360
54162255
51700554
42494255
19180741
20463662
16879749
33729418
55639128
7460962
3176545
24781408
56111548
27061311
27000740
41013731
24011972
8213000
25804076
776215
4517737
7407259
45036389
52656984
4931786
26036971
10481970
6791928
46597808
41406342
5249720
56844717
34981514
41600503
25614505
43211323
22584535
9418787
40916484
41221330
19473025
33875234
55540669
25461428
13412950
29151351
15209655
23235756
14058874
28760428
23863438
19984365
2475473
18999418
42175014
8503469
37199164
37199239
1542208
116702
6424828
21409217
31230211
49530191
19015968
26559329
12658450
49486816
309373
17404861
43440662
51771598
20462284
36752929
10251773
540805
15092477
54572839
57132319
4438120
26284954
4864020
35569352
4335615
49923866
15339385
6961261
47446072
30774411
48256602
26646492
25018249
12756860
4670882
47235352
27289153
26249956
53013590
6046154
6297775
54702578
17051343
51883436
30285090
21660452
13438935
1168486
21017968
38651495
52268299
26628769
32312950
23063766
30593577
55134355
2477793
52688586
26828270
20799580
5756162
35499742
21975609
45906508
43227708
46544538
51981763
31606609
19952180
8674623
57118423
22537951
24417488
53150892
38444501
39480214
11006095
42911051
6660188
52149200
6338545
39568144
6398802
45302206
20585972
35664992
28306085
39438214
46932424
1692139
9187582
27973265
2635645
43554683
51684746
21984709
26592358
53670751
42611798
7777840
42017136
3967531
52217061
53060885
52508407
53293451
32820026
26980507
36572506
35215655
45750397
29159951
18982172
38857422
27359732
49271370
56856179
36977557
40614243
18959159
56816494
23392900
34048520
48774548
27325936
8377605
37132912
29178128
11653615
49007878
23684391
57079862
9219124
56683611
20240859
35891511
16720945
55364372
38990111
17776166
26597094
17256586
12163829
27470802
39761244
745786
8657127
37897020
37921063
17221343
53034250
18405557
6430575
36034526
11641636
55907808
7087601
56248645
5493737
22697365
39788754
24760780
36839003
41451225
39962666
33000099
54661401
9308390
39130888
32097136
5612336
56886293
35255343
21781654
18813675
12227834
20584724
1799395
52986382
19515506
10790768
16999724
17127532
8282767
39310536
13152991
3017681
42150237
26823502
48856569
53981973
56097529
52921726
14202515
54913436
30654276
4232821
22564265
14059664
40004596
54601794
51954294
48436229
33391119
1196930
27377890
17001453
11432829
48768628
35986657
2387973
2508000
45812800
14338152
15628697
54920300
44089490
11921113
56291875
38849585
6298454
39779458
1184093
22267449
20333305
32349171
26958223
21988226
25722472
30228982
1931978
31574285
50757364
21058338
16389666
47524102
36369263
49138408
19408466
46260628
47933858
56173433
44639304
1256111
28008663
14071195
56388425
15603516
15986270
16512417
37665492
41791005
29809764
36958533
5672837
56105080
6626699
7092852
30419858
4511797
37231618
38633641
25548230
3233262
52812687
25011259
38479246
47868636
1204550
20995034
1621324
57041357
38528381
40931719
2627687
12405147
55844926
39876008
46061636
31955265
54826265
11070569
46481779
41828296
30331834
56339986
25685221
12478513
27621234
2149828
36723568
33998356
53944565
536971
32877628
4944051
34170320
27847823
46247312
1923193
50590264
28813216
54413670
26123234
53210405
30875291
34467123
23889661
53173354
34991066
53597098
12997969
48862347
47901793
26506685
17853321
39082363
23535393
43878557
3986489
16328875
36186596
11484339
1604124
34490263
15393415
16456740
32247126
45381171
27797706
15633135
24467030
43726423
33901990
2019722
29320744
35461937
9839667
38416174
50538996
54252331
5695305
54614896
31009026
19183041
2971292
42098376
45459484
17570129
7691960
50262151
25088362
12059944
6454534
42907384
2243137
27772245
46419035
26977602
20914141
52194895
39491145
32810918
24769290
8803664
2543666
48664570
53046553
13347337
43084480
6287711
33606915
44272264
51643603
57034262
41847169
43161164
34406415
52957334
2845378
5995627
54171228
39940978
9816807
36442290
54248350
43389146
17221715
4587751
55610069
56226834
37789215
41051092
40630863
33864721
23880722
46956329
5580090
46758842
47864034
56572217
12404108
44696265
12788706
18846050
22627847
46649836
50679397
38774399
9149717
31028011
53938821
17728938
43452629
34551272
29584185
2264209
45539078
29118493
34922147
24922587
15595971
3924494
17170370
51434535
28284631
34881881
9455906
17131485
44718345
13531380
54147121
3921669
22068418
23898871
25926653
41613449
47863730
30014997
52959189
49180780
45335383
19387549
56268364
51552030
57135806
465692
35465674
30980102
13522522
30997653
7752217
21921437
33399864
50412101
52342239
21516757
47923537
6288137
31107975
51160286
49222963
30248250
35755017
38214970
33795142
6275267
56777871
9046561
42439614
33571640
50672416
4146964
30375355
8406282
26449967
26155704
55066782
4468021
33591495
49361086
55357789
15100117
37702809
22246718
2488564
56417713
772392
7126861
14825175
859725
15405269
11007993
54213108
29479749
49560710
35112192
31959265
23206231
26497756
48656261
13559896
52629745
35456997
14583262
11099500
21981946
2927819
5705696
17233843
18491378
22021887
33111071
12611553
39045097
31837937
5725313
51956148
57672668
49481593
3817182
4406618
54049132
19207283
29464527
7884095
36718090
18978047
41063004
9646334
41991623
13199264
9340245
41530245
23838662
11655442
15757415
4748103
52560053
51807421
41882773
5879824
40736791
11636745
17249851
55212561
31925270
24367332
48138966
53266050
53192462
42369900
43065703
56528647
50612805
20850091
24581092
27071756
45110036
27863740
10669700
461378
47120603
55444804
36136441
29454170
27219001
21709995
20625330
46680229
21434241
40609639
56753585
43284231
47835087
3246129
17437206
36419221
28934871
5769066
20563958
7027425
2120706
32579223
31947555
33904660
33500056
54477352
16402056
44648658
48866749
12984897
32448549
28030044
38589414
14426446
19192450
38298773
10639365
48139303
290254
35910011
3138163
6111066
36210636
11415866
32071259
11668140
26218874
21907446
14011971
56108347
32839871
25976047
56839168
35230204
17502604
56975010
15974214
3417159
12200109
20836705
42519095
28385714
19201204
290641
3787081
28813148
48372129
42852966
55364750
4542799
10062986
49482298
31799808
24542496
53320604
10163813
8019780
38234139
57191187
45795925
57029180
55369668
18837054
10227769
29619601
14085445
44774901
5501119
29021676
51938007
11999112
52592065
24598633
48148057
9678512
29057727
41572010
43829330
32789980
5882452
40866603
43280491
53921695
21635995
26886327
25450076
21096238
19983856
38964960
1821519
37322482
57165022
36113678
4751609
23212869
34482092
53187381
50596895
51262008
34189612
37702985
21611056
42913552
53300907
6576047
33972794
54027748
35689558
13326337
57633101
9720757
19230608
26757775
38835230
10903368
17266082
54608728
19274719
40421375
49923550
23467842
42934484
33952153
11995196
9324229
30375975
40980085
29361380
23257521
29650952
49036060
42162079
25398620
19304369
57033160
28646490
20646457
6758258
36332411
4459340
41238937
39009139
8327240
9491693
52350114
49388650
34604708
4685178
6170488
7850502
15971397
11472645
33610255
3576178
39138723
48086461
17482065
11329132
38085320
38855443
14615943
40095302
53252531
54512131
56417913
50274902
2677689
26550728
33642933
55083273
53892100
31747244
54782636
27062202
43010597
47664936
53581773
37117817
56837393
52457843
32000248
12395219
40457534
53647406
54217725
27809591
20364751
36386623
7076800
8353629
53726524
28227424
41437390
2977629
51834441
40230796
26995580
15718028
40782239
12259300
300637
37193509
56860259
17481311
31240430
5892780
48587544
1123929
5117569
54805785
12000309
46476454
26301106
23011554
33282654
17831102
31096402
12011122
50783711
46972987
35039850
3352505
34152984
1206594
33742050
46480024
9812167
14736280
15417391
13952341
23522653
50942938
5953078
50967479
26653767
30116501
775211
4145370
57247232
26764727
28504679
57112367
13193799
8470004
49675153
31635143
35171003
41883415
45094884
47431206
12820003
33833256
27370456
55796571
1758038
19005770
31062633
6223437
1577238
32598065
7999263
40678786
24289170
33596578
50192268
32872008
40992881
42134096
33400692
134864
13570927
30398286
7437214
49682268
31059002
7791737
54663871
45499798
39427023
11261628
20060750
25147044
32075218
8364686
35097549
5898212
27792143
56224569
55984175
29022064
18672505
42526296
48246519
1780773
50363698
18421783
57231316
51221627
28563168
13366017
50457651
32012271
57099285
10009088
5382008
43319205
36488326
43402243
35802659
14279979
47310022
11696064
413106
26177006
48696155
36632980
18037649
9133690
37552064
13457878
38535546
27255343
2526209
29824736
2309458
9505682
222225
54228910
763976
54310898
14026733
50812174
36993873
13780080
31280762
19739766
17880157
32571958
53852222
24106595
13866873
21133016
31123521
21540126
18502968
49926076
9444527
14943381
28358145
10296721
21295280
19074421
24945885
50780528
39966121
16204160
8741705
3671328
50565787
18075414
17317025
246653
29895022
17254107
6263534
56468805
34011156
4137173
18705085
43082817
50743075
50086747
12993659
49321057
22459210
13923197
21567931
56907807
51408102
19647335
53474448
28274753
36868300
19105336
52402433
36294793
33761984
1029902
54477915
50319134
45940393
62918
4346730
31186218
51366562
2126361
37763719
1291950
11154099
36741950
30089158
11785629
37991148
9434072
27753126
33675014
20275096
12284207
13796970
33496959
40539035
34369112
43995932
10937118
43103352
51372531
49940490
41202851
12849510
54414997
56336014
25117785
16819967
12583980
51182500
2678222
48732263
11385380
28962793
9732081
9114412
31018696
41792504
4316134
46918977
25832530
30241655
54901749
39868783
37187859
47261028
29601917
49025760
2987011
29120239
1900501
38523021
53285494
52990449
55855336
37595029
54115645
42058897
24505356
21611718
39797119
31475429
49363793
12634579
55704098
25699578
4798278
41859720
26323585
42198091
2380839
43723747
3417406
7640720
10266866
45922100
54637628
10845289
47125259
22223991
33594746
17033664
50791297
15690465
9238415
13796439
23453284
32503926
2261778
50789928
40371537
27162540
43894943
23664215
18199911
24207988
9739604
20360188
39478881
40359838
49144295
5103729
43820492
15255307
10763093
9785188
56556841
32413637
35010544
40455206
29192695
28267892
7795249
36994858
2600792
44858100
11534661
40786968
2496000
43222849
17258595
27070933
19326240
19686955
13924611
55599724
42489108
37503377
39339505
44738763
6902957
33888988
52100637
34035304
26822078
46473068
42898256
16101635
3220942
17106263
43023568
49957838
25667100
31060760
35823808
29937436
42362100
36435423
33891983
43548678
23896609
55331641
13146322
21486517
45321459
44544845
16260219
8113956
30600420
15814128
50398127
30627653
7066910
15991179
1500659
21084054
43252126
36155604
41201678
11023105
49199164
11962808
24497641
6093275
46458661
57148385
53805453
9177033
22902425
36320343
40765967
2410092
10010182
26361478
15589909
37207503
13944425
10809702
25839441
10336378
8747218
34406947
29126994
54106468
40862665
33468667
37642376
32229021
44716441
29238870
54649076
43105889
33627759
35472867
10047822
47645239
44609571
17485110
36534678
20492332
26310160
14404489
54943795
40926291
22780664
15143818
21731673
13971658
2062484
49192494
38969385
12400751
3907893
6021937
16464091
18997254
46512227
18767117
45703557
1610552
53371112
19176208
43421677
43742521
48623297
50322713
21474172
34480850
1538561
22130189
23308538
53507481
1987436
50163588
19194618
19172617
13081334
40662790
32762274
47421734
45284601
32947447
6300270
53034251
27633322
8060585
41417309
44901675
23156005
26527349
26312486
9628591
28312912
50858965
32631960
24506058
1387762
57103984
11172312
5791081
30506364
41268561
34312862
50938431
37082254
46655440
44170344
23419601
53138190
57574827
51485074
2613961
15677736
55999686
11616942
40491647
42664581
14889960
18589189
13527414
55974437
43577133
45120243
3806854
49471203
43651588
23697357
5960292
26597620
27663751
29238219
47691545
4186307
55781034
6768087
13662653
51277250
54719128
40058138
50524229
41897091
53245389
48757020
32946090
23698716
54486983
32266069
29137167
27039134
43135668
36530782
52167583
51865930
1468655
48233109
53874522
17053968
6397216
34482073
47029687
23477444
31217186
40923458
887264
14867395
20172570
41728127
753021
12822037
44572750
12130820
19314612
39910284
52030038
11043631
52321550
37811459
46890402
50366385
32631552
49029738
45425738
14298084
8355019
42174688
41835893
19392449
38147893
40679773
13628498
6106229
32953791
26713402
31114498
16919138
14114374
17714144
54915378
56745812
3871036
15026076
17860783
8270980
45348735
24582189
21913230
12318775
5179907
8224275
15304258
28697079
40674719
3251049
30222192
46722571
4026795
11519731
16127561
42405275
7725982
44675097
43115342
16034652
12599028
13400354
30127372
25492173
24206718
39889301
49248640
53360057
37800953
51038595
44117751
43393571
29765893
24052566
54774518
34242829
25309556
12053209
8838497
51712149
9587865
29066072
40958620
29745132
3793749
39576076
57049933
2054940
32076069
29714988
54030892
55230466
57317248
601682
44367145
28606662
2088348
55970046
19605916
4770993
31636312
30428796
46379054
53283065
56503010
53084920
35767942
41721019
12828955
47896037
21117140
37602733
25272323
11746155
30455200
12102419
7500006
27334945
16147660
44969215
40521352
53429210
21226932
28710585
56273334
46157100
19364357
7680966
34697344
57300732
26515551
36113248
31685787
51054135
17515123
25145602
50619576
55995517
20603879
32986222
22623713
19734595
7147533
23533515
14609760
13483865
6318370
20290792
54937205
20478451
23742283
22174377
7519486
32829832
9346228
1195978
21823367
30187237
38925416
56344097
25614945
33221417
28961736
16903795
10798170
19279606
4541723
17633353
43735415
11232894
36202300
9453809
15488446
4027279
17215145
52078968
16306661
43599919
6912120
43126439
12958965
48672451
12828149
16687119
21370076
47282603
20030562
23239270
4572292
16067610
27382361
8711149
32786858
9682129
12362072
50924817
43667803
3672440
49554665
34281605
53504449
32175021
49998665
31533090
45480619
31375226
55530459
41303834
41004565
15999670
30298290
6635456
37665986
23305546
7020168
55890807
42710311
14326563
6220520
6224753
41040753
28063843
54109078
49985652
23774327
19053243
11733763
9386198
18291603
17379644
52406552
32334970
54818014
18623439
44126243
4176785
734272
39530789
21369155
44732720
46457296
17356354
57375289
39535180
38355236
3057216
2273897
46849169
31045810
35916678
9875676
1418712
4289516
45419446
38251889
24751740
11125251
52114119
25103258
43716634
30685242
33783113
56332339
50641229
17889167
4595454
50931242
24125164
3437104
14376411
45117431
6922116
36761119
6921683
37261283
1869678
29771406
24117220
36973493
39990709
41990773
32579841
20926823
47661388
44657806
54261382
57408483
25168618
21428877
49080146
55507907
37804014
26257557
4340495
57469988
4127614
1158350
46918441
36767733
6878599
35375293
38195748
27420834
34891441
45273889
13144063
33019797
144308
50250059
14757262
19063886
4692996
56045647
24425442
48012906
19489188
32832505
18691948
27420712
41384863
33186200
3771022
48457638
22129943
3182145
20915157
25119881
4643362
11543148
56331986
37217766
10847462
3285470
14276771
12235255
55493192
31017616
28626145
38840423
55920674
16471616
52398444
14440091
36556458
1956548
39684569
49828477
49207642
43265749
34013301
3290836
11056257
588877
27542481
54770062
8902394
9372009
26547896
25185597
695686
5650126
22940995
8975818
15915890
51382767
41369111
16652769
43220554
12154529
44201979
41480583
48038770
3045506
42879134
44487982
10508907
6782431
26178787
56280417
32209492
33424424
43871967
14046195
49446484
18170472
38585777
51840409
8676323
31261380
12608213
2083479
47494237
39681840
25366708
57023122
8162213
39578193
40574401
12103582
32239371
41156473
8965060
3550788
2900210
46460314
28672805
22352101
32332940
50514364
12408450
18163296
41737941
25701495
43584030
7969686
9494149
7324397
39232196
16956455
41527144
41049985
34476772
834726
31519627
53912127
26812331
6422242
17702433
57177929
3138522
28688583
48619874
30628358
32637983
38308109
14127374
46282053
9943651
14169643
8776423
54830567
32339267
33768255
16207346
46623244
36861102
2901305
23557254
8545822
40239684
51056028
9530358
48688257
31782396
35460996
36209694
27394403
3283720
46773851
18921665
40633776
6414210
10311765
16500984
54479542
38728069
57717731
37505629
23236695
39590377
32768169
38623221
53839635
7270764
23669652
23065990
38678891
20421622
40624837
56775465
49311428
19273632
42192974
22842174
14751603
32177276
57559455
18836349
30773556
50723251
8609900
24132792
9694669
39707307
16543253
16973913
25854985
18127354
15101071
42373475
53874353
35861016
25317180
41137256
36715485
3248030
50564764
39663427
39233806
21351205
14582491
36832865
14885640
20379309
23042720
53675255
11767331
6836203
10226448
6640764
51392193
37026205
7589538
50480757
24215933
56175900
12236453
41241511
32376613
47363666
27419905
12737097
56905532
32432761
936103
54812059
21774225
29213559
25080936
2400941
6465565
4566793
13790145
18970385
8611978
26570127
53812418
15490178
23567622
41323855
56811226
911436
23173882
9173639
48607915
40734423
34162898
32996398
24185216
19639516
48218135
52747145
22164605
2093473
10658536
29482544
40094734
29736895
33111605
30877754
56734408
45255180
53714816
55343629
33281579
3485411
3002505
12488562
16438952
33019796
28513584
47637587
10063522
40199460
43134353
25975127
26912818
14523382
42538264
29198072
7838522
46124661
52452219
3045671
30122351
49045253
54130940
9216980
41126099
45616426
34922939
1390778
11973601
2833015
52341124
31156628
44806459
38106321
52098590
36924977
22956274
56437736
4503233
52212007
13286642
38974582
41196864
55474746
17048471
6777214
44869465
15156461
26365921
13770577
6674732
20905371
7919154
8514514
32054042
39735320
44006436
42453535
17173266
48940585
15786556
14234803
36818038
18245093
15150047
53420855
32421744
38867879
43151094
33652263
21378754
15571896
32289722
44783261
20968892
12255620
38171294
41462499
8481729
5460549
5851422
55920219
46611330
36307446
32631690
57724119
32925665
52825852
26666978
2938463
12122546
7905074
9448367
41157184
43583350
44405780
20633372
56529482
17489125
27579197
11726151
44719105
4966615
30397713
6611967
47630005
3773891
43074355
45974687
10321510
16609220
27303977
33652140
57010823
13745392
47929450
31057140
29987201
40703305
29125515
3853707
28725363
22081725
22802588
30887422
44813869
37280266
50814176
55166941
40893632
32976193
49452050
48470749
15096610
26623821
31661223
12018929
51212382
26465135
18670710
44792982
27722008
23922196
53846302
25953683
41518191
7226144
12295236
36497105
22341553
7043789
38811120
8201552
45391468
53645934
37833247
10538
6750245
28201593
16078502
50182884
17879583
22828229
16809525
13441292
33171440
5196088
51108220
16783011
9106738
5112124
1310290
1768325
40164006
46620158
13658446
15384697
53008203
15615058
55445985
14140001
29775933
53288798
28128305
45380930
57259300
19995265
52055648
14327362
10322010
51010274
43736969
14801901
20399
11613437
20093073
26752040
6452961
56359706
25836331
7338412
22708119
12450133
45869880
35142919
3975565
8406999
17698713
38868202
53962737
2157187
54135307
42155004
6393109
8133040
3688892
42931938
9673254
1045374
38714004
5883720
50989874
32123532
52468829
41391971
15524087
21493368
11279320
56874549
44015198
13386198
19228533
45325201
8474568
47826491
17444206
33230975
22567874
25905137
42492896
11807733
53524078
46002267
38466111
21221172
56219787
13007129
14581544
14153145
7815501
6590472
11174892
19961514
26963055
30975461
30112651
16409539
45601782
55653123
37646016
56449998
4911630
39525654
38244605
43367205
25258617
1902680
48498080
10760141
30141059
6854240
41465233
32302906
47542481
35822593
17003239
52430252
5191628
18354683
2978253
45613987
47751029
37959432
47608864
10553516
53497291
42583140
36523524
46911785
50741493
8483973
28569003
29668037
24630648
46705536
52629126
14498475
29521622
52007451
37418520
55598154
17071760
5642640
25663278
5475839
40994576
9012167
49451999
17337641
28363655
22778822
8368734
37197512
52585753
15389335
42153604
16949117
49601648
38403162
28706392
21073456
41613326
39623468
45162523
20495783
17183914
621675
34839956
42047079
45299302
42139491
29934876
11595920
32771675
27014722
24147452
34020546
38408513
26673176
19332518
48926143
38316681
50739399
5407519
46000247
23547688
14114053
46002725
28528192
54549837
46842925
44034545
31481153
32803165
44540848
43415828
43260446
13082374
3064076
12112203
44066992
19731426
13283765
55572080
9114740
46366210
55234277
14688027
47242370
56480107
26353120
53882235
2680045
37555322
1657076
57757522
52779497
17324217
9523411
52617259
33432294
14039759
57253698
56188937
57666331
31458474
50715362
31148243
37138993
41092651
56588438
46254913
20980297
24677556
10701414
52186714
9487450
9117781
56458519
3723746
6403671
56921410
4828769
2682524
42535825
42092860
837721
10525849
52015535
53243653
53123562
45366969
24497040
25795224
5473575
26518087
52079481
9622711
32319806
1247691
30475965
42274493
45917110
26553584
25553717
1583633
53488195
5763704
2714109
57297110
9258588
3721147
24749195
20495910
12208414
32009976
440936
15717680
25525899
6648566
28746612
27328338
39893394
55738954
41839354
6214474
51958282
3435400
36906747
408924
23454192
3922381
27084387
44333477
41189000
19790012
9233134
6554696
6868727
9356573
42911526
46522679
1876344
50499220
30418585
54250735
16847687
51552371
44731068
55957562
34878784
41131270
53612595
44042530
3780671
38403954
27067728
4152968
48104820
32984366
41448149
36880716
30856992
7294374
45463954
34634304
12921285
57636562
21403171
28469660
7480228
50172306
26467705
5385610
33651533
36626215
19883277
29013737
27037198
13963409
12708578
1199864
37350599
15208641
16974802
9991314
662745
4446972
30828431
11224104
2127374
34153774
1780373
53982689
52133090
45587392
23594744
52575236
50156334
28990865
2001955
12458229
26884384
205101
43262334
15001407
19952628
16283479
26668770
25837333
34372811
55259937
41985063
27359285
24909507
22891441
47286494
47198642
2319598
54434658
19807342
5904686
39780685
13952981
40751555
9921465
5794669
4967490
50573281
48061716
12470092
12160465
26955896
11882977
38012474
37342465
56456249
51875295
39670669
29168833
51975882
17377137
30350430
29457233
48196402
45834477
20571842
50611837
27391300
6778523
14653973
16217971
33276742
40222831
18521923
46147676
17108185
15492954
50257399
38412815
31469431
587114
42271603
47373431
13186729
54260790
55431797
27287415
10263024
32657143
9182014
22518649
37304346
52639564
8885390
55344566
18443177
24156930
46321475
21536939
31261782
42554754
55456049
44889067
23114646
3028968
53650278
46818981
52147135
49670284
6504823
41856000
55523997
45770814
2305245
54022926
54361377
33138264
28469012
45504375
53112798
14302451
23996870
50083392
44559998
52852072
9023090
54666239
50655149
14130332
23840891
54496327
19440108
5030691
48998789
44419276
19005445
14343605
40314158
20654746
4509898
18494010
39550755
1501071
1773047
26926982
25553914
19220613
37785467
24530172
31871116
13393016
37866065
28904798
41060302
47653760
2196923
5256369
41188959
6522433
52450225
29173811
5497537
43144443
43785247
45018795
4105118
8714310
9833706
21820148
38863992
3008827
27084573
22987384
44070769
50676046
46901515
11387353
55473108
34756062
44424108
2966318
40456326
47972306
37071486
35803933
16828412
53434491
20929755
12015148
11388506
19669393
43148565
18238743
39039325
45434548
35185089
50408581
27610319
6824879
5099186
15876608
27061670
44532139
33845869
32683416
52962939
22509064
24723246
5110400
4663346
6815413
23654833
4652393
31143894
41396995
25237788
15176875
52409596
11623973
36990195
50909764
38390068
55474018
40813655
56754356
28187840
38723821
45309395
11733711
47886820
18327048
50154350
4741865
49329201
11336805
7960170
456148
28209329
28271444
39215568
10953
33431520
40017838
47538217
26330630
57111011
13613815
35946681
1499831
30993906
39276178
10096109
49759324
37649789
12453445
11444960
16454129
48597001
37345958
29702972
43144955
37121459
38817545
7145306
1476662
51251088
47812338
19000581
38561987
52599925
9561341
10232737
17464501
51030439
33924402
48143950
55611180
50743521
7034114
1767333
38994582
11990000
55402665
48677975
31559271
21616444
31859003
44511157
15815657
10588110
48645428
46363259
35644796
55690069
17092969
40236082
12689101
52972414
19802851
28329250
45499035
26654514
34068336
27080552
53179260
51304493
51473447
6447457
11748938
5407725
4124668
48076608
38190730
33786221
16818972
44808114
16164398
31634503
6229340
27212399
32703315
50715359
29270290
5772325
43000968
32244167
20433231
52483463
17836990
3511948
52020915
28782094
31235255
50887455
33367106
57095414
49919165
56429333
2322788
21432331
24976996
28098448
41621247
3746226
27985434
53308080
48942385
46712000
9294799
13273982
8305720
26930990
18078002
7389733
43099094
881116
14407177
27284894
462548
57178508
40400305
11497071
53174989
31899842
11331900
34697774
7376235
28486834
41815948
31984341
47934695
31594380
10476625
56436779
22927453
39033435
44013281
35668403
48769891
40123810
5559591
915986
51955507
17196885
50742557
26177811
418568
25352281
44644590
57089089
4003519
8500463
10528781
18477215
34887217
40605067
3245437
33151895
38312140
20585178
31871326
1861527
8666927
39566802
12423498
45019051
48023545
14253081
40472423
47853904
56291915
46122706
18297041
25777696
27141928
25390275
39293221
11453091
21348762
46507738
46560307
53649916
41736857
27683715
15231778
1735322
2292927
50783870
11644180
46814223
11918251
50064525
57561641
31771487
49303258
8534027
4546628
169640
15721167
4713327
39920474
30514218
18980778
50666767
54608087
15688836
4041513
3149094
22652785
35822458
15134492
29240203
38418138
40001535
25390788
32571519
454753
23602315
49229230
19339656
57376194
37906765
761266
49027614
27224859
1737228
50572861
10196912
28372778
53330561
43492550
47013708
44029743
3291942
46625254
4062603
3399662
36342666
56138214
3776193
7767931
32892957
3849414
16210229
39546782
12152084
51465901
38875098
34349733
11322465
28942000
8348580
21045517
9387649
8818364
27391558
31124450
7605911
24464363
39119071
9300817
40200608
388454
50330751
10255890
20646198
5684390
9987080
38938346
23245256
57686779
1921313
3709786
2060941
22504329
671684
45925962
50507047
20296708
26001153
48036949
19554351
57290217
51413960
36023200
11576064
13290806
2368990
56065094
42023756
38730617
27093678
40308328
47865867
44646361
10632421
49831464
50562745
10060302
47380644
19535470
55625838
37176985
3038101
24258591
40120893
48498588
19924809
2470098
742357
26470937
6986600
51654763
56077764
48486765
44017821
13270970
29027051
21398373
39335027
12079038
1228361
40207317
29675907
8398014
51843617
10935730
2450820
41390886
12194465
10203659
26860980
41730858
54816092
12299514
4333782
48014406
47756230
51213872
5847109
17211206
38516785
16259836
18000553
53170404
29823325
22619447
31695944
16948012
30533623
9491321
50526743
50590348
46123701
29103788
5947193
20816342
56501266
50007162
14529906
38587219
23511178
14561465
37397076
17165297
22303285
10879910
52530907
40908635
23060698
47347274
56970654
53469993
54560123
5744716
21474460
12875312
49845825
32568234
34544881
37703276
21127620
21422954
55006765
35670970
30362523
13700032
16650047
28277658
36859595
10332051
1190143
6345881
50018181
26517165
32758002
49518262
55942824
5183633
41697981
37714317
3150762
3829548
31995532
41684810
13658892
46666227
36090432
12142548
11440613
13121927
50820123
53580262
48820432
51670344
29384534
12448476
34600438
6317995
37451126
30513714
18073871
32432978
41711491
10863530
38697953
27574369
7820280
18228507
12396481
37868433
5718784
19225953
534266
53452917
5594378
1516344
35225614
22968505
29446037
25983963
22061496
9513389
34559338
46735566
17069906
23066539
43120962
4086724
56367736
5018147
56925835
7210340
4098636
24500733
13406861
20469445
15177887
27711848
12509723
3534139
47697778
20389479
13631574
9381533
18227303
40385874
40193918
19605261
907009
30296259
49184626
43449541
2807094
21856410
13978215
12983182
24458803
48466426
15284501
1761006
919511
32425102
4167090
41389192
9322845
53818625
18323333
22007359
37774071
49880244
266176
48679855
12525787
31005701
37311227
56382042
49842476
9897659
28180636
25581079
37852776
37691826
29471326
47583912
7761218
33635401
55458682
33061408
47546915
50983011
55353916
27653931
33465867
18472077
33429469
55439098
16044554
26203090
32104794
57217827
47718068
27020476
21732239
13903746
49286836
27413567
38565017
24261397
40168495
852421
53869754
48028864
40294219
6199536
2488841
42823421
54212098
14839282
35467493
30256595
27880754
47245450
4588072
35786770
12791134
7226379
33697915
16586727
36245023
5084318
45849199
33814322
45857251
4682283
43462341
25025439
45005073
37712596
28151644
2503242
28681813
273827
55903634
7834409
20111050
45409559
7355928
34319114
55082140
45982044
25668522
49853985
44817926
55121694
2088854
53964408
39104968
38977208
38861140
2430701
27350678
51530527
715592
20831812
27800822
5749745
7237406
42501831
19394393
27877816
14723219
31211015
48286389
10494075
478480
53915548
691030
29497496
8650591
5228154
1164117
38670440
47765131
1217129
26380336
31235258
25466878
36674267
21990141
55454225
12078720
6518866
23729705
5329458
13594405
43058992
44115352
37119591
38142222
56306990
47715039
4229144
30732535
4734451
20166655
39104596
45264957
53222877
28333379
27740152
15223024
10310599
22653715
26893484
33510252
47466070
19608728
38136265
24595547
15471274
31724520
17112873
50684462
48794325
18974106
44598426
4916769
45568363
57528163
44276689
35938066
42980588
41822490
1991550
17229495
35067390
21134828
27888416
37999852
18022780
5086437
56453152
44923959
32947646
7284756
5737598
22870522
4137453
16775355
17846285
22546813
40690196
55898767
16449646
43877555
31165744
44830264
28763692
19993908
14547575
2454199
33946516
36114703
17118710
48980334
57464691
54827539
3112048
22801979
39306701
30858822
40262403
49168396
39186361
10077123
13510913
57085854
15387848
49714252
33845160
30071130
16460778
7176252
24733023
29379383
15113863
11171835
40646299
26309493
54171004
36192873
53459100
53089794
46773624
20051172
45868286
34662712
25884449
30013227
50663188
47898305
2036072
30185279
46021094
50224118
5052886
21556662
33604305
43076719
43617085
26668908
5338106
44841395
49822390
23924799
46493085
46564370
25124443
4453426
40974005
11444821
57542861
33407928
7221508
12110911
4530334
15855059
52123136
35746144
38340766
30841519
12240822
9571954
25132393
24464431
16619813
19736168
46063189
6935397
48102223
56535690
34606519
49536919
56108311
13621630
56560357
52403269
15953976
24043232
4670566
17929688
4223313
55795560
28877593
1730060
28111387
36907802
35274294
21281617
23505322
28768811
5709126
45536392
50712142
5396224
46524854
20048026
39757557
57651111
30088879
8928915
10790990
31348499
50736563
14068653
55427655
42880735
47732703
8387899
30183530
16998618
46812095
2493253
27684173
2333402
24215767
6829770
13402480
6505482
15572490
46092542
35816670
10676513
9375149
41027727
33762279
46633744
47719148
41192253
46860121
9103991
15952352
54482338
33680845
18219439
34459562
57403366
12697205
30734085
19335805
27690276
57438056
44478693
36037487
20854403
46690923
28073895
49017280
35433550
28448813
15259588
36717393
5152554
34674234
20501406
3672190
2933637
10137234
48978768
25239900
50137784
33183146
55492914
30386387
44401091
15885844
3725477
38067561
42766930
41419640
42980724
2016400
36583653
8151380
18327203
39960735
21620984
57385083
44121303
56476158
33659870
48708966
26579598
1480364
42104208
20727783
22817034
35453738
17759451
15795621
27506987
19751397
56905667
49970681
37024521
6333529
30878915
30429448
5450448
51114141
15199598
45192954
41449198
6986529
44290397
29065732
53599433
22904827
23725212
5775948
29896560
42543117
6604758
16215426
46786942
6650470
13331943
7021412
18310362
55768055
27013566
45659918
50850488
3175748
29455376
6595072
883081
37524775
25593461
28381106
20028554
8213069
902557
22747077
11147097
21385569
5340519
427095
50768268
49305707
56931191
24044745
53516176
10317899
2883483
39765529
56463720
15323889
48131458
30410445
4917567
34201429
16204541
44255415
2292667
2294212
49125223
40625587
27859832
17380391
27478548
55041478
7429583
37276989
17406557
10720002
38740913
24158424
11619516
26723523
53549531
46613292
31524873
13750647
21977791
45319595
1997682
26053275
20769933
13930029
24569514
18422152
31908762
24273940
5493803
29790692
32194380
42108443
13147038
30578355
9950808
565170
47998531
7073192
8899687
3611744
9464097
12017389
28368894
22766225
5562261
50162495
34999112
43965279
11752965
53684517
34913273
45827653
11847371
2347780
50144879
295574
23291960
12481681
49839561
31508972
16643653
11979636
32157635
12581868
50703436
13241226
2029094
44386787
7972706
7245908
33002851
44457873
6455128
46330010
45527114
29720594
38409530
49438207
9052006
23685312
52200756
32565492
6046385
11551797
47179432
37663198
8216014
49542989
6201638
48223536
9714948
4061785
19036201
18916408
20916384
6316648
15632131
52543187
21747547
21274834
790780
54796452
56690760
34494534
7920480
6452518
20668588
14724218
7601061
44610125
28002538
40648959
43146061
36506798
3335783
55396443
41825171
28116090
50191652
2139853
39550946
48558540
51269013
12719552
3284277
26133198
52692713
4720907
51752406
35074707
32707686
34419858
46875972
50238242
24189557
3559873
9215067
44182075
54845291
24712103
1464064
49255741
37313175
55873230
5045238
43343305
5204791
50048929
56688756
11996723
8630841
26831393
55637874
25135814
28150451
8926981
32140793
27981617
40136833
27696159
45958735
40229445
20593912
43316099
51386785
37767483
16838193
52626576
42718011
5589550
45158929
13714446
54574113
4333481
50668439
23119921
44414550
3571679
41418088
29857362
24482461
51618638
9044553
46710893
50755022
10532445
36913760
4444633
39782882
57667388
17465858
13006247
56966272
40586430
36841517
9123820
52809473
11248643
7467647
39367176
19139049
51189059
20806008
41817803
17678931
57460371
39461834
14557188
47212830
47559450
31176420
35531569
863616
8875718
20160744
46310389
28509564
37006372
55102387
37140246
11064727
45003040
33924731
446061
45536958
35956485
12019784
13442297
49869595
14038589
28924779
45444858
33510127
31469249
2355968
3121743
10247541
2265995
51504379
11681261
57059445
32664313
25734436
12313228
38126155
40914372
1571613
1732928
36305256
20462957
3215515
20982277
57226083
55728247
56549889
32094661
43846891
55741196
52641130
14788348
38288462
55215531
53452500
40751995
21221708
10453584
19740976
56326281
2966550
18840066
54070437
44746217
52298158
42580064
21105226
36393227
14972727
38868656
56277414
15322979
31360486
15610880
32556000
25131422
11881356
808692
47577143
39422154
17452734
55185600
29459459
7900078
44357434
53362527
21011019
33019039
7487034
900909
2255844
15980334
24301909
21853983
34004602
26268542
37970948
39996570
48239425
57409749
17871781
51030144
50890591
6229063
3729524
31747307
45677891
40582814
51479570
50151544
20326305
9552655
21191777
33856933
44649060
11338395
45875493
30473720
30763195
49266701
34359001
48525472
50099343
8396977
52006647
4371643
46152729
38321199
22124789
54969281
6519158
11642718
57664231
19143283
28674784
20906711
48391349
53286348
30620119
41926915
28959767
44229373
33027207
9853382
56105052
24538951
48698812
6972403
6478330
39997723
9530968
25962024
6882436
56091311
30367860
13685448
40006855
48943449
42165652
10482071
7668661
45135876
51091546
36757519
38875546
43512047
650203
16828045
24326581
44150747
8899708
29469996
56247932
18851867
18914571
49132649
18060621
19064699
7805045
38276307
33115287
11199658
53354165
3560599
26448067
49548023
29279797
29524784
51638398
54789777
27514137
28671143
16623940
17943109
36107316
22047501
19185466
24623067
7928337
5220196
56026427
411452
10555425
7115283
791246
10213482
51691215
47907926
43709413
54365388
42682143
39918299
52875202
14169753
32040803
54683284
55669625
42613632
2010647
22967255
48529447
19934638
50323827
52336440
56517644
21847860
14119164
24328880
26356641
17880496
5028382
48911144
9983817
341942
13184069
21006932
34627681
7689437
5225783
3791113
1490186
38876001
7877496
8555529
26623739
57550783
52672637
32702370
51844185
50199620
30403429
53953008
31540606
38839578
38217275
42552375
53251219
6602279
19300498
45569109
18260290
4686440
46090686
46736886
33837873
15858242
15781149
30836568
6199251
34473394
53673618
3298268
12252261
18450325
13642892
51681370
5706597
12836628
2298941
8254788
29022625
1927461
15735733
46748232
43348360
41978607
23251877
18045721
56465601
24977669
9842034
29283405
38972179
30232443
41319348
3001305
9658991
49431367
34922951
13264594
22221132
45586903
18986
28694503
12743728
806264
49382429
7815420
51937614
371479
50279056
40034394
26702713
41880738
23496355
25302639
43273006
8637819
18567297
37545807
43765491
37369592
56087669
35970874
30937063
49647982
36201966
54154397
37573845
57459659
23609219
51286630
32843175
56972723
37072074
15291918
16992262
49010950
15296365
11903220
41792378
8398318
16538039
1400074
8971342
25222147
17098952
5727199
22632329
49321317
49581750
18158228
6432528
6439687
10132519
34542667
12074136
46865918
40908789
44047216
24616484
34760108
14214556
17551257
39980461
56184736
57755554
5089042
17582183
17261658
53125181
40392303
9790586
1679503
52424734
3244143
2589818
25537636
24269060
14837712
42888789
43142063
18389320
29649862
52125551
21026601
3997488
36150532
22249434
16512292
29832660
7065227
52539648
26153431
17555704
34891419
48966164
50857506
20087472
34949880
7471072
4049288
56091181
6546443
56849686
26887098
36735084
55875718
40408848
38886998
54208393
23602537
48776513
55122719
25652374
26338630
9140778
55608808
6317872
15184207
21732645
14042839
57633135
17648229
45310879
34821809
25167557
14016284
53750045
16038184
46982311
924629
15323213
29204083
27571360
973968
54601862
8211697
1667325
27169921
474096
9449284
55710164
22437883
45981941
38167178
30384368
4320181
33876162
50035034
25674684
14448027
26491961
33174936
50240672
31294595
38831765
19492984
35157585
52825416
11078582
17778227
31113270
14349245
42725833
29723274
57066644
27431940
7737601
2581651
29219758
35796214
21227344
27906597
49813515
52025371
4291015
38109335
36405498
29791746
33906683
2863359
21967356
52957367
52103172
41111299
53897011
54129960
8414402
27742968
21712146
7092948
43176006
11753607
15042601
15293893
21985673
7088603
8575793
40064999
39114308
11676771
43742699
37325585
23615582
22067791
15619873
32259270
14566263
43905750
18188001
38709317
18883798
48979668
9423967
55733213
32696897
36517653
42781425
11685065
42326963
20322150
49810347
38245724
47527935
18317609
17081710
50044286
25734295
54659023
54082300
12152334
45821190
32038519
21705712
1719922
7501528
39837735
24434880
33616947
25021951
26968333
39648960
20910586
16282771
30666315
23315399
21011832
4554301
32822885
29998329
14444850
40917827
41856349
31527624
55243650
50343315
20182688
53721986
13581961
19201443
32407392
810233
54464879
24536991
39627978
35045043
31644582
14815783
55226548
4331597
14474976
21049173
8982645
7958798
53030939
36475625
856124
1377114
47869451
2268669
45901981
51040838
43434178
49273035
11344936
1521663
47124965
981245
31678205
12771727
32860176
7870400
29305867
19419836
50652410
24812194
37578496
37676595
10704418
44540985
53108953
6516177
25778235
40630632
17466285
51653825
46366174
8951066
23598744
7192224
16594491
6992557
39695902
41912515
12511681
10363691
37967070
34353237
36244680
23807805
51589472
13440340
14977991
14857284
49964952
23339426
14107776
50797511
42327643
4188241
29126361
22841931
57173504
31884410
4628069
18878829
38418692
39173950
50116576
26969798
35619934
32441977
52240877
29332211
14309056
35918444
42242622
14159265
50887377
33167951
8829814
47095799
31599000
2002176
749508
56927441
49135394
9919535
32034761
29849323
15138348
55001952
28577473
48658286
3829329
23214120
26522254
21812505
13917626
17674598
32488921
6287723
28496532
26686044
55213200
149791
53154679
9074671
15693062
14155189
11932561
17191249
46346291
32431560
10626782
48589974
24892680
29649682
5144797
45156421
1271849
34603674
51172622
5363353
22136031
50140436
19660104
19211267
57447195
7629903
46938067
16166488
19198135
38710352
31291366
46138529
52580341
49363100
7505721
56261814
25568899
37261002
16928077
8119928
7538879
49100712
53808787
47859871
28377833
28301124
51743799
6272107
22831254
11395797
53826861
2924764
50453242
12030201
30033201
41280707
56555380
18591325
42635123
30819607
43890012
50051877
38632808
6682138
23794201
38368330
39333736
27812582
40085734
35950977
12071141
17439009
20722879
25507663
53876073
32469337
15833481
40348002
10205247
19906489
18702556
52160270
41015175
19536146
23598433
21805486
9009194
25735773
32461314
2946857
2550410
47571485
26257676
10628088
25108402
6345229
8646207
13746370
15741441
22646725
15228098
54687090
31686548
56377154
9674182
13528070
22264090
6290602
32009057
26168588
36651315
9530021
38925448
29573300
10526951
55622661
47104173
6062337
33548974
42649829
44812792
49682322
32826694
19912447
12345492
11362032
967399
43759483
8881882
18814352
1323788
16610945
45012907
18158477
44476675
3383580
49642625
6459112
27399288
22479036
55366752
17441626
56763070
41062787
40229127
14828225
22073687
4454344
29373157
51990263
20186746
24900345
47700441
31828272
18945047
26346009
2480150
39913048
52799306
50030938
31561445
40925311
40257882
51992938
26275853
38017562
33744292
37527199
19215972
20321273
23475967
14303965
45336110
52298456
18989100
35774783
43215069
38207036
52391209
4472811
4289822
46118475
5955298
21354432
29348122
47155611
31306704
10209213
18715214
11873995
20136666
47692119
25013069
12603931
18248646
56872266
29165201
23786630
14051232
15275618
43108775
28937511
53074866
9561327
19446998
38542065
41143575
49105868
44280825
6272734
56277514
51059002
27133963
26923299
47807729
19138909
28440397
29796320
436157
28783096
54984538
17896346
39807084
36264415
41198730
52222017
42821033
24253194
48801467
42873722
19960753
33547448
19854124
14532801
36541364
28101131
4624851
34870840
50588355
50981824
47262383
29354215
3251273
18358665
8846513
28375020
18702752
10020912
32571783
50663423
46736013
29083734
34457617
55708679
51203382
27309147
13784161
10310922
4292441
15254019
23019598
15791563
7369695
2116604
9907950
1670523
45636388
21766639
55732069
31597750
334161
39267329
30871313
42999865
57415914
56585602
53563238
25799330
21044900
13851660
26569417
1390945
46003963
7148470
41924518
40892460
33380316
56290143
45051325
56624490
18247935
31266605
5883613
16062782
24603828
56264923
3698455
14038637
21432478
26828351
726437
25457908
39611416
42409323
47196628
31616584
35540702
50075189
9593524
19653955
35971308
19420947
27590039
5111503
41891765
53757987
53601135
34515827
38042208
24148331
3344487
12548763
17026388
7378691
12364327
10565190
34832445
44993715
23675811
6338181
55340547
26440725
36021281
7994832
6868621
7485050
32386671
26250358
24467491
47932578
2427527
30859805
45652793
31592053
9270369
7375938
15715779
39816415
41534950
35857055
17485554
53725797
10548047
16824808
30306247
35494224
44649380
38857875
16779
54995087
28076901
47345715
29935715
38899842
43731773
38378264
40777559
42214094
23822831
51367687
12643395
28595475
21589436
38276855
15876274
37577566
33964600
47982335
32694471
45569154
35672619
660746
33783161
32813824
29935429
1811983
45841056
17904
10780974
10431064
35422983
46937060
3613942
49317451
55882283
11881290
24919044
57533484
29570698
52987357
29778251
42490152
23082812
52135482
4312255
36017550
15246705
46155447
22673327
32033725
22149603
2858795
38848928
31971178
55096380
29917525
48791010
35409991
32718533
21603915
17180733
43865532
48814777
49492653
24398407
8712410
40070592
29691688
27755232
55204158
40268156
45766381
38177897
44825262
47252387
26280420
13344223
40972981
24005843
30178142
50944798
47938426
15886027
8931403
51303780
19686388
7562603
27187095
18229258
46613001
40912749
25448080
19467125
50465978
19785672
5070329
38717179
52990046
57547144
50112463
17026260
53202894
8877605
22261088
31481039
6279406
2274576
51289693
391794
44191029
24655726
42013395
6998256
53959640
1368799
24116685
1457130
29073214
54397957
3144789
27145876
48206772
16026019
24760407
11748799
24555626
5283186
56728328
35963786
4344250
51598469
5128783
21721855
12961809
19986512
48314958
5887612
26207159
36997578
16138400
37192773
28456087
51008206
40641572
52502510
40419197
37842340
8675952
12290949
6191185
55242381
2385469
36457973
49230394
29840832
23144083
56715452
938936
5129859
30835003
40382395
49000270
42902272
41530509
7074197
4142964
11317380
112823
46774387
8541491
33253805
6914812
44077189
20952620
2799232
43826558
28128248
31651155
21557182
9905480
37856823
6011987
40668249
23677501
50274942
28901896
18014224
25880449
28680152
24253200
56056343
9215497
41926073
38759308
40576740
17324984
25492189
13139500
24619019
39859575
32587914
22664796
4115580
250631
50584372
39271689
32632986
28586379
4157942
15545195
26997232
14179322
13497046
22129964
5663277
34758104
10585354
4124634
37947718
29828266
40087128
17297035
26398757
34964700
13267119
37800851
50465966
53756226
48675198
12317833
46107606
32337283
40204036
32967503
35741256
21997993
35113746
17087791
1589147
47738621
2048149
15230879
18879655
46862554
11544609
11902254
54570386
48880700
21797507
31014294
3429509
15486039
4029916
56721518
52622345
27634505
57249265
38148133
18012231
16337915
40237409
13140103
54356027
18206043
55613757
18653465
30772456
55498737
15039642
44118269
28858966
23309207
3686269
17341012
2655778
30787521
47864747
23556092
55814802
6311468
37347989
4467992
20623694
34155412
9835863
14474212
19985885
40911350
8274334
4872128
19741888
32394977
25649957
46066173
45193587
10478631
3613822
54777799
26639771
2094046
40432000
21881564
31017039
41022360
27236266
36859687
43096331
41553279
54331714
3950420
43447775
3192577
52392129
16513093
14169527
37048125
6199878
25477368
21169462
44002969
36982171
41799327
44961391
25534937
42452351
779399
41598861
11883387
14345799
15121817
39200619
9773251
52405299
4520963
55686029
43442988
40287974
49509522
55865505
51139137
9318291
37298293
57146662
15344004
20676826
56815771
26242274
19956910
56618808
37130136
9405189
21810845
9710587
54545602
41696076
30568964
44193601
36840655
40806380
14936159
20476519
34679656
11847222
8962311
21992990
16540118
45337484
46908838
40191231
28930823
4356085
4337898
26985078
330891
57225342
719916
10560573
46872139
20915332
45171574
37783160
12619587
37874770
36901624
10352001
4855421
126195
39621053
16364136
6126724
13452547
21877818
23050277
53067105
21384828
43207764
34108888
26770272
42552752
46216944
12309356
14388805
4872556
36628773
133929
20716814
37564585
33512611
9088979
8295744
7296804
881536
12631197
33019348
47139040
38854559
56614897
51759472
26168506
4849928
51200059
18145443
492990
37602514
18958217
4978167
655011
56015556
14460916
38527558
41344387
43804195
14254876
52279354
56824189
34744929
11627835
29268840
26215807
8207443
6028158
42401067
21866108
31536639
44528063
5743179
12686053
51764969
559413
18386674
4356938
13597545
56947226
5878433
36947502
31066273
48277252
30251065
25034779
38780333
24272682
46825034
44740007
37269947
51015129
27555348
18892733
3420392
33604293
51938352
54464947
32251520
55633005
26486540
29214196
50523095
5183766
4662990
47408030
44721869
19199448
8842116
44773654
36244564
25724793
17060048
6031494
9496919
5978382
35969746
51800327
55126347
53569906
27548269
28740825
47594737
51711056
24714382
17079057
11716384
54065347
38342018
13400934
5109910
21302774
24551206
13478675
18221898
53587154
38565914
10311825
40714885
51240935
38077217
30213070
16227873
11081666
27821749
15456593
18975647
40159841
34615668
26385521
16338780
33597214
4026443
40879290
50358282
38772646
36497040
8679061
48955437
17039244
46609729
1994846
13444487
28724053
32672762
18273683
23235879
55448591
40358220
10501815
35013061
26995551
2391321
771280
49866019
55785520
48964537
2953737
34184672
11382065
22359078
33219490
40998933
33377409
14745861
52042832
47577210
19457796
19829332
57324202
13958368
17885676
37445696
52930804
15851784
34984171
35675464
12734064
20435530
13362669
8110494
44605392
45253143
14729413
19930355
57275893
21600848
37582472
38354660
11328792
28143133
57105281
18473629
57079712
43560199
53048065
42577111
616619
15863039
1943656
19878506
18787564
2033892
2461524
27618951
13481331
24912252
32676405
4623569
43953749
36233138
51141082
24675037
45737251
3492176
40107884
29284844
10272055
9439339
39009380
50615164
39187032
23908692
33549176
24866212
42943580
47548637
40633455
48861725
54835476
57669765
27780592
1532224
56676172
45672884
52702547
8857762
49082115
6806878
21606099
19278712
48255888
252516
52690765
16452406
3583731
30668545
48035465
17416892
38375918
25464298
27429599
24684431
38725113
54124151
41992758
4445465
50473162
40723691
21081133
53303252
11357203
50231320
16953289
47818410
54350770
56259279
55375275
29803403
16310991
31717193
34711558
42167092
7032396
22022220
36540553
43926840
2656237
32934778
350904
13691487
44499186
31065449
40451673
44643259
14014600
11632678
41124333
54929911
29366487
28609813
46713574
21298794
53640551
18454010
2806746
34910978
50311899
34021692
5455455
42267511
35048408
12689338
5626539
20865557
19365983
13969386
43575935
57088362
46195593
37409067
30999815
10219538
27414460
39182606
3518925
16844690
40026192
22878131
8216337
18431304
43092874
38623174
28855658
29093184
36265723
36908666
29455522
18407999
9336895
50526118
36640971
14182851
3686966
2020764
45413233
30401233
25533794
16530479
26088547
35976055
9994607
49577210
17064223
10569770
9520025
48764406
8628353
31958498
37545258
37716774
47335647
13999689
12721062
49706993
57397663
28221335
37935382
47053016
39527028
52914044
57202763
34620207
26529619
31045734
34246971
39246365
14676297
57681351
6535871
34271338
29275442
57184838
50420796
26059818
12305028
45685138
11219148
39035190
42382852
23545568
35359323
7992264
24725638
52623338
22135222
20708258
46454308
42781338
47610253
15270432
36748036
36520640
373235
45043254
26733048
44689232
43074105
38164960
28405908
7111034
51974154
3215624
55243421
15099268
25204280
31029838
3302286
45433581
14039478
44754199
9183541
50859597
43617043
14380991
6169030
37113885
30858005
41547486
16396913
21453224
14897197
49464783
20151203
23807615
12332760
46328089
16283324
35963071
54314418
35553895
9627613
36874885
46134956
34577194
11796982
37530700
16990360
26671699
46613651
31303493
1137156
5166160
44690566
6503158
41282987
32745156
31080583
19768392
26650289
24692131
11665631
1453193
47495633
31583115
7524291
34129690
2377282
48853041
36699068
17439532
47178940
43174031
35441514
8604255
17586833
42885284
48677050
53810479
35898154
51811101
54736538
52393999
21643174
11945410
43546187
31878205
6094866
16752063
8102761
35560707
45320109
37842517
51688903
13365943
39569444
16431251
7794233
53061361
1674101
51285038
39758019
48938295
35950809
2919840
28050817
21536355
6987130
7229560
9437552
51627767
30167927
42791128
19211423
128580
5850544
37157735
23775444
38657771
29191954
38383856
41631805
31954166
8636683
45621263
15935321
54631695
14757150
24632807
13303342
20859417
15334229
47201790
20887478
14414454
53692711
20821257
12098803
23482975
34821634
34770036
32416344
40402958
36940584
50177300
44476747
35316385
7965780
43151589
54785966
54997789
29747172
6374153
26382456
22128600
41227724
49062515
41328353
51657733
9298578
23861553
57731940
919775
51269080
66221
2315651
30209735
54123235
45452379
48826632
4782287
55589453
50362656
53686211
11987810
42211519
1325158
48654030
21091603
23768028
48411813
28615332
17982183
33270041
45443553
38560248
47329991
50127548
17466800
51685794
8378803
40716085
10269328
56364125
21059344
14066598
24986884
49506715
1944558
226537
56223977
8856076
43601643
18514747
4964663
31457391
31483527
45680742
242217
50236272
16149456
25505382
51295391
37181935
54063662
53076006
31457059
6007808
41748745
44874327
51780077
9774679
19656740
53962731
41740852
39676241
12122040
24760347
51042738
3452092
14384895
48072841
3891413
22507862
44791221
27407533
31215174
49370867
29531286
42860447
56700882
36727521
39565332
55979385
16088487
659464
11327261
44342733
11987732
42337677
35581197
55577347
25793828
37740500
41840690
27344116
56757115
19033559
10375452
2969897
57320680
2240643
3281619
44607491
1656299
5783965
55636248
56478339
50429986
50563765
13658725
11085107
31002645
49269479
55015735
29505754
46431733
37113196
8761536
14170386
16543849
8204308
24100267
56209713
49106997
33170742
27332275
53787217
19472879
8134808
57448279
23076800
10947955
7861265
46731244
13301572
23477591
5072483
42819613
49708489
29924731
32512858
13829373
1496891
2837746
17902538
31107829
32261347
20569347
10920838
433729
18094137
27220923
48689526
39241049
53079780
13697863
19197466
54098939
6759690
7550464
2190624
34105557
8009993
52507285
52022372
28241960
41892714
43271364
10306755
35879116
28427840
40038722
6290446
38512673
28336400
7696802
20186991
42191228
2475210
51823527
9504204
46976700
31901144
45355274
30407193
9344452
6938172
11647002
51908315
40777745
9904082
17806950
50206797
37528034
10614571
8751008
17935204
6013598
14843524
38391645
39952281
278777
11702322
56353645
18325682
54268784
5221591
26123465
32687024
23622122
30285994
32272542
16569506
22556692
38417101
18760191
15196137
34284039
12106531
44464976
48330949
30136048
7192379
41455789
29956441
14964584
4271095
37303560
34184929
24928357
37052934
41358637
39713096
25557150
3735663
2565828
21581760
49723081
6201082
414481
7052616
7729302
4219052
8172926
17724165
4133062
6653660
38854773
54076701
50094094
37272597
6875160
10543218
2591405
47548305
50412881
38539656
37102738
10614237
3189903
53338873
21859395
47986584
47510878
3975390
22136194
54124747
31530889
42670465
56231781
6559040
9243301
368747
85989
1519265
36629393
18179973
24683178
11945787
47201541
39550876
45044802
27450467
17890338
21811750
20809177
50162255
45713364
51887477
56878454
12963319
5827995
17884005
36214001
51146132
40568112
37225730
55652967
24971849
43790775
8466643
6473051
7724035
31862966
39666017
34596088
35047216
39102044
53255914
24660986
30114684
32024149
23233052
6641290
25488084
33858386
26681701
3647411
32750045
46059482
38994449
44872930
22805475
45439504
56748271
53253165
15596263
3798566
57549935
28862409
36066739
44727289
34930645
41251559
54575751
10927584
49463786
10386230
19350970
21231765
11791544
23473394
6536065
47134667
48083200
32204283
1108341
38382220
32776574
56000726
33617618
3918556
56248271
27312310
29843241
5553315
6066841
54857466
25491828
23186257
4295374
52575181
47911539
24003061
2151383
54553131
49336615
28232021
8958297
6241187
25059311
22416878
33150195
32091782
56389936
9700980
9791320
13231227
15128213
39221629
10116066
16668918
31835316
50694956
21245469
43109386
37821488
51004196
3165702
30676647
33034719
38052314
3027408
3722018
32426447
31679363
45594834
53459039
3172710
44301419
30850993
50727529
34150554
23449215
32664073
43158709
4936377
38693303
13478771
8822906
7386313
17181111
53183450
56849541
23237079
38364884
39943684
7144840
28333088
33236999
38012850
29312700
5625867
39471657
15887185
47091020
28506652
1293415
32971657
20568793
20514476
7401778
28427067
48751845
18512837
4334380
40043549
6477082
31306990
6661271
13399456
18660383
51704033
14818566
16905857
26455849
10031796
17070296
37255602
56780389
27611132
8904804
23789126
26658459
10965004
14593770
24482974
18301470
48902550
25569879
2505336
39886243
57012552
24092687
19071907
22399366
30787391
33382278
50837627
23010218
12717238
56340891
1754526
35611795
4786770
57595562
57323859
21375019
47219165
28350797
43354873
11316283
8303411
9195356
12539096
50423535
33814831
56673096
26159745
19379918
36680938
36172650
20814335
34613186
3668907
43449630
29321740
18140784
31028650
52256736
21255691
34865444
51554121
12282576
46411547
51535363
20740008
28973062
46143757
35902881
30410997
44523128
9140798
15639877
33140526
13626001
24263790
24798524
30355768
350705
56325584
2067752
32503743
35124706
15655057
53651735
22784591
34825004
54645093
53923207
702615
19336726
56577509
10382369
49302569
27802096
15755216
42597127
56322065
1620629
37125694
25134731
11382602
5878407
49136088
8342002
41030234
34276695
36596552
38651627
25606963
21200878
44172695
46975620
22703726
38590054
56766642
26621385
44486000
45671978
55105699
683856
27794157
39139023
4990764
17069053
39603643
14134587
15835044
31187334
601638
31247287
33758644
3040600
22608174
25223003
39869062
2378606
8669732
15395674
52238933
36391343
56257153
15946252
572589
6445952
4467664
11094664
29275687
54165755
28241432
26330286
6056703
21088715
9898991
48616178
1234009
8416309
23896559
42347758
7792300
55321039
8639112
8535641
31295150
30593179
26916882
34836999
7899674
30038390
27262133
46656291
46182365
2414811
21842199
57601537
34930266
18425521
50976844
13309011
712661
17516327
26794906
15200526
19854706
11846293
35083229
16646252
624008
26335521
44072256
57016660
34389500
46169545
49742371
54218152
22693504
54638493
17938477
29366995
51979636
24847322
35177703
46340829
25244546
3416677
16988304
31984865
28076471
33460516
54637717
43272136
55421622
14948612
37877298
3208454
11222285
8747708
40697607
11730960
2309631
8266322
7274289
37931349
33839652
52863879
46643286
3690120
13022467
50851156
51949292
5638807
9966387
31761026
39716136
3623291
43463818
41287788
45470760
42564336
46162506
39689105
15758449
4816777
14089938
29129589
30634459
57251326
16801688
42794896
4456670
22138283
42550282
22534022
49048064
30149531
39841411
6155741
9500829
17747271
51248380
20188266
34046282
16706706
46057208
56188349
15912532
11263093
5488893
16145266
37169498
51709340
25599166
44388860
31942319
24962224
22691512
55963174
5398265
52423406
10608225
50046260
41213830
12400750
40452612
42892323
31012313
32457751
23030973
47072563
41460990
34541673
42254670
35617934
794174
34794115
3303066
10130877
42217207
21903165
48306100
50540638
19767020
11000553
21697348
44102757
19563959
28028107
45354949
13112006
21573186
55967476
9593648
56081508
49512049
18358472
30224961
41699751
48756762
46249300
15181504
16206666
44111110
7460555
42678479
1026907
2940518
49523513
19584778
49436570
2136144
47669158
28843290
33424264
49196595
4032851
56507809
16815563
16818532
47147474
13881969
33615290
16819038
1598787
36220157
18175909
27361711
41735662
26518246
42913706
12501801
18084560
31288188
53447814
4520036
3518577
39202130
11263949
47387368
40039231
20593279
26471881
56232564
35174050
45040067
42744642
55337931
9360335
2933594
51326853
40692047
22646793
7758744
9006740
31997077
52244496
49417663
52571616
29233861
8433686
11625518
27177599
13564524
38133221
24609294
3619698
13891210
56922900
48430671
20915487
51930279
53542841
49555425
23851533
47959730
35679732
39811048
4011078
36791900
48410412
43568109
31685307
48409717
13274248
27712688
47549072
23010635
40983977
40946098
12419873
5232773
41615909
2568304
20308437
24242011
25446395
12949028
3339333
4992621
5251440
29120063
38442357
5583111
24239304
41800485
43948652
56647833
1764247
28566580
15470204
10364306
40657472
14336229
860645
48023614
44488712
16966585
10590762
46114815
57090190
9851568
42684337
17373897
45245521
7359409
31266289
30817385
7697587
31979271
34673876
10031940
15244370
54401872
19394459
35715082
50399849
25745683
51541240
49159942
45669109
1133974
9503661
50393859
37971129
52017671
47796462
56133897
17636396
11102805
13794089
39716292
32729659
35324928
54231220
14428135
57421822
57047018
53903510
8029258
27098512
38032004
48397482
47652899
14365634
4012387
41933843
1239907
48200185
50407266
50019892
53035251
31286457
25609601
12961007
39597233
34381275
36693657
52703419
35680105
36133146
36229162
53608684
18301524
46026717
7547813
28648237
1996174
40312117
15871506
27755388
47569225
34029981
54748705
5719056
23489337
13572203
49286578
19343627
52924935
29484420
34773901
50437855
49449225
48988327
34027351
55017426
9064781
10924122
16474256
50195033
17831622
566056
56424482
16898
54394154
24995697
23140342
32000787
3106503
49965136
30766683
41850168
20904255
41176502
24556090
4145710
28770880
30165769
52693338
2487080
37795196
43545575
16410504
52191800
50287157
33466840
38543169
16629749
50852500
26271811
4134162
28178335
14295514
31428785
34636557
22393366
32252805
41298817
11597715
19016335
29060881
47350182
27657689
16758545
12405622
52150322
19575984
36647411
50130574
9147763
43836577
43363397
51018418
51067276
24012241
33657408
40374340
12271358
22859198
33037776
22339908
30465378
51301779
49662148
9539591
3701350
10795651
23600080
12237936
22007534
49118647
22665947
45308170
33267367
54942562
43881823
12383359
10428221
50570835
6767177
26252956
3132912
29714766
17361010
21056546
11740883
21161821
7336564
295060
2757431
39495997
30437761
31289398
47600429
38866497
43699511
1827025
56911729
32241434
57695600
44822975
26214891
25483386
1426347
20884008
44514341
3674599
15979793
52298876
41533
34812411
8891946
39836366
28337494
6562799
13719982
11445823
18404390
35964179
27617300
29228034
49655569
49331265
45349887
56137014
50078379
21821688
12255037
22452365
6026543
32212214
43396628
5330883
38729046
55511748
15267825
49975465
13996677
49290994
53770541
17965167
16838528
2329147
26116384
16891671
45918410
45879415
51952134
46936357
44068610
36046036
52001758
3882166
9616496
23528199
43881977
27626014
26158756
37802824
36815737
11059271
51243168
56008492
426668
56877193
51878682
34100443
6568535
53791511
32452465
51441394
49608784
57706858
24534349
48360581
33063148
56742053
1810804
15906098
5298210
40186444
36793151
28473559
17760189
39750483
7733053
16442764
1173888
15099485
54683267
48930857
10632602
4729586
4129810
34449837
50308657
55847172
1647978
12887142
14546338
32505608
37270656
11611813
35007321
25552296
46549777
17157050
4047453
29747972
47236559
34584651
32789866
54802669
31104117
11681036
48940206
50393569
19519498
10003031
14830494
49953681
44801047
44306377
22544541
16406250
32801859
47785126
41300834
26902371
33376487
13298135
7861898
22081970
22822037
28213881
31868454
27165416
38044103
27222803
54718107
50193891
13844145
21108830
16226074
38470549
49921539
38937174
45926686
37689429
33325596
28284117
37772751
28394797
11504518
32519416
32865417
16263099
14408638
38366309
29404084
21658128
48236099
37408017
47973517
53416622
47929779
4645651
30207310
55973824
13378657
43972888
33967817
43497208
28947292
35048900
50303864
12232110
15975189
28006179
10280289
4930798
16779599
5253335
5892991
5605030
28474388
4862718
44619016
50510511
47890211
49756067
31444611
52579477
57601850
53691477
33572923
2319565
1630604
54358034
22006007
38005061
15025596
9282527
50953345
16715182
19073711
32661295
12315432
21408002
11226580
5026954
56797808
11174568
34538947
11393884
18746015
46087489
14732508
5226559
19065900
53070735
2517828
45876746
29370165
55282285
52060873
36974890
38073559
31749155
39332438
23087091
44811716
56070415
47968817
28655661
14763361
8029320
21434715
7288478
22370195
52012
38611618
55767535
50188554
56575070
54421377
23883067
27021589
19421774
13072342
30949155
34064181
4995544
4179484
2758885
17208726
30675328
55402453
25350079
44697440
51385635
32878274
26519666
51670665
50303108
7220946
7474883
43419126
21382703
36800471
34726272
7623459
39796549
1346158
36669098
29553481
45363214
10810724
6436045
53481205
18440409
37133282
41668906
45546819
31264156
5116433
2222258
54101500
14380429
2835415
28541384
10078581
50698778
19298720
44195782
6883982
43598244
38798023
19056465
13759244
7367533
33380114
39077973
10243067
24106556
25858373
33481047
2245620
2733926
27062764
22175909
41017202
5869125
36552473
53688172
45286268
48496004
57146843
25560116
14665459
9896638
19606275
23642800
43814795
43824088
15761369
55951129
29839000
31430490
43436352
42804883
54884467
9273558
13219599
34522021
32224547
33488058
6418283
37829711
29840335
21193638
43383437
55452642
28706469
56180081
54301329
19726152
44194156
47250205
16317452
48782660
34205455
33542187
18245041
45623667
13985088
42090880
12514777
44794118
44669635
34162794
29585283
30726057
45172623
47855153
28103737
52154836
14011334
42984646
4809885
32147694
2850780
55326968
11514924
8980317
11985925
7051124
13772311
53171496
23408361
40535265
40901230
46341789
29920710
44277773
33108889
26950971
7784856
46475595
25572445
13943578
57113783
49853742
2622319
50777787
44207430
42879092
57708562
39623641
50497477
7242918
30996381
51630463
43341043
4463799
5571617
16574429
41402764
41360657
22633877
34826573
20978166
6987068
23596510
2969738
36492916
54756906
11742137
51601279
47121813
33478704
21684869
6335995
16009923
17503228
3432836
14947400
2745226
50465643
8627260
56627014
32025487
36896192
56422457
26766613
20821036
21970961
51700553
16939802
30746102
26010420
21593673
18008428
28254152
26599605
1591212
53015249
7635092
36023434
29916410
51149429
27832391
4181641
2903159
1062523
25121612
21090805
6320140
3878213
28803767
39854679
204557
5258874
16075156
34451496
43189672
14244844
1588470
36053743
5709740
12737674
8119879
52754069
16417215
32998904
18964513
23327779
33462450
24609275
18554653
25734768
48246270
26769868
47183641
49935966
5105994
21243399
50047039
34589072
3673655
33908504
23779523
33876673
30192813
1830312
43226637
7135929
8535104
46610797
27933864
21079283
6684069
43244586
33789556
3453047
9900065
4718848
4773126
7727681
44486617
2148396
46674739
56070305
32027484
25940241
57648928
28276923
27933355
26502146
10809549
37920594
3715690
32312822
1013647
23056884
51055208
54375841
47325676
55579433
50290338
42449279
45049728
3231022
43708132
39434318
56439922
2172384
28355843
12988340
18812943
46176313
