#N=9600
23503109
57704551
87964028
24299806
73899817
34814629
30902998
57937992
9070565
77753269
55408352
2055517
68184346
26390564
62808393
8558499
7485702
78993961
73107630
56539800
5526063
16199579
89596331
50112667
39802936
56110486
43864555
178494
16530963
46854154
36273919
27006928
75964735
80953024
85556808
43765449
25744064
45309730
2529640
34818673
37372548
56821413
31407124
87429472
18904862
11618057
27610870
43105902
73467898
56908050
86907095
47573397
4200268
33485844
6248112
39624441
67383148
24814026
56064576
17327660
90853044
75284521
33610120
32199286
55208960
40247078
69039434
18729016
35740807
65671852
3411548
69906701
37916551
47592692
59818602
67958960
58113785
62862820
76162433
25894501
80511407
81224876
41325284
56735828
58262697
9237711
11363490
77859112
26120982
8583680
75877541
58653758
47879186
85523043
83123477
36479944
32309896
31171207
15317467
85797731
27755301
75782482
10088099
62117592
17282532
89115783
19600152
32219284
10155038
22741182
76729217
23775579
22962178
59891198
73175963
8207210
10920354
30583434
1981571
87430850
52864495
18158123
3333906
11399242
81016771
79755895
21162476
38672166
3415906
59498611
11353256
57797710
86303574
13132317
70321064
77223249
14604368
24662595
75453692
14183084
91939004
44641644
42759617
14754968
48970844
70396153
6225638
43453130
69878940
11627073
19740568
69268878
57104977
15738011
82396766
42344605
76339989
81627491
55122534
65581822
998662
26024564
15280270
9080325
26331573
45658469
1769557
421284
24883592
58615673
63583468
12827660
87830801
64523464
8529330
33321339
28320838
22402190
23712562
28413686
74485722
4002556
79032113
14760372
31558023
28572900
15025696
38561792
80628829
56901595
78105176
84078338
27496616
61781802
7310768
25910289
48578502
63117510
56801441
39859557
62944872
91220005
4298330
54509462
64006251
13930765
9608777
92067153
67880094
47513630
69345199
59725350
64604534
50459212
27538301
20799855
67907697
50284102
80420242
88710492
57208604
16323374
76767570
1586326
41006925
64156884
61268849
8718945
172637
57741437
63364852
36239035
55017379
18171190
44900685
64099099
38210672
82058772
50525578
35958369
75069097
18885987
59990674
71608304
10355140
69414200
60343239
71357206
20879123
64096868
11942922
55622277
3120073
40414311
60281103
32287980
63984246
31331036
65317719
83897228
2724058
72997287
83498350
83078281
72120519
82805539
13573520
30055928
34793300
59443216
3771320
3460793
36334472
82736475
39068689
31157934
76338702
88406372
59414284
85220471
60976794
91492237
23144799
90795719
4233689
28950067
86933887
72247019
28606978
84480433
28202503
39609403
876768
28496436
69504760
69868216
48012238
74093930
54088233
31332507
23108744
13194846
84355729
5176537
34201398
42822318
63903651
18921855
55233203
87885673
62075672
90144701
22902171
86354733
3861831
24146671
343089
30257079
71848141
16801199
83603665
91866067
62264644
50972178
72644199
87570831
43583608
44483356
50985185
40893387
39136779
45735832
6797073
69337036
33432887
43083167
79749116
68177978
49006184
85052127
627126
67880940
86282870
26559125
21655268
1408377
44458531
11345514
38813415
72142074
46696556
60435112
47025493
66853813
7388570
28160843
64389271
2690221
33150202
33052978
61899939
89763368
12302944
55873906
81747921
85218535
86236984
22500613
3194476
73285244
90929258
1871626
74029297
20518117
74260594
10309753
82558587
64476458
56808959
70538304
52920206
72002744
53046542
18864650
30268167
4698349
22814266
31336292
60753908
35546834
48553659
6026032
35819072
47048035
89600548
59247308
82024058
40755365
51534981
1322850
27059572
70411141
47574657
63719544
57923155
37587761
45660795
12020283
11556252
12609840
45295387
34055555
69538201
48348193
23854009
26735500
63908067
79427432
74942634
82531500
27531387
29309248
36389110
68731765
57183978
76648808
7712327
16344832
13695793
8927464
73711819
55500029
40291611
9986896
18058748
45902872
26031509
60854580
86688521
5304321
35231639
89107195
38005171
42802701
12243751
36586578
43952866
9180191
79699670
73437011
46142390
50959623
92088896
79703928
88823063
68642771
62953015
26588487
34793014
78159390
60795854
63724923
37441280
86548739
11759011
77167794
79177977
20727188
53426566
89741327
59459151
84588939
12507068
29222218
26653460
30867184
76850534
62675856
55197802
28740046
9151739
86402087
82100186
23446125
44554538
62234575
33849757
76953626
57952634
91031717
68521734
2050740
51965911
80237112
7370762
83191824
23741228
81596651
81231662
60997628
12877882
58040558
85739104
9443509
72335310
56137604
67829383
48110487
81327742
60955716
38799861
77865615
69651174
47669236
17399993
59760913
4281941
62781666
36235516
83705519
39065805
16088247
86839978
60934088
56495884
45737737
29763787
82707226
68718768
50994729
3062149
31237998
13508873
29601499
33774127
24224822
2613487
34677292
9310626
3462127
83464543
18934250
88269246
37693885
43387294
46778328
51329022
12736423
23715860
47950894
24669165
70291718
51752363
41102241
58973926
65948659
69178970
6572683
15288701
65284395
37485855
65620650
25267496
81444052
26988012
91256836
14914196
91311361
43372750
18180001
35156506
73574282
67706956
41490918
78524864
58454496
23062468
31181752
80227259
73387768
88358532
75726925
39121417
13607329
91886897
80204868
50659958
31698200
61246828
41828051
40016898
76005429
66436263
26170661
66529856
27836651
75687711
24537819
83958480
61958468
42633046
21469213
22853043
37056085
18428450
75146737
70387238
69638326
62786846
32303958
62069975
10394827
11643653
78880175
55107371
87992322
18958039
36635532
83841302
77401400
3195413
13846237
9475573
38599612
70446576
41992036
63841797
13729242
9708398
90292891
66909050
5576960
30844388
67669932
86632473
40950125
12359890
65886904
35371975
80195644
20660305
75349801
47447456
43614957
59922136
46275464
4151019
33716640
33440119
69995065
3569450
56755802
63363286
87447163
2561439
84520959
60087263
1352531
38980193
4131438
87252128
27042743
38908113
82054264
55310041
20745569
33381774
52127872
45226599
52182175
32748188
4848972
43231290
28975617
39463938
26205495
12835345
26315955
57950815
68844318
34435404
8282288
81997987
71002328
55163525
29012533
45540766
55955825
6260404
39741074
57383326
5197863
91696328
18162544
76476115
3182169
3322594
73359600
47183309
68181252
36754510
3772571
57545035
17025794
43943896
40951608
88218306
36151028
84040552
49668526
14649955
55593076
73082389
52985454
53265187
91367701
22752129
5799691
90732500
28866165
68008372
39220782
48685374
24157782
42643574
3116515
48158861
27301343
64408714
71214363
10636216
19728716
79792300
44397052
48771114
7792868
49071057
38549780
21501073
28447475
4389762
81628127
30131514
9518313
30233324
47465496
635201
21689589
57754945
51511718
7984416
71654215
24380832
45568859
68158922
43145856
58671426
4748123
16665127
44679998
83582063
86202790
90921228
7643056
23129620
38024959
78451796
20623581
61963643
59836571
26119586
87031449
51394803
74826019
8883112
36347360
17514176
69087109
13705173
78260731
54934510
54575557
3495293
9038601
79057434
91214423
26480729
13991428
41129686
50425963
73722396
11582631
90876794
52896269
21351261
30309664
68221317
46418849
86663996
67092194
36245393
43453568
13791961
15047442
85115468
31956004
22642187
31413446
14152598
79093241
10409062
73699534
3321748
32244495
74717873
65066006
77888362
68214767
32429032
29547055
79512794
20826127
82391370
60567130
12478577
2736037
35805669
28932747
10173456
43210427
53300233
21197951
78301726
73995957
84565256
53702022
45607031
63512572
48808009
60416690
75771493
70324567
91141661
30415743
74319759
6503106
32636973
48341307
16505597
39406530
67119310
18945664
36151175
15298957
52565086
75705830
84722582
84755242
67792515
16779130
84872327
7107901
56596321
52403329
56192551
21052684
4894013
12993965
15544704
6287066
61435030
73159374
88164809
84638555
89938771
53782076
17801134
21034068
73381998
25363558
3255354
51820353
58540578
52605346
50540001
87773470
35716940
67943452
27686540
88488239
80146435
32468997
43075350
35543637
47509316
71002211
33311605
26410571
43718936
34545330
10282258
68956476
75380604
34382733
2481045
68904702
72560079
20241200
45582339
49365270
58982981
42810009
29083976
90730734
44692030
74756550
60086929
67192327
15600642
87377544
45412888
72406423
77119682
92036765
2232032
48902370
55086899
26569899
16128313
66922461
79128352
3703150
2119055
34279527
81786279
10043469
51125988
50998434
53418220
30575954
48084918
88215872
90277980
46487427
30643805
5303328
59155908
64869386
21779439
63157845
38061487
73339749
70174391
28217312
36949866
3465757
60577681
80324439
67405173
40228788
447030
44848825
14076871
84235586
75313539
30787845
76588875
48353659
30717141
85165974
32457975
1597491
57572067
20618276
15135143
57934419
11327514
88158064
54611524
40599691
20787079
9844175
36389883
2352257
87603256
76589053
28220585
48152518
15521032
22556348
26151917
8371445
89498911
11092651
35450336
54763505
27874329
83582902
15895683
29119649
27593906
11839699
14265973
27441273
37094387
19137080
3322895
62887824
3014609
72570974
4209808
18434821
14400919
79764456
66291673
67254363
88871645
33467861
22000601
7149587
25217438
42862890
65081109
34735406
75378323
44027435
38867822
26558304
83792620
31859609
42657301
27956258
2548937
87288894
24118378
66366564
16122470
50715546
86481641
12383413
58170055
44408978
44303149
67110182
83052811
32823812
45253762
81722058
8250423
6941335
34228479
18285657
87448193
48857299
88027585
76623644
80198441
34811838
76061004
55836362
57114296
47528408
31641505
28342374
6810047
65562832
7688548
31542682
20349116
69876288
60240265
83219874
53516167
11479337
49660044
1330753
24573388
38312427
75297204
17768391
39456768
13174805
22418073
10824549
60818859
81019372
562640
24362079
5501166
28532595
51998481
28771922
68521986
58238674
48457451
67427366
73017341
57775886
63462418
29289243
16360120
76564553
61363454
52185414
79065949
11347617
45997175
34608622
91015659
89926024
87510319
28632219
44515947
61362327
10261909
64260405
11161829
91993670
64523598
4532869
52170610
85919808
72474471
1094620
13024958
18485190
31768572
43728097
41415765
14701490
87889415
56334707
89658604
50015837
33991863
72260952
40295584
76034777
67061928
62383440
45410077
26147992
46173935
8059167
78004122
38231864
91896807
6628960
39823060
70763791
52022024
51075990
8538474
53989281
89289673
89260486
4873050
44870707
47998683
77241059
17202887
65677203
50146469
45201277
9720253
50117087
5199024
70072145
30624700
40913936
44013129
65154535
68107496
7942071
36125985
71375162
90568805
21133016
74570562
16550694
90028941
90192744
81749943
11437989
49116231
44418966
69065428
19791992
27667820
74481481
27094590
91965236
55956950
29382
40002253
59611734
47296011
84248714
26059015
85433791
64966441
63874683
56832174
88892334
9533266
14992969
24608225
9661735
23264076
76537819
54764377
14234576
68880138
37330976
62336187
29324239
44554771
86743947
20501027
55666210
18524531
27065208
51962983
24148841
72696996
47913540
61356343
54022221
19282273
82147958
56405242
68234107
54341417
41839205
92087734
27675156
83888894
40230407
74860983
36833124
35461306
17433401
44058390
39555899
20579830
67752240
36626837
81048562
3863040
85595820
3703227
22179315
74331837
4049443
82756123
18674775
56434892
71368386
25420604
43208166
55610166
14566036
3949998
26666260
50110312
79660951
72777799
74859394
4769101
57427582
84934735
23709032
24657196
4109775
2929062
31691268
63889200
70994643
12988959
73843725
39067607
91813785
59386818
55657062
67578177
11387737
21057796
13226725
43561845
10854567
67061793
28943905
84419350
16449048
46048462
3054543
74891850
43153841
82084660
8863694
32770386
16468584
20779970
20769552
32380575
51898045
18702309
17849100
31927035
13335175
42260532
11214170
24235608
75802706
34599265
82155076
59985892
10203229
38324933
42421565
46398843
50612745
75055444
81364807
61520824
2894621
40933508
66028155
38187080
65616076
15887349
12000834
76248009
61041926
29870868
42335100
47774634
5367133
67748568
48516490
16903192
86421452
68774906
62044157
15816813
52199661
43830143
45367952
55964386
15515813
59526122
84997662
16895546
72160823
68234923
87652669
84671167
67477433
77944431
53989871
81528068
74809049
9933590
61716534
41070916
24503735
66746533
91418145
16267566
9130741
71901585
47019036
70604639
44378869
46017639
90412487
88395276
56117954
78001831
90930350
90780268
79525300
16762739
21402877
15293281
757490
37511863
30681296
78109366
30939006
71859905
47615159
33738133
77589856
87130002
41812772
8236169
85419417
47320185
89212156
58489728
55326340
1001396
72352153
75947219
17703310
12410655
89624927
57497687
26280156
74167611
69377391
92035644
16005248
11694639
76771986
42611750
34376482
78785016
58297832
89360874
86430050
52645158
19728986
69353687
29514210
22296211
38987639
54733314
84153846
88210759
78297576
71539122
11101711
59941497
78482293
52365624
13934124
15457316
80280297
54208138
85965987
85486377
15263658
1197123
69478158
25790594
76473919
64979233
84514967
33456299
5275512
17076362
23130948
89592775
58169673
2584521
30302366
42936880
68595739
40418349
77109048
18356078
20860453
78699713
73810998
90828602
64245328
79689611
49454954
22597545
38944480
84768864
16008219
81633064
16883204
32302549
33435628
70821245
59703721
67438605
10325351
7842738
78870315
20546427
59290409
15232793
26148783
17687642
85791458
78043285
47361520
26212959
36705081
22191852
14454385
86281388
41373648
41647783
40745131
56846091
34392951
49471417
3529284
75865670
76001061
38221960
64758829
85960649
88299519
79664608
16371915
81938925
40712330
63637522
22201269
69406391
49404960
40265498
90289748
87382124
41338204
25169668
11758574
70387319
72978205
64966603
45536257
12331182
35058457
19077339
81120432
50687281
1273980
57467325
11106841
82200413
69886066
12897846
5232358
6360594
38952278
44894394
87541281
91269564
42036186
74095771
71276644
81986462
26730919
763703
75623550
90914511
44351464
38951971
24851062
88450648
57711771
54262543
23370751
76531176
17803358
51456732
67384065
39037193
79741259
90368995
12611679
91329097
1749193
52497965
38782939
67646339
30661832
13445509
19992920
52209725
75168477
6156565
6362912
27976408
76375865
36671578
1707073
48060817
9043825
62748520
723521
73340596
64262809
91877645
36950736
6569790
91679098
69175071
26425513
80572163
24263426
80077340
80349782
54066480
21836132
25337430
47653419
70612108
58240658
13836355
73650437
74995694
49744326
61851335
54072960
28315047
55431378
31118554
75140921
55666855
90645711
28809502
36389860
85496644
198546
87739291
72304278
11106935
72715270
66311799
28026006
90160572
58241208
55012352
6413060
43384025
87060398
61620689
24765296
11048589
56252030
11799102
20922734
49232903
34223581
22954405
73137752
27568148
32632844
74135044
19276995
32952692
28610955
68614195
40995991
81251612
15024021
5992479
10884554
10358323
8070591
65173654
83747511
14857183
87915580
64755997
46422354
11655433
5368659
12966193
82285856
34822751
5379146
25771953
68255152
34459058
82481562
26806332
36094778
27483776
45524089
42822801
84116702
39519344
81393799
35003512
6010682
32469323
25725513
37870900
18770812
21017033
5061699
46795139
60594830
11903771
59387337
33456160
21529578
62705909
35390672
84317527
86531225
63080089
35450392
69252445
26167904
54997786
73442244
21075602
35527075
6004745
53589003
76916815
61312286
48924476
37081624
60299783
41502135
4708480
60612826
64135674
52582204
85317928
79567803
27138669
82534194
24485053
25869113
57175676
3978309
64470584
48867135
17278780
64715809
8256231
87970201
5092302
19470711
3081123
59646600
78573885
64656084
32468152
67638816
1012503
7422340
32373144
27490581
69526462
72089902
67454899
12371496
25443534
30587359
82886374
29073181
25358518
20506744
53558529
36112166
78859530
27558400
68414529
21468579
59623507
80945521
20532702
65409327
60860451
30585040
27178448
10935069
91447206
25045811
63069297
1325547
57859504
52443243
52195683
84958591
74449992
64671165
21645122
88530354
5228841
62379630
3318277
17049977
33807215
53803754
87661262
85194575
60094893
79629009
28739502
22017805
20085069
82107663
66034504
77729007
59101460
2132637
40025772
90121659
87149933
38429679
41289864
65060913
5796875
15328143
63313469
78079639
87245949
79229118
20855701
80338865
28572414
69478148
49352340
68576266
85868862
8032253
56455073
65880713
87347565
38791840
48143302
62319688
50809828
63901867
37703235
61139802
7142704
29399718
76635419
49892645
60436429
53765346
1747444
19877237
48045820
11887975
85027563
6907084
50656704
71341178
58790149
52156149
75769287
69123712
39924818
47791773
40648314
17663232
17737411
25027877
15785637
12045060
24616453
81830027
56759162
8303517
12308007
77213685
88926915
50673698
48145200
40559192
33523150
17663094
27009674
41138736
53391272
41490010
40276935
90660555
87731892
17470062
40034956
27977514
28475398
22261585
57857987
15620437
29681220
33495976
28215049
53919236
47445898
16312936
5165643
71705478
39340228
81597935
56872110
48367723
17150548
58285731
41353142
84544415
56431822
13323289
861801
82694343
45918119
50610498
78429224
87558003
81154664
45576996
90083153
40658586
20383990
52165635
79565389
3565608
78210079
11902113
48753593
67900421
4776333
43531334
42636993
18776130
64447387
26390003
34818205
52569759
29657534
28029853
83682614
1541104
59565171
70214928
4265119
50520117
89419460
60655853
25278475
40496078
52996630
37917517
53253198
16818382
66115557
3306900
46972016
38113282
34929405
33025883
25263428
13803828
71243948
44050614
76117925
11877628
24536094
6788352
88850771
55920054
88428307
13467685
89435986
9045054
72955469
63572892
53045267
48923382
35462847
79520958
79402880
36178248
91765586
77749923
89809991
28002275
88341121
13946133
12849854
48929202
53941936
9016439
29845903
87169945
47318145
4973197
15186858
88579666
38323671
75383085
58644069
79383253
32672217
25863094
75963413
51835712
55913669
65684309
89484127
27088224
15558997
29456582
38528258
63763311
17212427
75863858
42956046
39411919
79967823
31637040
46886923
86735616
81661920
24872706
71983087
78702105
86613152
59767398
29935597
51100419
42710868
32780974
31223464
8640129
89913051
10279104
82315211
56629070
77928937
60027545
80719967
43955687
40047779
82628025
48610890
69960509
88056036
39122631
20328620
21035831
42135121
22014217
14752529
2959815
58223180
40019314
48766508
35512733
17056530
89314623
47680579
61874364
62831549
20944360
46288544
61087605
24510168
22287665
3712728
61776874
47783391
90251942
87504798
62247271
86731990
37291884
49631889
2663829
89147511
26118028
6283302
39175306
55951037
66893216
74156933
22710447
50766409
79415510
15635778
75145792
54286699
54539844
15585819
29547569
88594193
51804504
85178502
82696919
2307899
5620787
2075701
77696121
3519952
50212914
40419007
19711785
68107999
23513860
88540527
49972205
62326992
59353712
84981999
61044215
43930432
86901423
7074669
67780618
52932436
81059560
59559972
24739130
58105651
83744941
64332693
5897274
77300229
79557715
16264842
16771779
29904459
44022787
65080739
11611792
9908540
16905146
23331258
45939419
81150494
56990440
57150207
29086402
15423280
25884200
53969546
68309815
61772612
45978734
36024270
28193306
22953909
3618656
80370063
52208377
34248337
76934979
17436056
60528450
49653255
64402056
71654666
18292667
61917872
48175592
80440535
56129122
55718278
86304444
16592837
79867717
69370784
31266006
67276857
39273466
84075214
7990811
60089169
33579305
23024825
32405614
39983244
90709157
89333945
3435084
34772321
65879888
27281723
72997626
81033784
59164213
30287809
51282699
57815758
5788749
20260939
21939715
67339910
68010561
44737285
77486831
12590860
30097318
67154418
59286045
71344298
50495909
77125987
55487180
21399686
52279294
63035295
36548160
55936836
23454057
68313361
81738320
12649728
88081136
42709817
57554710
1348455
24499059
31021759
35876042
58412465
44410379
5006055
17656704
83223326
14639967
10332413
45464816
50913021
44462134
74320059
43660743
56899848
24846693
20255509
77011526
24146082
39581238
60394800
66358517
38607953
8035850
66832128
47255019
86732680
18210758
54336576
85436039
86050220
14415005
58673612
68559386
81150679
18169713
7324290
37758510
55886947
58030280
63304757
35055903
15365911
49473366
51208858
72048322
28504235
72834272
16616726
77751191
973285
80162574
91686390
19156559
13463171
48621370
20722068
29100266
52124163
39921570
26762427
45294459
53227952
68307523
61235095
43392169
54442767
41454011
66613753
20831044
70467994
41635016
11650669
63281214
48772756
70534587
55431596
42913045
71860987
56417778
78224802
9620350
2343027
70868645
26238116
76522905
24300831
72960498
2337839
6829704
14497243
78418529
76219365
9835783
13864756
47584709
68938416
33611723
90949642
52782362
36983999
34990405
85022261
33276083
7849618
33663336
90833601
26817443
56848243
62240636
54074750
35159782
11185859
17980123
74371438
45437619
74185066
17471127
58463255
43882936
50573965
4661459
197397
56438280
60860993
72413033
48795068
43959679
24431349
55959237
87723727
3707916
27140786
79162550
62406107
73192176
68975093
28592965
64902693
49492086
78858402
63898252
52948345
85711866
63758683
84703936
79134364
58105755
59057163
81605421
71489163
86295685
63764092
19944365
7643212
16901314
75785309
84995831
76199577
20723432
56622076
8561177
61265435
46108611
37991081
33813142
36093108
19483007
69698188
28808066
24347366
85306537
139569
88208035
6577501
5652928
25646772
25332568
14420216
565103
17841328
79348423
78652473
46862778
36319056
14807382
60665362
82865502
56177380
67638400
79421623
10513465
90533722
55255917
37819128
18508074
56274955
7285042
22939266
76551652
28668496
28299332
14372660
22290266
90364887
9048558
19036336
25081669
7491240
55035419
14072631
63138551
43029367
91648716
14001041
73417180
50790002
85186963
31247503
73467540
4908303
24165706
64854338
72025648
91140963
30534086
23372432
71883304
6420170
86799935
89982617
34181855
30094445
5324102
3253930
65283218
1557318
83964543
38812663
36512690
12006052
42387541
76941135
89575812
40858713
20974078
42169677
5126087
15922284
7081797
36416827
25042656
25184743
34320252
48653215
47061284
51917540
28732498
9704312
64398316
84509115
84658515
30927925
84774853
31570409
39253012
26470554
57204629
71958491
24228747
79535181
14590240
1528827
55967056
75209760
63536251
5051794
62891504
60869260
18683253
74057055
2096575
68549441
5927084
10206336
19920717
37356972
79679225
64187009
17205798
33470391
91894262
80891731
19478537
58304299
66525781
59454522
30045432
5473073
85171876
22699920
23568124
59344106
57956202
78718887
12318256
2666991
14172165
80994450
86576310
42293813
3773595
84050240
76432349
60730112
22687112
47893709
47954799
46208833
96371
28474068
41795479
61393588
42169575
52184016
28258867
88856333
2086271
7345512
74064949
25827770
56903719
64812863
47025850
83092836
64546722
51287431
8250682
91841978
12864479
30329695
85825090
35203483
61363127
28538639
40578938
4281904
75600963
19480731
4413354
30862784
14108118
17415087
33134721
73276868
50097745
48716980
42595008
4062126
42601794
9252086
70961921
1614508
28069766
23542043
10485778
508368
66226577
5724612
33820513
69820997
61126568
57286450
22428170
84884848
45097677
21098206
92028550
72541804
5372613
14801892
25531687
60794876
87280968
12221366
58485484
73839244
6115186
33342922
25260206
68790911
8985945
75223502
83288731
27561397
77279092
4761166
86651481
88565581
36758044
68694064
47392826
68401721
39992398
1329964
20659923
64715874
15725593
77226658
74813741
64541363
19680925
13310321
30113016
41245348
6106180
25142562
48579038
29484276
52160601
42196704
77662181
73584549
25748035
78527565
33069917
80873512
60163122
45761042
68976379
88319949
28701666
46062862
75545423
67436524
13407996
35593265
17705758
71147855
57545733
61503420
62231972
6239201
7204140
32774079
84826311
4425529
65141962
6382334
43982096
6379677
44252294
26938241
40514631
64838148
18364442
15112500
11897133
91806799
17059376
22913517
12774526
81228767
60458491
39952157
77534391
62223766
70207533
48362338
8915883
79110157
54299280
57261518
13572891
30582236
59792118
78443977
52603434
86565909
82093665
44847480
58025047
7217771
8573798
53205756
52941015
46521269
25856749
16787241
79032272
55794234
82418651
625994
31498001
26038350
61904625
29172053
53307883
18901001
21866683
71617991
65537265
23717044
89629401
27288915
5782426
1029833
24153936
7755954
28540862
74875894
64077306
32622916
74240381
54212530
27349006
63957399
59648998
90026141
54332215
14049902
24296233
56380301
30881369
30129573
534092
70807249
7305369
73849892
73327361
90309640
9792215
38248350
45738242
24243191
30938604
90186473
64648972
69241668
63642274
23721571
28439138
9864776
5273909
10282982
22367157
57286491
9625184
73402720
65729907
90111915
75328534
21970285
83649834
80037746
22824203
18844200
25283513
36959355
64057677
35079011
44571398
13352649
35113371
75515395
51754220
81660562
26544199
40927400
40802530
53777497
46251287
18156156
15301244
40147419
657798
41124437
19360209
39476895
90234187
43759622
6462080
87450789
26949707
64805634
82557858
78024849
74750149
82364502
20191582
78508653
27769265
61216003
53758429
73416435
48971196
10826820
40858032
570326
22479738
22646374
66279878
6103868
17498358
66336808
48590835
81144529
43050251
3404212
60818439
30587023
16809915
33816447
32696556
41084858
17859109
27996980
85636892
88401497
54595237
51135579
24750223
74316456
12244807
70735234
32558403
76204495
80507082
46015283
26450449
44179495
5148016
92103071
49673034
56317455
23286557
72990248
48129714
40266852
78754298
27001992
25694092
67885057
43760963
4699575
75411592
21617613
65561744
62304938
91454899
8082405
38890772
73978615
69561678
28200313
82388153
78703121
77557670
64131212
40867267
54311004
86666462
68794187
68816514
4486411
35991365
10823329
22039575
21127722
42376385
10869240
75401030
20994517
20277090
22143350
59101457
40910279
50126340
57479339
23414165
17476284
58484353
10690459
19394087
83018558
70606268
46060566
65639479
23246666
69624750
64233081
13298115
17823675
60606446
85796809
10250461
14863643
60606945
11170334
65690318
49185493
18395775
81061305
54053061
71526812
64177011
1622118
45299738
32650056
26798611
12723706
25885822
67625795
32244192
65493522
17379079
75163227
68595816
1406398
9948550
51801075
31430259
47464932
35376839
45742803
25189864
91240127
69136950
39225077
20578184
76789014
87292433
39028963
16884294
80234568
54030699
59330580
66983508
32576032
6764234
51332816
72639515
52552301
78050341
77044590
24701330
15972681
65214677
44598366
89939764
82447244
44227860
13491081
50078693
64100338
4409478
78124787
70661943
84507937
44092645
9352846
87708345
34861490
77158265
77517340
13251060
49258291
52566346
15650691
52096518
46371934
1086100
23398549
55654595
62077659
11829913
72262965
45996543
74927433
28174131
12092307
60172176
7931147
9081603
64113906
85598396
12061542
61835767
61309097
24603216
37034780
52158206
10191005
49414055
55703599
52754619
89760369
24965398
6194412
42368216
28697969
18520963
58972067
11568636
11195255
43884741
56866106
71892459
61707860
42558882
20242983
3010704
23861895
14492752
24823686
30081764
24289299
79618326
24800986
36954515
14412211
15424350
88614608
77400012
51813686
58541826
74363832
75195778
88427430
15477073
11199774
44932958
7325708
15087325
74666156
31462797
9980506
14307224
51649475
58697156
18696987
33553856
70347019
21583755
82363454
37365360
5280778
15138408
65206115
37180261
40499908
56975824
55770665
57876407
30839805
4421533
90078022
86690383
91799629
71298097
8151365
88272449
62426803
3666535
32910444
60358932
71973323
43443351
87770238
45899244
16153761
24916856
43350402
32981659
16302977
2868670
64319246
88064143
66798501
36033916
73569597
10427125
53939644
79152757
87762011
36309423
32585529
18779925
78539018
31330805
8871294
32288455
55362005
2067871
23853213
17270718
392319
53877703
55093214
90657006
2548842
75332103
36417504
68285357
60822414
48202460
56033794
56088955
14494546
56371376
9897897
22220465
14825115
17630221
74370852
68982086
77734031
1254724
37712256
74054188
68128801
34607048
8435241
65894911
29479177
89939136
54337505
1895313
79132486
7564736
54239502
54227110
14509689
80375044
12251563
32537084
61511539
91822419
46191058
84434082
41546261
20071301
67813238
65806654
59859816
73116128
59073455
3679843
53089549
30908833
1262570
30037514
5127871
38459731
11557406
27583863
10806649
74576394
39815812
52709001
85215047
1668083
41975547
74132606
46667130
12589144
78506027
69237458
50276158
53923382
44424468
3543231
52371486
22500735
6733199
83983598
20026578
55968247
2417272
50855660
25780962
54962840
46283733
69704008
27653082
29141013
79928052
78061274
17164971
65951354
10733453
11082441
74964579
29386403
23430204
69589672
54472987
24582645
52616615
74536552
29355521
49727358
24613657
88351514
2474157
70728577
81566325
89134544
30187285
67418058
4571927
48236954
55113383
17142719
17579581
41751808
11976042
13976698
2971445
6082530
18790400
9150675
15455861
5374906
67073417
91007560
16973057
7740060
23030749
30692882
49922894
33164008
47253201
46045081
34588813
5499613
68344917
14148267
84562617
74110332
12304675
15232832
58460998
13361574
5166677
3602882
66583988
33697136
22989923
21624394
18430294
13415493
34237259
16608302
80561850
87136982
3620435
14083800
49977166
17670366
75599682
31681438
90735195
69557212
69860165
20440546
13096997
22038210
29647216
4973409
15649333
26746726
10066155
82661741
38937587
91433167
72772960
72763219
15266842
9574430
79547136
29625617
52817269
67063903
12987866
2121673
37159815
13753694
30644119
46099353
19095171
6042469
53981274
70294649
84263840
75625580
18596955
8123588
6388876
2900490
87067255
25147593
15612764
38596614
9888781
58334369
11809948
91002155
21019708
13444850
76720786
40286857
16637750
50695596
29904088
27037797
63637555
18864087
86818524
24601650
84278079
40960523
41742255
70515695
79501319
76140252
69236703
43500089
41019959
9044908
15091351
76274266
15258812
49438396
54590290
38850252
65118286
90525099
42084993
72892851
88967101
26025190
10382769
81759954
14861666
38843625
32379274
39035905
26746009
73661625
10663020
13762384
81422830
85565628
29082617
63804854
62923918
87995420
28408738
56905694
85946096
85616581
49487600
4212185
76480111
56225192
24568883
20029059
29361623
16059803
62510082
7207146
11163524
91502770
49380680
67985762
12097616
78681274
56176510
40787250
20042420
17257392
12483392
45421601
50445335
33247197
35396116
6018224
29852949
62755782
35221718
81733911
9136470
21066033
7446927
84254676
54667194
8509080
49678978
22154476
32699903
90970938
77790092
63141388
79405153
62859407
39612877
91273992
86442479
38919117
28303858
66780820
86775683
7039819
10025484
44427110
3394248
64800335
90760132
68082664
81422937
14155685
9930608
44845420
86362464
26741471
34575698
32512718
3612802
50868041
64328010
89522141
39369409
14930685
23528511
80291162
4220552
693759
90773759
19661659
72107060
49067663
56755335
70152198
3645571
65188775
45826979
55275210
75537399
76604446
85955681
64381142
47756847
75349137
10269722
53849746
50932294
11511281
88148333
6250662
39302257
49397325
65993629
79041873
10710132
22834752
17321027
76718894
48550325
41706096
55066325
1954862
45422092
19370185
24325218
68333986
17455001
89186159
61479530
38959882
28847599
10606543
81915045
21710725
52220468
90918441
57861414
44681632
12649
38751008
60220658
52420384
38687193
70962502
61720846
53954864
66444427
67774932
21652569
46595463
88444004
63499765
5433268
4891731
29718808
55102685
6854456
70655120
60338559
78676612
77008463
34940499
50546076
83156604
56009312
35342460
26549416
19110406
76620975
39752266
27867440
17061781
18503163
12535953
4518075
21749538
32302295
19848964
7134553
50312805
68965820
19195897
61584581
70294209
90197276
51223689
22567751
48141470
21450282
25398060
28130535
21655483
71091187
43007241
56607188
36898906
50881486
14600775
19046591
87362819
49052727
15331486
12543706
24557250
72393659
76829112
14614985
74149491
70846770
80098656
16531848
90831612
21158622
38164517
75530083
69859431
57577031
89329691
20010934
91954800
46466874
12926919
57208296
34192281
84285755
69810038
45655940
83482293
85511673
31518729
74819113
52299102
62901453
55678220
9942264
90404168
33785967
54479955
85421268
72175159
86743659
6170956
43105154
71262817
72747487
78360392
49848496
57782232
70666442
34887640
62550129
12274593
20801165
15201882
16339965
28607087
76458366
14137211
8663180
33212571
60777277
46944518
70160463
64657286
49695878
47622310
4982900
53770809
87699922
14893936
56873630
15480841
25583470
56904762
49217946
42768879
35497575
14960856
23035728
58391849
41890100
47348246
88094628
84354079
30903517
2202754
19943906
43245795
73323560
81682288
83015734
23923616
25052265
22538152
59674385
88085070
79886014
17892589
89057180
72219080
17114091
27772492
86226521
10618215
21407187
34257089
47536776
4909350
874381
67847483
62457222
49696022
16444729
85891874
64410172
79817723
48842820
58225244
80193687
77203569
84433648
88281206
56409231
29127196
34812139
69585421
26831515
35470559
28582123
89088312
13796184
34299500
6365305
51969432
55241440
44301462
61186333
71849294
34612129
43338360
79206379
4368973
77445850
28787006
37049053
33988553
27427661
91602877
1595220
84072481
20794337
55306452
53469067
78983811
2295681
27145205
41003297
57706828
49478000
22086248
82723007
53986753
71218061
54223844
18586724
11195771
37492957
17847972
84802916
58046781
85856136
50419372
59479920
71260922
1359345
65409802
32393333
63318806
70808540
38448769
30603414
61774152
53010771
54127487
37980514
64552478
5470830
46720674
67143822
87651248
70831813
28499163
35400029
60022289
44534511
28542376
46356481
71606177
24151837
34383543
26370486
42398839
76863652
21873743
38867589
58004165
86761263
21748189
32715392
36838013
77597998
4279551
23793638
16261918
48656657
19063464
89568657
9979583
3692486
66448283
52251219
10809523
76124653
34661277
41469433
731959
4390539
11972938
73039316
9556623
77483517
32300367
31334875
18859487
27272481
44923025
53092398
49923250
36310191
28435840
40848000
89139705
47782895
4730173
18853261
66480699
43174603
50923999
49888365
85042964
82483631
45393566
89303716
11036317
58074363
57300120
47656269
22637540
26649422
40738948
70381749
86427654
5027886
14215475
85730715
5152856
8612833
24656557
9075250
39330487
72812946
36117826
70286444
9105820
81519196
87892888
16592334
50291640
60600368
32298423
87899248
7090938
79479204
59807221
83343674
63240448
30650698
6917321
44415792
60185393
63514687
83969899
696939
27678654
5602641
61074158
88237607
89245972
71807237
761048
89007669
91510751
74562256
10197180
84673487
31227556
27292520
12097536
82356017
81313055
44979220
55895652
15907265
44042381
29156523
12069977
18824656
90428930
35562634
52605893
59488454
63639658
14010882
59586407
31601048
8516670
81426922
23120183
28041928
8100111
46162418
14454112
6837264
43334699
75064661
8219575
68835165
65943090
59278316
26460365
1049414
28740464
26739128
31640913
25217725
58691219
68667343
58378763
58744101
91886602
66398636
92062048
32038610
5494212
70319486
36284490
8278366
8970435
4761389
13587816
29066472
30631344
31549452
90777690
66659535
36925196
68904884
42374799
537300
30537852
27524862
61568502
3522739
88011535
55133570
58998962
27750743
4584366
19783752
58842053
87651617
88708049
21742562
87914121
89375846
89152676
59326725
86850551
7707588
1933670
9841989
30448783
56131809
22427881
21872805
24284736
64191521
66170657
42653562
31128798
27015112
59476952
34238557
64487403
88064417
78352829
67018835
61068690
9092749
23235703
37099491
91897497
91492204
52553512
28587395
2525295
81445088
85196680
12652186
69418806
37961862
79574109
36379602
59650698
78199986
75665774
73791174
33062722
39155545
10980235
89050242
82491335
91376161
48045728
89628568
26995727
69260080
43783132
23969199
37158878
51707125
76705979
63310102
24610533
91072050
63354341
82033109
12026282
75038443
53041703
60842828
70471164
1374123
52873829
78019525
45137263
36510229
90614564
36172481
76627835
39567700
68808139
85022768
64380434
6589273
73649061
3026527
59904827
19879631
67226846
66008777
54900217
13437554
27759385
34737424
79045768
80475899
56795031
71147079
32370903
79471205
7968999
84611640
48396860
44167225
15208585
8964782
52042394
78850489
87327968
19408692
67347267
62218865
39177331
61353906
38844447
53769430
55763307
86056051
84943040
81592917
66053016
47966418
26551786
39443487
70102394
7898689
75908621
5127450
63178080
39919264
31074345
83765399
5046679
39432078
84284832
28518097
41600440
60437327
11503222
25109102
72391362
33796985
51178043
77567902
33394224
44948397
88790016
1974015
47806659
64780247
55041130
26609529
70024024
18653097
55694867
618568
64684234
63792982
66213106
7216306
62676210
19445892
91640568
68688583
25635262
23847505
17014874
16491338
15849590
5509862
1734684
86983460
402761
6229645
16581511
31420208
24945363
51813394
66896511
49000755
86916223
36388033
90878288
69405456
73932489
19705510
54369087
85271553
1116772
74570839
7735738
21791252
85970630
3436687
51673708
36947549
35801540
39308637
14756653
21026130
5107100
23308664
6045573
88946179
9087907
56928118
84487323
3748233
57057171
58312103
50282467
45314392
54615545
71172778
42839994
16464560
18588738
71958249
77535815
7129145
80760210
4299051
62277544
76826706
87598773
40168696
49994521
14775409
34201537
83607990
14980557
36124547
42024381
41277455
4458855
33143299
27674572
53978845
45625766
11742779
3696558
6913314
2474398
38150984
52584040
63041746
31088746
39263218
19001664
73236764
64815226
31737129
36663903
22108848
26832185
72823364
5967159
58546531
27598477
90236990
41583609
65863103
59469317
36684707
41406508
70443636
15321158
15931792
50282287
66516077
9268381
85509199
46489274
59396278
7062238
41124447
71843707
77815608
2251616
79424536
64376485
42706378
32708569
83804165
43945314
60445654
73028512
7890169
16962922
53895375
58571298
32702527
52260219
81185682
49167174
25474716
20161348
40965081
6663411
84736714
20026803
69835729
78446961
5364827
79712572
49210255
66676456
20222796
41242748
51705239
74519592
72732321
26564688
64422915
38579278
36055145
43482732
19133137
69282497
12064020
1635155
5189241
11338978
54589128
61024333
8202092
18811305
55388260
48741903
56791307
6289752
42465601
82283158
29236706
58651997
87293401
35771132
14971216
65666830
60670428
52944176
10096676
61956667
18313168
20940183
19446141
58932649
59222336
17497981
64093255
28528667
67009653
36324909
3136885
35777823
5636073
79423815
81983623
76902133
34079927
66668150
69213047
75973605
22793382
21269198
43680780
49430196
67260705
81990666
55570153
26517385
62434632
81316494
42510526
51540520
81681473
1948160
22643018
58497294
70451954
55571971
25391782
59035454
30688836
43676696
45954201
48697566
45343887
15315473
7689085
50266323
71678392
75747474
60096449
65523187
46168494
53850115
86020043
68546945
47359659
66413660
11810484
10894112
27438646
40562366
56701127
50987804
51459831
59231048
33105512
39220125
24883135
73875086
13081253
74151271
90492810
30638727
68812105
22881189
63600707
51905237
82329875
6155205
29578980
6246334
7306769
5425174
34294081
19606383
84540085
36465547
66778639
63408119
74156611
4254467
16906159
89630080
17882292
12239706
34347912
79194051
53942496
42891865
75542277
74602527
33142790
3255245
87001646
44710493
32711315
57445502
50129882
76083540
26652061
24153806
91915879
79860387
40848714
25632159
72791369
21131966
54468937
90327797
74305585
76686532
14175800
4666453
83085792
30848241
78260836
83616048
31455399
71499970
37552700
7930656
15404505
16235922
62703931
29556144
86740611
76591400
30793441
25976076
11971286
38951675
75465092
66283720
34872642
47520373
63323223
74623573
66790007
69942406
11795621
69639132
21404364
75487559
18565618
91629745
27196467
6760865
73866973
23524742
83899090
21316777
37386726
78008362
21655312
13916155
26566328
88568160
64620114
19645391
70474610
37847566
31882657
55748344
2960497
52409070
72890367
21184442
90631576
89310876
48538041
28468063
51073514
49738245
48291092
11804752
45566397
3671725
42825401
52550195
13941641
33694353
27465090
51274196
79245658
53050778
41456042
6920937
18093550
26772548
79922734
14726266
62690694
71633588
75017977
9579680
81741120
75739492
64806401
62163513
66040987
26603421
7980596
39268761
31975472
72422992
88942977
85176203
17533709
36934673
52888730
54827446
74412320
66574313
37621779
72324721
34957228
42487119
46961829
31170909
84045480
36092771
31868289
53111013
17696093
27082110
36933280
19577606
37502130
66006605
81986542
26772225
86787950
27717605
70289410
38959270
54889283
79811928
60091098
82669889
82485979
78474417
45009292
2087599
31617085
22938285
25362892
31589944
50601640
10869057
91462620
30934466
46200303
32589804
16177733
90278487
81739980
90890301
57554690
10729905
71378656
54268937
76446441
75632304
631947
18281107
6671797
23019
89485950
9420305
65464222
80398379
46857332
49874632
68884708
27830766
64496646
42297459
32287324
47470798
84632380
86676441
14756733
48081817
43009825
45251058
60527422
71010075
47315270
3285752
54247090
23549976
81440615
85968959
68960507
28412553
20955157
25055117
54522423
36891196
54722974
15589590
11513671
19026565
77537987
54390874
23347067
44829472
49825080
65574509
32714065
36550563
43666616
89469300
15358019
64159750
25739413
57241670
44566610
23765293
41808763
88241757
46749470
80831687
657425
71709015
66050131
76223962
62492143
38932833
25377525
35696409
58015229
49282798
23483123
60512139
32369418
49932558
12115407
13274517
21907893
63208391
48996168
71666866
91533512
50276350
47396765
1974120
43236532
48484854
4819448
80940701
23227955
67200456
14781556
16593464
37020496
54920923
50846437
26795734
8721229
68254728
40016910
89663090
44717004
65710566
76200357
19094901
55828290
68870642
84241975
42401028
91638505
90879819
24270101
89559392
34843443
26715535
89314673
54455831
53060524
57582617
1802769
6634491
30179960
52020634
57907027
38028387
74003319
74751710
14582449
11218139
51341348
66466345
41266358
25622103
37685901
7329715
54816552
13427262
5035762
21165781
18130926
2079113
56036375
25358191
244719
72547613
65815012
59535680
80456687
74229657
27402657
41942135
40887465
19955198
70177316
10958942
23445938
90588804
51213987
68079729
62111782
25719245
28780444
33936642
90769177
52062264
30097578
61454396
87456336
2956649
57289406
84932736
1834394
75648763
79506804
60672664
84250926
19388980
59936648
66318177
33342192
7447459
63924820
57732148
88669261
7392137
51904956
75329834
28477022
53298367
39299285
28175140
27110068
4521805
31642689
57118406
56765928
27140929
4164989
2523600
28925880
73800644
33229557
61125355
19201462
87921449
736016
45736374
13850412
52489188
2393357
67770045
10938199
84336308
5827192
41143051
6718740
26410214
36030549
301882
26188298
62581104
24336076
89955288
39915878
4501759
52953417
82045953
90375050
50327971
89257669
87764150
82402807
65271733
60389339
65625088
74071037
40406829
71146642
38240368
69354614
10217050
61942853
89758774
77617568
7220603
5112502
6416858
221915
65609446
68125807
56196636
50468851
19834316
37001871
77833550
6286710
30429070
20591909
30414525
60085165
23985935
55178436
44581343
83360697
19982510
86638447
63634294
91015841
60929592
68457515
71755841
52563108
82525875
84646272
71200710
6998687
31663057
58254677
63988905
42944219
48291490
19194765
438926
41351231
6572800
85045266
3675810
90307531
88765975
3039713
43307447
60588864
35195926
50102897
19726403
48930295
25708854
22980403
19260000
36170109
13735265
79269570
73522399
75527188
52983215
40749658
35169783
16522462
9963186
44794139
70308918
34743884
40425590
7553661
37675421
36228895
88439292
28439721
47000084
55980736
60003788
21008174
40862460
78425632
24394043
24549625
29670295
17342370
9245138
59954056
82611336
30368078
54089980
32772741
40357404
64264377
58590096
18179269
66177170
3022927
32172174
62755257
89228463
4196694
11274370
9235700
17032436
60262181
60595934
53795534
42921900
73738156
88774132
16312835
76558962
34855298
43108111
89679865
26891034
71037061
5864076
77642220
17814298
81985603
1986269
49981760
90247208
55567169
78167095
3421912
5954465
27975480
51480887
79992763
14967883
70975815
68603391
55396903
45143905
14661403
84985028
54412690
24982819
81722459
65364725
14682722
7964263
64231051
83815789
69212440
81026388
43842098
75655951
59992539
83898396
38579101
63974666
86825296
77416329
77995240
71904651
18121702
13007597
72665073
39192997
79534606
53635534
81745613
90375501
82891216
81838585
3262568
81207966
38103721
73758196
28937299
23026934
30911824
75364664
67777315
85716490
21033849
52103703
64880474
23821498
89233101
53322773
13783050
42724270
87098251
64987643
91399578
71088706
53436617
46833164
77411009
81319106
62904319
92067029
87112932
29486875
71538488
21664373
80074292
15076787
70649996
45732636
75213245
65158960
82134440
43477237
48639640
25015976
55030603
39361326
10038447
74312456
58384523
40955408
43484692
43813170
11551026
72370039
85837698
64277512
11732470
13147605
22009798
61221068
20528541
65448559
41572584
84265326
70978003
62145281
59827168
5491036
83561822
59539633
16519320
57118464
80606634
37081939
14977528
72878148
73136804
61243040
30827763
42374978
57208006
91078279
50135473
67237140
88441194
8333717
70071338
42671402
84779065
48721240
19648484
56226840
22274181
7230928
52241783
65486967
6387084
287535
16775341
26443358
71092999
7241005
42140935
35532111
56105136
45894489
42050385
30761826
31838659
59713110
20043130
82130867
30440709
41801756
24969427
45769792
43518278
21350098
50826543
28552224
54250684
40221180
31788682
48947215
843844
51954248
76515251
72103727
49158161
9534335
12106047
63364513
43295870
88406447
85641727
53146935
41859455
10140899
38522321
69671418
29272401
70401375
84965065
12474542
26087103
3619329
87103249
14966053
87063039
38408988
24567167
5303469
39377336
7638058
64591965
48703743
2796087
2624539
87801304
13597273
58398466
15859601
69882787
17952559
74350617
11144451
14624614
64348038
73028499
60280947
76866354
44601483
72117897
16989360
17531294
11121049
8716290
76497886
18202511
81759570
26835277
16929109
60675130
18477217
4841971
89771050
53062440
17002439
64189699
7585327
35874486
40445907
61472609
86541961
3327945
10002579
30275953
46503668
15285309
28427016
15966675
59876994
54873814
60996847
36076694
60997033
20722163
19116721
77466234
1273402
48888064
8358059
39890762
63064081
57574778
79999533
53384976
73280737
73287953
23743792
66076344
41492526
64921587
51470030
84069633
48984277
86877271
1848937
58340618
47568316
1356826
74933453
51603924
86036782
68078309
16959973
75690800
19448761
90192283
69108175
81346265
77983984
70746907
52051230
37482729
12097666
6711580
29641184
7204393
31795427
78785831
14606314
77386519
15937309
56752759
82220696
18447284
67112580
492110
75567166
88124392
7480045
34658769
62447576
38149607
48629547
46731316
6582625
58066122
12208298
26164893
29295035
68304880
58649241
45339650
7841545
4893272
67076154
70818979
20401704
74372533
62848521
77817180
22969448
89650026
17443804
81728585
35040119
71148189
85172066
68712021
53480441
89294064
78189223
43519885
31566982
18367050
62326642
8221357
56574711
63867044
87479278
76115386
60463335
53755968
70423497
56986191
12295193
20507245
7970458
62548150
51403085
1002120
60373376
33400864
54609907
38455616
88716520
86291723
17667748
23681626
18326423
37764180
85530707
87625797
8996868
23345625
81755965
26263223
40705705
72619326
3403709
33723309
5691889
31280768
69264400
49916251
49015733
69710669
89067786
34771963
2174773
45805846
38552213
21917760
36844344
88281810
48591493
678518
3608924
7707192
58114545
50664252
56570937
62185082
33673457
10537270
10443545
9136639
22859513
6982395
66927436
92086567
84422535
47935639
10068660
91713732
80812091
14243770
3179519
71065565
24023374
72417014
8961501
42430404
1129892
63969451
20316510
68687925
62527599
45104673
43296256
23733087
44794419
73837292
51741537
24536818
79837757
3461149
34369203
50736572
42523486
18991797
17661531
84868803
87087174
87984890
24177837
37550150
18024021
22922506
62104064
73752971
71287121
37152051
49917519
52405593
29245477
67371838
25391669
66598136
28113878
61618964
64151551
20257601
21803160
48280388
82327616
56904810
53097664
15377406
60878666
49814684
51868249
21836641
88494591
49537023
5604493
1255330
67606087
36431051
43795386
52755638
23835451
46685153
35710198
10349306
27013923
82610967
39257959
55932706
2446585
35659902
67619429
15871163
30089986
57058351
87342725
66950210
88186144
31086605
83472782
39042025
81283718
30134851
44035773
22882885
74090937
61333443
49619945
42654074
40399224
24913857
44849064
41289770
19671230
73062857
91054973
63241218
80164381
3598057
80473277
78735423
5569916
38364703
20688439
55299777
61032207
84059745
11281052
76947744
41962887
53337931
87166253
86204458
76007540
10505954
65422940
31436862
20934219
52509713
25608635
26913079
5242627
63946208
42394798
76393637
85058477
87456916
10571566
29232583
90188141
69912199
58046984
70233765
69492497
28788695
44018724
11888088
69900482
77906747
81941492
75722055
5134016
12303922
20781518
44570677
81731736
40716852
33631852
21824764
47267085
53822428
76678282
48812616
6691356
74901508
1465695
83629519
89428775
32819368
63345599
47758001
28223327
57061914
26215041
57604409
78851838
86075603
49910221
86338428
72772730
69637570
54940537
52723340
22732187
7868290
38742450
87710597
85609768
71969425
65110108
26258094
47131072
1776774
75150545
43025463
13276357
60806328
48087544
41670774
4596041
34087310
21542960
90582544
70370077
32299438
35497812
84673411
41106498
72432652
59201516
20049390
74709008
74875871
41784515
54985216
42222148
58933025
22600489
59351673
24838353
63333333
71071175
31909234
16304042
14344217
22741543
63765584
84013912
14000234
20127814
33977123
55877234
17047146
55084731
77856667
18996565
83028786
53275519
21057107
25527269
76485646
6068500
19723792
60457348
75011490
32384727
75030476
61898297
79230781
16084123
20732744
47029291
84530583
9167690
72502084
22490305
8741309
43637769
50036789
78086626
30884293
6696016
70180568
90210582
64215946
52384772
90099459
85305141
68949874
42792232
5803477
43831923
23217011
79499066
77586873
40916818
73117571
58946352
41165552
32201490
51517166
11565054
2330832
62040277
28230006
56667939
257141
50618308
12753476
71144398
7906058
60637337
34640071
45599420
111123
6714430
75594899
75110852
79501664
25117951
47378846
46268037
58405051
10103817
6381494
46444145
91911267
40916081
35232811
57404123
57674282
17280514
75495048
65626519
89586761
5415323
43914463
21272744
42712250
72079765
64307952
54466639
60526214
27925641
89968147
44963897
19372767
50476947
55535631
33233626
86676526
37275028
67690168
39764530
10352551
57625414
11211334
34507143
11045424
45755922
74069076
84207764
47657378
5723349
21712056
68314017
54863074
91798323
49124793
16049236
11553551
36382311
56658492
43365942
8552874
67294825
81588267
13942765
83764047
18260602
85507084
46911996
54726102
10064754
28553196
68005409
74383615
85419038
80401693
46801285
90258544
68345726
62495708
71503362
70823901
49877358
46992849
38813838
15888396
12742482
51550744
60347610
27829437
17167292
53937676
22413733
11334403
91131289
20595682
36852051
83498126
11085954
18358800
78880694
55644765
63097783
15407340
27582329
22964119
12055967
76465578
46558807
25325450
40421975
52314137
32010063
33988962
34250367
15066718
47700786
12716670
62187077
34213559
5415703
33636514
54966387
29621676
66642353
35436788
9509727
18493251
4617432
75404815
75224642
63473353
28062435
67937289
31154998
71080377
68565312
78890518
36043603
22048295
85475387
6433012
18063770
44746970
14091801
49337322
72843267
41290852
7300966
28550562
71407173
3597652
59154162
47333224
20111949
75952727
30819355
54068538
35428609
61107705
47342380
35090978
32318355
49142059
91531978
44424481
62840399
74320642
85575131
29610590
3984525
68532042
20144836
88690073
91867328
64960950
42036356
44292705
89847305
31506939
89360026
51877573
75645704
11005060
16513869
86007037
40524117
89675276
6726158
28141256
28789350
26003946
63522626
15697498
14105284
17211335
51009351
33229809
70336117
44846714
37269379
35258077
4468339
47343887
46653717
47574623
2917270
38333041
74896305
37969731
48021236
78354965
35363704
17442292
90444569
18998593
79280879
12382861
88689551
8525837
56778631
40895476
39702286
46311290
56848148
73035476
66838844
33966262
23764055
62881665
40378375
82085492
80764361
49053716
44426617
8320676
481943
57107539
82471806
88701340
30409652
58382569
15714021
44168736
58125039
78061708
22469043
70755042
75567855
75597700
88787176
38270966
76207329
58826811
7276071
22881886
49271421
3957179
85747888
61642188
9920929
19128283
37658875
72443685
76375398
15122703
18008871
3940604
54501512
51892861
8630943
78400917
28061155
29812314
21699693
79529998
30297477
66834969
9771490
37296889
91550372
29960365
58798519
81129067
37359014
31122517
57097624
15432858
21839875
2263228
23983313
29637245
62716511
50339797
82238439
72434794
52781191
86079635
23113286
68260596
23831706
70978629
84504849
68494783
27318462
74828350
69758507
20804213
67444598
7614750
6301995
38224929
20404976
55479627
51835068
21926156
9282642
54834396
83609545
84362631
59510343
1447141
67362432
82441718
25362230
88318804
49321508
76680596
62247929
44294657
11559372
75300548
71463792
9676499
90896277
34317874
35187377
89947382
14502218
29219668
15013399
42982369
14193486
90638820
46196984
89160673
30476612
44883637
23127678
17806028
44803824
69228625
68244912
71203628
33120210
40841635
26070875
32830475
65121223
79107382
634490
29686498
12207896
64949543
66649123
948894
19815656
33771333
10577607
63679850
15026182
16534579
24589009
44996439
60162208
29116972
1676619
40474209
79813
46059053
41721117
1403820
36108415
55206901
45132753
28093360
3524037
66927119
59999610
35434725
2543109
55648572
55197376
39062627
45133887
60681414
18174912
48295807
18745151
86203029
66894465
89993368
76335997
23275662
43319820
47491624
29037158
47777566
90913093
26479618
9950638
14317840
48431068
35818680
51682864
6009259
88057375
60249313
27633
32154663
8040973
55640483
10514685
22319587
48691340
24641705
69739888
24131884
9204966
20911784
9867032
43618803
46673548
56647997
86398505
23345879
48738532
30361165
37826928
76595252
70208551
1935583
54794977
42421808
39921305
19237176
33785251
83706337
80011964
36547151
21639978
77881387
34752768
13676604
72543325
24559456
15436739
48828104
14264852
57746164
2041861
73182660
49380299
51131294
7909465
83840964
77678952
64303281
52312615
35891344
49603900
55590367
81977904
63361425
36440182
48374969
59188838
25041725
62066359
2130577
1794382
35766998
33141687
37996937
90399866
51518846
10294604
77654200
46786243
61045817
36169490
70874193
65273195
85502960
65612343
63569810
59331974
41787607
42503005
24525873
73877066
78402476
19150185
33602935
31976212
39202082
14112234
57058261
23247342
54102986
61148890
83761071
65330758
9426466
27702333
40549291
4732603
69212412
41484710
3715675
87932623
70630156
5261850
29507010
26170986
23824735
48870429
34806101
87874167
56260530
5375688
40274131
74229888
7751727
47294325
67077952
15954740
52169249
88069371
59449897
80932229
79526049
56058737
52585092
32497488
78453547
91224582
1016928
73439790
90818180
90613826
86229237
44459169
73597115
8440206
19168510
55914194
84769900
57234038
47600035
9834267
25427585
20783431
7151936
83956988
87285077
6812206
76468468
91200646
36346947
3391160
56150762
74832185
5408815
81324136
31480560
5013756
406402
2563103
15014178
74162635
44820335
13432655
53094284
45486546
15830307
54094473
8314159
10579257
31806452
54620229
2682331
33630598
53461980
28143355
7488520
23888055
90428884
8720932
35049884
81478388
90142345
66986627
43351625
28198684
16561358
28917457
82159579
18403767
77706393
1581522
48871976
91493790
89762349
91159811
64976012
33054675
22288021
73657555
7896926
25979479
28961874
2342601
26142078
29573924
29874471
26571212
80998172
36754121
10738588
88026883
38126763
89747286
78228894
42237792
38199105
90317591
43371065
80578057
89495417
14016228
31782799
77675791
54321403
84511299
68871790
83478457
52961374
24112166
44695681
5554325
91997402
91547951
64628130
91730866
68539378
20923975
43636249
20774913
90787359
40954927
9797989
23692595
51548181
15714927
91026728
49781049
28625799
57158462
76598883
11819626
51854825
39431500
36607625
63002947
31549925
44759624
38782776
47407049
24274765
73111356
33086195
266536
23008572
71507780
75898242
75568090
50100241
2681322
10976924
2738388
17210371
86243063
24825868
1767131
14892753
61671891
985791
16806173
5303636
37167382
3015625
81011879
35685200
84008002
24220170
11946501
20484859
85635046
42124478
24008229
77906408
81542041
44331920
39600483
21407539
8860544
64591166
47361853
13274575
16893862
70072521
15443240
6993934
83117602
28584965
90246580
56368255
55978410
13790548
16451758
29285807
38971249
84595334
23738698
63523143
58548750
89785649
24280255
35532263
52742438
7479934
38305925
60134502
35471376
2812942
66205686
23389593
47697304
5092957
89991336
9899928
14758543
14661900
36710979
26749347
64766556
76456032
67720122
26692602
2622924
51820050
5547109
67608106
26046584
53916675
67046513
50820112
37043210
16800321
25029963
20411561
64168559
35492982
86088816
39885407
47275639
88916354
25558258
65601001
82494415
75329436
992573
15812821
69858970
52414948
78992851
38073953
9476732
15900072
21145493
54978443
53577091
71594059
561593
67386473
44677090
78049817
53593774
44435274
44791763
81696981
26482746
52086776
16020968
89332463
14327149
9478263
34225564
70192447
64608427
2325218
5470466
40737626
28979970
31785016
70741840
90896404
16928460
74461915
82286607
69515060
54416850
78350619
26916969
42475401
41596324
241816
61061679
91860418
45756153
20508611
65676013
29310283
37759627
34346329
82910524
64098328
37029837
31900346
64721981
23870801
65505248
1489075
89959412
58047192
14856556
24083550
8609797
67377026
20045064
3935988
42598090
39745074
64557920
54478778
9217347
41895906
74449289
40553068
53988030
16445869
74908985
31329684
66363385
1464924
25120117
51010178
91536348
13159036
58555098
91036531
26071390
35261681
78792519
1519485
49437394
67443156
4038486
32477434
24778935
8103615
31538069
15922937
30527727
22662013
72189490
60824280
15711501
85807044
85607708
22658346
70046110
9087685
34013191
15353206
2088577
11961081
84615081
28303442
14891271
51097042
12244011
52355529
77984288
11349363
89641000
44763585
70467846
23738495
939365
8855998
69735889
36679680
63697072
89667073
34754137
14186071
67376572
85213156
15760934
12163647
16448779
54692904
6999108
22052110
22898126
65945136
24873435
33518039
43863055
54695742
916379
894648
54874530
61024328
60845143
1546129
43824219
89415472
46162607
84223311
65122552
7872441
1925543
49511001
22290500
41700981
90585138
83016550
4408001
53228031
5164538
86556670
59598402
61017598
24982299
81540088
49885705
62337694
60405285
42968407
91981213
32052052
32209506
81132026
45003733
91393296
47543523
51760909
52096545
66093790
82297767
15611550
13385566
80188188
78889489
31433951
65096605
37357107
13495636
10011331
21433253
36306941
89377996
70218315
11131893
54804606
48938428
6917298
90320106
56156858
10758900
10849187
14851943
60779836
33588503
85402825
39296751
9253357
61623143
64288620
80511849
29913204
28882062
74111616
42895207
41532382
17938315
55085274
43727478
4992320
40596961
71178564
52978673
34573389
49083511
4214594
84448126
84941571
88318399
79470919
69108539
69942690
5064309
21609119
21483085
24335145
51583307
2811756
48705134
59513563
35406558
6400233
79177998
15153304
83976926
79969934
25608529
40749620
42291937
64708915
44173648
6023572
49898678
48764078
70088889
56301941
35859821
32780832
15833032
46179333
74406609
75303045
48459605
72889165
62185813
18671329
3433636
84229744
87368824
70108525
72495566
20253253
42386933
91368064
17348400
43227306
65481622
53059615
88735973
64071990
42613862
23213194
55898308
21400362
40707882
65111682
40468909
81840489
50534223
60493613
25523353
29321069
13117231
29788276
69455528
70116070
51266131
53288737
39537803
67115570
27721592
73287503
30708478
91319628
53690067
84252411
46651334
29213256
38249378
1166402
8173682
49017125
10308937
18590251
73091454
51027394
14577459
7778921
56317136
21213154
75180006
23538701
52025542
35161162
70682146
43970416
58381892
11954185
25567145
58410301
64210717
28561964
47401060
66419692
72471919
24476811
46003033
73288556
21039574
17035878
18661090
17387056
68085672
51441544
4012792
956157
22513883
21167930
52562540
60582059
61347613
40018844
45016556
35858750
68939271
86531586
46206896
27775216
39903469
89165181
38812865
89951026
76053671
22924249
20416659
91343364
31240861
56770780
54627466
3652518
41110207
87183171
41177889
2773139
28927661
10648487
68357242
54091824
51980318
12543696
15565503
53292487
63239573
50644971
17455479
68967680
46628117
49201716
16765975
69916069
40915135
15888616
5177991
76870308
83843389
55805879
36715897
55391968
43464198
87407921
82438255
66140693
58255510
58333027
26575897
2639462
50828170
55813546
38526321
90847831
69267749
84884158
63640633
86431894
31820479
60413764
80005330
4515673
8286580
877359
64738078
56204828
24205228
41532112
40154410
56255046
40145306
69271602
65113713
69483506
56956036
24105228
39564795
83419673
7504857
90725977
56273142
79943964
14349422
73605788
27207198
74995856
80867304
3226869
6426564
27304806
52127183
14771594
59741221
72045378
68832132
23205965
16050418
60110183
29190431
90846434
83301333
90625425
40119191
68812110
29918711
1339988
44403996
68802444
27146531
47524518
76376555
10470978
52736766
59317192
20542109
51783953
68569292
53562498
71063312
19458594
87527211
7885430
38099463
36535255
55994960
8721949
21819159
45167610
68968850
30725007
78530867
42292848
60706714
66582828
24408113
81079893
66353458
89039479
20229513
44479177
22591377
17059363
82088870
952813
18551525
59139611
8524266
76914322
85998913
63177881
73519132
50991955
44050471
29377513
14716096
38630975
31913100
83254153
58796743
54479627
89981918
39751664
17884735
71786822
229370
55332260
60850379
49677905
2091726
3170150
54550308
21638564
26311463
50752884
20232171
33797203
65300699
37506386
3395190
35006958
19127410
44141619
64079484
33223121
25268038
23621944
71994232
5237098
21075859
46848704
36594892
18195096
39522293
82516100
10936443
70515091
81044159
85483854
87287598
72613163
69018687
31601049
1406392
84674261
77612186
10529410
58205638
58097366
18378976
51413572
90891100
13707913
46677205
68261164
53388890
20030940
30349710
52949153
88605832
2880763
7326411
74042417
35062278
88970828
1471941
45416214
75387493
8430996
16465167
83490174
71206770
12148051
73952489
18680607
54272247
19514820
84310435
6792066
87169892
32474687
32539991
22629935
52479024
26646265
37911454
439737
51388734
55272571
73426367
42367039
87782111
10515583
72570476
81806064
13583335
85200945
56754672
19700944
57187852
32120740
9537685
80329788
50035805
54437669
26530172
47480181
52308554
51835748
2055700
64539956
72155664
5893726
76878482
79842912
3061155
10442508
46976996
36825320
59650461
90714408
89760189
5976047
89092249
79529532
52855017
21686016
55816718
24633932
10163258
69018064
74244936
75063642
53799616
30359249
2129115
2498049
45424481
15572222
7483709
23965598
79821475
20116376
2832571
2079598
60669541
86199461
42952048
48422588
67028757
81478039
1622159
10230657
73084656
3049857
23712813
28221085
11522757
78958655
70352621
55063242
43022073
43885687
72934527
79105191
12738393
14360517
87174341
21458882
27910748
15170957
21133027
13385501
51606836
36596735
51287551
12246953
46974329
81437635
74604054
56798100
8393383
90732302
14321468
44863571
19330725
36914159
77832089
48619516
63740206
26466934
9932339
83880508
58950919
58574010
84090851
83439511
14253394
7647008
325855
42328871
55724122
12339917
82061576
67163508
17426031
62009917
29802899
82336230
73044252
76031753
42476631
83493438
7045201
69567310
86995107
62871209
977578
79168780
66490802
7663323
59676015
43518330
91949658
3315033
72124240
12087467
83113656
91888149
71886511
15789563
52427296
80720615
22717511
20051659
37360608
27249801
16769290
73734772
39859599
17354439
4630175
712946
88658331
36333993
4233356
35629952
24184032
21117879
19492765
50776096
7873666
84164607
91357716
15505815
12361377
8039716
32360956
2967717
39460853
83325897
20875677
60179261
43360007
87627710
31085994
83589462
79550203
91574852
69104597
66950277
20856108
60456183
24283215
80832004
39953585
10919101
16137187
1211561
13244213
27488158
51578381
20171476
71803230
18961623
75304859
37197285
60738864
41195060
74252041
71441592
39965890
25407967
56896892
79734171
8077507
31671143
14484865
40403551
6362367
36452038
70470687
32184105
20502598
41167739
338441
66545649
89834889
80809029
41793180
85232737
75648554
60420383
64830243
62409570
50382760
34109799
55105244
81457273
29032795
76647699
42348325
80195345
17330460
53029373
65249306
87637582
53112401
5836451
89896490
66338263
15949440
57106573
59649288
73920574
43492850
11689413
52556094
32405777
32964100
73532798
20402494
41042609
37841248
58524069
7304325
61085488
32880628
6261170
66912572
40997451
87120863
17122577
42749664
21852879
27720597
87216479
25544717
78934138
82047012
32789917
34492600
34188867
41417347
47959875
49168105
11087073
6528938
71183296
12003282
19725115
35691550
81842051
33738284
68915761
25643440
28846780
86332916
84043178
11300308
77593620
26051412
65267984
17205604
75496810
24111787
40946460
5169467
84914801
44441538
47858145
19176194
14336349
12824386
30330274
69234562
70144810
91243792
78963823
35491746
22321232
78146832
86739415
84002236
32695129
74742845
33760263
17546472
36542921
85795390
65995950
88191641
42714603
41156196
68419145
5970967
31356987
88664922
49471323
65738606
57908814
62837383
16649545
37261788
34839577
31246483
82430740
34653064
4566184
28620616
68715956
58282622
73255328
11996570
50241972
15148657
66003549
67928499
43710523
68314906
43080787
24839753
19772495
64547261
9799209
71914224
48659644
85582007
30756108
14437565
76892686
20647026
27997806
77563063
74794674
27990138
54483924
81613749
58097108
38443563
47525288
84523011
35844274
58106671
38153021
74473474
91401760
25492268
24847711
18870769
48542410
70693527
42844169
40018272
43691241
44180828
41158115
62025704
8689321
10109082
78599760
27133247
65815978
27811292
50882764
20984550
62053031
43843986
34088460
1377722
2599288
17222242
46369990
53530801
86668537
40464378
77429388
72530990
4753483
46314185
3830225
8524138
54805911
90823342
26663782
73825538
63295132
58852658
75585945
9359698
64256730
78592092
4054108
72635053
85721887
7038778
79056090
60675309
41244697
44669843
47167733
69032113
22713705
33709237
3905038
14137547
63514520
31115203
4344389
88389346
83668275
5166883
9663981
8783998
55331835
59971125
90399593
53935433
86755928
24797478
33109215
19425302
20673830
89175330
85738963
25046578
85757707
34386247
41311201
16209
21956138
13458496
770699
36379783
62354718
64949836
37596782
67285175
67410554
91337507
14368989
10527901
69798674
41852857
10544405
1396402
1018821
1245739
48629843
2974250
31927273
36093886
25846340
87787252
31221248
79156341
75895378
85741498
12430109
27852705
27049134
13379979
43263779
27980864
90943002
22873168
25342907
66222901
80719811
56882653
49342458
64676133
27787120
68402272
68637660
9298666
44926560
90204572
89282092
12535957
4931535
36300021
32676262
66653624
39695499
37639751
66726232
75846298
86495988
26853754
76748927
91228271
42400603
48194236
30441582
24720100
34313358
60620255
44684068
16043678
29095532
73100187
23842097
46292079
23475712
70593089
39980199
32390603
85273037
52982071
7663319
58241536
24408147
22840136
27731017
56009201
43303764
39872478
91257372
23071342
76613152
28554691
60786688
17680503
13880878
89784953
7839657
46073305
59328347
63743882
84361581
10607078
49624475
45409009
6311880
83245110
77480052
79158129
52530908
54835126
56377548
76983184
58314144
60558947
7339997
80018540
84715455
48036046
83222952
62702681
54444655
86736274
14673813
90965361
9840846
87771199
30456606
36255775
53871724
48721269
41923032
38952572
4295198
58539366
60088958
47117376
58517826
50448551
22780581
3351349
24324606
23622226
5286811
6099229
3647117
51463951
24599213
22012773
85751392
88646679
48028868
83442920
76895428
46866240
60508755
1388695
33899474
9538961
22136368
14919152
72229696
75543667
71023615
77141447
27825164
37444031
24336795
55166477
53927570
26961979
25868162
18225377
19975109
45982861
9303641
73794344
85676185
28112535
66143906
30112097
39554876
28966253
22934165
75506732
12966765
78773418
7055952
18980322
57272891
38752701
36055538
87248250
75522128
61383208
80608277
64818688
11320086
89534817
57101940
35702193
34790495
72045302
36725360
38340766
80270302
73351107
35454063
55564087
80717660
37177652
7177932
56208144
15999488
64124372
4094404
21790068
49304152
60463252
75084784
62184642
83194199
2475955
34443598
10703440
77866747
83233461
35520373
67777894
82547947
77216638
91136833
88609730
19578625
55534254
30690327
24706214
20437072
90436412
76189780
24509515
48981789
63017186
79917365
22013044
14820220
63594778
38865285
79279511
5072677
8252453
55544669
72490759
44572834
43370138
2986692
10088852
28489139
50463735
4444686
21741842
57638013
35602579
57919402
22676036
62900806
32413916
40676435
88087558
69258247
13172594
64555776
26968745
48196966
44126212
10951384
55504334
58522100
30612831
51538467
52545544
55839620
12174531
69504067
62287606
14880999
72486582
5644166
34550922
84985723
61002107
55982440
62765602
505398
25505486
74159601
66973249
83119295
55307466
51335407
42289502
84939254
48233188
43820985
20496256
77764113
72498554
3965867
33780181
2576836
39363936
75201477
21355639
25097157
24821110
56643440
72490078
79660860
64605685
6372106
22220121
88300334
30476954
80766001
25692149
62349817
46655760
43441467
40829792
62528213
30905843
26272142
64442997
62629076
63482432
16530389
43983931
5565342
56761931
78542330
73381198
42070404
50380367
84675825
44767080
37320251
19841380
1761595
57440738
68465351
3698777
61417746
90411810
60287138
61913866
10054307
21520024
76287547
12535624
42361275
90245217
60436768
82753335
75716233
18645145
85720715
79732084
85405227
24344145
42495152
28161962
80865374
25106949
40863741
478069
43005484
72039513
43536029
25866443
23826617
5857166
35571639
91663880
80357503
38767114
77786320
89678684
6962374
78202331
72062482
51767941
42332609
41791623
89192621
88144150
53203543
61376570
37236932
85046890
63442397
45191827
15101846
16030929
74261466
60984229
49102040
44942666
48212896
65482488
82454805
24322738
17659664
88964526
41681185
18482444
59608365
27387613
17616202
47354434
35869722
58074484
82538946
46348460
16391704
55619675
78710843
60316654
25737798
19848729
5588668
75215093
63090362
46277618
59088889
29318800
12771333
11423177
54647862
51693783
75626448
21293903
10445177
26980845
57159786
14293572
866242
12253931
83677892
79505344
84779114
81681263
69486404
26919270
87601243
48235051
57685502
58862113
82531611
42682706
76721993
51471051
16126203
33771562
61309910
75469337
2474563
81041176
27956730
61157583
41248605
48645603
84097743
88311606
53918228
44905855
50579306
13520899
19634818
1996628
37822564
85663468
21883645
21251353
61393769
56542754
85667065
15002795
74300121
31060560
54360128
42950430
17964766
60620492
59100624
72428735
47512607
33476980
39792570
7114752
4863465
45097000
22530999
39191887
65535925
40397329
53074662
76386302
3501959
53934975
7916608
16571211
24269699
57500892
55547914
74194599
74402634
54606505
80606293
59153316
13095794
21543260
76009807
65499657
13107885
25623644
32636164
68201480
56417140
86855571
76743753
57831579
7364699
74293671
13920850
81309624
64698995
91299688
68469694
14734373
29665276
42575717
53183298
70038726
75258259
941409
85748306
43052943
41510710
86866658
10947134
67559763
8435375
50386163
32863492
64870031
89170130
37940594
83617727
26389186
15134496
2450082
71714354
18215076
37398301
14781163
12839929
49964621
61634411
53697602
53711076
79590176
87281084
52241889
76450420
60008941
51590699
26685273
32105809
1754572
78431283
52720972
62499896
35725344
81179659
87082899
9055929
62780944
50609723
81167645
74638458
89079420
85015407
56933191
5375147
15237304
45306752
79105953
24057170
9847860
58576519
1469187
30943381
27272143
651189
49765147
27903132
77639752
68217616
7188462
31414677
70509563
91504939
3220621
26669415
18398715
36473176
47851910
15946111
81493928
23955862
17705267
83704273
5421727
11626438
18429195
83340135
63262517
48333058
22587982
6708104
59108001
817998
73338235
27172636
42975063
9351155
48518295
46225075
89868054
7843524
55997680
43840148
8749848
58907446
6621130
2452604
74942874
51699672
26044469
89949656
18534135
33882453
65275078
14241592
68327547
90059762
88555778
84358038
81385058
21769984
25529870
59738990
77806561
63987079
70814342
88909988
11643102
68478396
18031020
73831531
26897301
24893859
65022642
6297244
11768197
74885084
4211760
77153219
33165537
84322016
52478202
32096168
57714907
67375317
17845815
76129509
8674704
66785793
58828168
49449692
63927049
53702791
81084649
16700197
80147602
30139571
70878968
57775197
41581095
20940785
36612513
20600057
13125662
17941183
2085484
26774979
41719547
12049744
52478641
1069369
26607109
77262886
14250352
9389023
58700612
71023648
45104966
51385013
30662369
5125377
88328669
47226852
1358814
78748703
37981230
22372404
80718477
77741808
48966309
20981038
7815123
46474955
46318198
14154308
68381637
82195740
66456338
40650178
77602636
3019380
14622641
45021711
18562274
63190330
56444058
35119224
40361279
67783214
83019970
75595518
3766562
37383590
37049247
6790035
90190227
80203048
65566096
59737439
69926685
30294979
2466465
21464439
70253318
56282458
39857971
27731459
4593104
91240583
53831161
32580925
12260731
71395937
16381278
11246674
22829051
16464469
44259255
84729387
64016651
73440004
66349896
24780152
39353364
76809825
33383939
58256413
10276363
63074742
57270974
76265870
52201661
66147632
73766469
70325484
51689354
40777388
66060299
64172179
14623476
10238849
44003272
28817681
48566885
27720434
59147420
30259665
44607818
62979252
18379491
67040124
61890265
17343696
83556214
73256951
66533462
90272823
985439
26170493
10873081
18926966
2499401
9679802
14458278
32989081
4265185
79677176
53957537
83625074
47972532
13609420
53831965
44086463
61830262
18307220
75272616
88328169
11880174
5371319
28892611
28839420
75643911
80793315
42970235
21087016
72271512
40362968
15043366
9862098
51474717
1193278
4468688
61670321
33218242
54744728
6835169
40603736
59508269
68151742
29793109
31689693
43939158
35524745
60973848
65662094
34230670
5544921
87239182
10844379
21887409
40259297
13672810
82360520
36325428
30410891
33847275
62409414
16691876
13850087
33197034
81964397
87938662
69687586
82638777
20418131
23040084
30843428
10810627
55622200
24212583
86428365
62875846
6080689
29097699
83232552
6226537
23386291
11461136
46979885
24975194
31686890
31737494
75421919
76316870
66076015
13719015
19997187
57016004
26887479
45875051
83473074
27129245
3164155
46647502
51795349
9607504
87381509
6630844
44345887
84906355
45935519
57330666
71803295
27657777
5711408
7415039
51406653
26214721
71934247
43046015
41713276
47530021
57821480
89506529
56319682
9060010
14635161
1925761
1346555
27561859
42710896
36825571
67493897
85716652
79229619
72968129
85225242
2475154
80658951
79175222
40906684
46081367
51619257
31880
68411125
7300312
27640793
8360637
12305070
24404225
13028160
72170373
19013964
48761470
74871368
82197546
35517080
14876927
51374865
84484610
80031587
49154245
49755953
22329393
28295034
12398088
84469179
6050020
81532096
62381208
27555965
40874804
69830243
72122570
64551087
60050487
87155242
31040193
23136102
60098323
33193886
56426691
89459006
28976418
41048015
87798066
30822681
70996096
54808965
30024245
34728656
57702194
20859211
65161490
30020214
22245014
23025993
49891596
6297680
40657291
84710966
47593395
4127342
9779756
12770953
33510894
64718010
54860544
25649931
86673037
90602943
4217468
43182301
1660940
25957362
90015545
60792725
28602061
36267439
89266772
9165034
61727167
55485605
26417821
69939121
72288619
43750959
10172327
85144256
50864285
36529949
74931210
62626067
62776448
65025372
77874035
35664588
5848597
56417601
21432463
43490736
88942003
6063730
73130382
33028215
89515302
53748105
91489579
47240652
2343897
33781167
10550837
19591671
75356986
74826863
59766794
14947988
85046675
65802378
10213046
16041843
1557126
37709463
12555657
54915485
59176774
21456433
42035749
54517862
87439224
15368733
90323980
55913788
8708429
19382276
61502262
70078275
51404208
57708412
64493439
10555851
50584181
27883975
51984877
88212623
81940189
21768041
4734942
4648456
92048877
307208
3486185
66605266
70692689
18902849
12879736
32462537
26177210
26667016
56353882
31525436
6660304
6585328
22215151
58593779
87941694
3793849
33388461
68651982
34927856
36609464
50730974
82335184
38103787
30216836
83477680
12935357
49682789
32231359
1162270
53247236
21774519
12386961
53725530
66033777
84885639
78372720
68268656
22455399
47810337
77572179
37113910
68030150
10803635
18421301
25205318
19289711
88829619
24582622
17921008
72556297
90665677
20514138
91017505
52972055
8337672
51246321
11773086
88595554
38260465
16578934
91681706
47900743
19661323
67512811
25568746
90233865
58366008
82856477
77501490
71940188
66768544
18692608
42824832
19317548
49555308
28426321
1368703
44076947
26076945
89566871
73698793
37693622
12176466
39771184
69002594
11902118
40789481
22997777
24717473
82519722
89077612
24168895
50135622
49391084
36950428
34872269
40535999
78585821
16087933
58808882
29115356
75254621
89100926
42202135
17948845
33281986
30153001
31765458
62538154
80543324
77390405
61731234
88654654
28077972
91141704
46004816
14988270
78233384
53883791
548577
32384100
67490153
15022092
43066978
8855084
50524608
18784336
73887118
49470465
60796938
89671581
14716845
85109401
55818940
12049134
13987011
90707457
41769677
46535054
806920
84048671
77116057
62749531
70453462
13089702
40711944
19924650
42243318
73652909
78553639
77686486
81477123
58635068
56657485
52086266
54931592
1054143
77951024
76375538
62557244
67847538
33852641
2667711
6766013
85075109
90243083
59611958
89900537
77684632
61578998
58021014
41398834
91829980
49841212
50528812
90810010
87022661
33531011
56716833
84335787
47722196
21029000
57194481
3703476
83406967
66295243
70716055
58460524
10103486
70326522
59889533
88885149
40937533
32388254
39314056
22978196
12558451
25836585
59683148
36285798
89712643
8179802
83030022
28823595
54978552
44801426
34093177
2686873
13612440
35687832
27141306
44018719
57585659
83059239
52951047
24946443
83995381
28193158
90730992
41181963
29388989
27501279
49571093
45762961
47633428
13477471
83258674
68432654
56087567
51503345
73219401
88692673
73164876
66032221
86890419
52291678
31188985
90565345
3349192
61753722
5905798
64045692
18871297
60442841
26867483
52561514
26375452
42813418
90964170
91033337
19414495
11429652
7671476
36093621
82467913
71360775
77353530
59558954
23016877
87358520
70498470
34990805
1802253
20873198
34843236
24128699
76746111
89398889
20303171
31463501
70686050
37622958
37178209
86273408
34067389
11857689
53757345
55305740
51202548
15178141
83361861
75480874
21121740
56274327
50900092
22908959
76147522
17798634
81220485
15829697
85556267
77428897
147569
5477179
36287088
37604347
3825528
45282610
46516464
74840213
22088916
12216266
31359194
53124145
32516063
70921649
52815142
66382829
64103880
3525299
86216402
54891158
24580782
26016406
7930430
60905083
61652100
60317825
24402368
3791588
15682128
15722711
68945434
54703222
1651651
83164479
18891508
48948940
50997318
34300198
43481019
61124772
71860204
52597546
309003
86096860
34621394
77093468
72326428
37016347
71104518
88003620
46960728
55835700
56524307
39772606
64306339
85664137
72439321
8679657
54809780
53138907
41874685
77940956
63615339
44862712
32167160
12394935
5467921
17676171
54599994
18687098
60815769
13566969
45779777
43179161
13770432
89765048
5988950
12126432
17859243
15268818
59282938
34991747
19332985
90823796
59493285
55626682
30854357
47104039
86768598
69028825
17327192
89171974
73577420
51220404
67198415
42294614
49954941
14584448
49020402
68836650
65067322
45440233
91956538
75978355
37190211
29447624
7549428
18523757
72807120
75027497
23739457
60619142
67658463
83669929
59969439
40192871
88821710
81789158
29776847
89756625
23255029
58266789
49777183
59086431
29069088
80417592
85434213
73278292
41677127
31383794
69040112
16892592
36053647
90312539
4072550
46470079
76604130
24681932
86944300
12187978
35172659
60033154
28453328
27465592
87008219
70340282
10416024
26868710
86337753
91473684
67783066
56328599
29197701
61519592
65812219
75754421
66544089
81854044
32041805
24784535
23133771
6531198
40623666
17387193
13708409
71550619
51685779
59776
81669274
54714771
75894651
7707067
65184936
50273046
44853193
87943134
11806154
11102341
51245645
30009154
90079608
6263474
18320005
73406905
22779128
11761800
71516241
41759554
58720272
53314231
11964494
5746578
84982790
61233048
57861415
41452258
82041345
89131009
16325126
9605831
17333460
53425229
82817500
5045427
66270517
33750852
36697489
73957001
40986359
44982171
39492773
16672702
11287971
6558205
29694289
8823199
45201528
18202010
29795060
52973694
60491442
70695071
67848789
43530532
71351704
88694031
52930757
8079138
7441173
55059897
46751957
12288033
14958337
49066648
60507939
84473517
84924494
83875319
34464227
52117281
61497825
60738193
14782038
2464772
53516678
11492279
6831764
84387835
77674194
79063614
12928530
44764534
91503368
71314758
82759776
63272566
16896482
90030860
81290806
87313141
67905185
89845310
71743720
22644820
84105780
68792621
50009290
60610837
22377494
1529659
37335243
86836678
7221515
31093384
23436633
61288844
53781711
47731775
71459304
32909659
79720247
61577398
54164759
28230802
82221901
84888917
9785384
21743341
49929300
83605497
43373046
45260365
33543155
2951099
64795531
23494942
74218752
76283255
51079219
55504442
22111769
6241858
63400045
38092672
5115298
3508482
81989540
20872051
60171529
37685531
70904901
51489444
7159121
89239468
46249043
60478560
62763242
46143513
6173920
4668935
50062341
68225572
8268458
10048213
48695973
16315901
219348
18714310
81975111
44837361
19908022
76179098
28930185
87695187
48263132
76403248
35496954
72107634
69930776
36485710
58330035
9469058
33044026
38840562
26476226
105529
82108265
58094307
88241173
57911973
24204101
40014128
47333224
84112558
37632490
29981663
54304416
75345613
90966289
5796012
15907176
52176460
27915966
44686938
52198233
3959123
34276097
91171245
41581224
60461717
31245308
19489472
75152833
32938497
76695923
60541920
4024357
51999916
61693830
48227044
10578749
32251544
30185263
17351561
57611767
54446878
58979000
48508403
59438437
66593453
5683671
91183864
92138228
23956842
10410841
53186989
82341525
1618004
87729561
22091751
77468885
26110436
34953550
14610913
28914139
52499632
26651714
47957314
41421167
57245911
45845406
21030812
2443401
67898386
78336187
9103364
22812066
84545547
70628357
88218199
2258850
73886830
80773023
38951238
61578943
36596461
85421054
60249774
16309120
61619125
14941826
62857971
89356298
10257543
15762824
73116826
38882089
61565804
29915533
20390355
82606135
70107020
62658251
85500038
72889945
85950641
58438633
54557493
82286697
88901528
35248801
55467613
40111512
44176561
45690185
1329169
48090966
51605554
73111572
45611150
66452
4684283
47095147
16239471
63535454
74160646
43201293
18491734
6763294
79772138
77695730
89266097
89377076
68867611
27061405
46136077
31467569
89500731
47112317
54622709
48790016
83232240
9777427
38782343
88245596
21888256
48181222
30283441
51539102
68427289
90676003
75986981
61112455
738126
65198179
72847345
67397352
83392781
60759630
37460822
82555063
8828119
62204692
71044623
65203667
57524300
26827385
69004861
40710715
56040077
44845281
37811298
22790269
15692796
82761121
85765780
62509155
7557558
31767438
3355745
35118459
89937877
10788802
80425111
53304400
9609023
12087714
57740154
837717
51931511
67416131
39314065
63588078
4680391
72020863
88358807
44617210
62947309
51963204
2899417
61053433
29152485
47210177
29184489
45343641
10847187
53998342
86957035
64599100
61793187
20370568
46853349
64437101
1179779
3981020
23367871
8771305
52316204
82484024
81487278
16147058
62735740
59453203
67389272
80026807
9073554
36395602
41717793
29697500
22810719
75652865
31868944
11612469
36362990
2989772
78350232
66211712
20008779
2230091
17745751
25159711
19190788
70675953
68872855
20212099
43824817
33043848
47247653
63972770
19748284
49837700
68721412
74868934
78183274
30993669
66112638
71536054
41388508
58224929
25632181
39001875
39289875
56682796
25422237
90114904
75140994
11763765
48465961
22652693
75199303
67033424
76250481
91138690
54654761
35829007
768071
7655672
13295564
89569953
87411359
64842976
91618052
37727743
8756295
6647219
17408786
35691334
73707498
2386633
46738679
88913011
41383262
41334972
73701803
13658472
69452568
80291925
28724463
73592538
66365838
11864238
40182288
40421474
26014243
46999089
22533443
3358118
12404314
68416214
25755526
77487241
56086680
84970833
48122582
868586
25099722
15022152
81112656
12598112
80966997
5403707
15211207
27724790
91846030
85569879
12737634
88020031
41729712
44663850
61213875
25944364
78009995
85343200
17888030
50459750
62398400
74080855
69762593
27077074
40133158
32944694
57168284
55218094
87674735
33100429
11915930
40305235
54018781
11352573
89546905
53242206
33521303
49604954
42790781
3825999
43840166
60233785
54609781
15785348
86617480
68030676
8056333
55353870
50748425
63770801
72857157
35321326
61751322
36817899
89872416
77075065
65233584
51871479
71105789
75173125
71241649
28366982
42918331
776575
5634895
67745576
38255050
29695304
5764788
74716997
69179844
55858443
1419929
78739106
7729015
31263610
