#N=7800
46705567
4308914
57425219
44953479
19845525
56316292
52669144
29840154
1033424
48667829
7645844
1727412
59606185
12451391
45119677
41484836
25010955
30634411
9847003
29885860
37025167
43807833
12974346
26327521
18809429
45784125
51805300
22758120
24197249
40587659
39660152
19835701
45303390
19192540
53124336
50845372
55282867
4001315
22194309
17389625
7145256
56034454
35531348
36204962
5524049
14485266
31637833
55965096
54449245
26879170
34995126
28781258
43082017
28030222
53445835
14134922
39670489
11217640
1181581
4361548
13367882
38551225
45634979
55298019
24749673
49123020
46734675
55976855
14939672
45083469
60781891
49863908
7754016
21046082
4567128
10398954
38959635
22842276
39053582
43751599
1880766
6964904
36175424
47030708
6443346
60311808
12953341
35308940
15933371
23470356
37650183
18909864
31885165
57351959
26646956
29612819
52266961
19734819
56034965
43999377
37329453
57819422
2540392
58195063
42926447
42564853
50268986
13291649
39045122
50172291
7576175
33773672
521558
54787230
34077367
50058019
44378437
7566597
58498758
57863507
9668804
59221838
10346521
2272345
23168611
24995750
52501468
26351197
43245367
16299156
59542598
39974391
32976587
20815539
26009690
29634798
21603344
96695
5715473
23355063
49650732
13628946
60536306
29387153
10408793
26510769
52399262
4598542
15981406
17360533
47516986
25480072
54136840
3434383
28694491
57657415
42590384
36202312
45732212
21354589
1406181
38727059
13964701
3341789
17295808
43996608
23919325
59088282
29369576
52926528
23658757
38347192
21303766
34025537
55911504
5810250
28612976
35038729
36005170
51341335
42147307
1326215
57625582
57319426
21684000
53332179
30008815
39319408
52879744
7005153
7389888
58904393
39514863
48891707
40262465
19047527
14627031
31832798
53513137
51862385
49706374
50473221
519301
15493516
5412560
20872775
48728694
38111642
10975035
34678955
11799366
2911494
40482216
22377015
27310610
43204592
18536048
41087275
50013133
54815351
28330291
37421795
36725541
38550949
34264675
8429667
26374391
41688260
210036
3039916
8586696
34212858
45060661
40486527
45688435
28140919
27981352
14049739
44395889
26147154
12280352
50262351
36440884
15361236
3840967
4306948
11275072
24560698
12756984
30674951
18089810
7862955
3157119
28295874
12176558
10660028
26303243
41418088
33101564
26837179
18819256
47023783
6608036
35003355
30588787
31638696
1828642
19917811
19853000
54973539
50546271
57759116
3664996
50217549
4086164
40120270
52389965
59523734
24554501
22977642
27517832
50633936
56526398
10580704
20076244
49682084
56482077
60306065
22598832
4161394
20229143
1899514
16434995
35809341
33174712
28754589
29869308
7695104
30211541
22933885
8552154
18412335
53672952
24384727
58667584
23486044
33649382
47495936
32005902
34760565
27291245
35020740
30557692
24927927
33022241
38693792
27083252
52320683
40076922
20699318
48566400
45259803
29564802
5764019
24023645
43563221
59383049
6935423
59982951
11799206
30100934
2251040
38668364
48270521
51575346
11171648
9563754
16972429
38288304
15068775
4202873
2363318
20082112
9947513
58684676
41541559
59456871
6383934
21837896
12900732
9218128
42802381
39319770
4085194
25304583
17088222
1663883
47583843
55758103
57731911
52054455
60754027
29599307
45580329
38706766
52686530
51806957
12578592
30853169
35924986
13070275
55095361
22602256
39380554
29414256
52300742
19703663
3799750
15249418
57959129
34420963
23216547
35581410
22231548
2421311
38560741
40253732
4771973
13613001
55844077
46216216
24557739
22047260
55836391
11856985
44211787
39916973
15881971
17591930
36597809
31406343
34529722
43764718
31141515
37760504
25614505
37051323
22584535
30218788
10116484
40461331
30273027
20795235
57860670
61429
15732951
43031353
45249656
19395757
7138875
51880430
8463438
30784367
38675474
15919418
56815015
44703470
3319164
2559240
43902209
10916704
264828
57609218
18150212
54930192
15175969
13479330
45018452
206816
18029374
7404862
43440662
30211598
5062284
32912930
15651774
14420807
35892478
11452839
10932319
55278122
13204955
53384021
34809353
12055617
30683867
11499386
801261
10486072
2294412
4376603
53606493
24258250
60516862
4670882
27995353
14969153
56289957
37613590
17606155
48657776
2342578
28611344
32643437
8725090
57860453
4198935
3488487
59537970
16331496
18388299
20468769
19232951
40783767
41393579
11254356
20197794
27288587
14508270
17719580
38876163
4699742
48935610
14346509
45547709
27304539
51221764
15446610
7632180
53354625
7078424
34097952
54457489
31590892
28444502
23320215
16406096
5951051
45940189
39069201
57938546
56528146
57998803
26062207
20585972
14104992
57586087
2478214
49252425
27892141
47707584
42613266
38075647
39714684
23964746
48184711
19672359
15950752
26451799
52457842
59737137
36327533
23737062
49220886
33268408
22493451
38220027
56260509
8852506
7495655
41910398
49959952
35942174
1137423
47399734
36191371
43776180
47777559
33694244
6639159
50656494
7992900
18648520
7974549
38125938
26097606
21732912
46138130
17053616
8207879
46804393
28599863
3059124
1243611
11000859
55931513
13640945
30724372
14350111
37816168
50477095
58856588
20643830
60590803
18201244
17705788
2497127
37137021
57961065
25701344
6074251
60765558
48790576
10634527
47081638
52827808
27127603
31608645
60173738
6537366
5148755
45560781
17599004
26051225
48442667
59200101
41581402
54748391
59170890
34417137
17172337
50726293
40655344
21021655
58093676
59987836
20584724
55719397
49146383
58035508
37750769
56279725
31767533
56802768
1590537
15472992
10737683
20590237
44543503
32696570
7021974
39937530
15201727
37322517
2553436
54534277
18112823
7164265
55659666
8444597
54601794
14234295
10716230
59591121
436931
20457891
10841453
41472830
17968628
53706658
26267974
41788001
11932800
34378154
3308697
41840301
31769490
38881114
31651875
22689586
35578456
30539458
37384094
21507450
37293307
56229172
16958224
9668226
13402472
59508984
15811980
13094285
13797364
51098339
48749668
19804102
2489263
36058409
33288468
37020628
41773858
9973433
38479304
49016113
2608664
43351197
10188425
27163517
21386271
1112417
46145493
14071005
11329764
60078535
22632839
27625081
42826700
36372854
11939858
18391799
45711619
25553642
43268231
54833263
5852688
12691259
4599246
26308636
55124552
23315035
59381325
10841357
25448382
13211719
38827688
36285148
21964926
9076008
59941638
7315265
7866266
4150570
9521779
1788296
17251835
47099986
15685222
42518514
51501235
4469829
35963569
51718357
37784566
30576972
7477629
40384053
36490321
60207825
27767312
44283194
15950265
3413217
32853670
50003235
9330406
47835293
55267124
14649661
19293354
55791067
15877099
6077970
4982348
23261793
4186686
35573322
13682364
11215393
24638558
17866491
45608877
5386596
1484340
15484126
12170264
26193417
12616741
53047127
1501172
42437707
29513137
26787031
12166424
3101990
12819724
55520746
28541938
17559669
16856174
31298997
8052331
53455307
19974897
30249027
27663042
53811294
29018377
13899485
44530130
19251961
16382151
48208364
11299945
54214536
2867384
19963138
24692245
31019035
41617603
35554142
48354896
26411146
32050919
35569292
53483666
13343668
38664571
15326554
9507338
42324481
29407713
56726917
25792264
27003603
19314263
31847170
9281164
9766415
58357335
14405379
26035629
41091229
45340979
52176808
29522291
32688350
57269148
7221716
747752
33290070
21586835
30869216
51851094
36790864
57744722
56240724
3836329
57180091
46758842
31704035
16532217
2404109
55496267
12028707
35806052
9547848
34329836
12959398
1814399
35349719
47988013
34698822
11568938
12652629
12991272
40384187
50024211
23979078
3718494
48802149
60362589
45635972
33964495
56450371
32954535
564631
9481882
51055908
58731487
1598345
55131382
22587122
45521671
45948419
38538872
22846653
7733449
17063730
43894999
46039190
23780781
35335384
21707550
50108364
41552031
7095807
36665693
19305675
42540103
18922523
14837654
3912218
12681437
33399864
4212101
60822240
20756758
7883537
14008139
54227977
35000287
9182963
44888251
22675018
38214970
21475142
57875268
40617872
11366562
8559614
24331640
34512417
11866966
32695356
31526284
40329969
25395705
35826783
4468021
56711497
6241086
42277790
60540118
30782810
30726719
57168565
4057713
45452394
51806863
4825176
9339726
12325269
31807994
23413108
25639750
15680710
28192193
6559266
16286232
55777758
14776261
9719897
21069746
32376997
25383264
56539501
35861948
47607821
29585697
41113844
57011380
54381889
11551071
3371553
26725097
3357938
23445314
17316149
36112668
39481594
33857183
46766619
4769132
16127283
13304528
37164097
17478091
51338049
52623005
6566334
52791625
43239265
2420246
25370246
14598662
38615443
45037417
55588105
8680054
54127422
29562773
53639826
27656792
26276746
58849853
27492561
28085271
2047333
44298967
50186050
34712462
17729900
51545704
46528648
16732805
40890093
45381093
10911757
16630037
9383740
22229701
27421379
28640603
24644804
59256443
37934171
48019002
51749996
26025331
15880229
44554243
21369640
12873586
164231
16275088
14046131
1277207
38739222
28174872
26569067
16723959
6267426
19080708
28739224
1147555
23904661
24260056
35997352
49522057
50048659
59666751
58424898
47088550
8790045
55549416
7506447
29992452
32138773
25279366
22739304
21090255
44390012
23178165
16911068
16970637
38375867
46711260
35548141
40098876
21907446
25571972
6068348
5119871
56016048
4479168
25990204
35222605
53135011
55254215
51937160
2960109
50876706
20959095
57665716
57721206
23410643
43067082
7253148
29132130
59812968
17644751
22262800
45502988
45642299
31039809
42262497
16360604
24803814
28059782
52114141
34871188
30395925
1589180
39969668
38877056
30267771
49659603
44125446
50174902
22461121
49061678
24218007
11239113
15632065
14598634
50468058
55118513
1337727
7692010
6869330
14309980
32842453
9306604
3240491
29281695
6235995
32286328
43170077
8016239
58503858
50524961
55741521
9602482
50245023
8393678
55591611
40932870
45282094
13147381
25956895
11222008
33429613
27702986
21611056
21353552
13260907
42776048
5492795
47867748
35689558
15646338
29153102
3560757
3070609
49877777
4195231
16303369
52706084
10728729
13114719
48901376
18363551
47347843
32934485
9312153
42035197
42444230
14975975
34060086
58641382
16337522
50450953
12076060
14442079
57758622
33944370
26233160
7086490
50686458
36798259
50212413
30659342
58198939
17449139
47607241
58011694
11550115
3188650
3804708
53205179
44690490
34050504
9051398
5312645
51330256
55176179
26058724
1886461
16722066
44449133
46565321
1895443
10775944
57055304
6292532
50672132
44097913
50274902
35797690
38110729
57522934
32763274
43892101
187245
23982636
1662203
11450598
19184937
37421774
48677818
1397393
39377844
43560249
14715220
58177535
6687407
56537726
42449592
34244753
14826623
51756802
7593630
13686524
39027426
12957391
16857631
14874441
24070797
10835581
21118029
12302240
14579301
8780638
60313511
6820260
22881312
25080430
23612781
17787544
58883930
5117569
4765786
42040310
54956455
37101108
33811556
33282654
41711103
8776403
26651123
19223712
30812988
12719851
14912506
24152985
49726595
6022050
11840025
29852169
57096281
12337391
30912343
25842654
3982939
35233080
44047480
5093767
27036501
18495212
31105371
34927233
29084728
28504679
26312367
21673800
56230006
25035153
24715144
40571004
38803415
32014885
4311206
6660003
23833257
8890456
30396572
37958039
9765770
60342635
17023439
49337240
26438065
56519264
60718788
59729172
8196579
25552268
52912010
10192881
7494097
2600692
8614865
7410927
51198287
1277214
15042269
15659002
47071738
10783872
36259798
50227025
8181628
56260751
55187045
46715219
59964687
48977551
39018213
39352144
33904570
21344176
6702065
45632506
5566296
35166520
24900775
58843699
36141784
50311317
19661628
83169
30326019
7337651
10452271
35539285
33129090
22342010
40239205
14928326
2602244
58922661
55879981
40390023
57136065
24293107
7697006
38696156
15072980
35757650
50733692
49112065
15777879
32375546
38815344
25646211
59864737
35429459
57265684
54142227
38068911
12323977
50470899
55626735
53132175
6193873
56140081
18200763
19739766
60240158
37971959
23052222
1786596
31586874
32693017
36523522
9220126
50862970
6046077
44884529
38063383
18358146
10296721
8215281
51434423
3385885
29220528
23806122
15444161
44941706
3671328
525788
38115416
44277026
60326655
53015024
47294108
13983536
41068805
14771157
15697174
6385085
8442818
26103075
22366747
60753661
48561058
43259211
30883199
48527932
34587808
29848102
45847337
24994449
39834754
27628300
6025337
2362434
20134794
33001985
24909903
38317916
1039134
45940393
57822919
3586731
11946219
50606563
59126363
34683719
24411952
50434100
2101951
8529158
56465631
58031150
47954074
33126
26755015
1035097
20764208
27676972
8096960
18219036
18969112
55555933
25577119
33863352
38292532
60740492
31962851
39809511
41334998
15536015
52077786
25299968
23383982
38102501
44278224
8692263
50665381
15882794
12052082
22994414
39498697
56432505
31276135
46918977
58192532
17161656
11021750
20628784
8707860
13381028
53481918
45945760
35347013
43760240
1900501
59323022
19405494
34510449
5815337
16035029
10235646
32058898
59945358
14691719
48277120
28395429
14723794
45754580
37224098
16459578
52558280
53419721
16323586
32198092
53980840
37563747
26537408
58480722
27986867
23602101
56957629
27805291
44045259
36863992
24354746
46313666
10751297
3370465
42358416
34596440
35013285
56383927
44621779
31549929
18051538
2522540
9254944
59104217
11279912
1887989
18219605
20360188
60278882
39599839
23744296
13583730
27660493
2935307
1523093
18265189
40396842
20093637
3450545
15815206
26112695
39067894
3955250
36994858
47280794
4058101
50814662
21546969
56416002
60182851
40378597
37870935
9326241
7366955
40884612
51759725
2449108
57543379
14699505
3938764
30022959
20808989
12060637
9395304
41462079
60353070
32898257
24581636
54820943
43306265
29943569
49957838
52627101
17980761
4263809
43817438
8482100
8715423
60091985
36628679
50856610
33011642
57826324
18406517
23001460
1424845
37060220
16593957
27520420
11974129
52718128
20627654
40186911
30631180
55420661
34964056
5532127
7675605
12721679
4863105
51519165
11962808
2937641
26893276
9498661
56388386
44565453
50777035
36782427
27080343
57725969
32450093
10010182
56401479
60269911
6407503
34744426
43169704
42799443
24976379
32627219
22086947
26046994
23306468
43182666
4988668
22242376
669022
16996441
758871
20009077
24625889
20547760
25472868
43167823
37645240
37689572
17485110
11134679
4332333
17070160
1324490
51103796
21686292
39740666
35183820
42531674
27851660
10542485
20712495
59769386
9320751
57827895
39141938
1064091
60597256
48832228
39567118
59583559
53210553
41051112
55376209
60381679
43742521
48623297
25682713
44594174
51440852
18498563
9810189
14068538
13467481
40507438
34003589
39994619
29972619
24641335
39902791
28922275
1221734
23724601
20627447
26340272
15314252
8393323
40420587
19097310
56461676
59356006
4207350
10912486
58148592
6752912
34698966
17231960
15266058
25267763
34783985
37372314
5031082
48226365
58988562
34312862
28618432
9362254
18175441
1050344
23419601
16178190
8294827
53805075
26493962
30317737
46759686
57056943
12771647
41904582
14889960
45549190
1207414
58294438
55137134
59000245
52326855
9431203
531588
56817358
38320294
47397621
39223752
31558220
37691546
49626308
34221034
27568088
46782654
1997250
10839129
48538139
50524229
38817091
7045389
30277020
17546090
22938717
42166983
46146071
40697168
35519135
8495669
21130782
5967583
45705930
58468657
13593110
50034523
13973968
35677218
6762073
27789688
50437445
58177187
10123458
20927266
50307397
34812571
16328128
12313022
32862039
41492750
38330822
39354614
2190285
48950038
50323632
43081550
24731460
37650402
19566385
29551552
23629739
41585739
10458085
13755020
44494689
38755893
43272450
4267893
46079774
27508500
17666230
47593792
25953403
54234500
4599138
37994375
20034145
35675379
52905813
11591038
57386077
50220785
49870982
19948736
42302190
12673230
41598777
56019909
32104276
56904260
37177080
9874719
57931050
32542193
31322571
40226796
10759732
33847562
4685276
59325983
1555097
42355343
42994653
48799029
34200355
47847373
3172174
26526719
39129302
20768641
22560057
55520954
7918595
37197752
57273573
4365894
59492568
45534518
18842829
22229556
59813211
22718499
39392149
35787867
39866074
15558621
53625133
12273750
50376078
23169933
34414942
13596069
8154988
13230893
2870466
25757249
26801684
487146
3966662
44448349
12850046
3445917
16330994
21636313
56628798
11739055
46363066
37263011
3804920
14207942
921020
42108957
936038
41917141
43002734
27592324
44106157
30455200
56782421
36780008
15014945
39267662
28809216
481352
47269210
20466933
21790586
43193335
48477101
18604358
46200968
9297345
25740733
22675552
36113248
19365787
7934135
32155124
54425604
40619577
31355517
19843880
59946223
34183714
15894596
12547534
49733517
25409762
33523867
35598372
7970792
32617206
52838453
8342283
57614379
22159487
32829832
3186228
15075980
57263369
10947238
23525416
34024098
6374946
14741417
22041737
43863796
46238172
799606
34581724
41513354
15255416
22032896
4642301
2533810
8568447
57947281
14135145
17438969
906661
43599919
17712122
53926441
30678966
36352451
54428151
25167120
54490077
10322603
52390564
23239270
4572292
26867612
11982361
23351150
47426859
21242130
9282072
4724817
3627803
30632441
54954666
12721605
13464449
7535021
49238666
9213091
57040620
31375226
17810460
25903834
31004566
42199672
60338291
23595458
60785988
44105547
51700170
31250807
5750311
43606565
29340522
60144755
40280754
8823844
14069078
60785654
17614327
57573245
28693765
51746199
35251605
47419645
42406553
22334971
29418015
17863440
9486244
31136786
18454273
36450789
44489157
25492721
60337298
34316356
32735289
29535181
38355236
26177218
19993898
24529170
3325810
20516678
46075677
58418714
52049518
35419447
32091889
44791742
40405253
42114120
27423259
12916634
36085243
24543113
30932340
59121230
60249168
33875456
4731242
11045165
55037105
28256413
53597432
30802117
56801121
24641684
9541283
31909679
22851407
60317221
39293494
23830710
47390774
28739842
26326824
25341389
13097807
8061382
17368483
27488619
6028877
2880146
67907
37804014
43217559
15140497
54389988
6447615
39678352
55398442
18287733
42318601
32295293
28955748
21260834
24891442
19873890
10064063
10699798
17104310
31010060
28637264
58343887
40132998
33725648
18265442
7972906
46449189
2032505
32571950
27420712
29064863
38586201
3011023
1497639
36769944
36302146
17075158
48999882
15443364
23103149
50171986
21057767
25487463
27165471
11196771
32275257
20853193
57977617
146146
19600424
8960675
55751617
40078444
32160092
48116459
34316550
54324570
19028477
33807642
54825750
42493302
45650837
1816257
27548878
45262482
48610062
38942395
54812010
59667897
55225598
58455687
41090128
9860996
11295819
24395891
32142768
32129111
1252769
6260554
5234530
40361980
37640584
25718771
23845507
56759136
29087982
508908
17582433
55458789
6240418
53009493
14944424
18471968
14046195
49446484
51290473
7025778
1800410
57196324
36661381
2608214
4403480
16694237
56641842
40006709
23143122
25882214
44978194
39814402
47543584
58439373
16516473
59805062
57470790
41420212
57260316
52552806
12352102
25412941
40514365
48608451
38963297
26337941
28021496
25104030
4889686
54934150
31204398
60032197
10036456
19967144
24889986
25236772
11634728
30759628
13112128
1412332
57262244
4622434
23297929
48578523
968583
54019875
20628359
4917983
29068109
31847375
30122054
24583652
47289644
14176424
38670568
13859267
21448255
33927347
11983245
23781103
2141306
11237254
53225824
45639685
26416028
54970359
30208257
10222396
52420998
8489694
38954404
8683721
3653851
48201667
46033777
14134212
24951766
49620985
53719543
22568070
45397731
15945629
3996696
33430377
53568170
4743221
19959635
15750765
49869654
745991
49478893
17341622
2904838
59095466
15431428
16193632
20632974
39802176
50191605
43737277
22919456
8836350
41573558
7603251
23249901
57252793
21254670
20467308
4223253
37773914
36654987
11967354
41301073
60093476
31554354
55901018
33797181
37297257
45195486
32528032
15924765
51223428
19993807
47551207
38462492
54552866
44925641
55819311
16882720
41355255
20247332
15316204
46426449
45160766
4432194
20866206
53029539
44320757
1895934
53095900
14556454
37401512
59336614
3483667
44379907
55097098
10705532
19352762
39456105
54812059
12534225
29213559
12760936
26280942
2625566
726794
37670146
3570385
35571979
19650128
13012419
54010180
28967623
43643856
52971227
20951438
37053884
60773640
47847916
25334423
11842899
29156399
11105217
4239516
53618136
25027145
33724606
16733474
6818537
10242545
60134736
4336896
44671606
30117755
6694409
59895181
25994816
36103630
8641579
60485413
51522506
30208563
1038952
26099797
24673585
53037588
33943523
11719461
6174353
36775129
32312819
7603383
36378264
46918073
49438524
36884661
36292220
41565673
35522352
20565254
26410940
30016981
15726100
45616426
4122939
31430779
51253602
44433017
45421125
57356630
59446460
43506322
23618591
26924978
52996275
31037737
46863234
15252007
40246643
16654583
396865
46234746
37088473
17577216
28709466
25956463
19445922
33810579
15154733
5505371
4839154
41634515
25894042
45135321
12446437
38613536
4093267
11980585
45826557
1914803
33738038
50605095
51350048
53420855
40901745
55827881
51631095
48292264
32938755
54851897
58489724
903262
35608893
29215622
58971295
12982500
10801730
13940550
28971424
34360219
40451330
38627447
47271691
5364119
59125667
465852
53626979
2178464
39082547
13305075
29488369
41157184
9703350
13605780
19873373
53449482
22889126
57619198
7886152
50119106
37326617
47357715
2771968
40710006
18413892
2274356
2094688
37281511
34329221
51183978
5172141
53170824
58425394
4049451
12577140
56947202
22223305
58405517
51613709
58765364
3601725
15882589
39367423
17093869
8800267
23094176
2806941
51693634
38376194
39452051
4590750
57456611
28943822
18581224
56698931
41972382
28785136
11750711
50192983
60082010
10842197
19206303
40593684
1478191
42666146
33095237
23417106
42381555
54803791
35731120
37481554
4591469
25165935
16273247
32370540
36030247
2801594
42278504
47102884
41759584
10508229
46849526
18841293
47811441
50636089
44948220
9863012
47626740
18992126
49070292
19488326
9364006
37380158
7498446
56984699
18368204
57215060
48525986
4900001
7455934
28648798
21208306
33060930
7219301
31555266
8175649
49767364
21882011
31770275
18336970
41001903
41620401
57053438
34733074
56032042
21092962
44039706
39716333
28138413
9628120
11690134
11989880
31302920
37095566
29207000
8458713
13468203
7002738
19877188
1775307
35235005
39513110
50493041
42968893
18291938
9673254
37245375
49514006
59803722
50989874
22123533
6268829
3671972
54044089
51533369
34399322
53794549
52495199
28026199
16148533
39165201
35434569
866492
22844207
41710976
40287875
6665138
11692896
32607734
41204078
12122267
53106112
21221172
40819787
23807131
47701545
28793146
47095502
27390473
53534893
4561514
47003057
15575461
30112651
249540
17121783
6373123
37646016
13329998
53431631
33365654
34404606
11807206
21418618
34262682
30018080
7680141
26301060
17654242
58425235
19982906
32142481
47382594
52443241
30110253
37551630
38394685
36098254
42533987
59311030
37959432
35288864
46753517
16537291
41823141
23443525
3791785
13781493
22363975
57849005
59708038
30030649
18225537
42629127
13738476
7961622
30447451
28178520
6318154
46351762
11042641
46463279
20115840
27914577
32132169
54852000
55857643
39923656
58978823
25328736
12557512
39505754
11549336
41393605
30829119
28041648
19163163
24866393
14913456
53173327
39623468
35162524
34375785
10263915
12181676
46399957
19727080
2179302
35219492
20694876
26235921
1211676
32414723
44187454
50980548
53048514
56713177
48612520
27366143
37556682
13779399
50087521
26760248
44347689
40314055
5962725
13128192
26829837
46082926
58674546
36881154
47443166
22980848
48815829
8620447
10002374
29264078
59872205
54866994
52091428
6363766
132080
29154742
40206210
48314278
2368027
25682370
37240108
34833121
56202236
28880047
48355324
27857078
20797522
31219497
13484218
38803413
33377260
8032295
59479760
35693698
6148938
56906332
12978474
37635363
9588243
34058993
38012651
53508438
54734914
41020299
26997557
30741416
26786715
32607452
29157783
46458520
48403748
26443673
4561410
46428771
8082525
17135826
14372860
77722
15925850
23535536
40163654
58523563
19966970
20657041
22715224
29353576
47318088
39759481
60462713
16919806
58247693
15075965
44594494
42077111
14233584
12473718
1583633
41168195
45043705
2714109
41897110
20058590
18361148
5509196
32055911
26088416
1209976
8920937
38837682
36325901
3568566
19506612
35808339
51453395
34178954
1039355
47814476
30398282
60435402
45386748
51248926
34254194
842381
50204389
40493478
51989002
28270013
16953136
17354698
43068728
2436574
54471527
48842680
10356345
4299220
41218587
48090735
43807688
5352371
19331069
517562
31038785
3411271
52852596
21722531
3780671
1443954
2427728
58072970
44264821
44544367
19128150
54600717
27776992
21934375
41623955
34634304
46041286
14516562
23723172
12309661
52920229
50172306
25707706
23105611
21331533
35866216
46843278
533738
53237200
34003411
26588580
27399866
60470601
51408642
19294803
24631315
36102747
36806974
57028433
50504105
16767375
58033775
31060375
53982689
36733090
27107392
28994745
51815237
22436334
34390866
47441956
47898231
46924386
7925103
37102334
38881408
712629
30923480
52868772
25837333
34372811
36019938
8105063
35839286
33389508
571442
46526495
46438643
20039599
59834659
37527343
23624687
21300685
3952982
43071556
3001466
22754671
12687492
4373281
53461717
5550093
57600466
10795897
8042978
7212474
24262466
4096249
35715296
57390670
16848833
35815883
16617138
2630430
25617234
7396403
5034478
41371843
47531837
8911300
14498525
38533974
51657973
59476744
36382832
60121925
48467677
59468186
30132955
7137399
7612815
60749433
58347115
7631604
47373431
3946729
50420791
27711797
48087416
17983026
58857145
32302016
10198649
27304347
15679564
45085391
20704567
56963179
44956931
27081476
36176940
15861782
20234755
52376049
11009067
37754647
29988969
41330278
9098982
48307136
9630284
18064824
13376001
11643998
18050814
37745247
34782927
50521378
47778265
33869013
7784376
31552798
16622452
44036872
24683393
37639999
18212073
54463091
20786239
29095149
24930334
44640892
22936328
43320109
40470693
30518789
46739277
60605447
49783607
51874159
53014748
16069899
14010
36470755
37701072
46453049
50806983
913914
60820615
16225467
35330174
42671118
24953017
57906067
25824798
31060303
16853760
49956925
47616370
55068961
24242434
42450226
22253812
53257539
14664444
40705247
59658796
55705119
25674312
33713707
51860149
16543993
39208828
32484574
3747385
54870771
3716047
34581515
44507354
36233109
9356063
38264108
16846320
11976327
41052307
54791487
44283934
40708413
25714491
23249756
32815149
49908508
45869395
42388566
54438744
19799326
33114548
25945089
21928582
9130319
55344880
37459188
12796608
2421670
46852140
30005870
10363417
28322939
43309065
6243246
37470402
15463348
15295414
22894834
28532394
343894
29076995
39117790
25976877
54729597
56303975
8510196
56309765
26070068
9274018
28493655
15954357
42067842
49523823
45309395
57173712
10166821
51447049
874350
10141866
18529201
47536806
4120171
8936149
45929330
9031445
14575568
47770955
14951520
54657839
7498217
53290631
53271012
43653816
17466681
59259832
30233907
60076179
27816110
28199324
46129790
57893446
31484962
45734131
39357001
11945959
13542973
24955
51001461
14177545
24105308
27676664
19691089
13172339
55200582
16241988
54919926
38841343
40272738
40584503
19470440
24684402
35823950
54851181
31503522
36314116
49527335
2034582
32030002
30762665
14797975
18479272
18536444
19539003
32191157
57415659
39868112
60205429
54843260
23324796
12570069
10932969
33316083
3449101
19092414
34442852
36809251
32419036
37454516
15588336
4760553
25459260
11264493
17593447
23407459
29468939
22367727
18764669
48076608
13550730
12226221
56098973
47128115
40044399
58594504
50909342
2572399
16543316
47635359
43910291
8092326
9120968
9924168
59713232
45563464
4756991
15071949
21220915
45742096
11995256
22407456
48007107
20135414
60719167
13309333
4642789
42232332
8816997
6538448
10061248
45346228
51105436
15588081
14302386
37472000
60134801
3273983
37585722
8450990
56598004
52069735
9219094
42481118
5167177
1884895
24342549
37938509
21160306
16897072
58574990
52699843
40611902
34697774
33576237
18486835
22575949
58944342
50254696
42394382
34356626
12556780
49127455
13633436
16293281
11028403
17969891
51683811
25599593
46355987
17315508
14116885
46902558
25417812
18138569
46152282
41564590
25529090
40203520
29300464
55208783
23877216
37207218
22125067
30205438
35471896
29072140
59105180
42671328
55781529
54106928
38806803
57103500
38099052
56503546
43533083
3512423
32453904
52451916
11482707
17537042
52737697
14061929
750275
44693222
10693092
5948762
30347739
31160307
34409917
10176858
33083716
54511779
1735322
53892928
50023871
10884181
52214224
4998252
3864525
16761642
34091488
43143258
31654029
34586629
24049641
51921168
10113328
33000475
60554219
58260779
16786767
26128088
3368836
55641514
32429096
40372786
50462459
38254494
16160204
40738139
8441536
40030789
22571520
8934754
19762316
2269231
7019656
53536195
31746765
21561267
45947614
60344860
37177230
40572862
42556914
9132779
9450562
12692550
16213708
52509744
54891943
21985254
11782605
41919664
23262667
12258215
42296195
27807933
29812957
36969415
36250231
60346783
38352086
38385902
1915098
45149735
31362467
3542001
7588581
50325519
2467650
23458365
35871559
28044450
49205913
29864364
53759072
17780818
18640608
55068455
58810752
31055891
16806199
60364391
17707082
13538347
43285258
5326779
9641315
48389788
16700942
58704330
58431685
11285963
25107048
16456709
37561154
41876949
1074351
44970217
14453960
35263201
53176066
24090808
53208992
31425094
11223756
59530618
37893680
5668329
56345868
59286362
31432422
21351465
35162745
12380303
21980645
55735471
49465838
11776986
50798103
23498592
51680894
60058589
34564810
44070100
15382358
53430938
45506602
44734764
9877764
8446765
137822
21750971
12867052
54518374
11615027
23639039
21268363
39447318
35075908
53078016
24123617
37135732
60210821
58350888
23754466
10203659
23020981
44050859
20936092
51579515
49773783
25694407
44676230
41973872
16647111
49571208
796786
37059837
1840554
6210405
13663326
6459448
10135944
50068013
51333624
51091323
6646744
29030348
15323701
16023789
53707195
44696343
13381266
50007162
35329907
58627221
7351179
32281466
55117077
13325298
6903285
7799910
27130908
13188635
59260699
40427275
47730654
12669994
41480124
13464718
56914462
24435313
15965825
37968235
664881
22303276
35767621
51462955
54246766
49550972
2642523
3700033
27450049
33677659
60739596
21132053
3510144
54865882
25378181
47317166
4278003
11798263
27462825
47543634
26297981
3834317
17030764
52349549
16595532
17044810
58338894
18946227
23770432
54502549
2200613
10041927
46980124
4300262
48820432
7790345
40184536
47888478
3800438
6317995
48251128
5873714
56593873
17032978
7831491
31663531
37937954
17574370
46340282
23628508
48596482
34788433
48078785
60825955
12094267
15732918
54114379
3836345
16745614
13728505
25606038
15983964
22061496
57273391
43039339
19015566
3989907
33866541
17720963
58766725
28647736
31218149
16125836
24930341
58018638
8340734
3406862
14309445
29817888
11551849
36389724
5854140
40777779
50429480
6711575
26341535
59827305
40385874
57153920
18845262
52507010
47256261
33784626
21129542
10527096
27256411
19378216
6063183
5218804
4586427
60724502
21801008
34039512
7785102
39607092
43709193
39362846
9938626
56843335
42047361
31614071
46800244
17226178
32519856
8685788
27165702
48111229
40982042
5962477
9897659
45900637
49461080
54812778
24611827
1751326
4463912
40121220
32875402
6178682
1501409
31386916
10183012
43033916
8413932
47345869
47752079
4949470
15399098
39164556
10043091
42904796
17177827
56198069
50900477
2492240
28543747
39286837
38213569
13165018
17341398
34008495
39372423
47709754
50348865
2574220
47799538
16368843
56703423
19572099
14079283
19307494
41056597
41760756
13365450
21548074
31946771
26671136
55746380
51417916
21986728
14685023
52844320
32769200
27654322
29697252
43202285
33462342
21945439
4205074
34632596
30471645
1743243
54881815
17993828
52063635
24794411
46311052
2289559
37395929
57439116
51242141
5942044
19508522
9813985
4777926
26641695
41368855
4684408
59144970
16657209
7301141
47870702
41230680
7650528
12275593
7751813
57080824
59669747
9557407
2461831
58674394
12477816
28603221
48171017
50606390
49774076
48238482
6955549
29971032
49537498
37930593
41428155
1164117
10950440
29285131
18177131
46420338
42795259
15466879
11274268
54350143
17734226
53678722
33478867
11409705
31529460
59034406
54618993
995352
57919592
52782223
28586990
40795040
39669146
60772536
894452
37886656
16784597
29864957
49382878
48373381
26980153
12143024
1070599
43453716
4573485
2710252
35146070
6528729
15816266
18435547
20871275
6324521
40232875
35284462
35714326
30534107
19198427
1836769
33248363
35208164
31196690
46738068
39900588
1782490
1231551
31869496
6587391
47334830
20968417
37239853
47302782
44366438
25653152
16443960
8307646
58884757
4977599
16710522
46497454
27575357
57126286
46426814
31450196
9698767
34169647
33877556
58125745
44830264
49563693
4593908
56147577
29414200
45506517
26114704
13278711
32820335
28984692
30187539
32048
37441980
11586701
30858822
54142405
27608396
11466361
52437124
30470915
56325855
38507850
18154253
56965162
4671131
30340780
15656253
12413023
50179384
45153864
53531836
6766299
20149493
38011005
30032873
34219101
30769795
15213625
43931173
32788287
52382713
36684451
30013227
1383188
44818305
37476074
1705280
15221094
34064119
32012887
12316662
17444306
33836719
5897086
41308909
53098108
41001396
31342390
37804801
43413085
25004370
33604444
37573427
4014005
25324823
32902861
51127929
58821509
23670912
25330335
2775060
8243137
52706146
10620766
17761520
47680824
3411954
30532394
2904431
16619813
59016169
24503189
36975398
59662224
25735690
9966519
33376920
58428312
24421632
4200357
23923270
39073978
26363233
4670566
31809690
27343315
27315561
25797593
13290061
33511388
51547803
52994295
51321618
5025322
7208811
48069127
44776393
47632142
32356225
57324856
58568028
17437558
16851112
27008879
44368917
46230992
3628499
29176563
52588655
46187655
56760737
19252704
25347901
17103531
56278619
6012096
14053254
54644174
53173404
21135767
43029771
46522481
45785483
3252490
39172543
20416670
33796515
5535150
7147727
33002280
40473744
31559149
51992255
31460121
41463993
15192353
54482338
18280845
51339440
51419564
38923366
39657206
23814086
19335805
3050276
19718057
13678693
53757488
11614403
6650923
54273897
39777280
25433551
25368813
48379589
33637393
31352556
794234
25901407
54512192
59933639
27097236
8178769
36799901
37817784
23183147
24692914
21146387
58281093
29765846
27605478
19587561
36606930
22179641
23740725
28216402
8103654
25111382
17567204
50760737
60140986
28905084
9481304
52636159
12099870
4828967
25819599
37680365
19784209
16887784
3577035
23133738
50119453
45835622
12106987
16671397
43825668
13010681
11624522
38693531
53998917
23509449
13930449
26474141
32159600
16712955
10649198
36266531
25810397
6745733
41279433
7504827
16805213
22735950
26816560
53343119
45884759
27015428
52186943
57490472
45691945
18581413
29110364
33448056
20093567
17179919
23130488
23215750
37935377
48955073
24763082
27524776
9433462
15301107
33908556
56733070
51742559
21987078
55827099
18305569
50780520
36627096
41528268
42385708
37691192
17884745
1156176
6477900
42163484
33605529
46463721
12243889
16571459
11930445
10317568
14961430
40084542
35015415
59292669
28494214
57605224
27545588
11699833
13540392
24398548
11921478
18989584
33436990
32046558
19200003
55700915
26478425
17019517
23643523
41229531
31213292
54644875
28390648
38937793
29919595
35117683
34533276
20009934
1610029
50769516
36142153
16508762
29673941
56333805
49830694
16794380
1308444
3147039
60618356
55390809
9045171
58798533
17873194
56659689
23651746
20264099
32057391
46088895
46646226
47922262
30922496
10359112
24725280
54112966
4404517
27993274
33507653
1847372
44707781
3184880
21095575
58731962
45601682
12879561
12268973
46683654
35099638
6757636
54941869
19903436
55601227
31309096
35146787
15692708
42685910
38402852
34457874
44975130
33250011
36287114
41280595
37649531
24038208
57572007
20605312
20640757
44125493
48406386
41591798
4059432
18423199
8216014
46462989
17001640
56703537
23594950
52581786
15196202
11996409
41716385
45596649
57992132
49463187
14827548
42074835
58550781
23236453
59010761
3694534
56440481
30332519
44548589
17044219
21481063
31530126
51122540
39888960
40066061
48066799
33375784
18436443
19505172
30436091
40951652
25259855
59590948
11598540
28949014
30439553
14844278
53093199
48852714
34000909
51752406
9674708
1147687
12099859
27635973
28678242
38069559
57479875
26935068
31102076
44845292
42432104
52304066
3055741
6513175
39713231
46645240
21023306
38324792
12328930
49768757
47436725
57150842
29151394
14837875
36695815
60510453
59766983
1340793
57261619
50936835
57736160
42878735
33309446
52953914
30996099
19826786
6967483
30718195
2586577
39638011
41789551
35918929
30674448
35334114
3573482
1388439
52399923
32094550
8971680
16018089
20617362
50682463
38538639
47564555
15910893
35355022
21332447
26913761
4444633
14382883
17627388
22865859
29966249
31566273
45986431
18361517
35323822
28169473
49768645
27507649
27047176
24539050
50429060
29286009
1017804
32318932
10500372
36381834
11477188
37212831
38319450
51976421
34771570
3183617
44315720
7080745
30910389
6949564
9286372
60502388
2500247
4144728
55803042
11604732
14326063
17816958
47516486
25899786
1122297
25229595
37918590
15844780
41604859
18110127
36869250
25475970
20841744
34127542
16145997
38424380
2441261
53219446
25744314
45774438
33113229
37366156
58634373
49331615
22532929
23225257
22782958
51735516
7902278
37986084
24928247
6509890
16694661
22286891
48821197
3361130
1708349
19808462
39815531
34212501
15351996
2741708
27413586
500977
31686281
23766551
12680066
35590437
20106217
49218158
47980065
1865227
14833227
53492729
26548656
31637414
15322979
2880487
44890882
19476001
21291423
2641356
18528693
31417144
38662155
29012735
24385600
46419461
22540079
55157436
24882528
14851019
49979041
3647035
48660911
56935845
3660334
24301909
5693984
36324603
52468544
12570949
36156571
1279426
38169750
41751782
4830144
13930591
42429064
42249526
947307
7957892
42902815
7599571
7031544
10326306
6472655
48151778
21536933
7689060
5178395
21235493
45113721
53883197
60826702
24359002
8485472
46259344
50756978
11206648
18251645
8432730
35241199
55244790
57289282
24239159
60162719
41504232
12983283
52554785
60186712
11431349
926348
50660121
1126916
19719767
49629374
16867208
42973383
18385053
41498953
30218812
39332405
38838332
45397724
32650970
34442025
15362437
46091312
60407861
36805450
23846856
11983449
29085653
55922072
33868663
11255876
25691547
42157520
19635547
8872048
27610204
28388046
42046582
1030747
45099709
55669998
49327933
54291869
12754571
39892649
2660621
2904700
24765047
4396307
30035287
47399659
34874165
57480601
40328069
5668024
7719797
28764785
57038399
17829777
48314138
52551144
9703941
34903111
14547316
52087502
27665467
44663069
44128338
4460197
30626428
8891453
42915427
9435284
51631248
27933483
33211215
16347927
33709414
38205389
30362143
51478300
25155202
47289754
49760804
11563284
9469625
7973633
41290648
4487255
26209448
31494639
38003827
18456440
7237644
48807861
7959164
41288882
14036641
53320498
40468384
21191144
36183819
14981943
37064070
53366934
12307682
13089438
46825785
43071114
13050187
1156002
1717496
31675531
55903741
59870784
31112637
4982370
42604185
27879621
27323429
7753008
42340608
7279579
10497275
44872376
34771219
33562280
820498
10929110
35220292
25486441
2210687
43656886
20757874
42058244
6541149
30076569
39251
2913395
41353618
60298270
6092261
20770326
562893
50921371
17266598
21316629
38498942
52934790
3622626
38127462
58095734
58308233
33348361
55858609
44051878
41925722
16425601
54257671
26802036
52403407
22812180
20992443
55199350
51521306
42018993
21711367
49562952
18664595
57661134
38666904
16978988
34094504
3503728
40086265
12422429
43255422
35777615
371479
55679057
6154394
22862714
20320738
14256355
52262640
39433007
7877820
33207298
42945808
31445491
5809593
15287670
32130875
57897064
33487983
20041967
23354397
42973846
28979660
19769220
23566630
35163176
37732724
21672074
39171919
22392263
12050950
48416366
29623221
56432379
35358319
52738040
31440075
59811344
24462148
37138954
57327200
37272330
45481318
45741751
17398229
8752529
42639688
30172521
34542667
51354137
9145919
21668790
19407216
54656485
120109
1894556
56831258
15340461
27704737
51595554
53609043
34542185
31141660
37725181
24992303
54470588
46359505
12384734
2484144
48029819
52497637
29669061
37957714
36728789
3102063
5309321
35049863
52125551
21026601
30957489
50030534
15329435
39632294
17512660
58665228
45619649
53113432
5235704
22571419
11246165
38537506
33967474
9549881
37511073
9449289
30691182
51986444
59169687
20727098
33655084
28155718
15768848
26566998
32648393
19762538
11816513
45122720
4092374
20178630
23780779
9408808
32517874
17504208
54852646
43322841
10673136
23048230
59950880
45621811
6687557
1696284
19110046
24518185
57782313
46364630
29203215
9964084
18331360
31013969
23041863
25171699
56347326
14089922
32834098
5609285
15670164
52477884
21341941
12767179
5744368
24360183
15396162
50035034
24914685
49888029
44211962
43974938
16360672
58254596
26511765
252985
22837585
33585417
13398583
47818228
28033270
59029247
5005834
11243274
35506644
8951940
53177602
7981652
59259759
41196215
45107345
20986598
46733515
15065371
58211017
16549335
60285499
44431747
23906684
59863361
33527357
46797367
17463173
34191300
35417011
11009960
47694403
53942970
5552147
33292950
56006
34873609
23522602
56893895
18905673
45608605
28615795
30065000
23714308
56356773
55302700
48125587
23615582
48267793
15619873
13779270
10726264
18505751
28988003
37949318
60483800
17419669
29463969
6453213
47336898
60397654
23541426
32485066
53886964
49602152
9770347
22085725
15967936
56837611
46361712
6924286
21894296
33099023
35602300
54512335
32741191
25118520
32505714
27919924
37541529
15197735
2874880
33616947
18861951
11568333
26568961
54030587
30922772
29906316
995400
14851832
24594303
52862887
40798331
49884852
51717829
31856350
54647626
9043650
34943315
13262689
32161986
28221962
18441444
28567393
40090234
22904880
48416992
17307979
25045044
3924582
57175784
52146548
25131598
43754978
59569175
57502646
10278799
16070939
23395626
27056126
52977115
35549451
19228671
8941981
13320839
42674179
57753036
41384937
37721664
24804966
55661246
21678206
48971728
13620177
40990401
40865868
58699837
44492410
20972195
33738497
57716597
31504419
10660985
28468953
33476178
43498236
52190633
1306286
23933825
48686175
25911068
1278745
40312225
37394492
30112559
32775903
4952515
51031683
46563692
34127071
36673238
60124681
41527806
26189473
15760341
57337992
37977286
43044953
4859426
50307777
23077511
29247644
58868242
46086363
55201933
50253505
19564410
21588071
54318831
40738693
8373950
49356577
50089800
25619935
32441977
39920877
47052212
49749058
14358444
4522623
53439266
28567378
1607952
45029815
6295800
51639002
9722178
48509510
19967441
54535395
52279536
55914762
52969325
26698349
26521953
51697475
14018287
57749331
13214121
4962254
8732506
837627
16914599
10168922
39407724
776532
43646046
60613201
57149793
3874679
2914671
26493064
40355191
28892563
53391250
18626291
31671561
16026783
57069975
24892680
19649683
43664799
47476422
1271849
30763675
29612622
38483354
9056032
6260437
30460106
6131268
16647196
22269904
16138067
45446490
57718137
22550353
39771367
57698530
48740342
42443101
52945722
33941815
21728900
58061003
55448079
40479930
6778880
14460713
31488788
56339872
18377834
12901124
17863799
41712109
39791256
41435798
26106861
2924764
50453242
8190202
50833202
32040707
43475381
11671326
5675123
19607
34650012
15411878
4752808
32882140
20714201
12968331
39333736
60172584
8525735
59070979
8991141
11279009
56922880
18587664
38476073
55589339
52033482
37268002
15605248
36866491
51822557
36000271
31015176
36496148
43638435
57245488
44449196
43455774
37861315
8346858
13350412
19851485
55537678
9868089
54388404
39465230
22526209
59186371
51181443
58086727
2148099
8487090
51726550
19417154
27394183
1208070
39984091
33250603
3529058
58528590
5851315
33410022
10445449
52693302
52886952
182661
19384173
36102338
48188975
18009829
31732793
3482322
44386695
16072448
5425493
56042034
6367400
25279483
14281883
42694353
24443790
43570946
41932907
50518479
58356677
54983581
15762625
60379114
27399288
30959037
5326753
32081627
41363070
10262787
33309128
34868227
12833687
1374344
22453158
1950264
52546748
15660345
16140442
6428273
9705047
40986010
41760151
24513048
18919306
31550938
761445
34765311
3297882
5032939
34755854
58817563
27584292
2887200
12295973
13401274
50435968
55903967
16856111
24578456
58269101
31934784
12415069
28967036
27751209
6792812
46649823
46118475
5955298
35994433
25508123
3275612
22066704
10209213
41835216
44993996
46336668
13812119
18093070
23403933
38288648
49952267
3765202
32266631
13291233
35315620
14628776
25857511
58474867
45761328
30247000
29302065
4183575
23705869
400826
42472735
837514
28739003
38693964
20763299
13927729
15298910
22280397
55996322
42796158
28023097
44984539
41016348
54447085
47064417
19638730
6022017
36661033
47373196
35721468
48273723
37680754
29707449
13694124
29172802
59661366
6541131
46984852
22550840
22868355
32501824
21862384
40914216
14811274
41478667
16566515
36855021
33342753
12340913
11011783
19863423
34416013
16003735
21377618
5668680
10403383
51189148
49224163
6470923
9692442
6014019
34579599
26591565
48969697
25236606
43027951
37110525
1756389
32566641
18772069
37751
35774163
59307331
42431314
56879867
8135914
4225602
25843238
13479330
38764901
13091661
16569418
46830946
23683964
31028471
17284518
3932460
59580318
43210144
32731325
1184490
35967936
27426606
44403615
29942784
41563830
28544923
18338456
1718637
57632479
38388352
18446438
57817910
51171417
56289325
31036629
55496585
26300702
30835190
14993525
52773956
7491309
46380948
47630041
19751504
50371766
52997988
32041135
58395828
7242208
23388332
35704489
24108764
3946389
15858692
11604328
39845192
31752445
58873717
1355812
17898182
5300548
41080726
26781281
56514833
29988623
18285052
58586673
52450360
41427493
29452578
23227528
48579806
14092794
55472054
48550370
52815939
45755780
26736416
40774951
1217056
37525556
19845797
30588049
43024810
44946248
31654225
38489380
31937876
10816781
21115087
51956902
9625716
29175716
26579842
16011773
38378264
37697559
29134095
29222832
53687688
33443396
28595475
29436
22116856
9716274
39897567
30124601
1782335
7294472
20929154
49552621
55340747
53823163
59773825
4535430
31091985
38921057
35457906
40820975
1191064
10022984
25377060
54453944
51637452
49722283
4961291
27239045
2093484
56530699
627357
53658252
29410153
36962814
39055483
52832256
26017551
50686707
9195447
31153328
12793726
46029604
50618797
8048928
22731178
38936381
29917525
51111011
37729992
43518535
15443915
25660734
19225532
36494777
49492653
24398407
4872411
9270592
26611688
9275232
45204159
42588157
32686382
37417898
10945262
6452388
880421
55704224
37892981
24005843
59458144
4744798
23298426
29766029
38971404
50543781
1206388
4482603
35667096
12069258
24293002
57872751
37008081
55667126
49705979
58305674
15870331
56437180
42990047
2107144
55512464
7786260
31642894
44317607
54621090
16081039
29399408
37714578
14329693
51231796
18791030
47775728
26613395
51678258
28559641
34488800
14876685
49977131
59113215
56717958
53984791
29465877
8166772
57626021
57880408
54108800
15315626
13763187
19008329
35203787
31304251
29278470
32088784
15561855
33001811
16906512
19834959
39007613
37007161
45477579
24618401
27952773
19216087
10208207
36801573
39422511
54299199
37082341
14075953
47730951
48551186
14442382
32425470
14897973
42310395
1360833
53184084
59035453
43298937
50569860
3115003
15742395
14360271
15182272
13810509
54834199
58822965
35197381
32472825
9054388
26261492
32493806
9234813
58717190
34832622
60559233
25346558
6568248
49371156
17717183
15305481
51736825
32971988
49148250
40637503
44114942
18901897
2614224
55920450
45640154
54293201
6016344
20015499
20366073
17199308
57536742
40444986
7012189
27019502
60819020
60659576
46467916
15744797
9515581
33370632
28264373
29271690
25712987
9346380
15717943
45585196
26997232
11099322
49697047
48329966
38023279
6278105
52185356
27244636
7147718
43708268
33927128
49657037
23318757
58844701
10187119
48600853
40465967
25276227
59475200
2317834
8387607
13097284
5564037
59167505
25741257
18917993
13553746
40967792
43189149
4618621
56728150
57590880
51999656
662554
56984610
28862256
59970387
26560701
54157509
36414295
20389511
54006041
39469918
53641518
36462346
2994505
7209266
38148133
34972233
46377916
14837410
10060103
48196027
47486045
45613758
45613466
54652457
27018738
45079643
46438270
13458966
13309208
606269
41221013
19615780
48507522
35544747
23556092
24254803
151468
15027990
27587994
17543694
36475413
3675863
59154214
46945886
21671351
41394335
24912130
59021889
46274979
43369958
20666174
53673588
36678633
533822
26297800
13559772
49854048
45832001
51161566
11777040
31022361
5676266
56899689
42336332
35393279
26611714
14750422
43447775
39392578
23912130
37313094
50369528
88125
17759879
40117369
23489463
13202969
42382172
56439328
53441392
24774938
20132352
45459401
23118861
29603388
41305800
41321819
56160621
32893253
45485300
33800965
49526029
31122988
30287975
45669523
52785505
48059137
51678292
24218294
7106663
23824005
37636828
28335772
55522276
4556910
15818809
27890136
38685191
35690847
54390589
26065603
1656076
51368965
4153601
60720656
52366381
26496160
56676520
22359656
44207224
14362312
3512990
21940119
39177484
43068839
54831232
46650824
59036086
45937900
4665079
39610892
47225343
33079918
30600575
27632140
44795333
59051576
52423161
12619587
34034771
3021624
21912002
1775421
17086197
56581055
4044136
30006725
372548
60397820
36930279
22267105
36024829
39367765
27948888
10610273
44872753
26976945
60069358
37508807
59552557
50508775
27093930
37676816
49124586
50472613
36048980
32175745
25016805
49401537
8791198
32259349
4019040
44254560
15814898
47919473
56208507
22569929
11160059
38945444
24372991
58402515
55158218
43498169
55335012
19055556
11380916
25447559
28264388
27644196
10414877
39959354
1384189
55544930
1627836
16948840
25455808
47487444
41468160
10841068
2626109
25376639
34528064
35023181
48886054
54084970
36759414
35346676
59036939
13597545
44627226
59798435
3067502
54186275
32117253
47971066
8874780
1820333
15032682
49145035
26260007
15709947
56415130
45275349
48172735
14980393
54404294
32698353
2104947
16091521
37153005
46526542
55414198
41283095
59103768
31622991
55888031
23161869
51559450
17322117
28613655
8524564
45764795
34020050
45311495
30296920
32938383
20569746
36400327
17406348
53569906
59908271
46460826
41434737
51711056
15474382
30959059
56396386
56385348
34502019
39600936
56709911
48262775
23791207
3478676
35941899
58987155
38565914
12631826
43034886
50480936
12677218
24053070
15467874
1081667
24741749
54736594
33615648
27839841
55415669
31785522
30218782
8197215
30986444
28559290
13398282
38012647
57297041
34879063
60515438
47079245
15809729
10474847
30404489
25644053
25752763
41393685
34035881
6168591
18038221
18981816
35013061
11595551
60151322
21571281
28306019
14985521
17404538
19913739
15704672
4462066
799078
1659491
55638934
11057410
50185863
57442833
38337210
10217796
19069333
7284203
34758369
51005677
2805697
49850804
9691784
19584171
23355464
15054065
31995531
6442670
19670495
31525393
1373144
2409413
22250356
26475893
60120850
12942472
19114661
32128793
9663133
7825281
12313629
16279713
33560200
39968066
56457113
49136620
54383041
28903657
4478506
45747565
41313893
44061526
44578953
12721332
5672253
34996406
56223570
18553750
23153139
17261082
9275037
35737252
21212177
9307884
25444845
27992056
3279339
11289380
19815164
11467032
53188694
51269177
38746214
45263581
3668638
27553456
1901726
8635476
48429765
39340593
19252225
46676173
56472886
9582547
17337763
5202116
29926880
57046101
9278713
48255888
14132518
18050766
10292406
11303733
6028545
14155465
8176892
9895919
37024299
47469601
51644432
7925113
4844151
11192758
605466
55873163
39963692
23401134
50223252
19837204
951320
27753291
29338410
51270770
58579280
39215276
56763404
42510993
157194
9311559
56047094
20912398
12022221
14220554
3126841
14216238
56054780
39630905
19091488
29099186
42625450
40451673
25403260
27894602
50152680
38044333
5649911
20126487
22449813
40553574
51338795
10520551
30014011
8206747
12590979
34151900
57141694
4695456
4547512
58168410
58129339
41826540
17785557
58645984
37089388
24335936
13208363
26955594
15089068
39479816
21779539
32814461
8382606
48198927
22244691
30026193
33678133
25936338
47711306
30012875
28623175
375659
16013185
13945724
29988667
7895522
47688001
17056897
7406118
23560972
40382853
17566968
22820765
11533233
2681233
10133794
27330481
34568548
5176055
43114608
31097210
52504225
10569770
57280027
32604407
57148354
398499
3665258
15396775
47335647
13999689
32761064
31226993
8117663
45181337
31015383
18573017
24127028
37514044
7922763
740207
28849620
14885735
12686971
2286365
47036299
23041352
45055873
3471338
31595443
32544838
52740797
19899818
32345030
14125139
28939149
59835191
13902853
50505569
719324
34192266
23965639
5663339
18295223
7628259
21054309
54341339
10650253
41470434
26748037
11120641
48893236
26563254
46773050
7729232
36154106
43564961
52285909
12511035
29654155
11695625
18283421
56699270
9044281
33349839
222286
39273581
16359479
58634201
44623543
13139598
15897043
34420993
45449031
24793885
57818006
58507488
45676915
17613225
53417199
184783
43271205
59247617
8492761
3208089
16283324
23643071
31994419
58673897
55067614
33794885
20734957
3017195
56476984
30610701
16990360
20511699
12733651
21303494
42737158
28286162
28530567
51943159
37442988
5025156
58040584
58288394
5090289
45492132
53265633
12253195
9775634
40063116
42964293
45689691
50137284
36533041
47499070
59039534
37938940
9294031
56241515
50964256
46866835
35965285
17877050
13770479
56698155
2531101
10856539
51634000
51683175
23505411
11986188
58078207
60774867
30632065
5022761
10920707
53800110
13202517
30128903
24925944
8009445
6431252
16274234
9181362
59434102
38205039
2798019
5058296
41350810
38359842
51170819
33096356
40107131
33429562
20997553
23147768
11687927
48191129
57731425
11688581
23570545
60277737
53055446
7097772
37671955
9903857
41631805
28874166
23276684
41781264
26735323
16911696
7837151
56992809
6383343
11619417
57694230
43361791
14727478
8254454
59092712
17741257
12098803
35042976
21741635
51730038
26256344
18082959
24620584
15537301
37556748
34556386
22605781
43151589
26305967
8797789
47467173
17934154
20222456
24448601
52027726
30582515
10528353
57057734
60138580
23861553
57731940
49439776
45109080
57826222
56995652
24049735
14083235
39292379
8786632
21742289
27109454
28802656
41366211
8147811
53771520
55245160
26334031
31891605
13768029
8371813
49415333
41102185
44830042
7723554
13920248
55809992
49367549
47506801
60165795
10698804
57676087
17989330
53284125
21059344
986599
35786886
33346716
10424559
30266538
40823977
41216078
18961643
53954749
4204664
60737393
39963528
59560744
17962218
43316273
51589458
42465384
59775392
27181936
7103663
19196006
45337061
13727810
38668745
7914327
60260078
18254680
36616742
17002731
35580852
5796241
51402041
5520348
53362739
48132094
11304895
4952841
37011414
37147863
13991221
23567534
42775175
14730868
7971286
54420448
44380882
24407521
53445334
40579385
60768489
11459466
41367262
37422734
14307733
38497678
50221198
43257347
43513829
30820501
26440690
48144117
31357116
21353560
55055454
48409898
11120680
53080645
51801620
31527492
12456301
17343966
15596248
6438340
31189987
44403765
19058726
21885109
42562646
60069481
17295736
23345754
57991734
20953197
48041537
31890387
55823850
37484310
34900269
56209713
17546998
23170743
11172276
43787218
10232879
1974808
57448279
58516802
58707957
52541267
15931244
24101574
4237592
32032484
48219614
27388490
19924732
37912859
4589373
19216892
2077747
57182539
54227831
26101347
25969348
28640839
15073730
60454138
38020925
11729526
2281049
34599780
12937864
9197467
47178940
30639691
22190465
22990625
42585558
52689995
5547286
1982373
36721961
55772716
30191365
10306755
22799117
707840
53918724
26330448
43912674
36816401
49296804
25586992
29111229
26355211
8703527
3344204
15416701
3421145
16875275
11167194
5504453
43138173
47847003
24188315
6137746
48424084
35526951
58686798
15968034
10614571
32631009
26415205
32973599
29483525
35311645
14552282
35718779
17102323
37873645
18325682
25788785
22941592
16883465
25767025
29022123
23365995
4552542
4249506
58756693
34577102
24160192
42156138
55084040
17506532
6744977
8290949
32456049
24912380
26055789
7636442
56564586
21231097
51943561
36504930
11848358
36292935
37518638
17393097
9397151
33015665
19525830
21760
12003082
11601083
21214482
24772617
25449303
48899054
59012928
34684167
40333063
6653660
53494774
4036702
3134095
42672598
43075161
42903220
47271407
22908305
16532881
20059656
9382738
33734239
17069905
12538874
44979397
22586585
15950879
9375391
39096196
7924747
57730891
48070466
46991781
51239042
44683303
8848748
8565990
52359267
42029394
54379974
21603178
28905789
21801542
21070876
13484803
38250469
26370339
27211751
31609179
882255
21073364
14927477
6838455
55323320
57427996
35604006
1574002
8026132
30568113
51865731
21772967
6491849
21470776
56226645
42673052
53164036
45742968
15026017
30756089
31207217
50662045
18615915
15420986
1634685
12784150
47113053
6641290
25488084
6138386
16681702
12127412
26590045
18339482
32074450
10992930
6645476
23119505
10548271
47093165
24076264
48478568
44469936
42742411
29146740
28567290
45730647
40491560
14535751
43287586
30223787
15786231
6270971
5831765
47231546
55833396
48136067
40974667
8043200
31444284
40388342
59182221
58976576
33680727
29777619
27038558
18528272
20392311
59883242
40993317
20706842
60257467
19331828
33986259
15095376
49495181
14031539
2443061
28351385
16833132
37016615
24392022
47478299
29361189
36619312
6256879
47790196
16691782
18669937
9700980
51391322
24791228
47488215
50021631
33236068
27468920
27995317
38374956
60525470
17709387
21661489
4804196
2405703
30676647
19954720
12652315
39227409
15282019
26266447
3959363
30194834
25739039
48612711
41221419
42410994
19927529
5670555
38089216
44224074
54718710
41136378
19453304
9638772
38102908
22026314
55701113
27783451
28369542
34797080
12964885
15303684
51824842
2933089
7837000
9532851
4672700
47225869
53351659
45927186
18611021
16186652
49813416
1411658
46768795
53634477
4321778
54627069
11791845
57792838
42854382
2323550
21117083
58266991
32861273
10319456
11740384
20904033
14818566
13065858
1055850
10031796
25550297
60375604
59100390
21451132
35104806
37669128
46698461
37165006
56953771
35282976
48341471
14262551
57929881
10225338
59926245
25452553
11772687
27551908
54759368
45427392
30302278
10797627
3770219
11957239
56340891
59514527
37931796
4786770
48355562
19603860
29855020
4099165
25270797
39514874
53676284
16023413
41555358
29499098
49663536
60774832
38193096
56199746
33259920
50560940
59292652
32374336
31533186
45268909
58089631
43961741
59740786
36428651
15296736
5095692
34865444
51554121
29242578
36411548
53855364
1500009
55173064
8423758
11262881
27330997
16043129
42260799
27199878
41620527
52146003
54303791
45598525
5715768
14990706
885584
19027754
14023743
35124706
5655058
3611736
39744593
28665004
54645093
1563207
24582616
54776728
16537509
15782370
27742569
60162098
2675217
51077128
27842066
53220630
47925696
18214732
35262603
8198408
33736088
56862003
46430235
57396697
1956553
4771627
966963
26600879
13372695
28495620
13463726
37830055
9806643
38181386
22166001
17951978
45865699
26883858
27034158
35299024
31190766
55589055
50403645
10294588
21235045
9627334
36041640
39727288
45318645
39240601
22608174
55263004
12149062
41658607
56429734
36195675
52238933
33311343
13137153
54466254
36772590
54205954
33747666
52694666
53155688
13365756
9001433
28650287
13776705
50368717
2978992
20896178
34354010
40776311
53176561
42347758
43232302
57641040
17119113
50895642
45175152
59873181
16916883
54877001
50259675
23118391
41142135
15856291
14622366
37854813
38802201
2161537
1050266
38465523
936845
42589013
17672663
37556329
43754908
53720528
16014707
41126295
46643230
52846253
58384009
56375522
43312257
53176661
30549501
36169546
52062372
51138152
9613505
54638493
31818479
52486997
26579637
3287322
55977704
12460829
36804547
336677
19308305
37384866
38876473
24220516
16917718
24792136
21541622
2628612
7077298
24008455
43582287
51107709
27617608
23290961
43909633
25226324
1114289
40251350
44639654
58263880
37403286
36050122
46142468
28531157
57349293
14118808
45406389
55641027
11236137
17503293
40383818
55927789
38550761
14084337
20762507
14289106
35798451
15616779
37969939
16809589
14474460
20291326
25281689
20474897
22176671
3658283
59510284
21774023
2848064
8589531
12121411
26955742
39540830
50107273
1208381
1708266
20966283
45986708
15257208
16148349
39792533
44383094
53248895
42345268
57209500
23229341
37159167
18988861
1142319
35762226
9611513
12083175
16198267
21623406
39888227
18486261
18893831
50920752
9652612
36732323
47972315
40937752
43830974
37832563
29140990
16061673
4534671
4817934
6194175
31714115
41823068
15530878
5257207
48103167
5186100
38220638
22087021
19480554
9377348
7142757
19563959
48828108
33034949
58552007
20813187
49807476
8833649
43001509
21032050
47638474
10984962
10139752
11796762
27769300
51381505
42406668
27951111
33660557
41918480
8746909
44540520
11803514
10344778
27876570
26016145
3789159
28843290
14944264
60756596
39472853
34947809
39935565
46098534
44067474
6961970
56735292
46859039
40118789
50100159
28975911
35841712
44055663
19598247
48313707
17901802
35804561
488188
37287815
49960037
48198579
59242132
16663950
46627369
24639231
59873280
11071881
3872564
7454050
58920069
38904643
11457932
51720336
32973595
7446854
15292048
45766795
24718746
35966741
4277077
6044496
9377663
5611617
26153861
44633687
47825519
59537601
46684525
31213222
56969296
51379700
1571210
34602901
17630671
35555488
38850280
9662842
31075425
43891535
14079730
7199733
5931048
4011078
54511901
5290412
43568109
40165308
41489718
18674249
44672690
16749072
40730636
25583977
18626099
45539874
16032775
34695910
2568304
13388438
29642012
22366395
33749029
44939335
56592622
26051441
4480063
13042358
56423113
41959305
37960486
10068652
13527833
18724249
39366582
32430206
42724308
42977473
13576230
24740646
38783614
19088713
16206586
56030763
27634815
44770190
42971569
2644337
5053897
59125523
40479410
2786290
44697387
7697587
40459272
793876
48551942
41444372
35921872
46354460
46515084
37319850
49625684
60021241
36839942
57229110
18853975
17983662
4193859
12571130
26617672
836463
52293898
32276397
31142807
43074091
39716292
1929659
23004928
20351220
14428135
32781822
23167018
43903511
38069259
17098513
25712004
2197482
13012900
16685635
14812389
47333844
479908
10480186
41167266
36939893
53035251
24366458
9449602
21441008
21117233
55181276
30533657
27303420
53400106
29213147
20069163
37448685
48341525
8306718
15267815
49448238
12796176
24152118
18191507
53955390
22169226
27109982
5468705
26519057
34289339
4332203
6166578
42463629
18284936
34884421
45573903
49677856
3249225
15108327
51747352
11897426
19864783
19404123
7234256
34035034
41711623
29846058
40264483
16976900
13594155
51955698
49340344
19680787
20066505
9165137
48486684
56490169
10904256
1136502
38436092
52665711
4130880
50205771
14973339
29447081
31635196
30465576
58770505
52191800
13327157
50426842
4663169
46669750
38532500
56311812
11854164
42818336
34335516
49148786
28476557
54753368
49972806
58258819
50117717
24416336
59100882
47350182
36137690
19078546
57845623
49070322
55775985
53607413
18570575
45347764
31516577
40283397
17138418
26427276
4772242
27497408
11894341
9191358
52899199
13797777
40059909
23545379
14341779
40422148
17259593
49141351
4635651
43640082
59997938
2767535
49118647
58105949
7588171
47907368
24142562
22321823
48583360
10428221
22090836
39127179
46292958
23172914
53594767
50481011
32616547
56420885
53521823
58936565
48055062
47437433
60295998
60477762
24369399
26040429
35786497
34459511
7227026
19951729
55361436
19975601
13262976
19294892
33963387
46106349
60164009
13714341
18314600
27539794
43058876
17001535
46372412
56651948
51396367
15257495
15042800
34519983
8365823
6084390
16724180
48417301
23068034
34255569
24691265
50749888
36897015
33918380
58021689
5335038
24772366
36066544
46852215
27996628
19970884
20249046
27791748
50707827
31495465
19396678
60090996
4490541
26445168
49198530
41609148
16876384
6891672
8958410
35879416
38872135
43856357
43308611
23726036
51241759
15442167
8856497
53568200
31561977
9146014
40038758
19322824
57615738
34179273
26603168
18288493
48186670
6837194
26478683
8700444
45088537
53791511
10892465
23721394
9568784
42306858
50734351
59920582
46943150
25942053
53410805
15146099
10698211
27866444
32953152
58513560
44720190
60550484
31613054
30322766
30453890
5859485
10803268
57410858
46832603
37849587
52649811
57569839
22588657
33527173
58647980
21367143
1466339
29425608
51910657
28571815
13447321
24792297
6509777
31797051
33327455
43627974
276560
13024651
1229867
33242669
44984119
32481037
48180207
25753569
19519498
33883032
37950496
33793682
4761047
7346377
33344543
37206251
59761860
19305127
32060834
29222372
30296487
51818137
34061900
45201972
22062038
60573883
9548455
41805417
49604104
20302804
42398107
27873892
46964146
29588831
3146075
19230550
12961539
14297174
5886686
3809429
47205598
30604118
18532752
28394797
8424518
14039416
5145417
48623101
49848640
59166310
13244085
3178128
29756099
34328017
35653517
41096622
10969779
50085652
60247311
39813825
34178658
30892889
24727817
45817209
16627292
49688901
13343864
9152110
46015190
54206181
3360290
18810800
22179600
4493336
41332993
38725031
43114389
24902720
35379016
46670512
29410211
39756068
28364611
49499477
41441851
3651478
59772925
50079567
33990606
47438035
15086008
6445062
14265597
53962529
32473345
7475182
3673711
38061296
23875433
45288003
32026581
59706955
38317808
44294569
22218947
34513886
3346015
14527490
56332510
13706560
18305901
40750735
16397830
42796746
7810165
52202285
30500873
12334890
34993559
45629157
33172438
40047093
34811717
6790415
50288818
12495662
1683362
37309322
6034715
25008479
6970195
48572013
55571620
21887535
40948554
25775070
39021377
7723068
57061590
15581775
15392343
36349156
51024183
25035546
30379486
13558887
17208726
2955328
40002453
13030079
10817440
44465636
50598275
40399668
23190666
31063109
6460947
37514884
30339127
18302703
48360472
3166273
7623459
29796550
43706159
51309099
29553481
41523215
53170725
38796047
43481206
8440410
24053283
55548908
7826820
27424157
34396435
22262260
10221501
13620430
41355417
49341385
39358583
37618779
33938721
46515783
723982
48998245
7238024
45256467
10679244
36647535
20300115
35237974
243068
20266557
58978374
8841047
16125622
1973927
14742764
6015910
18697203
57469126
21152473
3648173
35286269
20776004
41746843
21720117
53185461
3736638
33486277
53682801
36894796
3024089
57361371
34391129
38319001
31430490
24956352
54364884
36404467
33558
37099600
52242022
22224548
14248059
54938284
10109711
1360336
18113638
45703438
33132643
40266470
18460082
22741330
13566152
46514157
38010205
6317453
60342661
45765456
30462187
14405042
2503667
25545089
25930881
9434777
44794118
13109636
24922794
17265283
2246058
56732624
40935154
58143738
12114836
30971336
36824646
43329887
29067694
56770782
45326969
28474926
26700318
32785926
45571126
25332312
47011496
10328362
36695266
3181231
43261789
23000711
6557774
53908890
41590972
30904858
2595596
45612447
10863578
47113784
55253743
4942320
44617787
28047431
21319092
47708563
1903642
58977478
58842919
18676381
30070463
12541043
43743800
19451619
46614430
35242764
6720658
1073877
27906574
31778168
14707070
7436511
42249739
36492916
8556906
14062138
20041280
16321813
51198705
24004870
2495996
45289925
44463229
14992837
44227402
41265228
49705644
44067262
28907014
3545488
53856194
28702457
26766613
8501036
12730961
45540553
25419803
53866104
4450420
38553675
50368430
39054154
59719606
46271214
34535249
53075093
23703434
56876411
31909430
23992392
40381642
48343160
1062523
21281613
44210807
160140
12358214
3403768
8294680
204557
37618876
45355158
15971496
60149674
1164845
37788471
59173745
4949741
3497674
44319880
39674070
4097215
4518905
6644513
22567780
56582452
39249276
17794654
16494768
44406271
22929869
37183642
22215966
18985996
8923399
40807039
9949072
12153656
44708506
23779523
2316674
56392815
44190313
57106639
975929
57055105
34290797
14853865
44199285
17484071
57884587
33029557
60453049
26860067
46318850
4773126
40087683
12926618
12948398
58234740
22190305
22027485
28260242
42248928
9036924
14853356
14182146
47009550
27920595
49155691
58512824
24133649
55416886
47975208
22815842
4205676
30939433
34890338
17809279
11169728
17871023
49108133
4794319
55679923
47612385
51475845
9908340
42692944
51576314
