#N=9400
81944872
6660004
80298330
349461
6046250
5370764
17208777
7507152
2320093
16153629
56985198
13165349
72204534
3899211
80738301
77799855
44147696
65484102
64260241
30750491
22048603
23923374
80567570
5386326
24846924
28996883
68868849
50518945
15372637
33981436
16804851
20079034
27457378
13411189
71500685
86899099
3050671
27898771
65725578
15998368
32309096
53085987
47630673
21248303
74955140
15254199
40383238
13397205
70279123
40336867
38542922
16662276
25920073
78414311
51721102
62687980
13624245
61731036
60557718
22137227
6524058
30237286
36938349
28918280
10360518
70445538
21173520
13895927
22433299
39483215
83571320
11060793
4974471
32376474
7708688
61557934
60178701
46371
63214284
80460470
14416793
75332236
80144799
78435718
3273688
78350067
28973886
79847019
55206978
30320432
12042502
4449402
19876768
81696436
7744759
23308215
48012238
8533929
45528232
11372506
34508744
51194846
30195728
31776537
87401398
7662317
86703651
6561854
12473202
14725672
315671
51184700
10542170
1794732
49461831
11786670
23143089
25497078
6288140
77601199
10443664
18706066
85064644
23412177
33684198
87570831
4623607
63483356
62385185
82693387
69536779
29575831
78997073
49377035
33432887
19323166
83549116
71977978
6246183
76492126
31027126
86880940
1722869
25599124
5495267
50808377
5498530
60745514
15053414
75942074
80896556
13875111
11865492
85853813
18788570
58560843
52029270
10290221
20790201
59652978
30539938
47003367
84502944
59673906
54187920
76658534
13076983
33900613
67794476
7725243
74769257
32271626
19869296
66118117
20100593
33109753
62598586
17916457
68208959
1178303
2560205
83402744
83446542
41664650
60668167
8498349
64614266
80736292
6593907
62146834
1993658
59226032
19659071
34688034
73440547
20287307
8864057
32195364
74334981
35522850
14699571
8651140
39014656
75119544
30363154
29027760
53260795
61420283
15356252
11649839
32935386
49255555
49578200
74948193
3894008
6775499
28748066
2467431
78742634
62571499
69331387
82509248
12629109
87731765
25823977
68088807
34312327
184831
17495793
4167463
23351818
27940028
5131610
9986896
21858748
57302872
13671508
68454580
55328520
81304321
50431639
46347194
72205171
42802701
73043751
1426577
16392865
81380191
48339669
23077010
49942390
69959623
83528895
59743927
80263062
52482770
50593014
56988487
65193014
16399389
87395854
13364922
6081279
36188738
23159011
68607793
28817976
20727188
44866565
8981326
9099150
7628938
147067
9262217
53253460
18507183
68290533
81675856
31437801
66740046
54751739
17042086
16540185
31046125
35994537
23274574
75649757
34193625
57952634
78671716
37161733
78050740
78565911
52677111
7370762
2431823
23741228
19836650
38471661
37237627
35677882
26680557
69579103
8483508
56175309
59937604
75429383
1550486
53767741
14395715
50199861
23705614
7891173
20109235
70599993
1800912
53681941
23821665
23875515
6745518
105804
11328246
70679977
76134088
28935883
14377736
79163787
13347225
72518768
38634728
82862149
54037998
85708873
9641498
21414126
54624822
33013487
87877292
39710626
30062127
6504542
56934250
68309245
32933884
54787294
46778328
4769021
46936423
23715860
39390893
51269165
12331717
70752363
56302241
23813925
15588658
30218969
67372683
45688701
45324394
41285855
73220650
59467496
31084051
64988012
21896835
14914196
2951360
81372750
9620000
76956506
414281
2146955
21530917
28164863
34694495
23062468
80581752
84027259
38227767
56998531
83326925
15361416
82007329
52926896
71644867
58259958
11738199
26086827
60828051
74216898
37045428
35076262
37570661
16169855
62036651
55727710
32137819
41198479
80958468
7473045
82269213
87453043
82656085
86828450
62786736
39027237
11678325
50426845
27543957
49709974
1834826
57243653
58920174
23747370
68032321
45558039
24275531
25881301
77401400
52595413
36646237
20875573
61399612
8686575
72392036
47681796
63129242
51508398
74132890
20349049
13176960
22284387
51509931
70472472
75150125
12359890
38326903
77171975
75435643
58660305
79149801
66447456
16054956
13362135
26315463
42151019
56516640
60040119
77595065
83369450
79555802
54803285
63687162
40561439
60760958
47727262
392530
42780193
38331438
78692127
84042743
57908113
35494263
39150040
32145569
24821773
52127872
68026599
86382175
8988187
69448972
4271289
66975617
62263938
45205495
54635345
52915955
88350815
68844318
49635404
19682288
65837986
82402328
42803524
67012533
17980765
9395824
10060404
73941074
68783326
43197863
71736327
25762544
37516114
75382169
79322594
26799599
69983309
25421251
20594509
30372571
7185034
47425794
39183895
36191607
72058305
74151028
3280551
68668526
29849955
55593076
3722388
87185454
2905186
33407700
56952129
32399691
28972499
82066165
29048371
43020782
32525373
23197781
61643574
10716515
5398860
53901343
33048713
66454362
18236216
61528716
18032299
86197052
2211113
53392868
32911056
3389779
44301073
36047475
3429761
57868126
79531514
85518313
30233324
58865496
4435201
1729588
30194944
74311718
76384416
32694214
8220831
21808858
17798921
34585855
4511425
54148123
35665127
59879998
48422062
47242789
86161227
79843056
80129620
25664958
9091795
85223581
26803642
13276570
71719586
6271448
27634802
20666018
81083112
55347360
55514176
45327108
13705173
85860731
4574509
54575557
14895293
478600
17297433
78854422
87280729
32991428
32569685
15265962
562395
83782631
82316793
60496269
70751261
21749663
87221317
22658848
13503995
20532193
12485392
51053568
40391961
60647442
80355467
35756004
41642187
58013446
40752598
74333240
9449061
30939533
64121748
51244495
1557872
72666006
73128361
72014767
32429032
37147055
48152793
28426127
13031369
60567130
118576
74936037
8245668
5172746
10173456
50810427
68500233
40197951
85901726
4635956
19005255
22342021
21847030
82512572
75408009
36656689
10211492
46564566
29381660
79815743
4959758
17903106
40236973
35981306
50705597
30846529
50959309
75945664
55151175
53298957
79165086
83305830
64762581
45795241
25032514
85179130
80112326
2347900
48036320
2043328
9632550
24852684
35294013
12033964
10784703
55687066
7275029
45599373
41604808
11478554
39578770
84182076
82401134
36234068
73381998
1603557
64055354
86020353
85140578
60205346
15380000
60213469
85116940
67943452
80886540
49528238
63986434
78068997
81075350
23183636
55109316
24442210
40911605
6450570
4758935
53545330
14082258
84156476
6020603
45782733
44281045
3344701
10800078
19281199
87382339
14205269
4822980
3850008
9123975
51770733
1932029
35796549
67686929
62432326
30800642
2817543
56812888
67646422
22959681
83476764
70632032
75502370
46526898
14209898
80728313
8962460
74368351
83503150
66719055
29519526
61826278
51843469
31165987
23438433
14458219
22015953
31924917
68255871
1917979
61687427
72443805
54703328
4995907
64869386
5619438
78357845
6701486
179748
85374391
35817312
36949866
83265757
21617680
37564438
55045172
24068787
57447030
44848825
21676871
14875585
86713539
38387845
64228874
35993658
18357140
61405973
20097974
58597491
84172067
62418276
83535143
7574418
75927514
14998063
85011524
5439690
19827078
59244175
51589883
28952257
41043255
26229052
28220585
24392517
6961031
10196347
2391916
42571445
73338910
10132650
65850336
77563505
46874329
2822901
15895683
48119649
65593906
46039699
1905972
15081272
13334386
68537080
10922895
70487824
22014609
52610973
42209808
79234821
18200919
52204455
731672
43494362
46111644
44867861
22000601
52749587
25217438
19102889
65081109
84135406
51618322
63027435
61667822
25598303
52432619
85059609
73057301
77356258
59548937
21728893
4158377
31206563
46522470
73515546
55121640
57983413
34410054
16848977
78503149
1550181
6092810
44223812
21493761
81722058
19650423
29741335
76028479
56285657
82688192
28897298
22467584
52863643
37438440
3451837
40901003
63436362
52354295
51328408
11681504
28342374
2050046
19002831
2928547
15382681
65949116
65116287
67840265
32859873
10756166
34279337
6900043
12730753
24573388
80112427
32537203
78568391
62256768
73974805
33818073
29824549
79818859
45859371
11962640
62362079
66301166
77932595
78598481
24011921
76121986
81038674
52257451
75027366
68257340
53015885
35902417
33089243
54360120
60404552
52803453
86385414
9705948
15147617
7037174
61208622
17855658
73766023
44750318
32432219
82515947
14802326
17861909
44300404
6401828
49233669
72123598
69132869
1810609
85919808
60114470
1094620
39624958
26085190
65968572
35168096
87015765
2341489
7129414
56334707
50698603
37655836
17831862
63700951
24135583
48474776
43301927
73783440
79610077
29947992
41413934
65059167
35244121
83831864
60536806
25628960
47423060
74563791
35862023
715989
73138474
34029280
50329672
31300485
54273050
2110706
28038682
30681058
40002887
84677203
65346469
13841276
13520253
57717087
20399024
38712144
57224700
13353935
59213129
41394534
21547495
45942071
31365984
9615161
36408804
74333016
16610561
73550694
28268940
1832743
65589942
41837989
68116231
48218966
30105427
23591992
50467820
31721480
53694590
53005235
71156950
7629382
81802253
1651733
27336010
33888713
67859015
42673790
80166441
40114682
36872173
11932333
9533266
45392969
19848224
78061735
46064076
14777818
34804376
13274575
48920137
17370975
38576186
44524239
24594770
86743947
85101027
24306209
48924531
46065208
59562983
7988840
7136995
47913540
48996342
73022221
42082273
54587957
32645241
68234107
30581416
79839205
18927733
46675156
87688894
5070406
70100982
59633124
81061306
17433401
63058390
4395898
19619829
40192239
74626837
288561
64663040
39035819
53103227
67779315
65771836
11649443
74196122
22474775
32674891
82768386
67220604
62208166
50850165
41166036
76149998
72266260
80510312
40700950
3417798
54899393
12369101
52667581
84934735
15149031
24657196
49709775
18129062
19331267
63889200
62434642
62388959
85243725
107606
41453784
20426817
43297061
5818176
79787737
70457796
58826725
58761845
26054567
12901792
66943905
75859349
35449048
68848462
52454543
28331849
65953841
58324659
24063694
28010385
62068584
85379970
32169552
74180575
70898045
45302309
5489099
62327035
20935175
3300531
72014170
35635608
55842705
61199265
62195075
21025891
44403229
45924933
18661564
65398843
65812745
86455444
23404806
33960823
2894621
20973507
4268154
64787080
84616076
53887349
84200834
76248009
14481925
13710867
7175099
35414633
24367133
2188567
17156489
12143191
62661451
10814905
284156
34816813
43639660
16270142
29207951
67364386
6955812
20566121
68837661
58695546
83560823
29274922
29692668
53311166
24717432
65584430
7429870
8368067
66249048
8973589
7556533
5910915
77703735
4986532
18258144
39067566
54730741
6341584
11859035
27844638
82378869
10857638
32452486
64635275
36157953
8641830
25370349
36620267
25365299
39562739
29002877
57093281
4557490
79311863
45881296
16349365
26179005
25299904
27655158
60338133
19629855
2570001
76012772
38636169
65459416
38760184
54052155
53729727
39166339
1001396
83752153
44587218
1543309
23810655
39264926
87897687
10120155
74167611
7617390
83475643
35005248
64894639
11211985
15051749
79976482
47425015
15537831
54200873
5670049
25085157
11168985
69353687
52314210
64096211
11427638
38573313
87953846
53050758
58337575
82939122
26301711
59941497
5322292
2005623
40534124
53457316
80280297
41848137
66005986
57926376
72263658
46797123
73278158
78990594
87873919
52619232
41754966
17296298
69875512
24676362
61130948
35432774
84769673
40584521
64502366
46736880
68595739
31858348
26749047
86756078
16100452
51139712
46250997
67068601
10085327
25529610
14294953
49197545
57944480
19208863
73008219
81633064
47283204
47502549
37235628
9061244
71103721
17078604
44525351
34442738
55110314
20546427
59290409
38032793
60348783
59487642
46831457
8683284
42601519
2452958
40505081
37391852
41054385
20721387
52773648
49247783
55945131
83446091
3032950
64671417
87129284
25505669
71241060
38221960
64758829
47000648
79739518
63504607
77171915
23978924
63512330
17077521
75401269
26646390
18044959
51665498
43729747
71222123
56538204
5209667
49758574
46627318
72978205
80166603
53136257
84531182
73058457
18117338
23160431
65887281
20273980
48907324
49106841
24240412
73686066
28097846
85032358
55760594
88352278
60094394
63781280
63709563
25876185
23735770
71276644
62026461
21970918
65363703
21463549
36754510
20591463
57951971
81851062
15290647
33951770
61862543
61370751
7171175
86203358
1096731
43624064
22877192
63581258
21008994
54411679
44769096
54949193
24937964
18822938
51486338
61061832
40045509
80792920
52209725
28608476
32756565
40562912
73576408
71615864
51871578
70107073
5300816
50843825
19988519
69123521
26780595
2502808
87117644
78750736
1809789
52719097
22615070
56825513
18812162
81263426
56317339
52789781
30306479
52236132
67137430
59053419
8852107
38280657
48036355
38490436
70235693
76344326
77051335
30312959
66315047
27871377
50118554
51380920
50906854
17485710
8849501
36389860
27536643
34398546
82979290
33344277
33906935
56555269
27351798
81226006
77800571
4081207
74012352
59613060
43384025
55700397
37860688
85565296
83248589
60052030
49799102
39922734
36872902
76023581
68554405
41777751
3808147
32632844
69375043
14516994
16792691
62810955
68614195
21035990
491611
26424021
5992479
67884554
5598322
23270591
7213653
18187510
49057183
45155579
48595996
73022354
87655433
66168659
35766193
43325855
50022751
619145
86571953
83455152
10699057
35921561
87606332
16134777
42683776
6564088
34262800
84116702
62319344
69033798
15043511
47810682
47669323
9565512
60670900
75770812
1057032
77261699
84795139
64394830
72703771
70787337
37256160
44329578
16145908
61990672
71957526
81771224
78280089
50650392
22692444
21407903
81597786
81042244
8715601
46927075
32604745
53589003
7556814
41352285
21364475
32321623
75499783
87102135
8508480
10252825
79335674
25022203
4557927
14007802
27138669
28374193
81485053
2109112
87575676
49578309
72070584
21307134
59078780
83715809
84256231
30010200
12692302
34670711
75281123
43486599
66213884
18096083
59068152
2078815
54212503
22622340
23813143
3730580
7766461
10329901
5694898
3811495
86243534
3027358
47726373
51873181
29158518
31906744
18398528
4752165
78859530
15198399
52254528
29068579
71023507
49585520
69932702
84409327
83660451
57185040
72778448
64135069
79087205
36445811
5109296
77325547
41699503
13483242
86395683
30798590
39289991
29511164
44445122
34370353
62228841
15819629
60318277
51249977
41407215
30043753
67701261
76634574
32534892
2669008
74339502
13457804
54285069
12747662
38474503
46369006
4941459
36332637
59025772
1761658
21589932
18469678
79289864
10900912
1036874
83728143
74713469
4919638
82485948
55469117
895700
10978864
62772414
57118147
10392339
79976266
85868862
65032253
2295072
45920712
63587564
61591840
63343302
34759687
34649827
2141866
75703235
3179801
14742704
67399718
37675418
37532644
44276428
22405345
24547444
84477237
28085819
46087975
30867562
71507084
81056704
58981177
27430148
71156149
59609286
60563711
16164817
66791773
28288313
29063232
70937411
28827877
53785637
88045060
47416453
31470026
75759162
8303517
80708007
4053684
49966914
42113697
12985199
48159192
21163149
5303093
53609674
44938736
53391272
87090010
44076935
9900554
87731892
82070062
81834956
81177514
32275398
75461585
22697986
87820437
2121219
9735975
8255048
49159235
12285897
39112936
65965643
71705478
73540228
65437934
17912109
1807722
20950548
34525730
21393141
64584414
40271821
81723289
861801
70334342
87718119
77210498
43269223
33398002
49794663
33216995
85323152
59658586
11823989
39805634
79565389
68165608
85810079
57502113
71553593
28940420
80776333
27371333
80636993
10216129
44487386
10230002
7258204
71569759
21097533
28029853
63722613
85141104
82365171
38854927
27065119
54320117
54259459
36895852
63278475
78496078
48236629
45517517
68453198
32018382
42355556
48906900
84972016
83713282
3569404
71025883
36663428
9043827
71243948
8890613
2957924
61277628
15976093
67588352
34690770
51160053
60868306
24867685
58075985
28045054
72955469
17012891
17885266
64123382
15502846
17760957
10042879
16218247
30005585
46389922
62249990
47002275
72181120
13946133
47049854
21369201
88141936
54616439
6085902
36809944
19758144
50573197
26586858
80019665
33563670
9823084
81444069
32823252
40272217
41063094
37003412
35675711
28353668
124308
80924126
26128223
14598996
78856582
42328258
71363311
1052426
48303857
26796045
50811919
41007822
19277039
42126922
78175615
61701919
43872706
10223086
54942104
43853151
43607397
86935597
740418
57910868
40380974
22663463
31440129
39553050
36879104
69955210
29069069
12368936
2067544
72159966
31595686
16287778
20868024
71410890
38600508
7296035
34362630
35528620
78035831
45935121
86614217
67952529
6759815
26863179
81819314
56366508
43112733
74056530
46554622
4920578
53314363
27671548
74144360
76688544
37327604
24510168
67887665
72112728
7616873
12623390
51291941
48544797
66047271
13571989
63891884
3071888
44463829
76787510
64118028
10083302
39175306
59751037
74493216
65596932
72110447
34606408
36655509
65035778
47585791
45726698
45979843
64985819
17187568
49634192
35644503
80418501
43736918
82107899
20820787
74275701
34936120
37719952
73012914
1459006
84311785
13947998
27313860
34380526
37612204
4366991
50793711
421998
14484214
66730432
28941422
7074669
75380618
17772435
45899559
70959972
28539130
84705651
56184940
51972692
5897274
68740228
59597714
84664842
47171779
9944458
1262786
60320738
68611792
85908540
62505146
49931258
3179418
49790493
10430439
37190206
16726401
72423280
86684200
7409545
79709815
38012611
76378734
31264269
77593306
49553909
41618656
3410062
78808377
14288336
80734979
36436056
21568449
49653255
83402056
13694665
29692667
30557871
86175592
18680534
82729122
39558277
66344443
81192837
59907716
53210783
38866006
9316856
81073466
75515213
19390811
75289169
48779305
26824825
78005614
74183244
85949156
54173944
11035084
42372321
81079888
31081723
68237625
7873783
46804212
79687809
42722698
37855757
36188749
73460939
67539715
28379909
68010561
39977284
42326830
50590860
60497318
78554418
78286045
5784297
26735908
80925987
24127179
1439685
56079294
50675294
63148160
43576835
61454057
68313361
978319
11689727
11121135
76909817
80354710
8948455
43499059
57621759
58676042
34652464
5450378
54406055
12896703
44263325
67839967
52132413
60664816
54713021
78662134
85720059
8500742
52139847
24846693
295508
26651525
39346082
77581238
83194800
42598516
76607953
84035850
39272127
19695018
2172679
33410758
49576575
65476038
35690219
79015005
31113611
48599385
76390678
13409712
49124290
71958510
13126946
61830280
63304757
73055903
53365911
60873366
35048857
25488321
12344234
11074271
31816726
23591190
973285
26002573
3326389
83756559
81863171
5861369
85322068
51900266
24564162
58921570
34362427
13934458
29467951
44547522
87835095
4432168
282766
75654011
8653752
28431044
35307993
29275015
64850669
54721213
75372756
23974586
82031596
77113045
10100986
32657777
20264801
32420350
59343027
24308644
25278115
29962904
8140830
26400497
17537839
10629704
56297243
16658528
14459364
25035783
44264756
39024708
84138416
60211723
67189641
6222361
78783999
7430404
42262260
40876083
61049618
25103335
13873600
76217443
56848243
66040636
61674750
22799781
33985859
29380123
43011437
87237619
12425065
85871127
58463255
27722935
23013964
31261459
87597397
2278279
56100992
72413033
60195068
16399678
8271348
59759237
79163726
37907916
34740786
44002549
53846106
73192176
56615092
36192965
14542692
60892086
58898401
59138251
68148345
61951865
43798682
72343935
28774363
11545754
62857163
54045420
55329162
20735684
2004091
15184364
30443212
39701314
2625308
435830
52439576
58723432
51862075
35161177
10905434
49908611
14231080
17653141
85493108
84083007
4138187
70608066
19587365
85306537
15339569
22648034
33177501
32252928
9486771
1572567
71420216
68965103
52041328
66988422
78652473
50662778
12559055
30007382
14105361
59105501
63777380
17278399
74661622
1953464
47773721
20095916
79619128
18508074
13514954
14885042
2979265
7191651
55268496
85299332
78972660
9930265
40004886
58448558
76036336
28881669
37891240
31275418
78672631
1378550
54429367
75488715
63401041
68657179
54590002
85186963
11287502
307539
84708303
54565706
10694337
29265647
6580962
64734086
42372432
6323303
74820170
6039934
43422616
72181855
45294445
20524102
22253930
11123217
20557318
71604542
65412663
36512690
65206052
30027540
53181134
12615811
20898712
66574078
57369677
81126087
27322284
45081797
16456826
55442656
47984743
34320252
75253215
27101283
16757539
36332498
78104312
2638315
75949114
22898514
49927925
61014852
26810408
65853012
34070554
72404629
6398490
62228747
10175180
52590240
9128827
74967056
70449759
54976250
39251794
39131503
64669260
87083253
85457055
70496575
68549441
47727084
44406336
38920717
37356972
14119224
75587009
55205798
41070391
14934261
22931730
10918536
26944298
42765780
59454522
87045432
713072
69011875
53099920
23568124
8984105
69356202
62558886
31318256
78666991
67372165
42034449
21016309
18533812
64573595
26090239
56472348
10370111
30287112
51693709
8994798
61408833
87496371
32274068
56995479
14833587
7009574
39824015
28258867
68896332
17286271
33945512
65504948
60027770
72103719
76212863
66025850
17532835
83546722
16127430
57650682
75681977
4304478
21769694
77265089
54203483
84163127
4778638
28218937
84081904
79400963
65080731
4413354
72662784
52108118
44015087
74934721
53316867
22537744
21156979
30235007
72462126
50201794
77652086
82361921
81414508
19509765
76742043
75085778
34708368
38666576
62724612
25260512
38460996
25966567
72486450
52828170
26924847
13737676
51498206
79668549
33581803
12972613
75601892
24571686
25634875
48320967
80621366
49925483
65279243
59315186
40942922
78460206
83990911
84985945
32463501
6328730
73161397
64919091
12361166
36291480
205580
36758044
41134063
73992826
87401721
85592398
1329964
62459923
68515874
38525593
4066657
35853740
14181362
27280925
32310321
2553015
9885347
21306180
8982561
75179038
63684276
71160601
45996704
77662181
11824548
82748035
82327565
36869917
64713511
63963122
22001041
41416378
64559948
43901666
72662862
51785422
17076523
78007996
58393265
59505758
51187854
65145733
3543419
38471971
44239201
11004140
20414078
23066310
72825529
26181961
29182334
74382096
86179677
78452294
22178240
63314631
44878147
18364442
41712500
23297133
26246798
66459376
57113517
12774526
53668766
21498490
81752157
72774390
53663765
81607533
55962338
12715883
47750156
80899280
44901517
21172891
53382236
82592118
82243977
86803434
55205908
65933664
79047480
22865046
60417771
3813797
48445755
21581014
18961268
2096748
81387241
13472271
39634233
62458650
46225994
7738000
83038350
144624
16812052
40947882
60701001
1906682
83017991
26577264
27517044
50669400
27288915
81782426
54229833
43153936
7755954
32340862
5515893
13717305
1262915
65680380
73212530
46349006
55397398
5488997
77666140
45772214
82449902
31896233
67780301
46081369
17769572
68934092
54647248
14905369
46289891
60967360
62749639
59192215
87648350
60938242
23283190
10978603
74026472
21888971
64481667
20882273
57921571
55039138
28864776
43273909
10282982
6207156
83886491
9625184
38242719
45769906
66351914
36368533
40970285
25689833
18277745
2864202
22644200
20523512
67359355
75457677
61679011
1811397
62752649
15153370
13755394
1394219
61700561
53144199
52327400
9442529
80377497
41491286
44756156
49501244
47747419
657798
56324437
64960209
58476895
1874186
4799621
40662080
18090788
64949707
3045633
24597857
23864848
62390148
47204501
4031581
39548652
73369265
76416003
61358429
68656434
48971196
37426820
52258032
87970326
37679738
53046374
57719877
82103868
44098358
81536808
9630834
57384528
54450251
87004212
44658438
10627022
28209915
37616447
20336555
41084858
55859109
4236979
46676891
22841496
62195237
15975578
66550223
31556455
27444807
50775233
16398402
76204495
88107082
26055282
30250449
70779495
8948016
64543070
72473034
13557454
27086557
37830247
39569713
70666852
58794297
7041991
17134091
75485057
8600962
16099575
21251591
33017613
30401743
57544937
71494898
57482405
76890772
42618614
42001677
39600313
51028152
78703121
72797669
44171211
17107266
80911004
86666462
22234186
37456513
61486411
831364
71623329
5879574
32527722
80376385
71669240
86801030
1034516
81077090
63943350
12541456
78910279
76726340
61279339
69014165
28876284
42324352
37290459
18434086
51658557
82006268
33700565
79478
80246666
45864749
83233081
70298115
52023675
48246445
81036808
82450461
56663643
79606945
22570334
60930317
17825492
17435774
49701304
76853061
2166811
75577011
39622118
36739737
47850056
45798611
31723706
37285822
79025795
43644192
73093522
51579079
28603226
76195816
5206398
9948550
82201075
61830259
16104931
84776839
79942803
1429863
59880126
22576949
265076
31978184
11229013
29332432
15268962
62484294
64074567
80630699
54570579
82183508
5016031
10564234
55132816
76439515
52552301
54290340
41884589
23741329
46372681
18654676
20838365
58579763
20687243
24267859
8731080
41518692
51740337
84209478
1164786
27901942
11347936
59292645
43552846
63948344
80461490
22998264
34757339
70251060
14098290
44006345
27050691
16936517
46371934
27686100
61398549
55654595
7917658
23229913
2902964
14636542
86327433
23414130
76692307
6012175
87731147
12881603
40353905
23838395
72861542
57075766
72709097
62603216
5674779
47398205
29191005
37054054
35743598
17594618
43200368
24005397
85994412
26208215
43897969
17560962
46612066
38168636
79595255
20124740
52106105
6332458
53147859
18798881
24042983
63810704
80861895
63892752
55223686
10121763
39489299
10258325
51400986
52154515
33412211
83824350
11654607
38440011
82213686
38581825
46803831
43835777
68467429
6917072
6439773
32572957
26325708
26487325
12906155
73262797
82180506
33307224
70649475
77697156
26296987
75353856
8587018
9223754
24403453
44965360
47080778
14178407
65206115
82780261
40499908
21815823
1610664
88276407
18479804
65221533
85318021
66730382
64239628
62738096
68951365
68312448
19666802
68266535
59510444
67958932
2613322
4483350
7010237
22139243
7593760
43916856
50950402
51981659
50502977
37068670
68119246
79504142
62038500
70233916
81169597
67427125
30179643
51592756
29802010
40109423
27825528
22579925
86139018
22770804
43071294
27528454
8802004
40067871
65653213
81870718
87792319
7317702
23733213
78297005
59548842
43972102
20257503
40725356
72222414
86202460
1873793
24728954
86694546
82971376
66897897
56420465
37625115
78430221
50610851
7222085
69174030
5054724
6352255
85454188
13968800
29847047
50235241
42134910
67479177
85179135
58137505
9495313
62972485
6604735
58039502
45667109
60109689
22415043
38851563
74337084
26351538
7262418
46191058
30274081
45346261
15311300
32653237
57246653
36099815
45556127
27713454
72079843
17929548
3348832
62062570
87037514
50727871
80259731
72357406
57983863
22206649
78376394
39815812
44149000
34855046
62468083
6815546
74132606
22907129
31589144
28146026
84437458
50276158
57723382
24464467
14943231
67571486
13940734
29533199
79223597
27626578
51208246
10017272
46095659
40980962
70162840
41523732
81104008
58053082
82341013
18168051
4901273
70364971
4191353
37333453
49082441
66404578
63586403
72830204
26829671
69672987
58782645
86816615
62176551
16995520
37367357
12253656
15191513
74674157
5168576
69206324
8374543
10227284
55058057
4571927
48236954
38953382
47542719
1419580
53151808
11976042
13976698
82771445
21282530
52990400
590674
3095860
39574906
82273417
14047559
28373057
34340060
68630749
76292882
49922894
1804007
51053201
7085080
61188813
66299613
21784916
14148267
3802616
50350331
16104675
72232832
73660998
74161574
35566677
75802882
85583988
17537135
76189923
20664393
45030294
13415493
6677258
77408302
11201849
74776981
60620435
67283800
72777166
5310365
25239681
69681438
28975194
11597211
73660165
47040546
62496997
86638210
24887215
46773409
65049333
57146726
36666155
24701740
76937587
44873166
87972960
3403218
60866842
62774430
13987135
82825617
29057268
47103902
16787866
59121673
1999814
82153694
42044119
29939352
64695171
13642469
84381274
70294649
64303839
13865579
48996955
15723588
21588876
56100490
10107254
40347593
7052763
18636613
25088781
73534369
10849947
52042154
16259707
4884849
60560785
82086857
66037750
58295596
45104088
49837797
17077554
87264087
17458523
28401650
33918078
82760523
64542255
70515695
48141318
48580251
80636703
19740088
32459958
8084907
75891351
18314265
15258812
21878395
34630289
88250252
84118286
5965098
18324992
22532850
27207100
2265189
36982769
16199953
68061666
73043625
32379274
77035905
53346009
49901624
79063020
51762384
61462829
42805627
16722616
55244853
42963917
11035419
32208738
14145693
81186095
80856580
10527599
42212185
26120110
28665191
8408882
69058
5601622
16059803
73910082
11007146
22563524
79142769
72180680
79385762
19697616
9321273
24816509
28427249
15282419
36257392
61883392
33061600
26685334
5687196
23036115
28818224
45052949
66555782
30461717
38973910
54736470
8706032
60646927
52894675
49907193
80709080
14518977
82954476
20339902
21610937
54030091
58381387
59445152
62859407
81412877
18113991
20882478
76919117
54903858
70580820
36415682
83039819
10025484
86227110
48994248
44840334
25200131
32922663
38662936
21755685
5170607
28685419
74002463
6781470
38375698
55312718
87212802
81268041
55768009
77162140
77369409
79530685
65328511
41331161
68820552
4493759
78413758
38661659
67347059
87067663
60555335
65392197
34045571
80388775
61026979
42915209
6177398
3444445
54595680
36821141
62956847
86749137
78669722
18689745
34772293
72311281
26388332
10050662
30742256
64597325
11833628
62881872
10710132
60834752
78121027
30158893
52350325
79706096
66466325
1954862
53022092
7010184
4365217
17973985
12695000
84426158
76679530
84559882
28847599
56206543
73355044
71110725
78820468
6358440
80661414
24721631
68412649
50151008
25060657
56220384
53887193
66202501
73120846
7394863
8484426
86774932
52052569
50395463
26684003
86299765
24433268
61891731
21158807
35142684
29654456
16495119
55578558
47316611
38048462
72940499
65746076
66996603
78809312
80942460
53149416
30510406
88020975
12192265
23107439
74061781
9943162
73335953
57718075
13189537
43702295
46448964
86934553
54112805
52805819
79995897
3624580
16134208
32237275
4663688
6407750
9181469
5290281
70998060
69930535
86255483
82491187
11647240
13847187
48298906
81281486
67800775
34246591
40802818
29092726
38131486
16343706
23597249
29633658
11269111
14614985
77949491
20486769
6938655
77331848
36671611
47758622
25804516
36570082
49899430
26217030
23769690
27610934
7394799
76866874
85126919
72408296
34192281
18725754
61250037
40895939
67322292
65551672
22958728
24459112
32339101
35341452
31918219
8982263
40044167
17625966
34519954
27461267
72175159
74383658
78370956
26945153
24702816
87947487
12800391
22288495
18822231
62106441
57687640
50190128
42674593
66401165
38001882
20139965
66607087
84058366
17937211
42863180
33212571
75977277
19384517
50200462
83657286
41135877
62822310
12582900
33810808
75339921
64293936
72073630
49680841
78783470
14144761
29257945
7608878
65897575
52960856
83835728
19431848
18130099
12188245
22534627
88154079
42303517
2202754
23743906
50845795
57163559
50322287
9855733
19163615
5092264
75738152
71074385
7325069
14326013
63492589
50097179
25659079
12354090
84772492
47266520
9658214
36607187
64657089
38976775
73309350
61674381
71647483
85257222
18336021
58244729
20331873
64410172
79817723
60242820
265243
67833686
64843568
72073647
49321205
36449230
86127196
61412139
34425420
72431515
15510558
77982123
80528311
5236183
29539499
48165305
70969432
59041440
78501462
29826332
55689293
76412129
43338360
40246378
3408972
42285849
66787006
48449053
2628552
38827661
22242876
43395220
18512480
28394337
74306452
76269067
2023810
13695681
72745205
44803297
18746827
37117999
75286248
32363006
22626752
58858060
58023844
67986724
30195771
28932956
74847972
15442915
11486780
27896135
61819372
43319919
66500921
27959345
53049801
47593333
47158805
82208540
57448769
30603414
53214151
60610771
30367486
45580514
21792477
62470830
84720674
74743822
14491247
43271812
62699163
43000029
28662288
55934511
19982375
41596480
17446176
46951837
41983543
83370486
76598839
60703651
17113742
18907588
7644164
59201262
16988188
16555391
55838013
85197998
27079551
7633637
65661918
56256657
76063464
35408656
47979583
68292486
38888282
59851219
14609523
6764652
49861277
13909432
65331959
61390539
87972938
49279315
85556623
8123516
4740366
84534875
53059487
46272481
28763024
17932397
3363249
20150190
77835840
75048000
46379704
59182895
19930173
30253261
35120698
34614602
23363998
76488365
53682963
32123630
36833565
27543715
56636317
15314362
41140119
42896268
2677539
79849422
44538948
1021748
70267653
46827886
82615475
61970714
69752856
8612833
28456557
16675250
62130487
18652945
55117826
16126443
50905820
12159195
33732887
46992334
69291640
79600368
66498423
26139247
2330937
21519203
13247220
40583673
39480447
49650698
86717321
1655791
36425392
24554686
33609898
8296939
3918653
74002641
33514157
53077606
61685971
36647236
76761048
72847668
82950750
69802255
9237179
3913486
31227556
42492520
7337535
69996016
15753054
44979220
39735651
50107265
8882380
51956523
69069977
37824656
40068929
62162634
56405893
28128453
47479657
74810882
1626406
39201048
12316670
85226922
3160182
15681927
68900111
33802417
2094111
79037264
38574698
55104660
23419575
76435165
53583089
50718315
30260365
80849414
62940464
76139128
7880912
59417725
38731218
6907342
69778763
38784100
41526601
8438635
26502047
8278609
62494212
4759485
62884490
23478366
43170435
84561389
13587816
16706471
22071343
35349452
55617689
50499534
28365195
87904884
46174799
87937300
76137852
69324862
72968502
3522739
64251534
973569
77998962
26790742
80584366
88183752
12282052
60091616
61148048
21742562
33754120
39015845
76792675
5166724
9890550
53307588
973669
5081988
49448783
59931809
33827881
56072805
4324735
55631520
38610656
3693561
14968797
72615112
31916951
10478556
40727402
64304416
35592828
16658834
14508689
20492749
27035703
78899491
26337496
22132203
60153512
28587395
29125295
23485087
31036679
31652186
3858805
29401861
59614108
20219601
82450698
5039985
44305773
631173
40662722
54355545
86980235
4490241
58731334
82816160
63245728
24068567
49795727
15100079
77983132
23969199
20998877
31747124
18745978
86110102
19850532
63512049
24394340
85833109
19626282
28478442
87241703
10482827
35311163
54574123
64273829
81819525
52737263
78310229
28854563
36172481
22467834
31007699
56448138
34662767
33020433
74989273
61289060
25826527
20944826
73079631
32066845
23248776
38740216
70437554
199384
22377423
43885767
84275899
25435030
35987078
20010902
59511204
34568999
41851639
1836859
12807224
79808585
16564782
55842394
24690488
6567967
14648691
86347267
69818865
217330
7193905
54044447
76569430
20603306
86056051
61183039
76832916
49893015
43206417
26551786
4283486
85302394
7898689
2748620
81127450
1418079
66519264
57674345
48605398
77246679
73632078
45324831
55118097
36840439
68037327
26703222
25109102
14431361
17636984
42618042
12007901
13434223
56348397
42230015
58974015
63006659
44820246
50281129
45609529
46264023
18653097
1534866
31018568
33324233
51432981
23453105
68016306
16116209
10885891
3280567
22128582
63635262
65647505
28414874
11731337
80449590
35909862
9334684
2423459
4202761
74629645
84981511
42820208
20185362
24253393
35536510
44240754
86916223
31628032
70918287
15245455
12172488
65305510
34409086
80511552
35316772
39410838
64735738
20831251
35610629
52836687
82073708
78747549
12041539
19348636
2396652
78026130
31707100
49908664
32645573
76586178
81287907
60728118
34127322
2788232
25697170
30752102
61682467
10154391
19455544
5612777
7679993
46864560
29988738
83358249
15775814
41329145
3800209
11899051
27117543
72066705
67638772
1208695
14834520
22375409
76001537
40847989
45380557
70324547
83824381
60277455
42458855
16983298
61874572
30218844
29465765
15542779
11296558
82913314
2474398
60950984
63984040
12681745
31088746
15503217
18041663
3876763
41055225
46937129
59463903
25908848
57232185
45263363
13567159
62346531
3838476
5676989
45383609
73463103
54709316
5324706
25246507
39083635
14361157
46331792
18922286
61756076
13068381
65549198
18929273
16636277
29862238
75324447
21483706
54055607
1291615
59464535
59616484
15146377
16548568
41044164
39185313
83245654
68268511
7890169
16962922
18735374
66171298
66902527
75060219
15625681
17807173
67274716
20161348
40965081
33263411
68576713
42826803
23275728
35686960
31964827
83512572
2650254
12516455
77222796
21282747
74505239
69759591
18572320
2804687
21662914
87979278
31295144
66282732
49533137
56922496
65264020
32035155
77389241
75938978
34629127
83824333
65202092
34011305
66788260
24981902
36831306
32889752
37705600
28123157
33036706
46291996
33133400
8211131
26371216
34306829
2710427
10184175
48096676
45796666
86713168
43740183
38446141
62732649
27862335
17497981
67893255
16168666
24249652
81924909
10736885
617822
17036073
67063814
24023622
60742132
14119926
8708149
88213047
79773605
21833381
51669198
19920779
25670195
5500704
43030665
74570153
72117385
38674631
4356493
7350525
23980519
42721472
20948160
21683017
38537293
20091953
12811970
5431781
50475453
64888836
58876696
64954201
71497566
52943887
15315473
60889085
22706322
13718391
63387473
86696449
84523187
46168494
65250115
39460042
48586944
31199658
70213660
3250483
14694112
76838646
74762366
29141126
31027803
27699830
8871047
33105512
84820125
36283135
34915085
73881253
81751271
5932809
49638727
37452104
57081189
28440706
24345236
24369874
17555205
17218979
21446334
71906769
24425174
60894081
57606383
72180084
16505546
20218638
16848118
12396610
72654467
73906159
20270079
86282292
31239706
60947912
25034050
37782495
42891865
28982276
24242526
71142790
64055245
48041645
39950492
32711315
10885501
33969881
2923539
60852061
81153806
75755878
14300386
67448714
71232159
64231368
55331966
4108936
62767796
58145584
80486532
13215799
42666453
74525791
61248241
20300835
18056047
22895398
13539969
86952700
80130656
3044504
58035922
31343930
37156144
5980610
56631399
38393441
41176076
42371286
46551675
13705091
4523719
65272642
38960372
67123223
1463572
24030006
11982405
76395621
15479131
32804364
40327558
22365618
56469744
65196467
6760865
46306972
31124742
37339089
28916777
48786726
54248361
52055312
1556154
25606327
80008159
14260113
18685390
54314609
37847566
8122656
1588343
25760497
63809070
14930366
81984442
40271575
8550875
67538041
36068063
81473514
3178244
63491092
15604752
37006396
34071725
84625401
17390194
9181640
9934352
3705089
74074196
55485657
87250778
75656042
6920937
25693550
64772548
10562733
52726266
38930693
32673587
75017977
58979680
50381119
6379491
14446400
4203512
42280986
2843420
87780596
65868761
81375472
56262991
46182976
19616202
51733709
13174672
40528729
23467445
69652319
4814312
25261778
48564720
61557228
37727118
23201828
88170909
52685479
4732770
66068289
68311013
9136092
7122109
44533280
46177606
79302130
38446604
31626541
64772225
9827949
31517605
46529409
61759270
4529282
59851927
5931097
55109888
58725978
35714416
25049291
21087599
31617085
14378284
25362892
229943
73401640
18469057
22102619
72734466
22440302
85789804
23777733
51318486
16179979
32930300
41394689
14529905
28618655
108936
45086440
63272303
53831947
13521106
82671797
64623019
1125949
85420305
56904221
37638378
4097331
37514631
84084708
58230766
29336645
33737458
66487324
27510797
22872379
51516440
48956733
59481817
69609825
17691057
36767421
1650074
31155269
41285752
84647090
80549976
61480614
58408958
68960507
16052552
12395156
24095116
34562422
78691196
81322974
19389590
41913671
34226565
8177986
77190874
18587066
28669471
10865079
41814508
66914065
51750563
70266616
58109299
49558019
67959750
13379412
83841670
32206609
38965293
6648762
53081756
11589469
72271686
72857425
71709015
69850131
22063961
31132142
15172832
36777525
47096409
38055228
53082798
42483123
6352138
4809417
65132558
50115407
47474517
59907893
35648390
29036167
2306865
71573511
54076350
62596765
62774120
15676531
67484854
54219448
49580700
7067954
28240455
2421555
50793464
67420496
81520923
73646437
72395734
3961228
72054728
31456909
31703089
75117004
65710566
71440356
45694901
32068289
41310641
45281974
57601028
79278504
63319818
28070101
8799391
65243443
21955534
8554672
54455831
87260524
52822616
74002769
44634491
49179960
9260633
65507027
21868386
16043318
1591709
67782449
60618139
23781347
54106344
75466358
29422103
60485901
30129715
27256551
62827262
77235762
8805780
29530926
70479113
86436375
32958191
244719
10787612
23055011
70935680
7296686
69469656
3642656
64742135
67487465
54155198
81577316
2398941
42445938
70628803
4653986
40519728
73511782
82719245
81980444
45336642
29009176
24502263
68097578
45294395
33296335
6756649
10729405
84932736
70234394
75648763
36746803
44512663
3490925
68788980
5776647
57758176
1982191
37847459
71524820
3572147
11709260
37792137
86104956
28769833
85477022
37138366
46899285
28175140
53710068
84321805
4082688
10558405
79565928
61340929
34564989
36723600
51725880
23440643
75029557
52565354
10641461
83161448
38736016
60936374
5290411
56289188
74593357
86770045
26138199
60576307
5827192
9783050
67518740
75810214
70230549
57301882
71788298
77781104
50936076
69995287
4755877
31101759
64353417
69685952
9615049
37967970
76897668
26004149
39642806
18711732
13829338
38065087
77871037
70806829
13186641
6880367
56994613
14017050
80942853
43198773
81417568
45220603
27912502
10216858
4021915
80809446
6365806
28636635
11508850
19834316
5641870
50273549
21486710
53229070
19631908
10454524
86685165
58185935
39018435
28421342
29200696
31382510
24878446
9474293
40655840
87529592
14297514
13795840
47803107
62565874
15286271
71200710
41198687
35463057
30694676
2228904
7784218
74891490
22994765
76438926
25191230
40772800
57485265
37875810
81747530
49805974
86639713
85107447
55828863
7635925
3542896
19726403
17570294
25708854
22020402
26860000
66570109
66935265
86869570
64962398
21367187
68183215
67349658
38969783
54522462
44163186
67594139
46548917
76543884
9065589
18953661
75675421
74228895
7679291
66439721
85000084
20820735
79003788
20048173
36102459
78425632
66194043
24549625
79070295
74342370
43445138
55194055
28451335
45568078
45529979
85972741
70757404
40504376
50030095
86579269
34817169
82822927
85372174
27595256
868462
23196694
11274370
9235700
16072435
13702180
75795934
3435533
11561899
578155
42214131
11552834
26198961
18695297
7948110
50719864
45891034
86237061
9664076
57682219
1654297
5025602
62786269
11021759
5687207
55567169
1207094
7221912
81954465
62175480
16320886
79992763
33967883
24415814
48643390
12636902
28983904
13701402
76425027
26852689
1222818
50362458
3604724
2322721
61164263
10071050
41055788
15052439
23066387
31482097
83255951
78992539
87698396
7219100
9814665
86825296
456328
54235239
17744650
1961701
28207597
80265073
58192997
48174605
22275533
61785612
51415500
2131215
12478584
26062568
23247965
25743720
77558196
20377298
49626934
46111824
75364664
36417314
20156489
32433849
32143702
14520473
7661497
873100
6762772
70783050
7564269
25338250
26027642
25839577
32128705
6876616
84833164
23251008
85119106
20144318
49307028
25352931
5726874
13578487
36864373
29714291
64476787
58289995
33372635
40053244
52798959
69774439
31117236
32479639
51615976
31270602
34601325
25238447
20152455
69784523
44755408
70084692
20053169
19151026
56210038
8877697
10117511
3172469
787604
86609798
41261067
35728541
76848559
64372584
64305325
5418002
23185280
51267167
5491036
78801821
35779632
20319320
18158463
88206634
24721938
26377528
11118147
53176803
68843040
38427763
76574978
52448005
40718278
11175472
35877139
79881193
34933717
38711337
50271402
53419064
9761239
65248484
86626840
9914180
68030928
39881782
88286967
59587084
15487535
12015340
60643358
35932998
22441005
80140935
15572110
59905136
45894489
61050385
64961826
43238659
24553109
3883129
16570866
76040709
64601756
24009426
29609791
8358277
28950098
11866542
55152224
26690683
24061179
73588682
9987214
8443844
24394247
14755250
87303727
6398160
77934335
7346046
47204512
50895870
34246446
42881726
21786934
29499454
63340899
87922321
53511417
36872401
27641374
19405064
73274542
83087103
83419329
17743248
41566053
29103038
14648987
8407166
16703469
15617335
76038058
83591965
36343742
17996087
52024539
18441303
74397273
27038465
61459601
4322786
55952559
31590616
6384450
22224614
64348038
26468498
60280947
34106353
78801483
59757896
51189360
55531294
41521049
54316290
29937885
60002511
12399569
25875276
20729109
48315129
6117216
58041971
58411049
17902439
58802439
51829698
72185327
70074486
59445907
56712608
24781960
33727945
55602579
68275953
50303668
57085309
36027016
27366675
71276994
50113813
18236846
23716693
52437032
8362162
41916721
30906233
39273402
79288064
19758059
77890762
78264081
76574778
87599533
33424975
60920736
77087953
80743792
42316343
45292526
52561586
1110029
71709632
71784277
86877271
32248937
49780617
74168316
12756826
35973452
74403924
86036782
36718308
70159973
21530799
57448761
77832282
11148174
76586264
1023983
58386906
78651230
71682729
42497666
10511580
41041184
18604393
31795427
55025830
41206314
426518
69137309
2592758
39460695
48847284
39552579
19492110
13807165
88124392
15080045
26098768
31087575
2989606
67629547
19171315
10382625
7706121
76808298
67964893
86295035
44544879
15889240
68139650
30641545
23893272
67076154
12858978
4241703
58212532
74248521
65457179
76169448
20290025
78243804
19968584
35040119
39788188
4412065
14552020
83880441
38934063
46829222
38759884
80966982
86767050
57566641
57621357
36614710
59107043
78919277
18155385
13903334
80355968
1063496
44626190
46495193
35707245
26970458
53988149
70403085
80802120
75573376
56200864
73609907
38455616
15556519
47331722
44267748
80681626
82926423
71964180
73170706
75265796
8036867
23345625
76995964
25303222
5545704
18459325
45203709
86923309
17091889
84480768
60704399
53716251
17655732
19350668
80507785
61371963
66774773
41045845
7192212
37117760
40644344
53121809
21031492
50078518
79608924
87507192
34354544
34504251
2410936
49825081
25113456
9577269
44643545
58536639
68459513
6982395
1367435
75926566
53062534
51735639
5308659
41353731
52090
44643770
67779519
66305564
81023374
29657013
401500
42430404
42929892
17409450
356509
48727924
42567598
45104673
85096256
11373086
36234418
19677291
5181536
54936818
29477756
37661149
57169203
19376571
69123486
37991797
9101530
11708802
78527173
49024889
417836
48950150
78824021
38122506
65904064
38592970
75087121
71352051
68917519
21045592
1685476
43611837
51991669
58038135
35713878
65418964
6191550
69657601
17043159
55880388
86127616
36944809
56897664
19177406
37118665
57414684
74668249
48436641
38134590
29577022
85404493
50655330
71406087
40231051
51395386
21395637
58035451
80885153
8150197
52149306
57413923
58850966
7897958
74932706
51846585
81259902
75219429
38671163
71889986
68458351
87342725
66950210
88186144
26326604
59712781
77042025
46123717
71934851
78235773
14322884
46530936
45173442
87619945
76854074
9039223
85713857
40089063
32729769
23471230
64502856
71094972
70841218
7004380
14998057
88073277
13175422
9369916
33604702
39688439
4939776
68632207
87859745
34081052
37987743
68562887
76137931
87166253
58644457
52247539
59905954
15062939
58036862
36134219
28749712
63608635
3153078
62242627
63946208
49994798
67833636
57498476
56096915
9611565
20672582
5628140
81312199
61846984
31273764
53332496
40188695
59218724
57488088
46140481
73146746
39181491
36762054
50734016
54103922
43581518
82570677
23771735
13156851
21271851
59824764
54867085
88022428
41518281
21252615
33291356
20741507
85065695
63669518
50468774
16659367
47185598
1198000
54823327
48501913
60415041
84204409
20891837
12915602
45150220
9378427
22412729
73437570
81540537
56523340
30332187
57268290
88142450
79150596
46649767
21609424
45150107
60458094
54731072
20776774
51390544
84825463
85476357
68406328
43327543
49270774
50196041
25527309
29142960
85822543
27610076
47499438
65897812
11513410
17346497
60072651
43041515
54249390
69949007
51115870
83584515
66385216
37462147
66533025
34000489
74551673
55238353
24373332
35911174
85109234
50504042
71344217
68341543
36205583
45053911
17800234
20127814
79577123
86277234
8487145
19924730
16096666
56996565
32668785
83675519
51457107
16967268
80285646
85868500
3563791
40497347
17051489
32384727
51270475
38138296
36470780
65484123
85332744
62229291
79770582
16767690
41142083
26290305
50541309
16077768
53836789
46726625
38484293
86496016
70180568
39850581
75615946
47624771
5539458
42545140
3389873
80792232
13403477
66631923
68817011
59539065
77586873
5756817
22757570
74146352
41165552
62601490
12557165
68565054
47930832
53480276
81430006
51907938
87657141
30658307
65953476
82544398
64906058
25477336
10880070
49399420
34311123
59914430
44234898
39950851
29141663
25117951
38818845
69068037
77405051
1543816
36781494
30284144
52951266
48516081
72810
87804123
41514281
74280514
75495048
22866518
81026760
77615323
74314463
5112743
54112250
67319764
10147951
15506638
79526214
39325641
32008146
21203896
30772767
19116946
27975630
48433626
62916525
37275028
59130167
73964530
36952551
76625414
30211334
53507143
33845424
40995921
12309075
18647763
20097377
24723349
36912056
75914017
23503073
33838322
83324793
65449236
76153551
59182311
71858492
85165942
8552874
39734824
81588267
9182764
71404046
79060602
16147083
77311996
27166101
70864754
43753196
71805409
69623614
16059037
68041692
42041284
20898543
75945726
70095708
32543361
28063900
29917357
19432848
46413838
72888396
24142482
81950744
79347610
50629437
58967292
3577675
26213733
83534403
29371288
81395682
82452051
78738125
60485954
33558800
43720693
28084764
54537782
30607340
27582329
22004118
80455967
60305577
15198806
74725450
67021975
39954136
70010063
45388962
83650367
79666718
81900786
356669
49827076
14253558
24415703
2276513
62566387
60021676
1082352
65836788
20909727
48893251
35017432
59244814
5864641
13113352
502434
59377288
65354998
82480377
6805311
5730517
81643603
2088294
4715386
21633012
44663770
17186969
78691801
21777321
56683266
6130851
64300966
47550562
40047172
79597652
1194161
23573223
39111949
67392726
30819355
76868538
43028609
48747704
58742380
61690978
36118355
6382058
52571977
59624481
27680398
31560641
1015130
60010590
45784525
14372041
58144836
49730072
75707327
72560950
45836356
9132704
81287304
11546938
73200025
43317572
40485703
49005060
81113869
77447036
24364116
8915275
18126158
8181255
12629349
79203946
35962625
3337497
5545283
21011335
58609351
56029809
74136117
13486713
28709378
22898076
53868339
73943887
3893716
66574623
18117270
61133041
51136304
37969731
59421236
24194964
50563704
78242292
51484568
72198593
59320878
16182861
23129550
54125837
60578631
36135475
12142285
14951289
33088147
37875475
62078843
71966262
54164055
78081665
47978375
43125491
19004360
75653716
55826617
31120676
42281943
68507539
1711805
26941339
14249651
8022568
87914021
5208735
45765038
35301707
49069043
5195041
70807854
13837699
68827175
72470966
3047328
62626811
68076071
49481886
72071421
72357179
23987887
37882187
85920929
87528283
75658875
76243685
60215397
14162702
29408871
15340604
81101512
20532860
54230943
9040916
77461155
52612314
44499693
40569997
79697477
62074968
51571490
86696889
10790371
6200364
31238518
68769066
17399013
22562516
52337623
61032858
13279874
51663228
50583313
9677244
54156510
88339797
73678438
44874793
21421190
35719634
76313286
72060596
31431706
1618628
79744848
63734782
88118462
9268349
77358507
19844212
51284597
72214750
82301995
57224929
15644975
35519626
43275067
44726156
9282642
674395
10449544
3602630
24350342
77447141
51202431
9281717
5402229
37958803
56921508
37720595
4287928
74694657
19159372
82900548
28703791
70476499
74736276
6757873
73187377
31987381
25902218
82419668
83413399
46782369
40793486
59278819
26236983
42600672
34276612
32523636
3167677
48206028
67603824
15068624
72044912
13243627
40720210
56041635
33670875
9070474
18561222
9747381
72834490
63886498
35007896
48789542
85649123
42748894
69215656
17611332
63777607
67479850
41626182
24134579
47389009
25036438
25002207
20556971
66276619
12914208
53279813
76459053
64521117
81203820
62708415
42846900
67932753
58493360
64324037
50767118
51439609
43034725
1583108
50888571
66597376
19102626
67933887
6521413
5814911
1735806
64345151
39643028
46934464
43433367
25975996
53675662
47119820
38931623
55637158
78177566
36753092
87279618
13750638
48517840
13271067
31058679
66882864
44009259
33897374
21289312
76027633
27394662
3280972
70840483
71314685
86919587
40131339
4681704
57379887
54531884
70004966
20911784
13667032
81618803
84673548
13887996
86398505
84145879
2178531
83561165
64426928
76595252
74008551
9535583
69994977
57621808
85521305
72437176
83185251
33346336
44851963
5187150
44439978
4721386
57552768
5116603
56383324
73959456
23036739
36468103
40864852
76746164
51441861
26622659
83580299
27371293
11709465
29680963
19718951
13943280
9552614
54891344
33443899
43230366
39217903
24401424
1280181
52174969
54428837
16481724
77266359
40130577
35994382
66166998
63541687
10436936
70439865
46758845
33094604
61494199
73386243
41085816
20009489
50914192
14913194
80742959
7652342
24609809
46971973
53187607
7343004
81525873
42517065
9042475
41950185
75402935
85176212
11642081
1752233
14298260
68847342
37942985
64948890
52401070
22570757
43626466
65702333
35789290
61732603
18852411
41484710
49315675
26172622
54470155
43261850
17147009
33770986
42824735
44110428
53806101
37514166
86660530
39575688
55474131
39069887
57151727
12134324
70877952
31154740
52169249
37709370
43289896
15372228
48166048
75058737
13625091
8737487
73693546
82664581
12416928
81039790
13858179
6053825
35869236
20699168
437114
88240206
6808509
32154193
45809899
41074037
70400035
74434267
9267584
70183431
56551936
25996987
48325076
60012206
14708467
63640645
16386946
56591160
28590761
66272184
28208815
46164135
84680560
81013756
68806402
6363103
72014178
20002634
32460334
62832655
40734283
83486546
42430307
54094473
50114159
86579257
31806452
27060228
17882331
71630598
48701979
23383354
11288520
11528054
70468883
73320932
35049884
65318387
28382344
70786627
69951625
62398684
4201357
78317457
8999578
48803767
746392
9181522
6111975
37333789
20402348
74999810
60216011
71054675
22288021
49897554
68696926
75379479
5201873
21342601
60342078
37173924
41274471
53171212
64838171
31994120
44938588
79466882
83726763
81187285
5068893
18477791
53399105
43757590
77571065
88178057
69535416
78616228
15622798
46315790
3961402
64551298
52711789
10318456
29201373
62112166
44695681
47354325
15037401
56387950
68428130
7170865
87539378
36123975
35076248
12214912
36627358
78954927
74397989
3732594
27788180
76514927
29266727
53581049
1065798
25798461
11038882
23219626
74654825
39431500
20447624
82002947
35349925
78959624
53982776
70207049
47074765
15151355
67286195
7866536
57208572
59147779
87298242
13808089
26340240
44481322
26176924
59738388
78010371
86243063
62825868
62567131
13932752
30311890
69385791
66206173
39503636
59967382
29615625
81011879
30925199
29848001
28020170
80346501
31884859
65675045
29764477
39208229
73146407
34982040
35771919
43400483
32807539
69660544
75991166
54961853
81674575
28293862
85272521
15443240
10793934
59357601
20024964
36086579
79168255
9418409
36590548
46851758
55885807
26611248
79835333
38938698
86323143
77548750
77425648
19520254
19372262
83142438
30279934
29745924
2174501
54471376
82612942
66205686
14829592
47697304
84892957
66231335
17499928
52758543
22261900
1550978
68549347
10606555
87856032
59160121
41892602
36822924
82220050
16947109
28648105
2286583
76716675
5286512
85020112
82643210
77600321
16469962
19451560
64168559
35492982
24328815
66485407
34915638
8156353
36958258
57041000
32134414
43969435
42792573
11052820
38498969
2054947
36232850
57073953
77876732
65300072
24945493
35018442
18417090
55434058
23361593
5626472
20917089
42889816
7033773
1675273
13431762
69336980
83482746
24526775
27420968
16172462
29527149
4718262
2865563
19832446
14248426
47925218
5470466
40737626
63179970
69785016
39381839
86136403
32128460
69701914
73726606
84715060
11656849
12790618
34516969
7315400
25436323
19241816
56301678
52900417
33396152
15748610
41916012
67310283
83359627
49546329
40150523
36538327
78829837
43300346
14361980
61870801
73105248
50889075
28199411
3887191
37656556
84883550
12409797
62617025
58045064
60935988
50198090
31185073
14197919
42118777
66217347
60895906
12689288
40553068
37828029
54445869
20748984
80729684
54003384
73664924
85920117
85210178
22176347
16959036
58555098
78676530
33671390
7701680
13232518
58519485
79837394
1883155
26838486
66677434
12418934
53703615
46738069
34922937
53327727
41662013
29429489
25664279
49911501
73447043
46647707
45458346
27286109
62287685
21653190
57153206
51488577
68961081
26655080
58703442
10131270
77697042
65444011
1995528
16224287
11349363
31680999
40003584
16307845
88338495
19939365
65855998
375888
31919679
32337071
54507072
18594136
71186071
67376572
4453155
46160934
11203646
50648779
58492904
10799108
41052110
30498126
81145136
85673435
37318039
20103054
8135741
88316379
54094648
58674530
3064327
21885142
58546129
20064218
65655471
87962607
14863310
60362551
61072441
13325543
49511001
75490500
14140980
25025137
83016550
69008001
76028031
404537
9596669
54838401
44857597
70582299
81540088
87885705
77537694
64205285
54368407
37821212
85252052
32209506
26972025
9843732
71433295
58943523
5200908
32136544
53733789
1537766
10851549
12425565
26028187
51329488
80833951
60336604
37357107
21095636
59411331
48033253
43906941
54217995
61658314
45331893
81404606
44178427
33517298
66560105
5796857
22158900
10849187
13891942
75979836
56388503
4642824
39296751
32053357
3663142
48128619
68151848
2353203
47882062
19951615
80895207
13972381
59738315
925273
16167477
4032319
32036960
13218563
25418672
61173389
44323510
11814594
41688125
38381570
11358398
55710918
18748538
61382689
69664309
9249118
36683085
24335145
27823306
18011756
79105134
28153562
246557
48200233
9817997
60753304
75416925
79969934
24648528
82549620
84091937
2948914
66973648
59223572
84098678
13604077
46328888
5941940
27299820
12820831
19633032
65179333
74406609
36343044
24699604
45329164
69785813
18671329
60433636
88029744
44608823
57748524
18335565
27853253
87986933
18208063
62948400
81227306
22721621
21699614
15575972
51711989
34053861
80213194
39738307
16640361
13147881
60351681
74668909
50480488
26774222
10133612
67323353
55921069
54917231
6028275
73255528
70116070
906130
29528736
8177802
16755569
58121592
127502
80108478
6759627
22330066
68092410
65651334
86213256
14489377
50566402
11973682
44257124
5548936
6230250
30331453
51027394
33577459
3018920
71517136
59213154
70420005
88138701
71025542
73161162
5122145
70570416
421891
10994184
59767145
8050300
51850716
51361964
4641059
38859691
56311918
24476811
53603033
41928555
74239574
85435878
71861090
32587056
13925671
42881543
61012792
54156157
6353882
1207929
47802539
10222058
76547613
85618844
83016556
27298749
72739271
20971585
37646895
19215215
47503469
8405180
30252864
12991025
21893670
68524249
73616659
14383363
65440861
83370780
58427466
41652518
71510207
55823170
86777889
74973139
36527661
86648487
33197241
84491824
13020317
50543696
15565503
76092487
12879572
62044971
16495478
80367680
61828117
29241715
15805974
61356068
13355134
50088616
54577991
7510307
3083388
78605879
44315897
50631967
38704197
29447920
70078254
23380692
19295509
26973026
41775897
67239462
73628170
71013546
68926321
25287830
64507748
68724157
86440633
20871893
27060478
75613764
3045329
27315673
15886580
54077359
6778077
5844827
47005228
64332112
51554410
67655046
66745306
41711601
68913713
15323505
36996035
43105228
69964795
67259672
41704857
85965976
86673142
75183963
33349422
27045787
27207198
43635855
68507303
10826869
17826564
88104806
59727183
64171594
47381220
36885377
7072131
30805965
42650418
67710183
24430430
36686433
87101333
78265424
31559190
52652109
33718711
84939988
28243995
10842443
68946531
81724518
52616554
86470978
47976765
16557191
73742109
43223952
25809291
68762498
66303311
68858594
67567210
49685430
57099463
16575254
82594960
27721949
33219159
32807609
68968850
34525007
31970866
61292848
44546713
61822827
24408113
49719892
15993457
34879478
73429513
9319176
60591377
36059363
12728869
4752813
17591524
4979610
3764265
72154321
28038912
16617880
11759131
50991955
55450471
29377513
71716096
76630975
47113100
87054153
836742
34519626
16821917
85351664
36884735
83186822
45829370
16372259
64650379
33517904
1131725
37370150
84950308
55838564
45311463
34592883
27832171
33797203
65300699
75506386
60395190
65406958
49527410
70741619
6119483
5663120
9108037
73021944
75794232
39437098
8715858
30688703
85994892
21995096
39522293
47356099
18536443
39155090
42084158
54123853
36927597
33653162
80418687
77201049
28006392
11514260
57652185
67529410
245637
26737365
25978976
78013572
86131099
70707913
117204
48301163
18228889
58030940
2789709
71949153
68645831
75080763
79526411
65482416
30302277
27210827
5271941
79616214
2227492
8430996
62065167
74930173
5646769
7388050
46392488
75680607
38112246
30914820
41550434
10592066
55809891
70474687
16379990
37829935
52479024
30446265
45511454
34639737
16228733
42912570
19266366
30007038
71622110
52315583
60210475
39046063
24983335
85200945
44394671
42500944
29627851
81520740
28537685
45169787
57635805
15477668
34130172
27520180
1948553
59435748
21055700
17979955
17995663
74293726
80678482
44682911
41061155
29442508
42216995
13065319
59650461
82154407
85000188
32576047
27332248
63369531
21495016
9326015
82416718
51233932
13963258
72818064
23884935
39903641
11039615
56959249
13529115
1538048
6464480
10812221
68283709
61965598
25661474
156375
33232571
78079598
29309540
54839460
58152048
48422588
43268756
53918038
54822159
21630657
37924655
44849857
69312813
58621085
83722757
9598654
54192620
903241
262072
55285687
26374526
36345190
77338393
29560517
21614340
32858882
73510748
6610956
28733027
62785501
59206836
5236734
19927550
69246953
38414328
31077634
20444053
21638099
15993383
9972301
67521468
67663571
76330725
59714159
31272088
82819516
36180205
87266934
1372338
79120507
4790918
85174010
14730850
44479510
71253394
41847008
4125855
37568870
35764121
50339917
69701575
16803507
82026031
77209917
48802899
16776229
15084251
10471752
42476631
63533437
48845201
7807309
63235106
81871209
50377578
59208779
19930801
72263323
82476015
4558329
64389657
75515033
40764239
88087467
40353655
60528148
32926510
68989563
56227296
18960614
83517511
80851659
56360608
65249801
609289
65174771
62659599
66754439
76830175
61512946
298330
55333993
72633356
30869951
424031
4957878
65092765
42216095
7873666
33804606
78997715
3145814
35161377
7079715
55160956
86567717
4300852
13965896
12315676
2219260
50960007
18267709
18725993
18029461
2590202
22214851
76704597
27990276
66456108
21496182
15723214
84632004
81753585
6159100
54137187
73411561
85444213
31288158
51578381
31571476
87003230
10401622
36344858
63797285
2778863
41195060
74252041
2081591
51365890
82407967
10336891
59774170
15677507
84871143
29684865
1443550
70962367
82052038
39110686
70184105
28102598
36407738
57338441
35185648
9074888
22849028
21833179
53872736
59488553
68020383
22070242
50049569
7622759
83509799
77905244
697272
16672794
18687698
18588324
18435344
66730460
40669372
30089305
41077581
40752400
62836451
77536489
778262
53949440
29546572
39689287
19760573
27332849
34489413
40196093
70405777
78564100
42172797
31802494
36282608
87241248
53764068
60504325
6925487
5320627
86061170
8952571
86597451
67160862
4762576
15189663
25652879
26760596
82456478
78744717
39974137
8887011
47989917
76292600
34188867
29057346
5199874
6408104
45287073
71128938
86383296
38603282
69125115
43291550
4882050
64138284
80315761
48443440
1286779
86332916
7083177
18900308
31033619
9891411
41507983
4845603
47936809
62111787
75146460
73569467
30754800
52041538
63058145
45776194
9576348
54624386
72130274
49274561
8384809
6683791
2003822
43091746
33721232
4986831
78179414
71642235
1335128
82342845
41360263
70746472
82142921
24035389
4235949
53031640
50314603
67756196
18059144
1210966
31356987
23104921
10511322
73338606
69308814
35277382
489544
48661788
46239577
65446483
47270739
53653064
88166184
23860615
80115956
77282622
30495327
84196570
30281971
18948657
27043548
44168498
66510523
55954905
62080787
24839753
34972495
75947261
36399209
83314224
79059644
73222006
42156108
2077564
11332685
20647026
77397806
23403062
28234673
19430137
4123923
50253748
61897108
10883562
81725288
22763010
73844274
11546670
57153021
74473474
67641759
86292268
70447711
41670769
20982409
74493527
15284168
40018272
23731240
78380828
41158115
15465703
61889321
21509082
13039759
14773246
19255977
84811292
46122763
4824549
45893030
20083985
56888460
65977722
25399288
8662241
53969990
87730801
59108536
86064378
30869387
25970989
3793482
84314185
53230225
69324138
77605911
25263341
25703781
8265537
43335131
46492657
2425944
73959698
29096729
43432091
83854108
41275052
65761886
26038778
36296089
68275309
83044697
75069843
12007732
52872112
37913705
83109237
83705038
33137547
20754519
34915203
87944389
22829345
6708274
27966883
70463981
7823997
8771834
67571125
5839592
57735433
17395927
74197478
16949214
14665301
4513829
57815329
4978962
85846578
58197706
49586247
83111201
57016209
37156138
17258496
84370699
31619782
62354718
48789835
60396782
86285175
55050553
59977506
67568989
25727901
46038673
2892856
1984404
39396402
77018821
46845739
67629843
29574250
8167272
47493886
9686339
7027251
26461247
70596340
2735377
1181497
12430109
65852705
87849134
32379979
43263779
35580864
59583001
2913167
20582906
27262900
45559810
29322652
40782457
64676133
50587120
6642271
41077659
43498666
60126560
47444571
65522091
20135957
46731535
1140020
47876262
54293623
31135498
25279750
58166231
52086297
28535987
6893753
22588926
52268270
88000603
67194236
41841582
32320100
45713358
79620255
13324067
69243678
67095532
34140186
50442097
33932078
34875712
81993089
4820198
39990603
713036
64382071
87463319
19281535
85208147
49440136
22971016
67409201
85103764
51272478
29497371
3111341
7253151
43754691
10426687
55680503
21480878
77424952
45839657
3313304
39368346
67543882
18801580
60007078
87624475
56809009
29111880
83245110
81280052
28798128
67730908
8275125
6017547
38023183
23154143
17798946
79539997
60058539
64755454
20476045
70862951
74102681
81044655
66776273
22273813
48205360
9840846
45011198
38056606
66655775
72871724
67721269
6763031
50352572
30895198
4379365
63888958
27157375
42357825
11488550
22780581
56551349
11964605
15062225
73686811
78299229
68247117
59063951
16039212
79012773
27791391
4086678
51828868
59682919
56935427
4106239
10148754
58388695
60499474
85538961
86736368
22519152
63669695
2383666
74823615
30581446
77225164
79244031
4376794
74166477
26367569
34561979
9708161
22025377
35175109
14622860
743640
77594344
58116184
11952534
27183905
83312097
62354876
74566253
49534165
86906732
31966765
39813417
86855952
37980322
48712890
84352701
36055538
33088249
40362127
22423207
53048276
3058687
79720086
58174816
2941939
4342192
26230494
83445302
48125360
45940766
71710301
77151107
77254063
63164087
37957659
40977652
33777932
63808144
42599488
36564371
26894404
20830067
17944151
2503251
1924783
15624641
70834198
40475955
6883597
37303440
57906746
83233461
26960372
75377894
58787946
7856637
44576832
68649729
38578625
59334254
83890327
8546213
66037072
36276411
56229779
62509515
25221788
24057185
63757364
48613044
18620220
51234777
18905284
2319510
46872677
76652453
35584668
33530758
9412833
12010137
37186692
70888852
51289139
19103734
57644686
16981841
57638013
73602579
73119402
56876036
20140805
47613916
40676435
3527557
37898246
32172594
25595775
64968745
5436965
39366211
56551384
43144333
4362099
30612831
81938467
40185543
67239620
23574531
84704067
53727605
49080999
44926581
13244166
61150922
49825722
72402107
32222439
27605601
80305398
25505486
16199600
16613248
36559294
35347465
4775406
61289502
53579253
13073187
35260984
77496256
35004112
25938553
49565867
79380181
78576836
58363936
43841476
40355639
1337156
66621110
40483439
76290078
83460860
56045684
55772106
22220121
18940333
6716953
11406000
63692149
15789816
7695759
38681466
63629792
70128213
18545842
52872142
64442997
66429076
9322431
27930389
43983931
62565342
79561931
62382329
38221197
83870404
65580367
26715824
13407079
71520251
11281379
47361595
61240738
37105350
75898777
37657745
70451809
79287138
30553865
51854307
40520024
25927546
20135624
37601274
5685216
40476767
70393334
63356232
22445145
61960714
63572083
8445226
24344145
22535151
85161962
11505373
8946948
20903740
42278069
54405484
10279512
62536029
86666443
50426617
81857166
84971639
7103879
18597502
38767114
4626319
31718683
29762374
20242330
6502481
55567941
57532609
18031622
8432620
88144150
40843542
37616569
41036932
38486889
39682396
40431826
2741845
84430929
42901465
10624228
68102040
82942666
48212896
7522487
1694804
43322738
63259664
46204525
29321184
13722443
35848364
11227612
25216202
62554434
51069722
15314483
73978945
57748460
4031703
86019675
73950842
2356653
24777797
27448729
62588668
70455092
85890362
80477618
16328888
48318800
50771333
87423177
81247862
31733782
59466447
70693903
40845177
76380845
37199785
18093572
76866242
61653931
48517891
36745343
15419113
81681263
38126403
76319270
10641242
1675050
88085502
46502112
54971610
42682706
56761992
70471051
54126203
37571562
56549909
44109336
82274563
45881175
27956730
37397582
79248605
71445603
60337742
22751605
26358227
63905855
84779306
40120899
46234818
55196628
25462563
54303467
9523644
36451353
76593769
79342754
61907064
45402795
78100121
72860560
15400127
19190429
40764766
36860491
70500624
10668734
16152606
44876980
54992570
71714752
3903464
56497000
71930999
84791887
53175924
74597329
44514661
56426301
41501959
18774974
72516608
77371211
66069699
18540891
1387913
58034598
1242633
77406505
56846292
85753316
32095794
5383259
37049806
56939656
20707885
25623644
44036164
59641479
67817140
86855571
88143753
7471578
30164699
85693671
67120850
85109624
59938994
25739687
72269694
79334373
41065276
53975717
75983298
34878725
17298258
12341409
1188305
30692942
45310710
78306657
75547134
1999762
73035375
11426162
12903491
76270031
73010129
45540594
59857726
87189186
83534496
2450082
55554353
33415076
52598301
41381163
12839929
68964621
73034411
45137601
3351075
33030175
63521083
63641889
33690419
13448940
55390699
38085273
43505809
70154572
5271282
64120972
15939895
85125344
53619658
55722898
43255929
74180944
77209723
57407644
58478457
50119419
65055406
14173190
20575147
10477303
56706752
82905953
4097169
66847860
69976519
28069187
26183380
50072143
8251189
83965147
58303132
12079751
59657615
6228461
54214677
35349562
37344938
75420621
41869415
67798715
66873176
12691909
42546111
53933927
19195861
44305267
29544272
81421727
45826438
26029195
6380134
16702516
39773057
64387982
67508104
46748000
19817998
30578234
18612635
23015062
51151155
78918295
46225075
24308053
57243524
5637679
81840148
84749848
8547445
56021130
25252604
39782873
20339671
25084468
24389655
26134135
25322452
3515077
75041592
55967546
13099761
57195777
64398037
81385058
44569984
36929870
54978989
23646560
67787079
28054341
65149987
26843102
48518395
67431020
57671530
87697301
23933858
52662641
59497244
83968197
62525083
27011760
15393218
82565537
88122016
47718201
66296168
57714907
78775317
17845815
79929509
20074704
12625792
27468167
53249692
47767048
57502791
26924648
73700197
67787601
6379570
86078968
84375197
49181095
70340785
31852512
28200057
28325662
16981182
32485484
68574979
68319547
27249744
82878641
16269369
30407109
57302885
48450352
4629022
58700612
32063647
79304966
55185013
80062369
58325377
53168668
62426852
16558814
47388702
75981230
71772404
45558476
42581807
79366309
20981038
42015123
41714954
22558197
74954308
37021636
5235739
74056338
52050178
85202636
52419380
83022641
52621711
86962274
43230329
13684057
30359223
40361279
47823213
28859969
17635517
41766562
32623589
13289246
59990035
1830226
60243047
80766096
24577438
566684
64494979
25266465
82264439
4693317
17322457
897970
73331459
8393104
48480582
84231161
32580925
80660731
66635936
65781278
83446674
2869050
81064469
1499254
49569386
6056650
23080003
31189895
8620151
30793363
68249824
67583939
4096412
59676363
43114741
87670974
33505869
59801661
34787631
81366469
46565483
8929353
40777388
77460299
64172179
83023476
44438849
82003272
24057680
63766885
11560433
81947420
41659665
75007818
66779252
18379491
24280123
19130264
78143696
29396213
26696950
8573461
51312822
4785439
26170493
71673081
79726966
40499401
40079802
25858278
40589081
57465185
33117175
72957537
59865073
9012531
85809420
69031965
8926462
30470261
22107220
24912615
15168168
23280174
77571319
74492611
55439420
83243911
80793315
69570235
4927015
21911511
70762968
6483365
40262098
12514716
31593278
53868688
88270321
9458241
19584727
82835169
24443735
50948268
13991741
79193109
26929692
55339158
46924745
72373848
15302093
25670669
62544921
55879181
83044379
82687409
82059297
12712809
16800519
85725428
25650890
25287274
70009414
85091876
63250087
13237033
12604396
48978661
61127585
32278776
11858130
83840084
68843428
33610627
50862199
47012583
32268364
42915845
66880689
48097699
36672551
74626537
30986291
6701135
62179885
8815193
65886890
23177493
75421919
18356869
15716014
28919015
50397187
83616004
72487479
41115050
67313073
7169244
63964155
65647502
51795349
66607504
59821508
21830844
28185886
7946354
6975518
72530666
6243294
19097776
17111408
56815039
12446652
49014721
29174246
65846015
21753275
47530021
7461479
73346528
56319682
20460010
71635161
36125761
43146555
3801858
65510896
1665570
43733896
85716652
32669618
56808128
65265241
51875154
41698950
44015221
28546683
14721366
55419257
64631880
6651124
83300312
27640793
34960637
54105070
70004225
85228160
63610372
18053963
75361470
1711367
47037545
4157079
6316926
58974865
68324609
75271586
68154245
57355953
13769392
47295034
7638087
15109178
21250020
50172095
53821207
76955965
52274804
8070242
87322570
36991086
60050487
29195241
72840193
64936102
17338322
78793886
9866690
61899005
59376418
9688014
22238065
76422681
51036095
46248964
17664244
10968655
61502194
20859211
76561490
87020214
26045014
45825993
76491596
59497680
86257291
45750965
77993395
42127342
36379756
84970953
52510894
21958009
38700543
20889930
81913036
70642942
19417468
27022300
39660940
9797361
73855544
2832724
85602061
40067439
73106771
85165034
22767166
1325604
21657820
57579120
10528618
81750959
74772327
57584255
69864285
44129949
9371209
19866066
77976448
41265371
73114034
58464588
55248597
56417601
1472462
54890736
30982002
36463730
68370381
36828215
12555301
33788104
44929578
27280651
44143897
71781167
1990836
80391671
79156986
28266862
71166794
68147988
11886674
30642377
48213046
76841843
81357126
83309463
61955657
46355484
74376774
16696432
83835749
357861
52279223
53368733
13363979
82513788
23908429
34582276
18742261
12118274
78004208
61508412
52133438
78955851
80984181
62083975
9224876
37852622
16380188
67368041
19934942
50248456
64488876
80107208
14886185
61845265
8932688
72102849
50879736
12502536
52777210
30467016
75353882
58125436
29460304
5625327
2255150
38633778
71781693
45593849
75188461
25891981
7367855
78409464
69730974
69975183
45703787
30216836
17917679
81335357
29722788
55031359
35362270
29487235
71174519
57986961
10965529
23273776
19325638
20412719
25508655
21495398
27850336
8212178
82713910
17670149
22203635
45021301
51805318
45889711
65069618
23622621
44521008
52596296
32705676
39514138
52057504
79572055
27337672
51246321
45973086
235553
10700464
4218933
18521705
47900743
38661323
78912811
24608745
24673864
19406007
17296476
27141489
10180187
74368544
37692608
54224832
3157547
6795307
55026321
1368703
39316946
79276945
5006870
538792
41493622
12176466
811183
60442593
27102118
67389481
68597777
8557472
51159721
53917611
27968895
50135622
40831083
86350428
7312268
24375998
9225820
31287933
77808882
44315356
9694620
57740925
26042134
1788844
82681986
2593000
23205457
38778153
37783323
81190405
26571233
7894653
11917971
21781703
80204816
45388270
43073383
41523790
68948577
1024099
39930152
56822092
69666978
16455084
77124608
64384336
34927117
53270465
48436937
46911580
45116845
34749400
63418940
23449134
5427010
70747456
53169677
30375053
12206920
29888670
7756056
4789530
42893461
54889702
5551943
65524650
3283317
68892908
1593638
12126485
19717122
23475067
68057485
32126265
8371591
23854143
42791023
76375538
34997243
13687537
71852641
21667711
56166013
19515108
85483082
63411958
58540536
50124631
22618997
34261013
13838833
68069979
26081211
65728812
78450009
51862660
63931011
79516833
49175786
4962195
32429000
14434480
15103476
71046966
77695243
20356054
15700523
29103486
31366521
13329532
72725148
52337533
51388254
81114056
76178196
35358451
67636585
51123147
36285798
69752642
8179802
36470021
16463594
62578552
28641425
87293177
2686873
85812440
47087832
34741306
78218719
76585659
25099238
21591046
55346443
75435380
15833157
2370991
71581963
67388989
50301279
79971093
3002960
42873427
13477471
51898673
87432654
24727566
42943344
26659400
80132672
60804875
34672220
17530418
59891678
31188985
40205344
83149192
7593721
85705798
36485691
83471297
48082840
64867483
32601513
52975452
3853417
36804169
67273336
18454494
2869651
34271476
66493621
66307912
43800774
15593529
35798953
87616877
59798519
70498470
18830804
62602253
913197
3483235
4168698
3586110
50438888
69703171
46663501
39326049
37622958
59978209
77713407
83467389
87857689
84157345
12545739
12242547
60778141
33001860
40320873
24921740
17314326
50900092
30508959
71387521
70998634
53660484
7269696
85556267
8068896
15347569
85277179
85687088
41404347
22825528
45282610
37956463
32080212
13528915
76816266
69359194
87324145
81916063
70921649
75615142
50222828
67903880
87125299
35856401
42531157
77780782
21256405
61130430
6745082
3692099
64117825
73802368
45591588
80282128
27122711
37585433
62303222
62451651
40404478
30291508
17588939
58597318
49500198
51081019
14564771
83260204
86797546
11709003
58536859
29861393
15333467
14366427
52216347
9344517
41443619
69760728
71035700
17564306
85372606
48146338
73304136
10679320
46679657
34849779
17978906
79874685
85540956
58855338
44862712
70167160
7634934
54867921
70876171
54599994
79487098
2855768
51566969
83779777
23219160
44170432
66005047
5988950
88126432
9299242
26668818
50722937
11231746
49732985
59463795
74693285
1466681
38454357
19544038
82008597
37668824
74327192
35011973
42217419
51220404
16838414
26134613
41394940
2224447
68020402
29876649
84067322
6480232
7396537
44618354
17230210
71247624
83549428
6163756
64247119
86427497
3779456
79619142
24898462
75109928
21009438
81992871
34661709
27629157
33576847
46996624
22295028
23106788
45017182
42926430
36669088
41457591
46474212
11518291
6517126
23793
22480111
66292592
16093646
51352538
76272550
37910078
33844129
85481932
2384299
72987978
12658
43873153
85453328
31265592
40448218
81740282
48416024
14508709
32177752
37313683
28823065
67728599
74797701
3559591
84812219
51994420
61784088
73294043
15881804
28584535
10773770
86331198
16863665
5027192
17508409
79150619
35525778
76059776
85469274
73714771
75894651
57107067
3424935
3713045
9693192
52783133
76406154
11102341
74045645
52809154
77719607
25263474
9760004
49646904
56979128
38361800
62956240
33199553
62520272
44754230
38564494
5746578
68822789
26073047
57861415
56652258
82041345
50171008
165125
55205831
8773459
10665228
74257499
65845427
42510516
86950852
67097489
23597000
48586359
48782171
69892773
28072702
83487971
59758205
13534288
50623199
64201528
18202010
82995060
56773694
64291442
39335070
63088788
12170531
32391703
34534030
83330757
53679138
68241173
77859897
7791956
31288033
83358337
75666648
87107939
18913516
38364493
18315318
42064227
47357280
80497825
36978192
41382038
32864772
83916678
83692279
82831764
7427834
69114193
70503613
20528530
78964534
6943367
28554757
17199775
67072566
81496482
5470859
72730805
36953140
21345184
20485309
59383719
64444820
64145779
68792621
65209290
17850836
26177494
31929659
5975242
74476677
41421515
72893384
65236633
76488844
41421710
39171774
75259304
78509659
63560246
18817397
61764759
28230802
62261900
11728916
21185384
44543341
10969299
52245496
4413045
45260365
71543155
78951099
87595531
46294942
69458751
60123254
38719218
66904442
17351768
21441858
9240044
53292672
58315298
52908482
1229539
51272051
63971529
83285531
16744900
35329443
71759121
76879467
33889042
17718559
27603241
84143513
66973920
54068935
69062341
40665571
72868458
25248213
36335972
54315901
34419348
2554309
69615110
17277360
84508022
52419097
78330185
71535186
52063132
7043247
77296954
33147633
61370775
55485710
38370034
55069058
28284025
54040562
49276226
38105529
65948264
61894307
15081172
53151972
8044100
43814128
31173223
18552557
17672489
33781663
11544415
43985612
6406288
17196012
27307176
39816459
355965
71286938
82598233
45759123
60876097
21811244
21621223
6301716
54045308
72689472
5792832
78538497
14935922
75741920
23024357
39639915
80693830
59627044
21978749
77851544
52985263
85751561
33851766
62046878
54218999
82708403
16678436
81793453
43683671
71223863
45578227
42956842
10410841
60786989
50981524
81418004
82969560
37291751
508884
2350435
57753550
18410913
55514139
2139631
21891713
51757314
17661166
29685910
33485405
51430812
70843401
79298386
58376186
39503364
72212066
60785546
65868356
60658198
63058850
726829
60813022
73151238
18818942
44196461
4661053
13689773
80909120
80619125
6381825
70457971
35196297
82457543
23362824
3756825
11322088
80565804
45115533
54590355
74046134
42547019
19898250
31340037
33929944
85950641
478632
38397492
86086697
65141527
26688800
78267613
8751511
16616560
68490185
5129169
78490966
39245553
34151571
10451149
72266452
12284283
47095147
31439471
71135454
58000645
47001293
45091734
33363294
29412137
61535729
42706096
8617075
22307610
30861405
22376076
26707568
50540730
38552316
34662708
56390016
10072239
9777427
3622342
26485595
56088256
86181222
6523440
55339102
21867288
51716002
40826980
56352454
15938126
72798179
52887344
24637351
44432780
10399629
17500821
20795062
39228119
11844691
13084622
22443666
7164299
10667384
80404861
82510715
28480076
24885280
79611298
10430268
68892796
5801120
46805779
749154
2797557
43167438
41355745
80718459
35777876
56388802
3465110
18144399
55209023
42487714
33980153
23637717
59531511
5656130
34554064
43628077
4680391
29260862
30398806
39857209
70547309
82363204
2899417
44893432
44352485
73810177
51984489
68143641
29847187
3638341
74597034
10439099
34233186
11810567
77253349
44477100
1179779
76181020
11007870
31571305
71316204
28324023
15927277
42747058
975739
5293202
13229271
80026807
47073554
36395602
36957792
52497500
38010719
44292864
81268944
3052468
43962990
75189772
20390231
46251711
84608779
1270090
21545751
16599710
10630787
27915952
60312854
84812099
4864816
71043848
42487652
55412769
27348284
37477699
56361411
9308933
73423273
65193669
69912638
82936054
25228507
81024929
86432181
61801875
329874
32922795
71022237
24554903
78940994
45963765
24705960
6492692
78999303
20473423
71490480
14178689
49894760
77629007
69168071
64655672
43695564
5009952
87411359
44882975
79258051
79527743
27756295
78847219
66808786
15731333
23347497
51786633
19178678
80353010
17623261
64134972
42341802
25058472
26692567
10931924
55324463
4232537
50205837
3304237
85782288
82221474
60214243
73599089
33933443
64158118
65604314
25656213
40955526
34727240
17126679
410832
39562581
38868586
55499722
15022152
84912656
58198112
61006996
43403707
38011207
80924790
64286029
31409878
84937634
22460030
75929712
78863850
33653874
56344364
31449994
12183199
48288030
22899749
34838399
35120854
23202592
30877074
35373157
40544694
22008283
66618094
60114734
24540428
42315930
24145234
69218781
68352573
20186904
68442206
5961302
33444953
22830780
41825999
43840166
6073784
15649780
19585348
74257479
21470675
8056333
35393869
4188424
40010800
88057157
3961325
26591321
71017899
35712415
57115064
7273583
24311478
51145788
62813124
43681648
806981
3958330
776575
874894
13585575
72455050
52495304
77964788
16756996
53019843
51098442
47019929
82539106
11529015
38863610
