#N=4400
17838250
10079920
14570763
11768723
16752204
12628142
17986179
5983969
16666829
211201
15082694
13697636
2071576
15721172
12644382
12435426
19265764
1486287
5386504
9057256
14992723
7180647
687253
12232517
16012092
4367136
10684388
17560038
14658689
12207517
11909553
6069526
11211254
1942621
11666082
10768234
13844851
17774978
8784813
2969193
17499626
18721523
1053253
8996151
14338946
9681632
5572458
10208507
4377101
16089395
8370003
1283743
10528555
15680118
1548129
17812055
7591984
16360409
4174022
8589163
18879801
9966932
12286982
18326557
5981308
11774641
506958
9399195
275352
9423291
1915939
8503475
2906113
9255159
1947229
4130439
3828068
8843064
362041
3093358
5560840
12049886
19095615
12076501
6611670
4547721
12161569
16886359
15364145
12090628
14185718
18436782
3985624
18395879
16343136
14465651
11499289
10443668
7483255
11131878
5040714
10544318
6556245
18135675
3950628
10987703
2291935
734709
1805761
7672155
3357744
12844339
3961753
13071431
17798470
7608849
7067113
17954479
1224178
14810901
8105004
13673377
617183
7403511
6896590
5899467
6982395
367410
3926491
14822475
4575633
4788577
6593690
13452080
15843740
1739455
7705479
12503317
16736966
8321422
3710402
8169851
12929407
14236442
4527854
17727529
6384671
11616213
8373011
5434338
12717255
701493
6776787
14077716
421115
6529179
496513
10043458
15151778
17021452
8228784
9007091
8304837
3377772
4270137
1863960
4362490
18744058
8792915
8567114
14752016
7357498
2165534
13085416
7851771
12271642
7878054
18833870
18258958
7671518
18017552
16523077
280378
247608
12104740
9737658
10737402
1358599
1814674
4668224
8716614
3374549
4736953
4964414
18375282
4886080
12431046
15155377
2515579
1435416
4925117
190136
17389265
9253892
3730899
8377901
13372685
206536
18699856
259418
7391140
17769944
4418337
9902721
8870207
10746140
6446521
4592714
12001986
16323662
17814809
2275737
2882805
19210874
11893369
3219905
894038
9519166
8753796
848979
1929689
15031226
14342775
7534901
15241208
3524362
9038046
13113266
12175397
929912
13724619
16848420
8899737
13032197
1979737
2801029
16627692
9482859
6137906
9726249
11964394
16487473
8265905
19022900
18316835
2374203
12349647
17928597
6113014
13082571
5866205
13754789
17673555
10818413
17856856
651479
9232503
8108133
17272185
14686978
9913713
692422
14868683
6098707
14288043
10380415
14546661
6901443
15402003
7533971
19343881
12301495
17530638
5891702
5196790
18271776
14144726
18627076
12062392
11718226
13292554
12931330
13781471
15545613
109447
9748722
2739295
13905525
16077958
15103300
17701833
3815006
5764380
3011804
9435584
5910136
14338413
7012689
6917563
3100508
9363334
13452179
5628241
17142400
9630514
5929715
6209384
950037
3858059
18491063
17296756
15630478
11345420
2556285
12806318
4087459
13030765
6995996
14087230
12262952
7862457
14690029
13739422
17737781
8033392
946432
18352574
9761442
17009356
11348922
15355804
10104472
2345202
17582064
10933015
8680477
2071655
7078322
3013281
6111119
5669180
13264008
2824160
5781497
8885521
4333859
9360230
767813
17017077
18757202
16407067
9484676
6656637
11316527
17268745
16155487
3297076
5527189
13765639
5428421
9003720
15657278
18531457
13024726
15510409
2378230
4190732
13844074
19292680
9109274
1810496
19247683
2902024
17850301
15781268
8117707
6676783
8486566
2244284
6055937
12100565
5090540
11575932
8384687
8019451
10265092
2389848
15752193
15883470
15991899
6256965
15338995
146869
14676764
7357530
1666334
2445550
14441459
10557115
44997
4730787
3320195
1989952
12667854
9697055
5818238
5873423
18504384
15746002
15037282
13840006
2239414
16431090
19194378
5994839
10150796
13741623
5757950
8018765
18428013
15845030
9463738
7981464
16364072
12231214
12276072
8992757
924090
8234208
5760457
17415045
9946471
11506678
14055252
6794431
10552672
9432237
8719679
3187915
13506588
17966193
14005629
14128113
4803831
5452755
236888
655568
14673610
7796458
17915027
8970086
17364495
16592525
15065393
7371315
11307123
2565401
1755837
2869046
17647738
12137316
1883330
3152040
954006
4623015
15958289
7364757
13809187
10113487
8542287
18738475
11685899
8552874
12414762
4148263
8662682
10323968
2100541
4227061
9791964
19206040
13264694
9993180
5285402
11023529
4139015
6961614
2801200
8978521
985715
14495698
11183310
15143853
5077288
11472787
10173829
4368339
18182471
14430712
17787589
19349414
4847250
7537636
17773729
614331
571258
4435621
532004
778039
8845905
19158785
13920638
764702
4377701
16207325
8222328
13044032
5975899
7665503
15678749
3725400
7941947
17594060
4970024
708949
12650317
13626654
5940750
16716595
8106999
8773490
1575684
2756456
6966377
11861645
82327
17676757
14949716
733220
6217402
6604740
13304620
17073313
11902374
9217207
8754963
18440363
16725283
2250499
19083557
15968227
18115376
7232997
4943743
9226908
12651737
13817260
4043192
15050798
15140910
5350542
1807113
7597577
2674129
7173158
16271930
17232645
11459354
6868513
6788600
7027627
14062367
2610950
8318350
12822012
11851925
6504464
17240344
18640594
3495123
11850559
11024484
7412005
12464798
9010020
3707252
16960940
18036351
18052651
11767222
6066870
1199950
12517492
10685648
3325022
15073805
7926954
10444044
2955264
12166147
2701187
18069278
19123893
8642563
337422
13465205
12571331
3009341
5389785
7616110
13966656
17269299
538000
2228290
14863859
10333670
5014602
3717255
10493017
15376238
18609730
14741223
17234928
16803688
1282231
10764516
12118540
15120808
7742857
2769524
10925792
13418625
16255392
4182224
15431232
16688082
8075420
3478758
6926223
6004024
5601647
11738366
2405439
9564331
16573688
11146604
19200654
7521902
4467525
15111795
17501310
329579
11982529
4993949
3208685
4044961
3021659
9349016
4195016
12207769
4397670
5267104
15870931
18927311
15466805
10476011
9761859
2071396
17237112
14547858
2122121
13920854
13048215
10618836
9723678
7575323
5202616
4088859
9380593
2661483
1652802
11030898
16480895
6461105
1972290
13219670
19209946
8697427
3474883
16811449
15696839
4830360
9160300
3918456
7688988
11918945
11122437
13097539
17832813
1839795
23179
10863286
4197176
3996429
3939757
4158356
17554731
2541132
959593
16233233
5540589
14551698
9058607
1784762
5134697
11158401
8268324
2398496
10884126
18004524
6174686
10301920
15024909
15124893
10679557
12474987
13446133
9282642
13074360
6969526
17002620
13910288
5447066
17922358
5801699
19282162
3198762
1321498
16360544
5767896
7174625
2279364
7940537
15783744
12876439
2736201
18157813
8147338
14107348
582206
2979614
8933331
18982364
1073459
1678759
1396914
18760628
6476607
10163560
17047610
45997
16963800
8108588
5524905
14723595
4480201
2921618
16790867
12030410
14081179
17187360
9274419
7286463
3727873
15509469
4729101
7988853
17575607
3691260
3697554
959843
1906155
7254571
16108986
196369
14562153
9116892
236555
4954147
12559761
8939021
13881093
763741
3628387
1126823
17292729
10333329
6723977
17487045
1279528
6794716
11983023
11648487
2557362
13622558
17293863
18921378
2814836
16615764
1785105
15802984
2734394
233322
10575956
5515631
19319815
8131543
15917131
10657534
10433055
10319557
5310634
11277806
2831013
11178596
13762847
17689222
7577337
19289262
4027558
7514579
2760890
17720466
13714625
1519522
9331259
18561637
15659810
6371853
12404906
1551783
5227028
16578764
273508
967949
8958501
7185818
17058489
4121111
5346900
18515249
7488544
12015576
16874960
4501791
3601258
12357123
12185201
17946296
15051908
5667093
13159955
1241368
6912744
13036525
3743250
2959406
6156731
14108027
1144825
15186143
19161813
2782615
7620263
10971228
3269461
3360926
1838918
17903241
15992568
12691324
163826
1510289
6937855
3041373
10200128
5014963
15188753
5041645
4786341
13810540
18114349
18006967
15381656
2476875
6879794
7518761
1814581
8854125
14306215
16245747
6089417
6714122
18873155
2782873
9132310
3249758
5251896
8507594
16262951
13005816
4277006
16482454
10670162
1922892
5736158
3682020
18112159
1378213
6287296
4662912
17788884
14161011
9650710
6386432
662294
15909207
12572547
3452371
2764708
6115630
16732593
1830081
16941813
14146934
16890978
624715
4870344
11606081
2754125
19140498
2335654
2354114
9269832
5511678
1694270
4357945
16754725
13449247
2949329
10009823
14372203
9925989
13498716
11625041
11697423
15093461
13144499
6456917
6079779
18818165
8533818
1109195
4299103
16317097
7800127
3808434
15754128
5089847
7793964
400010
8394203
14707513
18543382
4911887
8116954
7605024
19292154
5268438
16960582
10906878
15871108
1270699
16112103
16288793
16364080
5240506
9013681
13686335
17283100
3494121
13042598
10100258
11192606
18374207
18446507
2710280
15374471
15354118
14579182
12446451
19100167
3482316
6590559
9461895
3503271
2848516
8527979
6908812
7280868
15689883
12678313
18942315
4266620
10871597
5798649
1201282
7317407
5519560
643736
5706378
11661515
12551929
11013752
8482326
2999735
1615926
6014636
2928020
14137488
11096866
4379429
8161809
17862583
3742043
933915
15954459
13451185
12198097
12114037
7698554
9946800
1806716
11667203
1588875
2077726
279088
557545
1611029
13218046
5975345
12576164
1702726
8075731
7921363
991227
71715
6838438
12801308
16432128
5975679
12594284
637386
7227894
1908123
9650858
6619356
2363959
4276168
774833
10307321
13914888
8357925
17612527
11388115
18914867
466697
6421043
12465738
6918403
10038857
17259615
4654800
711498
6527552
1082925
7549920
2999588
862759
207024
15794742
16631323
10686160
10346529
608537
17427702
3898227
4368060
9940175
9721281
11776909
10578332
1050310
8803059
17145830
4967071
4972666
11431832
14265724
14566124
2263602
9327358
9255599
3571875
11045116
3527964
220165
5866433
6564847
2114974
7404401
5448213
14546322
11141996
4971839
15600478
7487527
12060484
11951152
18721844
7194507
2973850
12792503
15443240
2353930
4237534
8584885
9766542
9168230
4938366
5310525
18051728
16165780
4251172
1875247
5178682
16323118
15988729
16345570
19000172
5452190
15622406
18359912
18305845
3654469
12271356
2172863
8125683
3389513
8977302
4452878
11111268
619920
7078505
5381892
10470925
14429305
3646519
4456017
9000040
8132586
18942891
14700018
10987098
7288054
5246519
6716650
15206484
9060076
723163
640260
5029883
10491474
6088556
16132981
14888786
7405379
12555562
2196342
11638246
6880919
16734374
5729376
8032532
10532738
258910
6014908
3952802
14873933
3396664
13660023
16505489
10178373
7977036
2793984
11441571
15546444
4517024
13089761
2553730
8115227
13911705
8256902
14962689
16566714
2100956
12692444
15127134
4198180
3345506
4432406
18208387
4725173
5470466
2017624
6579935
4744977
1141780
8176317
17728445
11101829
4206524
12235042
18096803
11790593
17636961
16235347
11516251
15761798
17061594
12180365
11036076
15228528
6155946
2270244
1439580
15786313
7870475
9218265
5349794
17980334
18321941
16190763
17505238
18609027
18759382
16287156
6376533
7923489
3969793
4016940
12365026
11775932
13958081
384993
18157880
398700
17057291
18695886
3249259
1833066
4547956
8765831
13788948
9729634
12283307
10104853
8960056
9250142
10256325
8519032
475095
17596452
16791382
19101620
12232493
9359429
12317362
883130
14918464
10077399
9418859
10503570
12978053
12082918
2687703
18821994
16509442
15224225
12671467
12366965
5927655
14178323
14366062
2207632
18653115
3033164
19208529
441024
8775047
10543411
9611188
18617014
5363958
5955489
6784258
11349363
13800966
763500
9347809
2938430
16459347
16695942
7815867
12039596
13457013
5347016
4674064
2666014
9296569
17853145
17360904
2243560
13408745
11332898
2359104
18212091
13618118
8665118
8713374
9518034
3702989
3655698
10356293
13374596
11514524
4544295
525091
9386073
3664153
10535404
14482564
2943288
1762466
992388
7365532
10790999
15410447
6180919
4665111
5576546
2967937
6028006
19244456
14556655
15598317
11577524
8022253
4100084
3485665
5057676
17045279
9688394
11501175
5811998
12849505
651988
18763679
7873224
14263510
720865
7296475
12013712
14937756
10331467
3465479
19068151
4649425
9833901
1736519
17997106
4215628
7771282
8313226
7666932
5057939
11498233
8091859
2964577
4938343
13157272
11440038
9756818
16198889
10849187
4931856
3499818
5748479
18042814
576749
773334
5143110
14848546
7071770
13753143
5682042
12991579
15855168
6012320
5618273
13325238
8207416
14432234
1236880
14698531
17458611
2093361
5083426
14294587
9408077
14541526
16318384
590851
3348498
11222608
3624245
6249043
2923069
4975144
11423241
3611741
11585102
9273504
9166504
13440192
17257976
17553259
5896843
2529930
15688442
9069577
10611894
12868886
16333624
18503520
8138642
3164023
10568822
9901901
15859741
7340763
11193028
3619312
16326606
14982993
8299539
18009102
14185803
18671329
11273580
2149736
12328775
16028447
11375529
10973245
6066886
14728045
388354
16187267
9801574
2819556
12095954
9991912
3253781
11693137
6458234
16120279
5187820
1751596
18068874
12240429
10374157
14093573
13203311
16201042
797189
8988211
6735521
12036067
4866091
13128671
8657745
1355529
9961561
16007485
9108428
9239620
3450008
15452336
4091313
17693199
17449313
18286354
3533678
5017040
5028854
3230175
17411406
12307392
10737440
2498838
18397119
13533116
11819920
2738636
9465521
8121123
4122120
11490388
1901859
2034098
3167110
12010261
10130639
721940
11081013
11539629
3671844
5116810
17363024
3688496
14159521
10955810
11781037
18187041
6965635
12081463
11852736
13436105
11793811
15087862
8562455
14182019
4067595
3698797
17976517
15858670
6219264
611559
6846815
7775136
11263460
2445169
18812785
17951011
14933634
5964203
13536606
19343349
8840826
4930751
11267460
15332481
3990175
17583111
4857842
11413068
287652
14648412
3397186
16971792
11020267
4863658
15565503
6092462
16839533
17364958
7535392
16327666
8708100
4401646
6845888
11195987
5395073
12848582
2937942
14950286
16483378
8605854
8075888
11391883
18824114
11567887
8998176
10460645
17295459
8092968
8015881
1199398
3628145
17893529
1406289
4927804
5907663
16084083
16440608
511867
7180395
3133746
8005315
15395651
18366573
13357307
8258045
9804788
15725205
13692088
6874397
3615032
7665278
14391539
2393706
8363469
12155966
905208
2444763
14619598
4464823
8005890
19153110
16583878
10509403
3205743
7847197
5395796
7427225
13306862
11866553
11144745
4127173
12531545
5661143
7085322
16992103
13925957
2930391
12110173
4550347
10366396
1221325
17185346
759110
12035
5918706
15419906
14323923
12322411
14826489
5764482
16856488
14470903
8736681
3637144
13662056
12423872
12889244
15642481
7703226
17218545
4007139
14925389
14899443
11095186
4154931
4881930
7899147
10447533
10888847
6725002
8130822
19092828
11266640
3222742
5048112
11479833
593417
8559441
13349460
18239123
14911339
13219344
808847
15672810
8631438
17379575
3244183
13554236
10158879
12137837
2319102
12271953
10770458
10017512
3196039
11590936
13353084
1174145
2316710
9679557
13341899
3431617
14044716
19146808
2629325
14372209
17490373
237831
11531640
130116
17430276
18598530
3111443
1312810
10952163
14437202
7220696
10466347
11235134
17246927
1367379
11661591
7599451
17063060
14547966
2021894
9274225
2197064
5715783
16768631
14994842
13555092
802291
17556044
1656435
915031
1364106
15883794
2167556
12293111
16378673
14641003
7646366
8034242
13452115
18369354
1725605
7857307
9098968
18933544
8171013
2187856
14997162
4101093
7788835
12350902
14189649
10389132
5085760
11520692
15966340
15322335
10422194
17770798
16191938
3656178
18107475
8430996
18865122
5410091
4646744
6867968
19072426
7160550
4832173
5594808
9270386
2152062
17569832
5434648
2459918
4069919
13759022
2646260
9271445
16759704
5788679
1192493
12306330
7646962
18982036
17555542
18490398
6766015
19023324
7760941
2674594
11220921
2307789
10520690
5697666
15369732
2035795
13477618
17250164
2680111
5908514
3835738
17575682
13499912
11035627
19173659
14158475
14882856
14741118
6602489
2976911
16025255
1570458
12634325
7040102
12216021
17892219
10729457
2614958
6325940
3976689
11513905
5523254
6298057
8484895
10103586
17479569
17239222
7569104
11937963
4464430
10292139
10683649
16285560
18701438
14036308
4432541
6079523
10429482
16599401
5032031
9702586
7508690
7237975
14102107
15670646
8124600
10089816
6752767
10461054
802685
17038633
1552546
13303206
6702026
10605674
2534482
4065142
11298329
15160502
1254314
7538870
10950702
14530878
11853019
11145452
3606826
5716677
1047492
726896
7614248
15677594
13484017
11198045
18473376
4012290
7441415
17023547
7810668
9074135
7432044
6859480
8860143
10306873
9292260
1160421
17190883
6733981
2810828
3759458
2733337
4606974
15045852
17688787
10924052
4659879
8621497
1403467
15985967
4729899
6602879
15776204
16564219
9471727
3756629
19333367
14085160
17727281
8115039
951187
18097530
15008709
15450758
6223259
12475990
2558279
17709594
11954962
2524180
16087392
8073607
2928088
11566459
8909510
9067290
9520585
6557450
3891598
14160588
209762
6049218
15014690
12019575
15114390
13270104
3912886
11218327
13133973
17513289
10989868
3383967
10397807
2532719
11416015
7873666
18404566
17917637
145739
3881354
17479630
4520932
17047635
13220799
2045874
875597
3699228
14719998
6347687
15725918
17029436
7550188
10294829
1744586
6630225
3896062
136131
4283135
18111997
8273542
5639018
8457149
9851490
2524141
3488153
12858379
6251464
14523212
18321544
14984807
4717257
4258831
2475058
16172038
9521570
6685877
13887910
5856848
15574100
18157500
5431089
15284850
18803501
4922303
131991
870627
5144066
11222590
16527655
8178385
16305590
3114877
4968995
16353111
15632677
6848479
12420373
9150195
8329492
14062713
12509749
7905219
14097262
13672719
807665
2188259
8995315
15090411
18309296
289250
17237537
18392324
13676395
16456411
19138238
8269402
2226510
14849218
12800537
13412777
3209390
17836017
5365738
16004054
3932738
6482482
16402525
16241198
14523984
424272
19325452
16720567
5621091
10432539
4677404
3600791
1762501
7229602
17212875
17800510
4496392
18664664
18614086
5406993
14229901
2812557
14828866
6697270
11639828
12848058
8047039
5088874
13903278
18243256
17485066
7051541
9842036
15978253
16275747
17163417
12686719
8892912
12043163
2020300
7193575
15331340
5747917
1845528
1256746
16431749
18546425
18449400
4434763
15801529
9938128
6056167
9056266
504344
18010232
5074491
18304781
9163784
6963808
6851737
8401220
1506813
8659332
10562157
1815071
7382834
5120254
10666419
222874
14595360
14155921
3871584
14074594
8676168
2659104
690884
11996986
2744895
8511272
17738596
5268800
7957320
5929473
3981775
1559564
8846448
17470684
11453044
18646102
3980532
16075942
15722601
17575280
1276498
5441902
10508653
5683497
8408432
15870499
14234828
520766
5479752
1212479
11907247
16039183
19274210
11539612
12141928
16836096
18437490
10332660
1287025
6397756
16443026
4394629
7990058
8083884
12013689
14737102
2923501
5765252
13322981
8804235
7066627
14953001
16393471
12521692
9332207
7887665
10390746
13022348
7973520
7324107
1298270
18251172
2420792
2438113
10985660
1809268
15549071
12039734
11773171
14775934
16291235
6882679
10264478
12612957
3683920
6248436
19297659
13479266
16582163
17729981
11770765
12428473
4144331
7029343
2130945
14193397
19274146
1590176
11724078
7605886
4903315
16743695
7265512
18495062
4772580
18305927
7919634
18656675
13632036
3414029
3034993
2201815
3198759
4016041
12675299
9564654
7549811
1567678
232038
4153689
12109187
3264959
10297528
7834472
7115198
18424307
2469319
11668260
16046861
12863921
18223912
4291791
11971115
8319585
10575427
5475905
3197428
3029142
14145219
9953758
215269
18378952
8886517
11517643
15826231
9631158
7856153
3396122
8818492
14850617
11739699
4274715
15509762
9756758
5365153
13330476
2377446
7488936
11327886
10278607
892806
9904326
13076365
5018746
3645694
6069822
9214224
11127208
2813873
15126268
1067240
6581164
1076258
18615360
3661490
12430109
812666
10889073
9539960
4543777
18700856
1982941
16793100
702823
5902849
15759755
2002590
9982377
6596130
19307097
16562243
13757597
6258632
7006543
15164523
10402024
3255949
11971494
10059967
14116246
12573546
335418
2919674
8006150
16326231
10655954
1413685
15628890
11548218
6080556
5634215
16521570
15440092
1033345
18060234
13804010
9163625
2055493
12780135
10722070
11572002
9555700
17953075
13740145
3750594
3193029
342057
7023240
17281485
8248086
9720109
3090933
3369187
11623721
6592465
697341
16991274
14693130
9994675
14386648
10000465
4600870
16344874
159619
9753258
14528277
1023875
17801555
8367029
3224435
12128996
17191858
5805106
14760045
13398088
14610891
3795082
9977508
16663132
12714089
4878899
15979926
15858469
1195383
12515984
9782873
10062667
2604626
3216202
5393805
15925312
9840846
12731150
1816597
18495744
11311703
6161248
15682978
5672559
10535172
16779330
16728952
2317306
9077752
9488500
3420580
15831297
8964530
3622146
18566744
14739158
2207053
3463941
4599133
10492716
9911358
6566671
4668862
4562852
12735357
10546193
14108715
9228639
1419446
13538886
1336303
5639144
13509614
18263649
8303608
6741402
6225114
5763988
18256727
12606456
18407508
17681971
15148090
13585373
1415093
15102803
8663562
11074337
11436121
17392463
5823854
3872043
11714852
12006207
9814138
3506717
9126746
18453366
6415873
15140303
17912810
2432654
16695537
6768212
10562072
1063156
6368213
12978659
5240018
574756
15341904
4822135
14790415
45287
3445347
9700757
2190219
10631100
3774020
7564077
5677611
13177647
13417906
8208134
2879461
9244309
14974382
11869981
18424094
3983219
17804766
11144598
9754120
14155918
18283537
16943414
13706676
5793457
15520293
417883
3667879
15296616
1376787
5089658
15738606
12174248
4450273
13986142
3477026
9956374
12029709
16829477
8821723
2697134
11117290
8893017
10180216
9514700
13425216
7279496
12112636
2172385
10744599
12170707
18332780
12490080
19306659
13288792
649115
223676
16924634
16461759
18918011
8562540
639384
276001
7220758
13853900
1956433
6007550
19018188
9332575
4235724
19288707
11876919
126127
13351339
1424256
16762064
11252830
14418435
17825467
3199606
17614520
12224049
3567524
11840965
17606519
15724159
2070894
665666
8362093
15822374
17165547
19225320
6145485
17679568
1213208
12719250
10507396
295363
19089482
15339194
2633133
4460904
8976199
2724064
2098509
6365822
16820135
6576761
16163916
5601417
17515620
4297092
12501068
7203366
9770071
16940853
5885603
4132057
2860120
7020311
9676889
18845979
18012111
11309773
5695709
18801383
12989768
14528203
15545767
13152115
6362994
19269070
2362395
2610377
5263929
13405286
9561906
9742255
8421142
10390361
12460350
8835791
13887022
14920216
19201301
4161550
14080732
18225292
12338706
1897679
6891738
17727117
11673807
17094266
17680005
10527506
3255616
17721191
8165209
15636698
9313256
2276154
14005141
6840647
10932009
13405212
4984144
17055083
16641905
18945352
14386877
15423672
7518028
9725471
839483
976008
9706382
10706590
9857091
13971589
9583872
9157473
47112
1146301
13838650
17842352
2362297
5502456
8407935
4412592
1631557
2472609
10704146
18483466
1856503
13236927
14646845
3922330
1191742
19101771
9950861
4661406
14584189
6542019
17902627
9492894
9002455
15094794
1122718
699618
13924477
6961108
13202361
88298
16667541
8336194
9434417
17309706
2394436
4458863
13068447
1031628
18499643
15350757
3836621
15817711
10568721
13428612
11855007
15890337
4517582
3408841
6118780
5091295
15423102
2807833
6893713
6826373
19053854
12045147
5380795
12359716
9653568
4866167
10013882
18717836
4465295
3499091
4241259
19246345
5319220
15601228
16555008
1205469
4782035
8291547
3962704
12561922
8911030
8446165
9771557
17309825
5869277
1834484
16081120
8596729
1637516
14208566
1445578
5217675
2391579
18398166
2345834
8819270
400872
6514791
14476576
3102487
16063408
6523569
2691337
4113751
9342729
6786997
16602765
11580114
18740518
13400077
2790364
9484743
1100425
6460610
1228705
16632549
196967
1872553
5674688
14303379
11816987
930949
2871840
11455847
17997294
13714581
12226231
15181922
8334920
6476544
411150
11949657
16540841
13787878
5394524
17122616
7406480
1726225
7313287
9255775
10823188
15689755
6779575
3827877
6263643
18716152
9481398
3777126
9415567
4743738
11431539
18244677
2293656
7040797
18589617
1338909
5379661
5749687
13294309
15745264
9295704
5983273
5078670
18778226
6381398
3668298
8332866
17510705
8786575
9507070
999737
6995311
9426112
7423423
12230017
1010054
9300585
4737659
10229125
9054428
2450082
2914279
19015061
18838285
1661136
12839929
7404600
8994397
14337521
7311036
9190131
8401016
18961876
1410371
8968897
8230693
12765261
18185797
15034505
1791264
80958
11459852
14125294
6939595
17482839
6015895
10140930
18129695
2287577
5838383
9399367
1495335
1253143
6175132
9957221
12026739
16385946
17977102
17687804
5936505
7709161
6303297
18792120
10731182
8005111
10143101
11079726
9497534
16628376
3574653
5549507
11024901
11860550
8109399
16158666
18713145
2251855
2826084
7253864
18675779
4585240
3224235
9421652
8586404
9149187
11340120
12222473
8972977
10267940
9908044
5027923
16337980
17658187
7172556
17534994
16391114
11398263
7505073
3948027
5603475
9597640
16800109
12749773
12507406
4381081
13332582
9982818
1459613
16124382
4029629
9254127
13882373
13435049
17441532
14247469
18059747
18955718
837966
3945054
13289961
11609858
15738905
16686524
1267072
15134294
10029920
12443087
4318325
15790971
5031456
10737240
14973772
10942564
18777192
1048125
1445005
15091738
5953189
11565487
2242008
8478117
9696133
18994905
14735303
17845815
13409502
14114693
5665756
8588109
6089686
14486975
10342785
604611
5180140
6707523
9339506
13598950
5935168
12941086
18700736
11972429
11320049
13925647
8021096
3685454
14454937
9239519
12849729
15358609
1869354
2607104
13102815
11210318
4108940
620609
10703596
3344930
8025007
9062319
17605325
4008612
9306835
2158799
9148643
10941191
772354
15758421
12781752
11846277
1621037
4775089
2474870
6158132
17354248
18141578
10195725
18456328
7370165
10242625
779331
8542573
16381702
12482206
18390260
764010
10479140
1641277
3623143
2539932
19115485
15446525
12743506
16249182
19269983
12750223
16042977
8286078
14137384
8006663
7894944
13346443
5304378
3693292
15322407
18257921
10771413
19313101
16200534
16711129
13220924
6180663
8035851
14141229
526602
16748983
15024405
7939208
409330
7536618
7679963
1389840
14060080
19353284
18089743
10983904
16496377
8036314
18274672
790941
1225821
4201651
15907573
6406458
10805417
15369307
2057386
13420285
6092176
8543408
7198815
16963233
4177597
10646868
17000362
11947395
16339653
7487786
259245
18379491
11360076
6210217
1183635
3076176
2856906
10053429
10592770
15705436
6810492
14073021
2766905
14179364
11279772
538266
4349072
16745133
9277131
11397516
4745006
7012481
2889348
15911948
17846409
11590203
13667216
9512575
11688150
17320163
14011248
11932565
15719393
8283900
3353311
10490207
10366944
6511471
3242936
14403287
11462068
10514666
2793248
2228639
9830292
12418177
9144673
10835094
10523663
788187
7031705
8193059
7049609
10659145
2244732
8333834
19262054
14230590
13384865
17639122
124307
5727348
8579254
3752723
15800494
14725378
5770807
13847195
14409404
10611808
11610038
7756965
684374
8258609
10967504
16878736
418051
6880023
3803389
2330604
11622115
15732560
5948327
18075776
9280629
5897679
12832507
146469
14106283
6181053
9059868
14255122
9286855
11737414
17341916
476836
315974
14519000
2237156
5175975
9927433
1874966
14672999
1689176
6364095
4087481
13075347
17447448
13141445
7430829
14265814
12906340
4975468
50648
5243269
7657697
11151397
5174990
10446602
17734698
16254199
15205991
16273207
8810019
11421440
1346453
17599680
14499999
3115104
18245728
8386514
6761794
14870872
10585517
7973830
8276648
8829574
4168054
1705170
235105
978898
14215166
6186607
15201309
8259251
17951817
16571096
11300237
8280792
14600611
19345029
7444179
2308088
13450291
9093877
16281442
17591350
17237490
4637022
14236848
3374855
15684535
16671501
6594224
1755943
2329313
5095014
7118005
3189156
6850005
11932036
3661126
5955915
7594791
17990214
14842552
9671024
1970484
11315208
18720151
10816060
4418275
16233840
5386647
15218942
11216387
10167957
1878039
13862635
6836025
15448884
14664169
13928591
14342188
1499210
12521476
18500157
17605010
14545970
17411568
18777628
4337244
5030913
10473363
15807305
16019730
2050881
10310874
9037962
5420470
1009847
3952950
7082871
5017453
13102228
13340903
15237290
1855469
4312692
17082004
12267434
1106696
13164959
1407115
13725569
1777737
15859043
1088589
16710920
8732263
10904192
8304264
7889940
8371184
6946019
5496430
5505305
14513949
7824564
3608548
17697599
15352395
10210723
13101969
7663700
9770296
9028210
17515287
8948035
1729533
2440582
9383856
6741128
9910758
3431610
12636979
4426818
7126780
8067935
8406656
842322
2533008
19241783
917047
1389416
10315608
15555404
1896756
16176350
10355706
12757826
3119167
7688695
18323965
4073759
9508414
822260
5822214
13598242
18924180
14348406
10413361
4475783
13464149
5483940
15664830
3092581
15380163
4807995
5534927
7048411
17808813
19027130
8926174
3245180
18852660
12022796
5199698
7022468
13057183
2667011
13793861
18405409
17540282
16025242
16135083
13793709
19141619
10833808
1708418
12971934
18767795
4929421
8170953
8895105
9463778
10856835
16917654
6855289
4882719
4391335
17482237
13087170
174469
14786916
17405483
10353729
18325613
2532686
12588608
12535312
3010267
15652157
793863
2270109
16243624
5301274
12085291
6169684
9949551
14662535
4800981
8396226
14825643
16674119
11337452
1132026
4497653
12526319
8733052
11155550
2740403
1218858
15041687
9180741
15821304
14872797
15648659
4313838
17405957
16296451
11741449
740158
18768534
14852589
9544819
8597476
13235261
15306294
1368703
76862
19196892
7486863
16418775
13693617
12176466
18171134
10282512
12702103
8309453
6037731
13997401
12919662
4757555
168890
11415620
10031003
15350378
18712208
10455926
16665799
16887918
16248861
10555340
8694595
140865
12122062
7228773
11681936
13992940
11765378
3018087
5503275
14670398
16131179
1934642
17357900
9861681
4244780
16588240
13273328
19163714
13828510
1504042
12610090
2702050
10586950
18935077
18044580
1824290
13567066
6110459
6716860
14631532
16316815
19349360
7818930
17489123
13346932
7187385
8489664
16454981
6246909
3568633
15196035
6269498
15573399
769660
14471890
2964604
1283267
10292823
6553624
11126460
10277093
13035013
4017471
7286196
3891548
11934121
12990968
18295535
7677181
6727501
6812602
18187693
4525964
18515083
7522996
16251952
940476
3444568
1258946
17860948
5878772
12949912
9681146
12608795
17369931
2702604
15770980
9516808
15730
11402149
7108988
1514433
9143465
9966888
13655229
4956014
2780476
6263467
10006470
8849489
725073
7657520
9188234
7634013
16098143
4078428
13516543
963066
16925797
6192571
8179802
12629977
13463519
6978542
14721353
7853123
2686873
2892368
2407819
17861298
2258683
15025638
7219205
2710988
7186412
5915298
12833082
13290988
4061931
2348950
19021256
12451061
9442914
3633343
13477471
13658614
6512632
5847508
12143264
2819356
10612590
19084798
15792162
5610396
4291668
11828984
5445303
2709113
633685
5265719
9165629
17431233
6362763
19187445
7761444
13255425
1853367
10484132
12153269
9494408
10789573
13911450
18333590
13667838
16480712
6153500
38887
2216812
13118456
12418467
4910732
5002193
14793130
3963178
18048631
106092
9718836
18063122
12903485
1085990
18262957
9338185
8193325
12467339
15857614
16637313
18985693
10242497
17578096
17601820
10520818
16481736
15314276
12180090
13628951
12787436
10918581
6980421
15189618
8116263
15508875
947554
4837100
14687038
13604342
19345510
6562608
7156383
19160165
2088836
10776202
4319155
11364109
10916013
12841646
5615117
16942755
1383873
17605217
1096360
811080
17700729
1376322
1050377
19145047
5172067
16957819
2802318
10831547
14242064
1802699
18705375
6703212
4851591
8124430
4971496
18068882
2997308
15740182
14841010
10084728
19220190
10837510
5748992
11856796
9981310
5893438
15846395
18456331
19264489
17603575
19120704
17915683
15564256
3452559
14866265
12224058
1239291
999619
10009710
7538852
14834646
10580945
255253
6142710
5127121
7114852
3227872
10796118
15879992
2527037
4335736
5886931
18739738
17739092
15370402
10884980
5988950
16126357
17219164
1348806
562856
14191682
1572954
1863735
2213267
13866646
2214348
11583977
4048511
18788766
5807135
8691936
3977360
12500402
1438374
12214541
10594860
18584373
6460381
8516598
3147300
4480182
9876530
6378295
11750142
17127582
11549353
3163681
14087038
3027482
17659389
18059121
11978415
5589846
19009388
8512828
8341672
1309120
5776842
14716576
13334942
12666734
5777098
9646357
429079
737539
5754160
2078262
15437073
503736
18000068
14652543
10613578
10632486
12712479
7109998
1564081
8521871
4864292
15387918
8932605
10593080
16933271
3465587
16608174
17700268
2735986
11508634
5857715
10993646
7463014
3688585
12237655
5039559
3892197
16234354
3184003
3773961
1961732
784530
7773695
5891119
463600
2027117
9068405
4190608
2245705
4059701
18949267
12154750
17814648
5467018
13344907
18593003
18613139
3623077
10366090
11102341
4045620
2169130
16639529
2423455
17679926
13886838
379093
18001774
12796159
2399473
15360266
13954150
18204468
5746578
16182715
15632993
19141413
3532241
4601341
9450956
5605054
12005786
16693381
17105182
4737417
8245367
6750450
7510798
18937458
8196960
12346350
1622165
2372741
2752690
567899
19038153
18974217
15863158
2641507
18202010
3555006
9613688
17131436
1095011
4488703
12650474
11031652
8213993
15810725
10479093
10641113
7859872
5791906
8448014
8878269
16586620
8667910
17913491
14524449
17315293
5824218
8117196
18937804
1218126
1662011
4064742
16396646
772207
10831689
12387820
18954112
983531
3648522
3004498
9423360
15634710
16199750
552559
15456418
7950852
3210723
2193099
16865141
8565287
17663642
10324778
585708
10712618
12089273
4930789
17737490
3129629
6455185
13396599
4181481
18773342
11116591
4008826
19061634
8371694
8739297
15949613
10920172
5897350
6164749
8870801
18061830
8248898
15225373
13263318
8969249
14005437
2412995
6540363
6503116
6951024
17595506
15014919
10858666
7483180
16359142
2864428
16831686
7041843
2280008
172655
17595246
1268433
14629529
3112020
16811523
1365484
9784864
2049370
5719057
15799389
11528966
4798512
17163187
19103474
9373860
2428886
7502320
13345509
6828394
10848198
13975896
8635863
16539315
7994238
8535032
9317299
18467958
16659031
7330135
18895112
4903126
14483226
3816911
11787582
11210694
13285690
13529965
11869013
8403942
920545
17996203
11785492
13308190
14734301
11601154
13911888
13484029
16014123
17253151
17552532
12192421
5981658
17984369
5745553
8886281
11236001
1987164
17456383
11755905
12206910
15078201
10999082
1796069
9891222
16141155
18701681
3405284
12609419
13232811
15978451
5495893
3261902
184338
17279839
19133809
14947031
16018738
15291498
2345239
11271493
17451701
6446868
14978915
6748367
3758389
9313435
17363634
7663792
2378182
756822
10410841
5186979
12741465
977925
5009474
3531735
5468870
5310371
7113526
9970909
15794112
6099592
2011630
4597308
1261101
2365848
11125329
3270781
15723334
15258372
14176116
10703334
1212016
5665479
7268271
13978135
5458790
16606812
16612952
16551203
5898895
7956452
18061043
9209730
14869056
19059104
14301747
14857961
8876260
18897472
6482816
11196804
3362027
19005783
11355517
17350321
4526052
15226957
6978203
5020000
12569893
8510637
1958600
5117419
206689
10021460
15248721
8267588
9231454
8656499
17850161
16049166
10970934
16885477
12791520
11095
8706381
14764276
8375145
17039456
15535444
5360571
19201288
5371707
13003268
14012097
8895655
18866052
2657064
17827567
3061400
5976011
6827485
9820678
7752236
9822639
790006
6592221
9777427
12542289
17045566
18848222
1781182
9483376
8179096
17387245
10995950
11026925
17112370
1538111
17198169
8687274
11717304
3712728
14359590
12020753
11355033
10428089
15804652
14564590
9523619
11124260
16107313
16364847
9030672
1160014
45211
6131255
7430193
8812743
10761106
6085727
10669126
2277475
17847426
15035708
18158413
9457839
13188757
8425096
7704345
12008978
13687684
17580088
11717695
3931501
15576102
14673981
18788008
4680391
16340815
12518773
617125
14947299
14843172
2899417
11613359
10592469
14730149
1344465
17503617
7007168
7598302
13516956
3479063
6913124
370488
9733317
277030
1179779
12620949
8007795
291282
9756183
2003986
14927252
3027031
10895711
17693167
6269235
2586803
1393516
17035601
17077709
1857476
4250703
6052805
10268894
10972390
7722981
11629701
2510198
2051641
18568715
11670005
13105747
5159631
18550709
14995905
10152773
18772035
2864766
6003809
3247568
5252688
10468276
15117623
14641334
8308908
14823188
8593634
3392631
18896040
11308435
11024904
9472120
11161851
17689825
16522730
8462191
4194877
12420987
8723731
8305895
11932621
12479296
15993380
12890395
19138675
10654676
4148964
14048004
15495616
14895534
7489945
9971355
682905
18177973
6047700
4916276
15287148
15168737
10251265
7947457
146584
11218617
10832928
1223196
13494948
4101743
19098461
13772520
18371903
15604436
11672516
16925764
11224159
3862241
8741431
3614208
14519061
8613431
6558058
5524261
12736166
7195510
2447192
15126629
2890825
8762501
12548549
7339691
15022152
18392649
14998067
16806926
17083670
6731184
1484736
17605966
5089841
2017562
2100004
19329677
2903814
6333812
8184333
7609950
8703181
127999
14939688
7518337
13760803
18722549
3077069
15493074
4304685
11568229
2578080
13434671
13100349
13515900
10225162
16098764
19192517
8266882
15322189
17361242
164880
17350712
15505962
5120164
18473749
13649730
11145344
13177401
16990632
8056333
10553800
19068382
4250734
15577139
4441268
16151267
14417864
9392378
12914994
8753551
16351417
6945718
1733046
16361586
12206921
1958280
776575
354812
6625539
15855015
1855280
14404717
18236964
379769
11858358
3819884
16019099
3089011
2623601
