#N=1200
1092478
370095
266908
1094702
1243114
1041007
1009931
751463
932002
37314
611212
586354
627907
372862
1058664
1238452
1420453
937187
503711
629560
173195
333642
845758
380528
1210142
752181
679455
1116272
228651
306080
1004056
1437777
1009139
1108058
526928
933808
109005
972617
140251
787804
1291564
680506
967691
1271613
392410
121476
1176898
1233050
763992
170069
1223802
1232667
563501
535734
143230
536027
523530
373374
112215
230875
736942
338155
1353006
517487
999053
1436469
793557
761202
1121053
1341902
1260114
462108
288096
1288372
94715
1041517
797485
1006829
451405
1413483
48724
688068
91593
27474
12204
1209857
423811
734812
1076433
216217
317869
661612
779103
358694
1163931
237851
315415
1333813
941089
1101102
1053806
413899
367393
686580
490887
970044
1032269
1266160
1400261
1203337
324046
21250
675864
321737
1043664
1159550
133424
649751
416942
856978
1319272
401332
1379839
541252
43279
1270119
736763
654314
722164
969347
1175865
367226
1363013
1279507
96467
1106885
11939
271089
1384271
1379011
527473
2309
417587
1398472
188313
836070
1184764
1158604
1212636
15610
917140
778020
800210
551877
1244490
828965
990112
209573
1360607
354938
1046335
338515
712915
698285
1267568
267535
164771
72929
1183617
1381962
1403581
1011158
1253997
1021518
655865
911867
65590
1169154
683621
434616
1097558
365263
1415688
1411245
3922
37073
908359
635174
1045396
24248
84179
348050
510948
445380
975671
1194639
523919
222810
551505
614615
127965
382063
355293
784287
1398084
926712
228246
73131
513752
318358
901085
1126314
803498
380771
502886
808749
431678
1326268
993151
697346
1395458
1078800
1254537
756310
1361461
1195018
1085290
351461
94845
611599
259322
1225836
866137
868582
556041
1324953
855116
352045
1054204
827439
954861
962471
1065585
436906
1389094
1058775
1255598
176489
1370811
356508
1324967
639148
1157340
501676
1111020
12156
1100173
915848
92139
751167
1185463
1272897
669795
981185
455623
203996
712906
469834
1279342
533890
204011
960112
1013377
6809
621308
214761
1127965
1341247
291523
731663
639169
1265448
968128
1145183
841504
637329
362174
349006
1170386
701399
81372
646435
1259431
465799
268279
1425790
806812
621173
707979
319230
960513
197202
780960
1240773
318845
720062
1363239
396301
702078
466076
1203536
1376143
423944
772956
1225166
492498
906943
102932
709791
966108
1324126
57730
378156
1273642
1098988
89263
1159967
929739
102816
510777
978270
1159741
1318357
503055
1317534
1362545
17983
1339320
1074923
1208093
42132
872736
593134
373603
1306014
1122234
224864
382992
660964
1094218
587952
50483
398743
731050
113675
611406
1426447
1091347
1391469
383076
632421
917372
284364
397969
485072
420371
729778
692048
1297188
202187
1057115
110686
1006723
910901
148739
1365179
903427
1012804
237196
610480
695475
1296903
1376809
229494
744603
904486
659937
45527
458926
916254
98712
676608
432300
1303994
1108192
235180
1005340
969748
77090
1186502
1077621
146214
1401948
83701
449631
1018093
1127982
292946
317329
380294
673672
908138
552300
472323
1009557
1141233
887717
1183684
1386816
224474
483954
676876
10573
639276
740810
138443
600247
1258839
334284
1370877
1224555
993920
138739
826012
395720
156685
700764
747688
61431
849192
270151
201348
1338581
851068
26763
268030
196573
1105399
699729
1152097
213901
286835
1376066
1312131
481186
921972
246316
669371
34283
780365
234293
840700
598200
424211
125248
90188
537410
1291573
919694
1300084
1392768
859084
616742
72707
1096651
803522
1008302
484477
891498
855051
218188
783928
247806
454094
1065814
1251815
887689
1348109
877235
1075741
182165
1250083
1157609
950168
1326802
273676
1052652
1119484
340961
60610
683342
1320061
1202433
1253221
946563
1054331
354180
153250
708446
107570
1049402
1204095
160270
435991
1006406
1157706
374580
254105
1165944
1067153
360288
1114154
365438
883933
339673
649474
1372715
992041
436142
903058
298178
1312279
373498
590259
1341197
1235469
345885
246610
543849
1386509
389457
613411
197689
442565
503568
1194458
433918
747428
335973
493947
1143872
916356
1216638
1155964
951219
787633
655489
469657
693863
1006021
971716
150076
1411082
578030
244373
1094587
691620
841534
299310
372595
1188820
1386892
552000
885389
450804
1196140
858484
1379972
1043557
859618
1159467
430064
407294
429005
500475
481561
535926
91624
1380099
985944
1034940
393686
1345703
316495
328566
1284997
1237434
761182
94871
352418
1260596
303431
1378245
795860
469061
510832
594740
441023
662662
613493
894481
730462
371746
1365733
335235
851008
983620
989983
938842
1428569
1080242
718445
507277
502863
961218
1007385
192281
1327173
940587
1231441
414174
906892
276526
1309570
643277
28038
1288171
1421248
1428699
1372201
683904
968749
837383
1402896
824270
785253
354322
995052
351898
220397
1363449
577378
199383
939893
752739
76202
508954
400841
912999
475852
1397072
986762
705772
248488
21399
662030
481497
358126
737344
459950
976975
1163166
586636
52130
50729
1269219
433355
133925
73759
1214520
463171
423556
266796
123181
873095
794055
603204
33102
443770
368394
212237
1148584
1407520
43741
209148
105429
366843
21546
821152
1014179
1313315
924845
114592
1199575
1058775
1356805
1195459
1100993
112911
1090204
1389881
339990
1432619
912742
1402134
839993
350285
676967
263022
1177344
843032
168495
939436
1302090
119055
629758
724278
792665
148232
338464
899586
555897
1306070
639945
4115
399939
246050
105255
1151113
1212922
99742
477138
820013
592626
1004614
725167
1019127
1055099
276092
94527
237908
980942
491597
751834
1019969
766390
481526
827970
1333080
34491
472395
701798
551782
1348288
393894
1338861
1130984
473129
447670
673974
835065
947117
1354682
94846
15655
1389516
891231
924600
1259348
1177308
45086
926074
1400974
1165208
712465
634156
1315468
889192
797732
631281
922710
1006265
307904
652922
217303
362922
1333347
457010
80221
1382711
1201450
740219
931461
407322
1085773
973213
572325
156080
879514
333273
1216335
319879
655766
1208975
291896
1263274
278580
684187
1406482
1231468
765534
269788
788961
387139
1201732
1200294
282701
1390637
1137717
780003
451250
1236285
96603
400405
277154
1371849
93699
239052
379746
1001791
1117508
7360
27983
832493
1372551
49866
298948
487113
1358653
1136694
884664
378395
508057
1028668
104438
253252
504734
1384856
939387
343589
1125557
493001
1401288
606911
306706
38102
992103
974065
561545
814543
973808
727171
516966
1418117
975702
1327595
131214
602255
1042450
1422415
628637
1295997
716114
696961
966091
601740
753866
603301
259299
888542
824459
960802
628452
1363186
1054809
1214799
1358715
619716
257
276530
739734
995692
193626
629372
1286903
373446
285145
590957
415775
188610
1148457
1371676
772063
114374
385252
804946
342441
307481
1218843
1180654
260090
901274
1345994
1295811
446628
877250
1214542
84340
1319983
444566
525061
110362
1148789
1260181
786383
1138103
399828
538692
1324657
484100
856548
1034083
1428581
409273
214090
519928
1026104
601787
47390
317568
276817
846437
896803
910901
81269
362287
997267
769976
1436
211777
735777
704881
1206136
452843
1302510
247691
1253447
1355729
1122145
290574
495519
889431
1262149
908653
1265327
1052304
914694
708536
767127
1083111
1302923
805917
765168
534516
1353634
1193451
803008
1227647
34198
736556
887799
282934
842372
958445
1081554
1386782
565546
962872
1302366
674871
910583
29023
66261
209845
436116
556791
727334
1271584
1287771
1401210
317942
768407
1334441
1011718
1171509
568144
1159252
66451
339848
1191265
336341
1369354
1083538
895591
835056
118681
526572
1330676
52289
1273343
1050766
1142894
1032908
949471
1364669
604532
1151178
766124
953642
519364
508926
746225
1036899
1208453
294623
107213
228296
1407988
172267
852651
549883
880751
976455
1407014
369018
944380
66392
693230
722067
791553
682592
543452
220382
428375
240450
598545
1090891
631814
699355
207417
1364623
740474
893759
1371842
980157
768792
1374947
1257803
1300262
731516
1316197
582870
511733
474232
1340622
117945
664470
1156997
452794
620772
1013328
254217
303001
1061838
1219642
1048637
341347
883474
707192
1398882
1195816
434937
202474
567123
1436896
1162355
908531
1085588
383763
717391
219783
1284122
1124406
835944
251918
625782
1105152
43698
143669
640734
317770
393647
916733
1136522
1162648
336167
341445
382466
129815
714411
198564
1070849
438042
480120
1098593
793465
1220749
633297
865804
981799
35142
823840
1032203
498624
172949
208220
482113
906574
168085
192179
1164002
1063406
671000
1022722
795076
780182
206352
69191
626059
498967
718526
1158445
414413
1084578
1141529
465296
369817
681107
1040312
41964
1389596
976518
1093047
1266140
458668
1148533
40135
289934
1182573
986836
961180
583437
710487
332975
816370
725885
596280
1147386
1232823
1349772
526710
1073948
459073
1389118
1156918
460422
1307142
327853
1173668
63793
