#N=5800
29510655
10836447
425827
2468656
15022807
8742454
25794174
16485946
17790560
13661258
29771006
119354
11544778
32089138
18055489
16700219
6969221
15545897
22539983
556542
10247019
12529696
20860828
25071214
14746990
25446037
2743330
4369154
8310000
2812394
7930701
27041999
23977225
25323374
4838067
26700445
19115479
12132915
20354941
17671205
2116480
25845453
10227450
28484560
25119917
2509592
27800237
936262
5298878
4533870
13335715
13339390
31422707
23578376
16851468
10377836
17136037
28094520
24602037
14908001
12475170
16247328
16727516
25440364
731479
26345152
6345504
1444273
4540019
22673072
1967339
1795505
725536
7717858
684323
18707238
25374299
17789950
21240548
20123072
6751164
17920924
30127923
15568455
6442338
16920532
13939383
30391621
15619350
8354709
26344070
15198391
10039432
24022365
19094860
32927207
16328717
17312433
27640519
30908098
21947536
27889482
1111182
10181883
10507144
11057957
31106691
33414811
11038786
31483209
23635150
19346293
11478585
7730975
1629072
4214302
1301182
5584674
4047551
420959
26478862
2321705
24267116
10752226
2217231
1782427
33450273
13584204
29004898
33391037
29796916
6289237
11905922
23693226
7238777
5255917
19171
27787066
9779661
19856078
20004624
10427759
12240805
7264283
6429792
29684399
166751
29043808
7269397
29889431
4317428
15726635
104473
22484689
5465538
16796612
6417530
28222820
17427289
17239245
21485115
627274
27214045
1173589
18197639
13091711
29116257
8326678
7782442
32991903
2138856
12740341
32161551
16196407
1621115
5549569
16938586
32080906
24726380
25182762
29784957
9996324
4784681
11471446
16067159
5406303
33009324
17341870
6737705
11323599
18188785
14835110
16069636
14122333
5697333
4394545
33472854
24287938
6187821
28682102
830352
14106034
5642809
21135566
32897822
3180210
14463189
25395824
2295949
9253640
14921665
12837095
27569166
33018379
12102122
26888874
32308598
16209309
27316670
20066180
28893964
4066451
9137777
6198675
8813064
9572979
31846724
4790751
23457586
20245372
17562877
7858370
14848212
2462599
6672377
7501998
29047846
33373134
4997743
23098854
15324475
15543287
734973
28843877
28873365
24056398
27735789
6766002
20955346
23250218
10928403
22695289
28893388
27728382
2515535
4022313
19755394
11601352
15391459
15599216
33560745
15100277
1185993
7346214
1578338
1462828
30667840
5948991
12572242
23094456
16887465
14644183
14833507
4842160
29271673
22107363
31264636
4485570
29477599
31900058
27996831
11363606
14703337
19394659
2496572
19077768
16794438
4156178
6204192
28454767
8936806
26214530
13521939
27886750
4841959
29269348
17054170
7573383
17225111
31568060
8260949
6568889
19012511
20889728
1741108
19309686
26269765
33004579
10128740
12637577
11720305
3125756
3390617
29265570
2600220
31980395
7397160
16503256
23382956
13629662
14932828
9213641
15896155
17892592
10832580
30908577
6567821
19126111
27476019
5179805
7079132
15534806
4827781
27866410
28259964
2376530
3704530
13632187
15807858
7002983
3770544
16094736
28689121
5050223
16391993
19736965
3121023
27407499
29734013
8692899
31373508
30680237
32021062
13151163
5848355
19870053
31596143
1388015
6570563
11941213
352024
12852723
20914842
30614835
18685463
9151361
14732257
24865132
9861643
33353123
11953863
26883906
33342743
8952156
30092785
22624495
18166536
22591708
24197575
32693777
4835422
12745929
24831882
12151008
9718605
4460339
7823074
19654930
29199576
27357840
24666371
31540775
22330845
6287065
10406162
21983916
32929718
15019135
12911268
11141322
28173964
31165292
24954706
5241832
24425620
2024660
26590505
13636344
17756286
11451646
7861895
26324415
31190909
20371542
32491519
23703676
3424348
14105235
23152143
25822386
5026995
18379306
21134613
28510513
1520932
29027027
9072648
21788396
15008756
9909561
14350201
17455716
6739672
22930045
12291328
5312860
17908375
9662443
5774448
19595456
8424321
15653938
27472897
7487233
11470778
18386284
28715117
5765547
3601823
4772837
4687773
4680067
11381958
20271170
19437865
13372537
8541855
27326672
1961778
25716624
31333474
25060157
5164388
1426811
33185255
30792470
27701997
31952920
1238121
18284095
25762560
937088
32346745
3610197
6935701
5705230
9308044
23942280
29241359
27085341
21554464
12580187
18882202
31649422
11729315
20274778
11410758
10988816
24156783
5065206
20552236
29906662
25514903
2535503
7364815
1232334
29554348
3941485
713944
301033
19577351
16675947
22164972
26641514
27942153
16633422
4627456
10386288
30551400
16661172
8203139
23545043
850872
32247425
14762247
28904084
24281580
869136
24076581
27890121
13190304
18016732
22541847
18806152
1144740
31586915
28681975
29253315
18004135
12201582
11776062
21099422
22373794
55134
16537642
12079449
19722022
21606285
2183149
1529941
10333883
4119299
3306380
110373
2489428
13893111
4827503
30031460
21318832
6059848
5348274
22547737
11395576
19118517
23764178
5531426
13582780
11003976
17477252
25068298
23467789
6244512
32725364
10294345
8496696
28571358
4419884
12715665
5795985
26227435
31863562
10223510
1629870
23053269
28922871
621553
26214280
32407655
24683185
26934680
22827857
14393342
32423559
387734
59321
7283786
21694174
16678067
21176188
5756324
20506518
7697028
25911401
4154006
398044
29421032
17298957
6356034
14492104
29212476
24597564
8810292
9464223
1008317
25002574
30155217
9578369
27443184
4103382
4813427
28151122
22440122
8857605
19663357
12333561
17021255
19747598
15937850
24335133
8002744
8008508
10876096
1822567
30130370
20495050
27682011
14928927
16250065
15398471
205396
19748253
18112831
11971303
12949007
19593533
31199391
20575418
32928527
27455647
15303261
24119406
8487764
4630145
25476351
33555760
30035711
20849706
6268438
2452926
13459037
703761
6041723
18544631
7780557
15201442
4244984
6807124
9247115
30141813
25449224
21874094
1322829
32159299
8935497
20537174
14828591
31907328
5272157
8809120
18967883
5196699
26806640
8572005
8234435
4626645
21810906
22106369
1914253
88261
24574788
23077990
26563204
24480281
14299647
973433
477911
7743172
9521484
21013022
23342568
26929926
7462181
14425656
11854292
5191753
9788600
6019470
12939445
75458
10166065
4919461
25125849
22179995
14924684
14291651
30875976
21722645
25695165
12476264
7165057
94507
8778343
25589771
24002370
1080059
19615534
13104889
18040605
16231559
8074425
3440495
15075633
30434012
32800641
358406
25892309
9713142
29493406
2543568
3113193
16149655
23634778
5357782
24944019
26842040
22236486
12923296
9081171
25600658
3697920
9738871
9732137
2221868
497821
5421065
16679455
3383974
5030464
9123693
1155926
5803998
4279855
9240811
4541703
23087498
4505001
23348741
1123533
7867334
12548791
31395412
24845637
24956322
16761297
6544307
12284453
24799413
9225376
27505885
15868521
1476052
9241050
32474657
13705998
30753847
390601
7555761
30391633
27390051
4843838
20078699
1262294
9355942
32899395
14832963
21963965
30277667
5323534
3368122
11185282
15756053
9157699
18301330
7195453
25601885
30958932
12942153
8930892
2272908
18264834
11557448
15933638
6650788
32084056
6150237
28525799
1164135
30875508
4836518
26127756
23651481
20819305
14592916
21031977
2621728
4033013
13119427
19092385
17731065
22374008
21047537
8560600
17195815
20982399
22416885
11194577
23209608
28317319
25537028
14502854
11614046
13113393
9783401
6288574
25443505
3438313
18212865
3199963
7224027
17657214
6058424
2619503
12721161
10559902
2436134
11692928
14465533
24385420
26208432
9170465
5178193
28228723
19783715
524822
31412792
27739567
19297549
3230337
11226857
6947219
4719453
33489057
21309888
868672
16239294
16767126
29854287
555651
25305124
32768109
4936053
29138523
28346954
29191818
29734370
11690714
19124496
33458652
13730811
31619710
23026751
32816956
30455932
20207733
9390857
22706038
11036294
12350330
32150885
11377800
19277332
32014366
17249763
32706347
4654386
15683643
25102003
25249763
29259599
29806602
32584739
3907820
27567737
16656240
10067321
24439303
26123488
15668371
10431901
9077440
1163777
30982602
23426098
2273478
9171439
30680528
24195154
33298494
21236583
136519
27768038
20210985
21883564
29729705
7604344
7568208
20064045
23458986
20828608
19875363
30402449
15928499
22004083
3128434
18696337
28038951
8530985
17046047
14504594
7612884
19291343
27053884
21811163
20909155
6241909
9512946
3967529
24058634
5530456
1025597
6416540
26201917
12606641
14315356
9665660
12308943
14903184
28352267
21220121
4900109
31511280
27274015
25395747
27605133
22761034
1650289
8057941
29081686
25918289
21090710
19441722
32022189
15335559
12298217
11465209
15823275
3982489
2941932
17642094
7492124
22058957
25741185
16536257
28461282
27575756
9476978
19252407
10003075
30480987
27586107
7667946
32069732
32676566
23745458
19547192
21842932
3895585
20607231
9639964
27536101
278735
7143505
20556979
33152285
8315727
8523277
31821182
24653950
9046559
25540909
24595868
21761260
26329014
7059278
3732459
12096265
7159576
25306300
2335129
26574840
23073126
12086073
12522539
5357217
19849873
27103546
12202968
9999484
14852080
30660044
6979122
766451
32467778
12033702
29494687
11825362
27640303
6280273
58082
15448884
27375480
12060173
18028800
14232749
28063287
12066160
9761136
14224736
30396759
18412640
8575885
12239493
25876201
13582578
26794250
9850388
12251465
9706508
31183947
14085629
31832267
28585421
33075349
15166000
12556984
23214414
11767279
6715002
7068377
16161494
31060085
13142731
17636887
486224
32635198
8362135
15309402
19512080
5648851
12680850
26176440
23156891
19085243
16025813
1331113
11611326
6830026
26329421
11514242
2598526
14650281
11189850
10552021
4384519
31562306
5841981
10669621
29245786
3818502
27565647
26688192
30573860
8671118
9274752
18816823
7646701
2713283
30792137
26975641
10655545
27235607
10150627
16349362
1997501
3719371
8641693
97083
32395084
6202724
28487977
20210090
10265762
7791129
4710039
21878483
2316519
30187064
16743975
30721179
6884643
18894528
17413440
6280621
29188002
1085052
16188271
14311061
25697739
3556529
16825014
22469767
19761690
954840
7707669
30064003
33127872
30602554
5249107
12184994
29576963
15220431
15500051
16550864
5474610
2686560
5134508
33398926
17826005
26013031
13307739
604022
17870111
10851971
18255934
14876941
9027314
12631742
31126047
31391557
11958424
10393758
14762098
17861272
29630553
5268700
24814895
20942878
29189176
18192261
24848528
13026099
9745821
7337074
11416356
239269
18500556
7285061
20091186
17221983
8142920
30619353
10511672
2993170
1824657
147776
17390894
11275758
673317
15255873
11153043
22260737
8926790
4016981
26686377
3211259
9719525
1146218
29734351
16163077
8446439
12035037
29773328
4030136
22476519
4131294
13788083
1278573
27305726
17635418
1233894
5149749
28794695
4887480
13765861
24188900
33114460
30298606
28286300
6576165
852667
1659645
29214361
239115
27937457
20063743
7116908
21720033
20863364
12222898
14553334
4416303
23198519
25642033
18405638
15721529
4989153
24316250
28208264
22155977
22480724
24509999
19547473
4605795
5413021
11630839
24066185
26538295
29445939
21150238
11001805
28777137
7362189
3674202
26762207
741007
27363964
28534011
7166699
16447061
17187963
22551301
14174250
2000574
15176464
22252973
21153266
10996761
1835526
31861849
2608503
17874929
19096978
2440218
8703194
12514727
15824901
31079532
10060074
28832387
13788049
1851187
2014929
1144766
4473823
26391781
27214309
10916903
5869632
18255399
30436396
9710973
1898421
20084862
14487308
4179703
20417447
17455002
8388257
17600598
12764871
168285
3695318
6582251
14778902
11263663
30618238
15156098
17291483
2732471
26817458
7166867
31017365
3786733
7570458
27196921
20522149
8958910
8644092
24322243
10880562
4875118
28863666
31358718
33307416
30672307
23955031
2816849
32853716
8219972
8428863
706203
13552968
26071656
9604014
33262804
27612181
22409351
16502225
4648200
5355107
23030724
27759994
31984029
11428169
32251549
13076413
24363490
26241933
31932559
29098578
13161844
5207703
26354943
1927271
30490567
25982176
15735059
22551570
32147512
22830588
15997208
24742190
13930165
32099475
15358248
11284163
17487565
11577828
27111502
5051791
7011079
6126139
23672030
13431200
15228264
6009616
14783855
28904913
13080088
26724856
30907220
5758157
8357137
372767
19832213
2462580
27474665
21068055
6554362
7405322
8900423
17537734
3907525
30809587
9135494
31944005
17812662
6959358
4566749
15508947
15019762
21743464
19061460
17662414
32287346
19963352
21093112
21699000
26161278
1845515
12891303
30534453
19565944
418140
1061687
26927743
29548219
20069342
6691216
22656629
31661382
11730837
2925824
127105
12996925
30339720
21900840
30467300
25579597
16463286
24611072
25520933
23096119
32738109
24732886
10588346
21965659
13771181
3331281
29266826
15919572
12473162
23996350
20801786
4509922
14632345
20236527
1415174
16571545
28600379
14254389
26057861
26897497
6226104
11866265
16169626
32923708
5437554
379812
58664
27007168
25512964
28951631
7031357
10772450
5485289
7257065
20862418
31491610
19021703
33434061
28757786
2486824
9364004
565259
3094747
26224385
19799732
15324370
24153685
29866467
8028284
14191595
10727871
1465981
952295
10313398
32865043
12070387
8506849
32910619
14499395
14740514
17989926
33414293
18073617
7633680
16398946
21068358
30897408
11058463
24070056
28192527
33032078
11303204
8929112
15933962
2070699
18096850
1819670
9962090
13662179
6562303
7762884
414473
30404524
17045492
1806549
28118009
31210993
27406336
9444277
9248687
24830482
4879829
17015346
30645260
10376273
33504068
30638302
2704881
11666386
7290436
13786999
17098116
9232505
18995846
8637876
25748610
32598256
23420952
30362790
13247706
9797780
24357393
26771509
30450099
19474500
8040214
13197316
21962306
30739439
4564447
20396925
27825223
28143557
17151279
6957
2194975
21837682
17871450
22557883
22731855
26221516
22954737
2983824
17123895
14561175
13380509
29025821
19350550
13623172
528981
14639781
7511265
4882893
18731295
11776367
25675778
5464360
8632869
29728966
31077801
4584475
3245646
27818265
25948582
23477181
10299092
13277093
27269412
19813519
27766731
19748031
9097620
2917146
17766900
21738075
28850626
33397338
23020423
32874353
635490
29286089
29548487
29374899
7370699
7790519
31307083
24110397
2550144
4048394
26483319
3259535
12275894
7932050
12042757
7195073
29847770
18649157
19150363
7521381
10715899
19373169
30144716
15523130
2230104
18009563
32357653
29616274
27285431
21897919
3325866
4900592
21915390
16281551
26231401
11423887
33403960
27258689
31267079
32930609
25412501
13074853
19380363
33244406
11724281
27033601
21684711
16849972
2456842
27940779
11016666
23356354
17143064
6658737
16805478
6253831
24364132
4983318
20813991
22384839
33622530
15207900
6832775
5015087
16517592
32612713
8320393
473351
30009773
18192225
8073830
20331680
29514157
25986763
11559695
28514309
19100342
27383933
5833306
7264073
10797714
32521514
6550876
5412817
15934605
11822160
13603425
1979293
5000789
5606091
10075648
23131027
32330309
7860063
30334695
10567825
30766525
18291752
26039521
4201677
22318069
10250652
8771985
29163433
6886420
12339347
22681003
6359853
16586218
1475376
713197
33548482
16586909
22892301
19972977
13955312
6821371
7997333
20067230
10033347
6915783
30379170
20959917
16286068
5257122
6566526
18168304
26564848
29613684
10312453
29069693
21318221
31527817
24596223
6482429
526567
29393129
21205627
170239
11201321
13052052
5984481
13575505
2631596
16070930
11975643
22051667
24951609
1081550
23328061
17237015
18793300
19645631
14393390
26281348
12332275
10592843
7855851
25658740
8295463
6948221
32637055
9359375
31001249
23366678
18916803
28519913
18191808
2677158
22349343
31265816
10420456
23553552
1599862
8743514
19282906
5417677
32363607
2238178
10451834
31846014
2843624
20675537
7313356
3800547
18425497
14837119
2297379
29071215
26661686
27099673
9586972
3793960
18606157
30644921
5174870
16239645
694154
15089577
25896703
32435791
24189538
29840527
32434231
24345769
10019907
11568312
28605844
28681178
33034554
17939882
24532658
32683078
2250040
20639822
1503168
22994282
21815434
3361291
14007827
17391310
3017100
7105636
26782675
2366512
24474351
18248878
23982942
1898363
19063623
24219761
28165145
33483770
14344203
15389503
23903510
14978730
12173758
5189545
4148520
351476
15689842
3892836
25703494
7419342
26987973
26305461
3510039
4424124
344191
6902191
18772219
28814173
10794869
3057381
12023570
22575988
27348839
27926766
1896803
19219854
4399142
12775641
4103843
33005474
3215745
13237549
5353794
6345866
23139704
255684
2811567
2794084
5068448
33038033
3909303
17087433
25961270
30247849
19291905
33333604
24270906
10238422
16790602
21858882
3872127
12260389
15202768
8128985
23527624
22761163
9639595
33197254
9559896
19029879
27651679
25033464
23737846
5098110
3534298
20345620
23350821
3413535
32524782
21621016
1600347
1825038
31435528
20791250
5976943
3577067
16543002
30575609
889879
32693798
1179698
29383143
22372766
26081606
32129391
18493955
7724850
18773300
5545574
18166433
28932034
17077153
16022749
3392226
15387290
28284348
15984423
1729805
29976772
25223327
18349072
14449098
29488096
27858461
4248248
3564919
30850773
17489205
23919495
5146737
4844615
3261676
30893753
3878811
18356756
7879674
12948380
23198418
18004851
22108422
30307269
25539808
29853447
21378402
15571388
13657485
31947577
24401096
11544317
15527674
23898816
24130612
4724433
25923177
25171272
20399044
7809009
25704036
7168173
15181402
7892985
965804
18544921
17537662
24570432
23321923
18038408
19003543
21054734
26105043
20418560
8928867
4492004
16195962
17594410
19333876
30276753
10943486
502280
21053706
5326825
26139223
27122925
17965390
12637752
27630821
7754455
20791191
17811051
6202369
30276482
18518907
10035373
28862999
27662839
90473
30430774
25573366
32224984
12125867
16136623
32386183
19498042
18798129
19559210
1174507
18831596
9223047
5616661
2526642
22094366
15525020
13501471
33132105
10210935
25486562
4343353
29715670
24154710
32932145
29806997
1413482
24496069
4468484
26595810
2089473
29669075
18304907
3960327
33478802
26267826
30978495
12826973
12847118
33606534
10336163
29197847
10828538
15292266
18255226
22665172
17125846
5314085
16178494
23312335
14135265
1331851
5051209
28072258
22741228
8436075
25338513
2981257
22406596
2962994
8290903
26292731
29830274
20200666
6621833
15175413
7944291
31011962
2490810
11812856
17301580
23207482
10942620
21803367
26330005
12941141
1010262
27453511
19342404
14846642
18261126
14226592
6754208
30255135
2733744
14283555
19669480
16899103
28330354
24277450
6772721
16253822
14194482
14654861
12256374
9249872
12684603
24295020
8233966
7446913
870236
29138214
25041062
26165064
15316689
32516494
21762322
19803620
3715969
5115812
2616018
16169576
6016432
26110654
10585655
19474642
19593201
23555614
4649966
12076532
10082968
20281445
3997448
4944610
1970258
16124939
29179491
33401275
23424784
12735753
10569436
2868757
8345109
26164568
4402742
29153069
23324109
11170094
11711186
15709978
27262965
10145364
5583921
20181791
1041037
20670041
9348259
2040253
7996230
12532106
2602668
5138358
18311187
21512509
3928704
2208984
26340156
16443738
17355423
15079611
32554229
18044868
32106016
12832040
31004044
21396233
11965467
7614130
17547130
29729407
10126057
1604758
3627911
18553880
5357115
32640784
7197395
24979738
27601170
2857871
27860920
14730159
29373239
16102203
23335938
21124967
18493562
5784129
12053094
27474139
16613596
14245772
15204409
5233367
866573
23389914
3849103
15876061
25651658
10465956
20625079
19735762
29887643
4627128
5880069
8540962
33203199
32503109
30758818
12871011
1648217
6282301
19557806
8248272
31248642
17551808
3595457
19183007
22810534
25970906
6793314
11380229
13379199
25454496
1384264
18630513
25901841
21546732
23414566
5915896
14218313
10521535
8379277
15870265
5063930
1540545
11422145
20332188
30854892
24476517
21476789
21563529
3197244
2005998
32816400
12065634
22904859
11264551
6913277
11430305
7115291
14978819
9995965
28388686
27716240
8001117
23379532
19985945
7328418
7416615
25700204
26511633
5457605
1362316
4448120
18371743
4325654
15109213
27018983
3814946
15802856
13994375
22387130
24771611
12741140
21551849
33315942
11474553
32312845
20098042
1434340
12366606
20902580
30158433
5009154
2253879
28836283
10486501
27925742
8980370
1959009
18861472
22063513
15249447
30676663
17502492
19516344
510707
32946357
13024608
15067817
19194830
1253235
28998866
25095669
1266586
17402589
7741484
4563797
19946239
32835463
33079493
1881035
13172285
29485734
22686238
7968138
19855913
8527491
9064270
20556857
20349563
16348394
4561021
23896688
30165955
12719719
6491736
13606475
13751527
11771372
14232536
22262746
33626650
11596277
11877769
24866374
25619935
8546022
33287889
12588787
14186761
31757344
12834798
5204147
9629821
14158747
32543869
32939057
16341513
20879461
10519420
24616460
19822439
20004887
17404951
11083064
32608193
22883949
33013939
19652366
11784723
2636259
4908560
3283859
14139927
3331747
19742070
13031147
27999261
1530545
33393990
3506198
22127523
32316052
6300279
10330765
25980818
6187992
16943221
25365054
29220606
24154534
1735092
8739375
21036694
28161003
11709126
7479411
11099225
30377680
9267389
3024448
16659917
1576813
17181790
1108779
8972487
18211524
13277158
19016647
7566607
29241523
25369503
6320342
858817
28275872
27027545
28779349
10607386
26428688
23629962
20481231
3117839
7214090
30670250
8080867
11585362
9495031
26375607
8074777
8241346
7690576
19482658
15551138
20767911
27133851
21471622
18119424
5168501
12199219
27287145
1246265
22906290
25257216
12932798
5719469
17668486
28762442
5149387
23766156
23310848
10939456
23450982
23200557
23792313
15698803
9868845
3510584
29417269
13208614
16755704
26330209
20562666
20512392
22243100
2648486
21965350
3795987
24472280
3922235
17456514
30193514
21953468
17186820
7588730
12333941
28733667
27542331
5451593
27849932
28478758
28273876
20787144
2275763
7855296
14805312
14445118
24823815
14918465
3087060
26285949
29883312
32250694
12437764
32187043
18447113
6339791
18043114
19979473
22442351
10132352
269694
22604784
4143111
22093154
8209984
1405931
883735
27227157
10817718
1586372
26202995
20418579
505415
15994230
11195066
28050432
11358058
32177867
18675154
32639952
8371769
31336270
13803580
6097973
8667513
26631225
12061024
2434346
19709779
33477568
5989240
6340125
8918384
2737180
15733002
14622827
24228214
27460948
1024162
24039140
1080956
4732349
3747097
618568
32799756
12657199
9375278
12358107
18329682
15502469
13359955
2273796
17192341
20812356
22200533
6233166
6921445
12223457
30085107
7893238
19082768
31415645
18770707
27935557
6672551
21912055
8122249
189074
20903576
24455398
14815626
462388
96177
24729899
19406875
20441649
27967518
22036394
27161737
10579470
31950129
26187600
13713263
5482758
8414495
9977076
9788060
27191792
21304273
26833046
17286116
24787212
24743094
30498653
14336892
6483477
1008479
17306851
13537032
20441188
18882805
23725728
9219097
13294529
24925966
25534066
21443497
11911631
23726266
974137
30506208
20990954
12296689
31899772
29334699
9386288
22312804
16595015
4429260
30157062
2089952
20427463
4973903
12783201
24013758
30670042
21110029
14207292
26587631
23451305
5745674
5588275
26963347
11848616
20014617
13014334
1807800
20469360
9569008
30898896
16841033
26770021
25296256
31073986
9586968
12739684
33120613
20319326
14505063
17641797
19706743
17470335
24577290
7943862
25313173
9806466
32245995
31298725
2985201
20999356
24651542
22060643
13737243
8472597
10040815
33185258
31608911
32712490
31791912
16438988
5602640
13930632
11706637
12556572
26116958
17431226
31874622
15478815
612583
25198312
21228092
11762880
20320747
9294407
9337868
27654448
6821265
5770223
1170767
14564559
1785697
10702529
12019828
14191985
10503687
5491910
29556931
15169922
27109850
12384864
32895936
26686068
21453675
27915411
14321951
10638142
16818643
1199893
27890724
17013288
33041150
6457269
2425012
26306300
2473142
31731229
26483681
25896707
32148111
18631822
2544731
15757296
198842
1051501
18275055
23497349
12022061
11695651
15913987
28587366
24571190
4980525
12364117
5339116
5620352
7645642
10911003
33445356
29962329
15957039
9111859
6734850
3984126
4333784
33462619
10216436
27746703
2375443
23351976
16390815
12956564
29656814
31122242
4865078
22669441
1102987
7583362
11598280
15288046
10933462
16223249
13755657
27523757
32882060
28068114
338581
11323313
28593965
18857080
17751063
11972912
4778075
6912231
21931275
4750666
25610760
20504461
11355888
17582464
21858746
13432157
2615070
6987373
24542839
30921716
5594745
19454942
24813485
29015031
29695974
11573289
16981190
19327544
27185176
21558746
27637733
9645086
21735835
11144637
14079005
10838832
18205222
28190994
9465056
1426813
27034779
2551880
26809300
26087315
9490978
9394957
22529319
5333354
1392628
5087897
631815
10219714
17922553
13240196
6557425
4892013
18028114
29062445
25329812
12063674
27986496
11016680
29206082
5420587
26579415
14051595
1373776
16778409
1156215
1436759
2781098
29111048
21224487
11937927
3557996
4157623
8002328
17441422
32865124
19336499
15328929
21031620
31825874
7554123
28852082
11134981
13202202
488024
29239533
8836715
11021177
17089493
18077266
15154486
4046811
4324590
12895380
28100601
13997310
208752
13852273
19006756
25553052
11590448
3935598
14280158
4932500
16829414
30276078
6357088
21150625
2298389
25819538
15214477
27991922
22887642
15535448
32529072
17630432
6673624
18923034
29506691
13042682
13752675
2259106
4109794
23967281
7210212
14248328
23154139
2819284
30425410
15071158
11272894
6657948
15269769
12167665
26738996
29318790
27977689
14177551
5936148
2470052
31095481
33319030
23626435
33420794
3385408
8129621
21763742
21794526
5170359
27247585
3456472
17948979
23212479
23501467
28976727
4390927
17462919
8082981
25186391
18291046
27964974
27268814
8082536
19590980
17829977
7085029
17906226
20031220
11245654
6257119
12483618
31314688
24457205
10020397
11657052
9754467
2959262
22679742
18338054
15384964
4035105
8118590
22612253
18821552
6038547
20893746
7368121
27335458
8281592
26081162
4732093
8373994
9438837
29161092
29848339
25962341
29479376
11649107
7547602
13570967
9963498
30626806
19657635
9226322
7061135
17140895
25056413
15737883
18644636
4743048
26412712
13377138
2080042
1718507
5977015
12343090
7135738
14926959
17126949
33547599
16642325
3734586
12165656
11640080
33321717
12722816
18414739
10431992
29849193
10560797
22076917
737176
18089255
30680325
17809910
19486837
32136260
14836949
22965172
33431083
2663006
19217788
7400123
23376953
22746354
24690056
23379726
7228140
26448219
7915946
21381943
5002245
4052870
27606425
26865342
17413308
11037207
2377526
16518660
29112017
20635127
25036593
16567267
26766003
26707650
31136546
30161666
32345178
12173943
31910968
20554543
12926053
24635019
10873652
28160812
15518214
31881838
9987363
19486198
21445974
3863076
21939103
11776904
14803147
11092801
19011399
894648
15565191
15382400
25122068
7068334
22032709
31968944
19070722
30244338
22526057
13486187
31890698
6314218
32887890
1799533
9680891
12928826
9116804
12631814
18173449
29672017
4959448
647871
25710680
4192654
22699930
5369885
20929089
13908499
29167611
3628999
3936164
3020440
21513276
26793125
21637613
25428372
3966471
108119
31993640
10735422
14238297
24614749
30273328
14482648
26322730
25212662
28395378
7608372
2195950
12049161
32124922
766794
11587942
20340794
11427149
8791431
9842275
17300090
4495918
20670755
15755723
10783040
9546412
24248489
17350238
21529494
27074732
21394633
19509822
1902475
14102095
27919234
31932020
5060666
19727271
13237942
17540296
16346216
3647034
1429155
461219
11784128
17503230
30960096
10498519
27767060
4295512
17335105
1544367
21876463
11124343
19670819
21596386
21656918
25337342
29595606
30183257
19695841
7292538
19754173
3610456
3565013
2715546
13217662
21160371
3381055
9590907
10634724
10408581
20026491
17565926
31304708
1285608
23376171
26664584
21326999
20746277
10582634
6210762
15513549
280077
17631009
22497062
25640781
19637246
5641501
16826652
4952667
16085384
31891109
11562211
24032795
16044643
32974492
3626754
5049230
21136058
17728001
21232383
12743874
13264467
27829756
4640124
13598610
30793479
16081950
15116237
33396313
4826141
16743337
21180072
8279296
26157348
16855561
3337713
9208163
17719701
18575543
27030457
25692590
15846466
12227719
14929625
10995413
11838434
14062338
11980432
8392184
32627119
27042627
8103749
33305858
25199862
16721759
26645957
25560751
5779393
26536485
12216241
30186845
18749574
4324511
33105168
11472769
27299444
18402171
15817706
25667112
30892662
9326322
5286549
4851053
28552870
867286
27178565
3446249
9598804
18577806
28452020
27484846
30006350
19545575
6659900
27802696
5465950
28273057
13344510
9232548
2310494
7891730
25245262
7276805
5188651
14702997
29295063
1632332
15673093
1014968
14904147
26041609
8937036
4419262
5836072
25106621
19432067
8600759
3157814
15753959
16735041
8906445
20824945
2203653
8603208
6550428
14458186
29873403
20486147
5452780
12150871
28673690
2703078
5065849
6145327
31719904
32669904
22803679
14891769
17795069
20241517
10484885
14729121
17470416
13150780
30875314
16472390
3678107
20029303
27891370
23092599
14531387
28466821
8798101
15909052
6893390
19704282
3528990
17722532
19976042
2749701
1608605
17051947
32786760
6035946
16981649
16828135
9398419
30725747
32570469
31229533
2771100
30974105
17493808
29161611
9472673
5369594
22221021
8749093
5497916
27588134
14294497
26785920
16097015
17257404
6903645
22810859
27891825
779289
10637510
31087680
3602942
29212660
70298
10482209
24801111
19895903
12421250
11808887
22478230
1596364
13735725
1773074
21501432
6647797
6940590
28887164
33511679
22796472
22618181
6875580
6014703
25200678
14405859
26926156
17529164
6124356
12173349
30444146
30816347
9588435
31017382
21284318
4411549
8337980
31700959
12992224
25581257
10824886
26236747
20705156
8258516
1611511
28472485
20777853
6776119
12307703
792567
21159683
16781769
31057504
26109722
12728547
2195097
8281502
14752807
20725019
3471594
30748499
27590349
9532029
5176886
17202986
23223360
25059326
16396723
15399657
14919061
4876101
30729955
19148820
20396255
21120664
28475393
16164782
19985285
13780021
23689519
3375064
28689961
32216806
23385990
12351804
31615741
9633663
32973493
17644309
21298255
27579566
20095197
10387363
19948670
13757561
28969847
2347287
4663848
11520622
18309703
23933826
18119847
9609290
24313427
32395058
1135379
9218956
20638848
11133805
18730060
19636297
8152659
10861741
601065
8275911
13018311
13971431
21975408
5393927
25712697
10910892
7630896
6337636
9581100
12124967
3617296
17449225
17677585
8893607
21564360
3223996
33260400
13888374
2997495
9618055
6279793
18165159
24128897
1002551
31144731
7868319
19035232
33516748
26007015
20269635
19940504
2147968
16422319
5588100
31403032
19375061
29493377
23669514
30883924
20295460
22610967
22887274
24048450
8977172
9273208
7675986
28390086
23642345
2132164
18472337
13652743
5277242
15184013
16260578
10130904
31267983
10024889
26929182
8099828
23859047
3847316
8875988
4384936
30687258
9734724
2257102
16654722
3721501
1058547
2520234
29887010
8157378
13614066
16372464
8750671
13794448
67405
9917748
4513186
30494923
31451909
31032166
23309923
17556030
759273
16841723
17691739
19805843
23081866
32863841
13997694
1323642
32781265
30291419
14032536
536807
1198555
8658072
7474491
21064753
22546168
8038130
27570292
33459619
16305059
32472924
9281262
3212483
6629424
1644605
1708583
13895879
30272893
991784
33504292
14593431
27399858
18467898
331732
16281807
28246161
11869860
20931107
32244458
29092863
33538049
26702316
13773803
19751904
33076362
21658046
22726550
25373072
28737369
18701941
7616159
20367084
2160241
29667485
26373546
5011713
28880384
14031587
10203046
7231927
9559978
14261698
11118050
18385322
16625457
28990701
29641704
16416998
15556642
5542141
9842644
13786145
27265955
25755757
30665355
2226874
21084262
32188193
12280496
2893869
16541700
11588675
22157123
25312113
787101
12341958
28448668
21648456
32635194
29581348
24277462
19338241
25799826
15767350
22383618
28372044
7957643
24099563
1097937
1770497
11916187
17726888
11284374
19562664
32835080
32117163
23586379
12713977
10170077
691821
14376747
24869588
5325158
9815164
30503446
12778645
13346765
32507320
25534579
7820537
31945107
8510112
30594623
25591367
2333291
31924056
27274106
710729
12183375
11534634
18649708
20517108
18531809
12807212
24139870
14644686
16470670
22894558
31977231
18940489
23530247
32725167
28006143
26186514
24631984
26159710
15407651
49811
562213
11548051
10865915
877323
700405
26834152
31957262
29786146
14264265
10263056
15701022
19829852
26642826
366079
30017238
3887122
29976543
29408897
10831040
31170181
33004311
27415649
19097931
25507318
8093183
30010018
10778863
24582173
25597497
32023184
22823897
27848475
5371230
12195348
30723647
32717844
12569887
16217790
14085124
28074413
17260230
9858527
17976199
22755704
4029537
28771926
21219667
26969947
30044587
11578976
6595834
2020577
19322466
22727914
14728455
11674595
4412521
6919263
29921860
25912607
21175538
10628549
25288412
6293387
33265462
9029441
18632720
12659058
32597560
4226597
4621798
28144527
352574
22844274
29699621
5223175
26890924
4164275
20374112
28024010
25896511
17507921
20932122
2171455
18315393
7809192
15392735
6663499
13907310
19293311
624194
14882151
5526672
10782555
15824251
15129987
10071882
8929707
2560844
4453033
32037608
15417525
26608491
23292984
24116935
25535346
18489063
32506915
11907765
31029776
7091887
18248640
27356113
13122930
20418720
11651894
22065466
24263009
6039304
32665160
8290222
18005224
27221484
18560270
710673
6894544
12569143
142433
10532100
20783319
6008127
3268208
19464175
1073145
32967505
19773605
8151164
21099288
25415027
21822710
31837247
22132542
31469920
15704219
19221049
24319296
136173
23040307
10496371
16197665
33607261
17893537
11818135
20326940
5991126
28731825
24526028
19949409
22297891
1787476
29482729
4934982
32104288
27854155
21085565
11868217
27998578
19968455
17425626
31446070
23992791
16133028
2911493
1674208
10091630
29820743
13822925
12102093
17596631
20766418
4379529
7803904
11902411
16726311
23964497
19681718
957518
22738552
18630265
17362909
31486774
1628573
17489417
14759655
33495578
1117110
28082592
24716093
24139249
1292598
28534577
22318582
564982
1254335
21491284
26153121
6747696
21220091
7722564
9792726
8864007
21293219
17479408
25860693
10292377
1225945
29215038
17234610
19415363
17001691
28037076
16727118
29936581
10895891
20317064
8779485
5141446
26789994
24345100
1820666
28891201
21803826
827298
2575445
28146640
28434778
18430557
30594970
6879668
20069346
20476903
16643315
5524425
10777047
24809240
26697768
15450583
6736931
17361118
2688244
20705111
17141185
24573639
21157096
5754444
21690655
12597969
3320780
26062378
2541274
29156953
26315755
27297187
556105
17784889
25715254
16078694
26524796
4641651
23876354
14544920
9699855
19997660
12466658
28966465
12595893
3860234
7285922
19671821
219933
6278190
33188015
11386741
2882983
3082711
30597249
23791862
10056695
7803827
33386623
3407671
28600848
3054450
1581933
12640996
19423677
15597187
25842341
11979876
28581797
32042279
30241847
8896975
7401767
3130008
16204127
26564073
3640301
1007732
20123806
22473193
31558792
24628888
8953076
7254706
26666016
17317006
18568824
1172608
12842980
30332173
1825738
10483436
11794358
14148331
14962240
7443801
20655391
27440063
9901613
14208406
24640512
21635423
26332849
14477695
33129708
9719979
963850
9330693
31252526
29134919
8043700
18827670
26126457
19799655
22325883
25493408
4474026
21876652
27510454
30523128
13061399
21317408
23684781
4350556
21656525
21162178
25705773
970569
2799551
16429775
21515558
4686401
22145716
11136454
8037428
18322599
12107454
5468932
1286992
6948440
31172047
16407630
30141788
633048
15325629
28612816
26146539
7590898
8815253
6193046
6838347
3234426
27824468
30686188
12284784
20685956
18362627
3799582
13095012
26276735
27924059
10379104
30288973
3823117
32669001
30732081
11559190
33322599
7936886
13042947
10446653
25062582
1082000
29692557
8126510
7734731
19797563
14477077
28916136
104410
6532162
4315743
24589643
7138512
12323561
3008786
2114528
20249477
9515523
2715908
24151346
24100942
5873688
27720477
20427512
32986403
22795194
32156244
17399530
16514305
11960947
8917681
11459656
26987270
9894994
21813018
6982179
19693152
7944914
24600393
3678352
33033651
25632183
21580856
33187569
20237669
27133264
33038621
29738131
13578166
25005805
30070870
31837015
6527286
4925283
21911269
10110457
6280889
14718881
8481849
33218234
18613677
32662688
23286638
14528675
18365426
13868104
16021787
16014800
3074848
32608211
15737497
28009666
33558098
22611177
148948
24139539
8078681
2556400
27830846
15381152
18478519
25145587
9925746
30056830
26807978
1715972
29792193
6702656
29745204
9459162
4455179
32248587
8820845
9418534
32146888
2350626
5316839
17053577
277303
8705183
27213697
21289904
22384302
9418559
14532496
25756133
24472277
26337530
17717882
2685259
33618991
16585274
26501193
8209774
28428222
20105322
134352
20333031
30411062
31136618
28801901
28676646
28265284
6470219
32265280
15093311
2073323
24775241
18003465
7150983
14484466
17795138
6757408
24791753
13109867
16358551
8038251
16310602
26358539
29296193
9824067
19932801
16320637
6395871
2599005
8095191
17857845
2637735
19694714
1734416
31034919
22331682
24574951
13171973
32560480
2013622
30729847
23085925
10290775
208327
393575
17856297
32848856
18562442
16753502
30439266
23640012
6905643
6486535
949322
12975556
31591780
17333796
8225446
22178027
28124855
16564061
16123429
5242817
31003033
5323050
17862946
23411203
22561328
16082127
3998139
25362848
25045104
17215934
20598063
29163057
15471133
29266380
2409590
28562431
9847858
18476315
17214274
27570088
3058339
17255527
32913695
9413753
17372526
25301385
578182
17405621
19201029
5323963
21019872
7591830
16401722
29944404
13936647
25362065
19200608
20422206
4764785
29522048
1744800
19495267
26753467
20548703
19418522
12096860
5871740
15917771
15417975
33598748
22819978
21808171
28046586
7612309
3359154
33606905
623940
28894220
30025750
11609199
22562241
19239053
21818767
19203242
10743796
27154442
20597280
23318561
13200990
13433102
30932166
14836098
76745
14656607
9200547
3500751
24842469
436577
21261377
21773389
5552162
15207669
18449017
22603265
1511953
8104935
3581155
22654741
855563
5310280
17954017
31522584
8495257
28304326
32245962
21065236
8477036
1687762
20549980
26528477
13356357
16275559
159135
24739579
17977722
8763970
10402958
3069080
23047999
577292
3324372
11112482
13695715
4867666
19022110
7020797
1772956
26434460
4700724
2972979
24978608
17813275
27440207
21070022
19827290
25081784
28678841
10112144
21971406
4274421
26369342
16780362
31937837
19558750
8860205
9432226
13879555
9825666
33384709
11935517
15045162
26620291
20253957
6674918
31258295
26227651
2320072
26963561
1455852
15051034
3696357
3908585
31625986
2358422
20554766
4238730
3110378
24404420
17382803
33354628
500168
1334176
2443741
17029195
5679194
32674540
9687517
1944038
22944089
1288002
19845145
8370243
23525581
27666307
32518431
32458318
24771799
15432623
23267204
25710851
17065049
1337935
16993820
21910839
32888045
24313931
15019512
31559336
18427835
10572211
25434471
17110974
29294982
3409202
1865262
31898741
4254035
8399515
15738893
14573845
5926006
20342423
4015397
19230847
2894508
11609391
9191114
27224532
32007575
16452853
3240615
23317794
2089891
26319889
1414911
29492294
409680
4447301
648449
1316861
14917229
16548852
15245712
31036242
32795168
21629332
10683432
23320190
2473508
23560055
5082032
14858744
17447915
20569591
10039733
3833560
13241817
20901846
18507501
3213365
14362962
10560727
16426467
761182
20433793
30607610
23367429
32732819
17693657
12263181
14234734
12044572
17393685
21779965
14876394
9474978
19155823
15286962
12761742
15778349
6112139
12676026
4819011
8137939
7327774
17301471
13489644
4552036
6538884
7946774
20426898
8125364
18290518
13982442
5557338
21340975
7437537
5627831
13021669
172668
28509497
20618354
30808179
7918707
30787726
33229433
24876820
3377474
3698406
85716
5482922
31614201
33511837
21157540
22811879
30939323
5286171
5542870
17765138
26577105
17819840
968040
30731611
30589544
1068488
33569507
2842890
7264869
10758335
20566899
3004490
15114374
23470629
31218747
16681887
27410252
24054610
19314688
26058136
5724206
28377465
17965383
3325906
2572514
10394953
17269009
13174184
6872650
21363031
11320682
24009079
15393881
33539553
30802104
22270238
27443620
17334756
10439575
32423964
23807545
30736271
5425743
32072488
24223961
1687721
25530784
29515701
18330404
19100807
2616337
30561885
25804951
2094013
19696898
17561914
31685888
24069563
1853502
11027156
492734
11421130
26846976
26763643
619516
7990932
6354247
28659657
21690796
13343305
26998220
25375058
6512310
31901607
1065287
22871845
16997317
6429977
26899363
15932104
21459441
28685909
5388571
8243037
4048126
23790920
10231996
15182316
23576829
24072373
17820181
7369091
5325197
13379628
14932980
5599860
19940137
26650943
1661437
29955738
1354579
23260198
24309771
11804049
9427874
22798895
29612483
1065213
13134121
26377039
5067117
13216404
24637782
15237652
26174626
17029395
214091
19799623
31002136
16207737
13270760
4440553
20599696
33365338
27079492
16445622
3938423
23624399
19819948
6564824
169551
23190530
13832324
29674460
10355151
8362661
9664774
3235443
24161680
28081302
29902842
23469466
20681779
7608387
15023561
898586
19667260
12169938
1052447
21085167
23771626
13545422
11001062
4154073
23950499
3455092
24789259
25537184
17978432
30269418
26372501
4135092
7358963
5469663
14533270
7119708
12364565
9747057
1496186
692214
7399523
22294455
8445905
14306776
16104711
31017207
33486140
26745678
22038313
15670610
10084105
19617553
17758508
2069553
7528399
26576900
13640245
28159842
32804684
8366924
17434039
20902838
17765407
28402840
21268682
32949797
5623521
11672351
2347534
7365316
20409893
26732747
713327
5592283
8984221
22999034
8978894
12339114
11185157
30584345
26075687
8014551
6612738
24821608
16592893
13008558
27412217
5273321
5249386
11901846
18765102
22671200
27797740
12979194
22779318
9596331
30602263
26421790
19426043
3778372
6651989
9341194
12272110
11354294
30253389
30285108
11813876
6558134
14427012
3170606
23971607
1254078
19585243
27244181
25572976
11319571
2282755
10033955
14671804
16218187
12267690
309491
28055467
18201409
16016932
29997529
18333873
26823891
19769801
4608432
25146263
28937695
12727806
15627002
27704003
23695255
10381680
8643270
16226528
13172933
11748947
30367427
3844687
2789256
19485009
15539020
24811352
19704569
25929850
8885897
16326305
27706282
17932560
31697938
28031121
22833042
10227728
8249024
29841213
18995690
25520627
4042844
29397277
22672552
5245322
19060732
7468726
25372332
25057908
14022686
3851830
8959691
5406001
21945668
6141489
27944025
17772755
15925455
3378264
31863569
19116922
12791951
27838745
28739518
21470210
14305681
21155414
19395623
16368398
20321952
23238414
31011660
32437523
4860129
15203825
8036575
27642825
21609625
21520502
16098216
8616685
10069747
30981787
5625561
4172912
23856035
24565760
19549187
24972118
18749898
32188408
24017404
19485326
8056648
7584104
2074587
31577284
28997047
24320794
13520322
21524430
12901869
15807835
24400948
10857304
27234201
14679658
11544609
7516524
5974339
13280014
31154708
5896834
1649336
14699802
12787310
32523918
339446
15524364
954713
27428156
18655344
10956884
17410739
10119365
12227058
11393794
12580545
7472617
5942509
31352488
25287066
2044564
22213634
4244874
27476280
14241261
8705319
26428180
10001816
77504
11630677
10978490
21273109
2765419
14360355
30902947
31569204
1074875
30509021
18161414
10017417
8535978
32369827
6016945
31178821
4754441
33614870
14868058
10349135
3897944
3662438
21042192
2731869
7972373
29179556
1048100
32403030
3151398
14797502
32663327
6967980
3388842
30258136
24010163
32999801
7809064
393926
7931374
24697459
21973042
19431587
4000471
5520742
27615386
565660
16310763
28045306
29716925
5729204
17470528
29329660
29330066
25502636
1683768
3732928
20551742
14414183
33379704
29823419
5932244
30568776
16597817
4029042
22449071
23616237
19592010
16751606
12060884
22139788
15220571
10975884
25456202
31598396
22849980
27733665
4488736
5105143
5098362
28550850
10039139
25607893
27645892
20120722
33114479
15433170
3993225
24368323
8481938
30974513
7749186
1903202
8119704
21145165
12600616
5697465
11555353
25615807
29694620
29248585
30323587
17262176
16289488
25886122
21633244
17744837
22635303
4101471
23229589
13130470
904958
23558418
20656998
6736305
10651081
3269740
6951232
6658713
11142721
1102320
22854808
14767606
17466171
2422239
9589812
15148394
4166430
10470352
28932221
12432443
7482681
4437465
23792517
32184652
3250819
17531773
22678833
4028417
3196513
33311172
20637056
27808653
7430921
17387258
33425074
3992368
25767019
372496
17443905
24538700
11799734
14956153
33341379
2317777
26419394
32759460
19856173
25373987
31151256
19018340
22279927
8938030
1186646
6260744
9505818
27385987
8858844
17531246
17031361
9027860
20403835
3249798
28023580
3438553
19783824
27576162
20188463
29391904
16736347
30651337
19360906
9481957
16700343
581918
10625188
1045407
1608204
29001418
3094060
22213226
12355278
16019182
27595796
7440660
25565485
25614573
4878209
33470984
25290996
13781563
9167865
16965282
11629559
28611002
16890090
24031921
5363399
17700711
4554581
7254390
8474578
18778988
27020353
15654936
32613715
9787355
31591347
13034978
16646139
20714879
22781015
4914618
24093698
1981223
30726035
20258086
28487161
24736647
24303119
8325714
30315589
14196864
28238776
21237639
17771187
27352964
14000923
31749010
9226133
19415594
8397621
26459642
19805273
11756582
12227174
14102321
26781217
10876468
18417548
6255105
24784766
20799791
2352168
3835612
1657647
5989388
29594968
20161447
22584642
4629839
8250523
9077950
24589262
885812
7236715
19662177
18126831
28225330
23351389
10930075
27773906
24804624
8756052
226536
18615366
1350705
29324773
20526112
14255287
31257758
32066522
20949154
13665728
30002780
2404229
15136201
11568331
19488713
6434508
13506692
13680578
1888295
1841235
33090669
16398981
12651386
24474373
1720340
28615009
26710349
2174023
27547369
6189258
7405347
4541764
31729255
15259003
26230600
16623175
21469718
17592029
2063741
18544925
26693112
18434449
16555517
3225277
26225224
331719
32709798
11665457
8753493
19129314
17353433
3139880
9202225
17676378
31404025
33186318
29231224
20521091
22932261
23005605
8100004
20309929
6474748
9629664
27429285
8638571
9083017
2924793
19062502
17269293
30152993
17991419
20372810
10747382
32319065
9083351
25218226
13580483
22475608
137197
4450673
33317056
5375856
9655908
16608739
5406518
4777641
6225619
12421086
2622332
11054441
26633925
26520644
31476178
546646
19028076
17739654
25453725
6411801
1071082
25060067
13929195
19312355
11289459
19169156
18738581
14771327
19604613
3653394
17322137
22924926
28434765
16708317
33609339
4878267
4906704
26625432
2155309
23334763
19427162
4265272
13218263
20610863
7492568
8260108
3256506
12616274
16668571
393658
20646191
15398728
8294192
28400039
28737359
24681717
27728128
15085187
25612775
24843271
8858630
613820
22955588
18080082
6325197
6983906
2722958
15211942
1721854
26053621
10116499
26979884
30412705
33121740
17354357
23039879
25231538
2862848
20133668
1269843
20263051
25886153
14824954
17252476
28835496
13652172
27232527
31048442
6226557
24998954
1887683
18942133
22452208
10495266
15357123
24753256
33425637
4832922
33259027
8381971
29280917
10634760
4149111
1896410
2413786
14491509
31069796
23961694
10763382
27887516
14608474
3010575
30690658
1172782
18183534
25950639
1949199
30397157
29160759
15448009
30710331
19556002
31748594
31338953
10709630
10524201
25134229
25043665
9192005
17147851
32396445
21908091
2744558
23297603
32630200
12092092
31891712
3182280
3876804
7752807
25360443
13435692
12990626
32903604
27387168
21426377
30429881
14664775
27850411
4128341
17339415
33011378
8846372
21224393
6204724
19305965
1332196
2509962
20810805
15447499
8926876
9098842
22917892
24292467
19569476
23971504
8215288
24138905
5985422
18604696
22925766
20620424
14212109
25204249
2473723
7245977
21739551
20825124
30965360
28479034
23445554
24278607
26806654
23180407
19892197
31858346
26658745
14048282
21746671
11711962
26169607
18274410
17692951
27109973
10600762
23594156
17986082
17774177
1213139
13528583
4392587
31361517
18146701
6966132
3464698
9812184
9920617
21424102
25543155
1210337
29835964
265146
4386410
23111893
24685247
367499
10111675
14946783
21518675
31635845
22182596
32699635
7673648
22262380
9123891
20990170
22381017
32621084
13381590
3491622
29021883
25590039
27896819
2858101
30685516
10204181
17909030
3233864
25228138
25278008
30463927
1247655
9219900
32182496
13000217
4262048
12488824
6639415
20927772
22459041
23962197
33560216
23575743
14847062
33521364
4666392
7608580
18889394
31762786
15955135
9234804
26163782
28544524
12216221
18589072
27451651
13139628
26271022
933522
18504067
10581692
31921432
16411023
4957852
19693672
6360802
11497861
23669784
16317218
21007556
32523299
3638719
38852
13432935
7238482
9155554
6543607
19817030
4178174
5599004
15574196
25182168
2098294
1092873
27240178
25958050
21041713
28275562
10212914
30815676
30256629
5623839
12227760
10050220
21623576
29663889
18207169
18653889
24786486
7202083
20968704
13613948
30040238
19046883
1412911
15585037
4977380
944603
4242834
12636007
31664295
9004907
26105574
9780244
13691160
32604617
10268720
23866038
31658934
4589075
18587916
14729992
12163848
16203872
20006636
2969687
4877403
11005085
25848770
5696122
10801846
1921821
6724620
14455201
14069503
468308
11342203
20504958
2920309
23401512
20170433
16407634
28953747
27140958
33151525
17988707
945683
5679645
33441707
11452525
20588812
2384044
28363357
9194161
11326469
9001551
5284502
27344866
203239
23926948
27135086
24510230
21492319
6256312
3112998
21728130
31187999
16104276
334524
14676260
22611349
26669476
16896110
5488624
20718858
21995464
18187000
23133159
13254418
31057663
11252753
11394651
19221160
13885390
3909659
12145188
8798312
9521138
209779
3856593
30598214
20878774
21397232
33404190
3231898
15172307
21393605
16511739
27132927
7305049
31420151
11646309
474202
23064230
20941625
31225700
8741046
15292922
6403989
30023352
11836503
31007364
7484992
7075972
5087078
22552105
11935408
4941718
12562925
7494590
10622946
30834024
17646876
6224925
6534169
20360159
16202964
14088556
18731589
10010202
1354431
2879504
18868269
31052087
8846768
5648703
24821711
12357695
3456418
9036626
22538360
32924116
20443870
18572887
23304148
145359
4512764
32604403
22482357
9892486
23487715
32561605
18823439
30926717
18185546
