#N=10900
84796669
20440714
86950371
77144708
109763078
62849500
37407459
7746147
107494877
14895597
34668985
78461014
26948867
28259106
84268775
100104513
71655877
38568397
78815169
55662463
25101821
4873325
40951542
105014472
58457984
49781572
87240798
69720604
7857758
10776243
59370460
7651961
29487637
33004501
48640879
102016931
74164624
22511862
91887162
37937493
106756731
6409879
3095869
54557985
84316860
45700377
21289344
24897044
22370206
73941843
14710920
38897350
65225342
109979971
17773673
116451011
50827444
85368185
10350144
9109427
100098607
35269589
86724713
46280707
77649878
26129017
10129768
45130761
34565132
94380913
43745253
61102375
49806650
76205493
33268641
59419816
32233801
66157501
10186123
102282856
8716501
32444580
21123677
76487962
68056157
60119119
115004497
41718016
104079579
93890555
41194715
62721529
76429712
60595696
36150939
41422747
467515
43462486
10289137
101176387
44574262
86349761
27833734
118100465
52875321
85921141
49233692
48760946
57441000
105455174
81159179
59942170
83198424
88718188
89197096
26338140
83753171
21113941
9426931
50261679
17460843
99409020
26570590
43910595
69031811
1592082
40037239
27004758
7791854
42749377
73342653
54187428
42378070
69626224
68866773
4114375
28480141
62588519
95315397
6402459
22256749
1344621
98458705
65763914
13868647
68083154
25814839
33491492
3653098
28827911
32594719
101263878
39280839
33882138
3873356
50930682
2703858
6191492
72472106
72414427
371307
3716429
104130656
47167324
41146083
6278253
36512609
30981311
49235400
93970776
26753755
84206466
115189605
30375551
48852704
99187156
73333686
115796929
9800403
21199221
117260703
117522582
97390522
107160158
31178279
6585493
97268577
49099432
5820185
68755676
95997402
80917613
90283977
97852402
10654715
19068401
84756484
61351833
4227556
92742564
106494802
5281834
35353762
16002449
84755496
60769406
89386753
52134465
117346227
11087822
42618699
10100545
95247932
99708659
18795210
109792478
765308
28512901
80815661
52616203
106185330
116955000
70262898
80119206
13095918
77016513
14840845
917550
73667032
7849352
57388802
90492353
48239969
102297986
54329327
32621031
62233180
78298931
9515765
116149312
43553520
70623671
208964
104265455
98943351
109092310
37880446
75862736
50041202
82670662
110066936
34969754
112762712
2150015
65278361
21081998
3349481
15895122
62338748
110888309
78419384
82804447
45066656
24522568
48968436
94840397
23105265
64893869
34745410
66605725
6033976
67001696
99393951
9926655
75288639
23080615
67954738
74019785
93509431
15071448
97621580
116820551
88501394
91680714
117610535
58286868
77553250
20174802
56285739
107247932
65821653
62800446
33836011
69036260
1417302
102884567
68998616
84213171
67763523
95457345
86021774
114917322
616687
76313336
60781917
1268853
57284815
52883290
104111836
104402511
54283685
5940866
118020017
30214525
14127464
106339362
2001129
98018949
73163150
2388922
73411921
115595393
61383144
58665074
8941274
44917762
35121044
92351272
7095027
71656201
103744288
9708438
63039035
118157834
27932151
7898627
15967018
80595935
7503235
107074600
105192495
24069159
110623403
20584284
37117026
43822146
33176212
8515837
24607027
76377758
59815779
23650477
115557749
25369012
23544030
35400003
46726365
82274844
116320614
116196590
17520796
104396455
100586287
55140408
111094446
75049847
9299021
36606049
94213441
102244077
115261198
93511840
114665764
66801257
106218073
28601189
28118748
75608455
76413688
956550
88533639
34446767
9010077
80157746
106356278
60079187
46793019
49339776
73657677
11924159
15610302
90094019
2205639
34440070
45841386
74488396
108550037
34768575
40154852
701600
106388313
48459941
115007398
94968205
47586138
30609618
79901131
36065828
114788446
41966921
850103
17279523
55804120
67740891
33364727
57016502
114135140
43772490
42633103
102373659
9718520
108883863
53156263
46527243
53603663
11072811
43237174
107848437
56093893
110504912
4504203
20323738
9777432
84397779
23970704
20423940
43534803
37934210
35215724
97508923
104972801
51919213
102724797
7691248
81319381
117305868
23287028
11761481
34053969
61462871
58121026
90904908
55280200
42083452
12193699
64565227
82692549
51542262
112247863
35770155
100727480
47820055
5256664
117067123
49766606
104846494
104018217
64835880
60675040
111010142
3687756
106185183
89409833
104228930
112117851
69557900
92155528
80634158
81354086
61959062
6182671
16037574
78711208
118428603
78200904
79461438
80030995
46922394
78528413
64427808
39417121
102470358
6957078
19220170
21952536
103740727
53075084
111818076
70051754
73299858
21600309
18268827
2970962
28755563
20977031
31483692
107013814
30196466
83355117
74220142
110961485
6564068
56646671
8153400
47301238
31278510
9836654
15603186
7505273
94868056
66374360
29100580
89421452
22026352
93858717
37848091
42592603
98585227
90217767
51782926
79232526
1748376
6195426
90297270
40551749
109590566
66938576
32793672
46948612
76791049
17573471
111711714
86976461
25368161
117126747
31698052
23773237
42682229
68038827
106118323
5446604
53251637
54051864
60476991
107147380
4177119
66440325
109619677
19352701
97373021
54491130
107745256
80006627
15414860
32262324
7758077
71545584
108957528
24123830
62950528
117528219
1108940
113394968
55278409
1594924
74444518
91372855
45368544
37235624
23690820
60970089
72683244
64914258
58778375
112846667
116337704
103634419
96780935
64032177
30417446
17366393
47979900
84386562
72248550
62679277
42114797
111347878
17498686
332939
23014890
68365561
71153440
118324017
38950450
91619184
83940010
37208893
67682035
112112086
92266011
77586563
2191714
78646578
76290185
82857587
24969362
52305527
73216973
79414541
24955907
64840885
72831474
104110624
51175394
79710673
45180591
41781858
97236618
76846756
56893130
23500873
29415110
98344256
43287637
1741557
32840779
99541555
72656513
108905473
109920372
13619432
10200008
38144128
62580846
23984658
9640614
73268451
36253250
8376088
15486697
39655284
22569120
111930802
58930033
9393536
110187686
96047466
112602359
73735744
47431645
77358874
107926867
27673553
74407107
71459713
56798674
42745306
108431183
67940711
107609095
71776244
78752217
105025351
37407144
108122396
106541409
10168156
66685384
5501596
113520598
22365895
99535252
13175584
1743116
90596198
24504807
45355571
48615820
35243485
84618878
28661722
11855397
45370784
98588510
31661801
81838530
107667964
62849842
36654939
116902125
2583744
43272730
89439822
117293943
27238988
50340641
109943443
15457558
44319489
33679975
100345014
20622779
8939054
107480778
84101176
41980377
108071323
88450324
19954098
32291718
39248093
57786843
99003597
82342255
109730546
96525590
54087221
118479470
60266097
112192209
36365933
13003432
16033742
39099180
16254130
11781429
6021152
76263468
42826175
23696710
24740921
1767866
64235234
94672307
118219455
4554481
22026279
84683235
49202231
89880886
52098122
75715839
75769927
11381637
37158663
154706
36259492
60705013
82113537
47262665
105062097
116076753
5652932
4252313
33078028
58800663
96668885
110038073
60426177
41058309
87175107
57782244
2358411
68584382
72646028
42439850
74162251
59859023
41488743
92296392
23014589
40716485
47460806
75615221
93932145
104167281
36851169
107806828
83356547
93750415
50513362
100809784
82998725
65662270
35297059
50753585
7278116
55610575
22862966
2643932
47603528
18590724
112849847
87632192
113232132
12787005
951106
109579490
45748064
772258
53739216
66209368
65594340
62103525
47667682
113838948
29714364
70814385
66197096
110260394
10751689
103661093
65512725
32245140
67287784
98496484
27890619
4634183
16910677
13175872
17507716
87684966
24168593
100062842
86681086
12556272
94752571
178848
64743903
98348697
62891549
110445692
27445316
79469023
41292791
104566927
47641852
38263971
60062696
81346004
44747669
97316550
36373308
94729871
4354521
71557231
81585807
23618377
114840098
56939342
107817279
36254875
1003880
20515951
14213900
95405868
66622369
115213875
65000930
82011842
79807010
102232526
69152901
41688390
40730801
3028819
44504231
85105849
2419932
81556146
44972695
68827798
92962029
92529708
22047694
108449775
75527134
33550095
34611098
87488852
55935461
96204958
30944605
33311643
81607213
17810026
30404938
112324158
44310495
90482034
12858941
38118620
70405355
75027711
6087788
74434953
608887
81758086
49036783
61305765
107404118
71252988
55683734
112225885
25906204
107307600
82742306
115751912
96424634
66119771
56544247
31527448
23501375
13134579
11810335
96996686
92309532
67636534
99465216
6191874
28980309
65544861
40934462
4874031
74418824
43139703
34301800
67016753
93163969
96593796
5622031
4081862
54250413
67186134
38387209
28964293
10882966
25526165
59207665
73800816
42618396
52313298
28620742
54218320
39635048
71887432
116341470
95021287
47559855
33920355
92971043
24106278
29666
116604759
89382232
7402071
68785735
56518004
61394722
97985736
42343383
66149527
93408284
34189750
56303168
21764674
97470259
64795780
101717769
15797996
54083704
116113707
12678250
84446941
56686850
72327391
24327577
82421115
2050244
23453577
42794319
104079915
62437676
1531225
47819024
32864228
64817350
98513630
23078251
4148824
13481082
17057262
9846359
71643610
64433122
411018
38856905
81672262
10712076
104414063
3119746
97350393
68330487
59160860
60119364
93075736
79180777
9777630
48530426
16780330
88729531
41263094
65164521
29573448
55523875
68115395
18689606
69572156
93936178
14924619
113112466
60647472
80337771
18338971
32786705
101570861
108508942
62156473
78552516
41075314
36083576
71672517
46134659
102968381
107693713
50341734
44545310
71304077
48761729
7267332
79329440
59156083
113452849
115859127
10883842
113665350
101892848
12668617
75269690
42192335
62300479
103677125
27860767
97576911
28640029
98343862
23018344
76337258
26072897
15783629
3844285
60828825
82788804
4696554
58423071
36389636
1580005
37277978
110784638
108415647
21528113
82280314
57175871
118597500
22869909
7118854
47299290
68604142
69178139
99306196
14331568
83533569
75037096
57230536
83462196
80016402
72270965
7234715
81396603
92957703
51804826
117957731
11309384
46399168
3116549
30048722
53318628
11974358
15749865
37407954
60143406
30644244
68314035
50057016
80201840
81979397
56750716
66803095
54272574
113358201
24269100
84814663
71372
113830695
103769572
85131111
7523428
107026893
74239890
82248873
81648318
5405657
4934811
100070663
1984170
45821
14298857
15910674
70640953
103915621
96807550
10086390
78156035
114048268
2209930
13398745
27706823
62202515
42533995
88267912
3380458
29248406
108758722
42653892
115210896
115552680
10891221
52988186
25378574
68834232
86217692
109291286
3421487
4888990
94675435
113787127
57118499
29193237
46816754
60554563
34663216
110472913
16780089
64757290
86341445
58817416
89674751
58248911
67725687
22189219
107222821
79536567
41751140
112016043
40666300
62222710
99077735
60866990
94484125
43800919
65412745
81328702
14615851
17347991
75484122
65482198
66970372
115373937
113340022
64057472
43774473
97619556
24131467
85676304
102796170
28092534
109901729
76389162
78739721
106999121
99248079
4110408
47773896
98338431
21841937
98609311
95452215
55276816
114264246
13155423
38088698
56968383
14748210
67943653
69187620
78920186
70952177
11816530
71599463
24624095
39926005
85811800
3727016
114848934
94584576
26407008
77066444
2902608
104854713
83532942
68128855
909648
101078472
67974586
11789846
85375122
112058696
82296792
26091748
66199492
7310843
88955045
106590764
54638025
115801477
66274720
16224352
55231712
90700526
113501294
29800709
52790701
110037225
96130008
46686120
91681968
49265926
112343502
62487384
103945065
101264471
154269
116833433
15703350
83629520
48303055
68187003
45859204
83889578
64850334
87322359
71482819
91963569
40316044
47317302
69473395
103287825
30436689
25431002
46813454
12367699
61384332
6104581
18355257
55767712
53152619
38098214
73034491
19982661
71236745
114825263
94464751
35334749
68530378
75229977
46673946
92127107
12240299
86250476
12406759
91696765
47006314
33069147
22490174
64741850
16880613
52946022
65378000
26972619
91760301
40708873
112822443
14520249
71761963
107970674
101543222
42073588
85671470
77019229
53231540
35901995
55198515
19234774
116374434
95213271
62989678
79233471
88623978
39353535
39244161
98147613
78110221
109978095
16188533
97257783
118173851
117621625
88899352
24669127
32960177
86143682
96660541
13755399
31787028
29688375
22299204
33427623
116555678
58673104
30724343
33996766
47241192
78795245
75055097
37140962
15492923
32539773
48892940
109286366
88956945
56979697
81959079
108566069
110614245
17376909
8358431
102408354
93565078
11659300
55722216
19204777
54356653
66972166
359825
7263035
40846327
82436100
2703279
91462542
11431912
79642729
77751670
19003860
72205952
51418954
115961653
25016557
71296459
110723243
27327287
99200877
65175453
64582170
100207638
17109521
51525462
5602761
55589767
74360300
76112647
107560051
27748582
55997248
35029469
36733726
4559756
77097416
79907818
50774181
13710871
1331682
7436777
35236346
30755837
47189394
98932496
5238410
6592900
90905583
54451420
81555118
7896869
56969562
21960337
103508507
80329754
95975163
48300114
66839717
55515348
20115399
81434212
109824857
51437492
76742053
84539538
81499206
63386545
78576136
43337403
106188156
98289475
87961014
55113851
34421057
49500124
16930543
78500621
43847783
91912344
116291858
59594780
32101993
104353439
53698805
55208392
13490037
40459814
37088345
113119136
73404122
87487908
4692158
34188948
97651917
22259138
5963402
47065432
84912020
108000292
74186390
51074304
72772048
47364520
47086938
83634067
5652340
52731830
81018763
103063004
59810351
20842049
14799605
104607231
90863402
13238991
18120047
28084531
94769323
68410437
108426978
48118804
117549622
110146651
28225546
50586484
56157119
16773111
91689043
33837715
44131874
35725500
12890996
116851611
41712179
113165109
2615304
21399337
111731480
69080344
88263399
82916750
48788648
10464244
86487184
71682500
46183299
77423241
38467554
46650519
69670816
7183957
19893257
75866768
53989531
11452435
77707442
22319404
100354868
55963542
29850349
54993893
2916951
18535887
114236307
20312842
10337259
61248591
51945939
28814729
20291695
86702785
5333196
104819779
91994576
9063943
33214946
118342781
16656055
31283597
35660891
2707678
72004426
17344452
116969326
31670127
38811198
21743900
1372684
45360974
61950221
11314462
59567587
101414110
17102258
61891346
87176903
109236161
40956895
92956785
23481533
34281917
3611839
5172883
71604833
92461796
1311518
1931348
91585519
22852007
86992802
18316439
4548352
40334299
97343254
104129056
30297443
112260225
87507309
117771853
113507018
79346112
3115834
6579870
14237206
26676098
20934451
3123748
85754628
15578608
89344946
27212279
90390715
29960044
3861365
69673484
9779906
106173142
42652177
73269080
18303654
46658503
39783186
28132927
10036856
112796660
16621747
40239220
7656836
8161197
4749648
106927148
65108906
95249737
104455420
20017088
68635101
14259473
32588802
58542348
52901523
68288532
23350914
20717231
20180137
25401854
35924937
64224457
87869487
4897304
33485894
117884358
36621647
54700156
11511180
97511266
114043454
17364180
44393202
19539689
61862292
28309912
11375357
53995447
26614636
99099577
115141917
18996382
89071580
92013901
44095064
32184292
48108395
116759060
103602295
83669311
65245998
39931262
39642193
88795130
87085658
97595738
115276808
57920381
59466703
3050630
62021694
103407394
74311889
16083289
8164332
16770474
1695276
39989411
66567161
16521883
10027997
23128016
93711319
56887288
43905506
46146005
56295628
92152715
60416692
72574662
44027117
95260869
71655605
60856456
101231952
29165277
38129035
2319807
4802317
83772940
47548742
45938405
95243062
57541414
14388013
95888552
77916944
112887024
29961414
43439145
41620565
71950710
106936141
56468944
9495289
70562792
104539313
102530967
57029227
92869454
919057
101980662
112838917
51393958
22727421
107815775
24362960
82069726
73581066
86577543
116243508
117720958
31550392
118164511
107338101
29214620
65927138
43381428
71266458
85724335
55313005
103961622
71359050
36373349
79643261
34677953
22437194
20573489
101611909
73858566
98840538
77238730
79253241
13926772
27030998
68371326
43138338
65499048
84636218
83573739
55027151
6982627
10382857
11239402
52237373
63956673
76758162
107916434
115782054
86114837
14365284
18939656
33221991
36681097
13936154
67973402
51876045
76292259
40542952
24373179
113415325
84913765
59111362
19785545
98502065
80341951
111448738
78374600
19375527
86557221
73190882
52691379
73555254
74139815
53291240
63130940
75888250
109453326
93551149
96842397
61796476
105397818
5003502
92962219
112518683
65357526
27430450
27502866
81686935
74439187
84071817
102533410
114125331
106483042
27146808
20127464
69870054
24891517
14087348
94397779
13001967
7954697
118210139
10424314
117061566
71551545
88389792
106759483
56560480
115866962
91838895
96547887
111689136
67359607
65531769
85015817
102480592
80704894
62241049
106867156
88027487
105302406
75386602
93997867
45516618
11158921
14943746
103185906
11889550
15036281
103901270
2577653
9703132
46658594
49748153
19205712
14991064
100236461
23824218
78822594
4177825
24479288
39919748
35576949
83689016
112540506
22774767
4517066
1581037
84652274
31480554
112839621
68689417
73131311
87957751
70044343
118079372
8811094
8188265
9311897
5333149
57242676
80543131
109307420
31667530
68321693
4285124
63882101
96058635
118154930
47806475
96314507
68503903
46189243
21705812
79171950
1053098
56932494
91846513
7551417
15962857
86062874
33785500
7548704
73861940
79146656
70759708
108767475
3477945
69755590
47578767
23739360
25575146
21125068
113925926
95499059
99976688
13843825
16075626
8647758
49651027
1617232
74608695
108141954
54039775
83583319
106135438
112311682
49873267
14687269
101479548
17317783
12200934
73448844
64502627
92808096
84572341
1004117
61188708
107452216
53084074
35357329
37527065
48886087
39958380
100082101
88327063
100232560
83002799
14458394
52849064
60319073
75291087
118739007
2006516
69441724
42613682
100351799
19735764
32555484
2486335
28030703
80528787
47106469
116590134
72402139
31619388
95930126
66730044
25831379
78828781
13101617
4302578
56254965
79369025
58535821
17079302
73868669
56287125
22683725
66880937
52920058
67216187
5849363
85028955
29368348
58609590
10058198
97865464
110515061
79740328
83093497
39154200
17030277
15487081
20660007
5672095
5788009
26004975
53628427
30432430
22573816
52542593
64576758
39175663
14403985
11152326
113205577
6987732
12270697
83181169
61031574
86701104
37847838
74953403
74970757
50312885
66904530
58031501
23675597
71360861
62710050
76510046
27397823
11358182
9699072
113465033
79757299
103069209
12334789
1085834
84665673
102208154
47042237
62328062
53683716
7416253
7785259
30024408
73669788
44379593
54236961
113791802
20633977
115248584
8048873
25842886
35540918
4447299
114131451
74879182
52866668
60255498
66810974
32742791
59314513
34343493
110033873
78671465
18403536
28936636
81757227
31241241
57428067
39625984
54542803
23659308
61460096
91119296
103501078
78687987
23745616
57798378
105742928
113601092
88611295
12505204
30521435
88375367
70390632
62779583
8068208
20123877
940985
32467480
50422548
108356679
24843587
81097237
115724239
105972295
99222200
42131243
104412069
42672389
105879519
91137137
38968231
101582109
67373680
54606330
100658690
37858154
96900713
93237724
91983287
235928
60924573
95455483
80307159
59170385
61838598
94410728
97414959
20297937
16527523
88135312
111442441
37681293
109588668
73592995
10463856
56549811
63965355
13274932
12607787
4297409
32667087
112075532
923419
38419156
76515617
16324596
64684868
96664785
32313150
115337804
47642399
10657818
42520515
104706432
89469056
41540661
86786835
9279647
36569127
106559861
106260275
37849445
36121067
61942487
18531270
6092554
52845653
59667946
108321476
28245886
12277620
3151561
35559915
112312454
92544288
98660833
111725076
77060695
57926016
21655332
81720919
61745968
48902393
979854
26823226
80189409
4971534
107940605
21829372
7623311
70438794
53221418
19318175
38932143
9096833
77673325
16581079
33503397
56293956
114073545
111495972
27678796
29417273
55709083
587378
15483593
40734817
90069744
114149777
5083677
100466570
89644694
34922742
87522984
114818321
46596252
67263667
6251852
37501811
96321585
107115137
40410281
44124585
60454851
22351064
103307067
30282999
30221165
40817426
37518789
84656271
55786889
27091418
13933680
23877896
38231264
29047447
44554769
108413175
33408712
88970936
21847215
93636374
116040121
29162947
108566469
9094440
89752083
26850346
115901531
52197000
46660285
26962847
68531149
39075482
110939900
62489640
1667839
73278524
112744168
10427371
70722591
40812623
107670155
112599863
107036757
48628090
4542365
74393834
95469590
58582339
100644446
111494269
103879906
106945680
58220865
90619752
20906540
37555083
99000062
97842314
111379482
16488433
43736578
6041508
37407643
37661375
77459103
110050469
2555933
71931545
21567217
85836359
61489496
67945695
116961128
32642923
80872131
64770026
101463018
102785322
82416064
112508767
53273403
22163783
94942770
29569412
110429691
50777856
44985602
91415259
54105736
105337973
97890791
6075202
56296036
55070804
35105442
5527557
88483252
44433205
19345679
81335153
87685231
28846573
114787195
61094732
58893536
96896810
101163963
107764252
49511918
60252281
26469626
32607621
30544093
53068544
103393811
19014432
115482121
67361259
2428098
56934164
57945567
51723616
89779761
59672109
85397553
118385868
104991879
7148099
84461604
118212737
94261589
35494129
88763038
17890385
78740770
78842914
47384891
40911682
90198256
25807927
38611818
92211083
56927440
20433290
56396424
44936182
25489964
58547957
9415692
78418112
94868034
7177088
85136064
99107523
73490230
78249453
33924264
114492773
40600141
48967475
29449699
85274834
75563360
18823753
98219124
37829088
107454659
30480594
11203494
116797173
87690488
27082157
35814659
20894888
113753327
6752097
35520489
74785483
82489924
11142234
112092049
4664140
61400488
15790241
65183259
77807458
46552942
103766790
93946704
83038938
92214115
19529575
105865710
46637902
30179095
76642160
26625594
118371117
61600107
111834967
80982514
75699229
32138831
37966192
113088030
47871474
43072174
24378255
90407065
77825783
77455377
96301808
67194512
102403031
88047300
80226470
111574384
91227634
11552674
83320759
95983229
54479843
108160481
29223550
20012308
39521609
15042053
42504257
46292233
113614508
88599766
51919951
90324830
103077358
113704019
88709775
85178040
92960021
74636509
112915258
19534901
93862346
17158138
114681672
118542278
5723295
68673796
37157255
114054406
84786462
93970278
66759679
43371164
77542502
14181496
105221682
112039377
29141176
72714492
3275911
32193308
104332408
57025933
1615055
26802948
29647628
14073266
99976413
73425120
99584163
104660750
32566860
103033699
11434842
46007876
90288652
10478890
102697334
61996978
56198357
50318928
25331406
52578182
56959483
84313126
112753951
32507189
117667095
5851498
96095715
65059979
30578252
77529460
36281935
115255420
54540166
75032509
33299103
4219293
49761890
5454094
93225907
105368984
21648677
9859582
62120543
28291674
81994163
61282036
45569202
3620175
112169445
59828280
67537862
33355924
85456032
106902453
55221475
61510746
102986876
18566255
37681674
43036463
31892923
80059427
81956317
59224503
34174249
36748639
29803386
63202906
111519048
92269955
43248441
112167003
46675420
9742136
110436103
78373988
76826222
104550922
63795944
78813521
102085879
79445409
96944449
32848916
12819207
45558850
32732701
59950413
105483332
76432248
79890147
100382051
45885178
54111307
29421117
98684973
52943222
65247062
19954465
118162045
45594535
42409935
10634530
96015062
51725915
5885181
23481674
6916330
11368673
103160535
100679073
69236963
66626202
60289229
116214
71678794
58885519
75110454
107773897
14004911
39450700
34682469
70960934
74913835
10071715
91887685
78730508
53591178
19652527
96354531
107527515
68389473
118397650
13652979
81437018
53713215
113326509
39131140
25047258
60941710
45437963
49293474
78024379
3851038
1403710
52719391
91618528
44880607
44563383
73091428
70757608
92250496
33514384
106786879
114993328
75290538
72235158
101185978
73777293
78976685
105670511
102778166
114666086
64684435
19136471
51209508
37569586
52384798
2596807
94563785
110630962
41586925
56793394
25304987
31042511
75333103
17059638
27430730
101836630
71122888
39577043
91684360
104970799
85937477
34551721
13807349
10416874
2162103
4419097
98712758
83120599
40986076
83641695
72360208
36018479
94465303
57516331
61815802
60563837
79819883
46674021
94229605
19448044
100270291
17148979
12515411
101210104
64746750
106663687
19055900
93865720
81353197
57132638
91163449
84424233
41293248
18291882
30514117
37851504
82243022
23974692
19664021
13871227
107986393
14843877
93012678
33901466
105410079
24045410
94047863
60371839
65213731
77080625
15836263
7963817
80115860
33565354
82154204
89691031
25310490
89636892
11605901
5832594
15839390
81775197
53910115
12345374
54858861
15443055
18187483
77275425
34798300
4820143
39668550
74084926
37147429
68967267
67567234
45038240
86545310
16967237
53439206
66153544
5868395
109984539
44619613
118138460
8254864
1420942
86988760
28381526
73797502
48640705
79636109
12397646
26916335
38467060
112967891
105297067
108358385
13367340
37606875
79523375
95386345
89511283
15421322
1012819
110135588
50599997
110409035
20391766
20002472
71168297
21533930
15443566
101729675
52102301
31149700
107586968
55337070
38348055
76459048
61399856
30627999
41169049
27143385
49332899
48918676
108504181
67690192
37738640
45694626
75809222
64102053
94373525
107089326
92534956
9413785
89743821
30597525
48144367
117667837
13462535
88248623
97145260
103103867
3046337
5668861
1705275
31127920
112747215
16623685
35289999
43160101
100105101
1154003
46352835
100452707
20083665
62809555
784600
92446588
70131101
96433527
99280728
84959740
17345505
70841061
88983049
99789615
17134989
78705745
29426207
38072299
94105916
100380029
101398592
90728417
11731647
103891590
4741551
78490744
35328585
34135996
5710896
8556024
99880338
102353280
108571737
55350708
111488455
32064704
2069490
112884992
87991652
37343297
114786692
45269520
53706071
19180933
70363408
106776321
112313460
47856179
55483707
3377498
97552012
116317003
94890496
60954534
77466635
89415556
81683478
35676191
61969288
22167616
27697917
53433260
109674826
76507033
53281217
7507092
71786683
92439824
116908301
51625761
102447226
104509388
93716113
65739751
34581104
31410859
51292614
108935962
78017798
57976705
36200633
45501108
47753997
5474939
98081057
50694074
36349898
59515861
7978273
8536028
31302791
70000885
152043
102167734
13623980
88555024
18312422
20160921
108802599
21302543
85623279
45611105
69928284
62305253
14447137
44455143
81106692
2219538
81638958
32516690
19126338
30725694
66230052
5963553
96838672
47468825
42715801
27813870
28213070
65691019
8383985
56848688
56376904
39310650
92758942
2366689
98562426
5913509
62251273
72095123
70184259
23318026
31163968
25473141
100008562
21131228
90529815
48590002
101903201
59816894
94000269
13162785
61600652
27664856
82057753
69024802
19255755
95834782
28333515
99078013
18217745
96786966
82899747
62913845
59558225
86845433
58925417
35370932
54539250
47836877
49834785
53614748
42119465
10032740
62656957
60322189
38038028
39616551
82303364
88740416
117026243
75239042
58818663
1479480
8409101
113936601
49594917
38987742
86520667
59260180
16178266
74113900
37228741
114864315
12892058
33090922
41209812
11088540
113249778
9828132
5717412
39802045
109767792
109510906
90804713
31944036
96828826
77011242
41400309
15967952
38825383
5640392
66829941
72595692
70694563
88231360
27415934
118048368
22809476
12406767
22031439
29027582
70125472
13041448
82558132
1803518
38651145
40285310
5371128
73447733
18870341
23920136
76710963
86727386
12682080
22697100
109353728
89764504
38185859
35759917
67948012
93943322
53755829
97408582
45179758
80359826
74325514
15009167
96016929
2685523
69994926
17893620
65279451
77225583
93200304
51176452
115242391
92917042
21414968
109164622
115546771
50952956
11238056
62917492
96183659
50631207
103321242
73593811
30720122
63052538
109717718
89349431
57667193
101109634
31986698
30170591
103152897
71639990
72727872
87026939
56216073
1672972
43503317
23006628
80793193
9186892
29761484
6077769
96180272
98175643
106830196
61532909
73579298
79416849
78406251
22589848
28814715
49172334
91589723
60180692
14288974
8608084
57362733
27496602
116766738
88060338
85156350
25029588
15423917
79958529
43523622
42113075
39689780
43220055
2148774
74715424
40720251
59299472
26961203
43550993
24596344
27413347
101936659
50989450
59505764
38137546
58713755
87444024
34883360
91885269
2817959
114506003
10651347
97016025
70053882
100640779
72636421
5197821
109219597
101024473
40268749
9207197
39964300
83784357
11403434
61659303
56657850
115979259
43606757
118357857
60424335
92416895
86717584
63799112
1179325
99775370
3254186
85638487
84626065
48090987
81233922
33515564
53355751
37724198
33283234
64856061
324812
90421949
83739073
100012400
61060172
75294392
6707393
106018628
36030137
14234176
26956176
66013624
64458554
78903493
31640273
5528852
91237570
114655844
60544926
34350839
15149305
82876830
13308194
60014131
3638866
43509724
9135960
107309690
46303016
61671285
99926989
19122412
29361777
8444680
102208637
82755175
48167885
1376847
79062452
97730144
77489253
75766313
34373350
67833331
106475924
44698060
63793927
56886731
108410169
105381727
29946274
73945175
88141593
88608471
59781800
15139177
6110337
66274676
16286331
36084234
32309508
91482309
35723776
65416602
87990426
109735420
12596353
78151372
42697595
12199768
72260423
18559551
88100390
117388921
4039404
49589193
64001521
77222201
35844086
34464994
26143763
60147804
23067004
73002416
91401764
2410754
7756476
97739734
33965167
43614023
360458
94606537
12395513
44798356
61723879
9839053
67037825
9300215
14794579
33041673
42909379
73681503
14520147
38511196
53387400
54530833
22648737
29536527
59982068
94506283
11397990
71951348
96459671
29559880
74149570
112472030
87255588
82952454
97379276
67072261
31218510
74372102
32882658
2556459
96570532
52423664
3948104
42899782
85200836
59923077
27425156
4398183
20294103
78799315
24766089
32754503
113358766
46952454
18138537
115744351
6950242
109551741
116611778
102797641
61114293
110007117
23996384
20183326
60637574
23007174
34189603
28662050
105515201
99268995
7511985
62574380
94936458
71738658
15474626
89706283
39628974
67435842
107345724
115253231
84250549
96623636
14615966
6518045
48905842
36300427
117942573
22962602
48437448
6604661
87704887
49834596
58273173
989210
113707354
31975523
45205603
53730609
30053695
42940821
13236166
63486957
56003384
14133805
32109684
66848785
101170560
43185744
110898923
19625718
109540895
86636134
47717794
106029170
7385473
34846870
106672980
1431541
54067715
7506481
67141488
95619307
54937243
35201280
83497237
59976744
1921828
11168412
40494443
94280369
105747438
8005991
31377273
107964600
31773246
116637571
83663492
90448471
52454850
33166419
90717925
12415355
79250661
21774554
118166191
14857561
99589155
108070128
53100054
86162039
71379239
31940208
12122070
3864129
42183082
72328825
19482301
26451460
24230974
41392081
71806726
6686468
95042746
42453332
33204737
69038405
64182721
59400703
118540547
48943125
72725759
77847001
21962795
73296729
40995399
18999692
80567508
22330746
36690889
21159845
74039969
76418740
117470757
67506875
103191828
15731622
57001481
105803851
82358365
26448136
65159336
38257023
92291732
34907971
97080612
101517665
78211489
15239596
105484944
49597175
35883960
8332660
36851602
2963102
111539222
27568283
110022434
59407663
67100778
79082150
31402719
15436723
100940542
110642765
10505394
116197978
52183258
39456975
49548145
53004971
61870035
39154995
59986412
109584067
84410112
90744645
4936351
37517944
107069267
106055914
12745573
32920857
15603439
18186949
20654299
61035189
79277505
30940283
36908574
51664055
96951609
39569954
4931329
112456195
58459507
98762050
66649833
8081916
105300571
19296780
1922189
71095968
82458513
96955398
113551346
55795798
102485379
17690437
24772370
83052040
90452475
113368625
12266558
82281881
57719444
117427647
24126615
27613450
52798675
116148620
55636356
112209045
108824078
33882909
45806361
59281221
2365109
56256683
6159727
34204602
64551897
32680422
76354623
35566345
113280020
95860909
31023428
28336969
54951593
39117376
70785482
8170594
55649181
22552542
67058896
39009624
64628971
26787995
99690725
68303261
16228172
21753446
66402683
58446487
31517800
108359679
53121493
86970508
608416
101192936
85563610
37889182
38210403
99303715
4542917
93846681
49812946
110716053
76361488
46780998
111181826
48232940
68825329
25543187
85637201
40270900
58128899
115135711
19463453
77937279
1900578
76591686
117949277
85756635
14228623
63357293
116654893
70738558
10310527
90432864
62982533
113973526
33346265
72077353
49490769
21540495
17485193
11935577
8437857
28128548
96765670
85638639
90309369
37458059
95127918
89311491
20807447
99001621
3328762
70585397
87701632
43857573
71266693
54591984
96815373
62300066
61950395
26222028
16659654
24050632
65990229
118618811
64482757
11805770
63495790
46458821
13102638
108166646
33979908
41609219
65532809
59307611
118224351
9901508
25554241
114936298
94886359
77935681
11299989
78281189
8222334
33109648
74755831
8966626
1545219
70593345
54544042
37899763
87945430
25754474
87281505
54184458
55123021
18023936
117513133
83042775
12478913
99207050
51537466
102385928
51098498
55631301
42656999
3288053
42728779
75332191
103636309
16605170
69713346
105903972
12428988
118065709
40468059
4162486
73232585
82455456
110361545
37693198
78331889
33760972
89441453
69257569
55481326
99793877
5545023
27209713
31505308
37806615
48108551
114716166
59728929
47810445
21806152
95038439
18461745
26123609
5618845
6635967
4176181
79361268
74339543
17170132
44833123
76822603
21514571
44443017
4123567
76600573
67061745
17977949
97089647
108457577
63712546
28271612
68288569
95452038
106814793
44502773
96887687
298106
92910014
92404121
29348699
114492543
89419594
20729408
21947428
53971207
60010055
114719680
34528145
116326940
114465562
9293736
72699036
63723999
96191273
113859249
98320927
86317799
73075404
77721664
49072638
95974139
49170450
32689425
117374352
106516686
70402760
4483566
89759408
97227471
2984527
17522921
101448745
44352016
88432984
34941379
19443062
62493115
254118
25234409
52531534
59645193
31912464
86553418
84213072
18777103
40783845
29502893
46148791
104814896
28551214
16383212
97409788
70367395
81096666
112890785
16757278
91985290
10402669
81140117
4682356
86346141
47899937
66507366
24908954
34843499
34687261
3112283
9961581
68322556
2225575
93691747
103145751
22038990
45769573
54710179
100341943
54778950
9855309
29765579
7405108
85897450
54096547
112232633
53610116
116825007
111391746
54427162
87302934
42866529
33240179
65888620
61437187
21960068
40723735
30700300
24881918
94078336
886708
43983464
83986805
98996585
47922174
48435572
49410678
118704254
53758500
70576364
47373842
42767860
94479032
22886105
32287333
64985171
840887
117992955
29522073
68525217
30090613
30317943
109142972
20183741
25164885
30736887
115888151
74359030
29813592
99708454
10091530
29603754
4964920
35551233
58489537
56931551
3580701
97644315
71330412
10990640
103810962
24487736
10480526
38397491
30948848
42008009
35463098
60029301
96805972
8107759
78192245
18810502
14056688
87309715
23105590
69615855
923295
25083327
73171130
9113468
103647164
93350298
98827848
75746999
31970532
79655222
104411140
1493691
2736983
46842675
510114
65413471
2442518
96186148
2934392
98633177
64012038
36258969
100647057
86899100
112861072
118596161
4608541
63250834
86386420
6925893
5348355
713457
40246163
98630833
37999251
27900165
61379766
19172625
90145860
39380471
85821869
66472095
9887207
56133512
44400157
23133967
62479079
31522972
32174109
94389054
116796121
104826569
42207898
100860897
91194188
58513868
41113370
116492649
57902478
85672963
85489731
34431153
90427837
21249628
37251067
18826625
56564306
30902925
52160757
32577395
29493264
29688357
22071938
114466871
2558063
21780815
109769858
95803655
33536851
55061171
52181156
24838854
22536011
111407661
59747526
93511540
611389
74250408
39906548
32374955
4148756
64240102
115990087
71601211
83495323
15251772
94379499
32890541
1409661
31376030
19409087
42740024
36033923
9194753
4697012
25564409
107053964
63612317
43622499
17601627
41428790
68487126
92804959
56738101
110796271
104307119
53604992
95950065
79005281
94476446
35194868
60261176
108458410
109641945
104935343
59508412
13842111
71907099
13481454
86383268
114152107
19117964
46946641
19373144
20950789
68798326
100751911
98355967
22183527
102849003
43606669
112404319
85404486
107307840
3133109
14846206
34205468
77938547
60755197
18744105
113731667
53266554
83039464
57853627
95799834
41931873
46026958
55172474
76564993
3267120
39436626
103682593
116977175
96958316
37431234
50308453
46614798
116712908
54749298
37492839
26348147
64012459
109271210
70558280
73102372
44004563
81804640
15461362
91920510
7488643
63418272
64781670
76276720
41107590
11826669
49530990
84176881
51663468
15735847
100596031
14003575
70191941
66251358
75572352
59247148
39528327
114369155
9121959
99268391
109546840
55935259
74599868
118623718
65266647
116467271
57641010
79797683
74315997
79756721
36042470
50021923
22310682
52955001
35649360
84644340
87876831
33795143
102390851
46563523
73257537
43248302
57241224
19848423
26723031
80013198
50125188
67973567
4822315
80900331
24668522
118636753
109478613
85846228
60982708
113182595
42151274
105597920
52658843
24294073
57446039
101897470
23276193
65379973
92791800
1854217
101063489
50216938
88251236
68046179
108132300
62312744
25428901
104941657
88533235
86463095
75190882
88034858
43305044
13899193
90231719
66535925
57654045
5199648
52598584
83098419
69427382
17857200
48151881
69571373
9921510
969696
9105670
21421976
83126484
51478492
41316611
41920940
60894639
25938492
51520908
12094273
92589510
57775806
29750774
498377
43158051
70195319
6706769
104482750
75055149
93935701
22840970
102269257
54582267
34741384
34946538
118666009
16839320
56085815
60465703
116213164
36653212
85340809
98915366
41205544
109393853
15378119
118113663
57703996
61062613
112555102
101153499
100994763
14617755
87269086
2695237
66388931
113950170
31581069
81641780
100499523
48257064
106909587
67322719
54726258
26805693
106574354
67103936
19436157
19432602
102838525
17297798
114257669
94756956
92440876
50805511
51689857
82029137
5558561
84264128
87781481
97937347
13884413
98299525
75942455
101032547
98827799
103557152
13450647
102134006
93542193
42080434
112340806
89007524
79558366
115335953
7369536
96045381
83075411
11041988
23984934
8081569
52570553
72355788
43067099
10411739
45246950
95139360
3151286
35334845
70379715
108291956
30898522
40565497
118281727
91195303
96485530
115503793
18918589
90180213
117506831
13438299
90235699
5908483
90541617
111226615
32260542
5231178
72060447
83897472
77281436
79342777
83824470
42158814
27108837
66737740
16164082
18815735
33663275
13669331
13339953
29814218
108820230
58513219
71793598
11681564
81180344
6305316
6900592
5480289
118754515
111598348
41706683
106722715
92457942
94214069
39166168
67173070
46759742
111527671
8976632
35122622
61137569
17086730
34898361
8293102
41978095
2494751
14379412
12752687
23659102
73636734
85734251
106042296
105046506
65488281
4780971
75700055
6360802
14112245
91487237
20935430
19140406
75206244
67556547
25284871
47454327
55352127
67100068
11637120
59293732
110699903
9127891
52844467
102822265
32403610
2817319
29225408
97645650
68456309
54732067
36426807
87400229
20245969
110164954
38250081
59127479
109478727
111926448
113139003
113781840
16280993
81092514
2759164
27751917
12204419
85898434
44720837
4962025
84113796
2509229
6449264
16781267
95534282
58930778
73596857
62471590
62074641
102206972
70122473
99866080
34486097
53975483
49150148
88832121
686227
54037263
73702106
114506887
95645455
32046489
1116305
116242706
68888094
44574361
110744711
16146024
1784637
42211608
117322762
76236159
34688578
75232117
61994411
41966321
5759766
90199885
111159118
81018562
76624505
16146990
50715932
64463977
53289256
4016515
24033645
13892971
86105439
41655617
113390582
107116380
81968396
84255574
14401625
52742070
42789724
68533103
26536893
53262109
7523030
50994274
14241747
1625886
69472351
90604527
49617204
43551205
22479010
103915758
39206260
12160528
90571365
55603047
49333962
48299915
45624707
101188029
19312389
106702690
78497222
38038638
101618385
29226325
50369480
64678522
35108807
117241245
61010073
94352619
39020362
14800773
100331924
42447221
70818683
34824775
77029146
73415077
13248575
10318482
22248023
102413214
90540197
42271450
18881970
66955934
37891155
57732018
22690807
108987382
13987935
49270896
106479158
36939862
3021148
60841866
3668449
59566189
78220883
55112930
2924325
5476770
62792091
65507149
84228076
6307235
30479830
75614294
60070684
29645362
38588286
98786574
92434874
23584263
13283924
79959953
53168757
56617404
52647713
101133541
2508224
95858073
55153378
54540922
33271413
62264960
110334613
76269150
65545494
81647743
111130839
56227177
40058695
65388486
43930949
17517412
73950182
9738097
37026007
80094111
56020489
23907653
85502649
21378551
98129137
84380151
27312240
70845216
54109180
84503270
45980163
66777302
62586660
111698419
71919940
84715894
5623096
28686870
92851941
18221947
50492677
45742353
21199858
22541283
341934
34192851
99301405
112666071
72527609
13118354
3495092
43545568
53492147
10026128
112876312
27283920
30270971
70522600
33768683
115045508
21916610
61995374
113667363
105584396
114978953
43233069
110673954
115114780
105907824
47109588
5925719
27951394
54304049
105817007
50953509
6485863
80475243
86183051
118074609
37885670
87339837
112278965
49479257
35111857
98565157
51257341
2418867
34035464
57509620
90583310
1378145
35142215
65826422
70434294
113720443
8767803
65038876
72467996
109189061
86860060
1709168
18918712
104711516
47818186
25341764
83580458
16124885
51493203
7746844
5795644
116120044
61131610
13713807
7125546
41596620
64529693
112557722
30645558
41560949
22367405
33660518
58657482
49135402
65962248
14299047
50156077
18388743
105892447
70758827
99173978
109862175
72700983
2480578
21131057
31693301
101562192
84737244
19232870
54183160
74328864
110891838
117898128
19534990
76897745
13377824
19854692
31872374
99093947
115795041
110617098
92042003
86508270
44358434
7882955
47573505
36120231
98207251
46928396
114840273
6961474
96693400
88731117
49911312
28632017
64107444
21364060
47379032
19312010
27151033
55095033
54793874
42897723
113423933
8583928
45025370
33093878
22869652
48968907
7051944
29286770
66258663
93062678
47838395
17141833
37389335
9548739
40089958
100149407
69044997
35012786
75860162
76965012
33527303
37450882
100062986
53699064
113023028
111094000
83328137
111966941
69384730
46209945
6775982
80330055
113427907
114866464
26041934
112392882
110423875
41702896
109162006
58020460
64576973
38289656
95861876
64953559
59313743
13980802
24289244
983614
10389112
47312910
95712027
98638240
43237855
107778987
89180928
1056086
41709269
37118191
114094589
116768306
60495669
10719519
54288121
9938655
13346219
112052668
3230876
52403415
104839554
79775979
89872215
118433415
106689544
90784703
40664314
67233758
12495320
95786335
32985218
30560873
4075055
106743040
18360942
51085398
66069718
52062736
14675128
52654594
104336153
103375069
62480184
59460644
6276930
61045454
6707778
79752805
16116744
51168528
90244831
105216139
100800066
7991141
77769101
39455786
78289383
72591610
34248540
109648078
91711279
45052179
12199930
80703288
40673322
85108207
45313900
22318753
66536584
30110060
108984411
53779139
106001769
1434730
52752865
54237756
53832339
83252881
108317975
29710606
69178463
91157319
27447038
61344280
48511759
14081120
14110876
96354936
99690332
116909992
97448147
19911621
4378856
54805354
44293018
27258199
18571623
15203840
32144343
21661074
51821922
116453310
1026274
51764012
66412392
88309985
64729782
33025363
14074418
26064285
2263567
16737813
51549190
22269548
56137034
70966823
33200789
16010885
7810419
88682340
112531135
51546423
94428604
104834288
36233731
37992808
113923856
5814178
82191919
43404664
20634800
57909
50040918
40429920
114747861
42290658
83139196
47569127
30761796
6240235
93325096
107707650
88314410
99392368
116782389
40126149
72060034
63328450
31193380
83977627
3157366
7696847
15312691
65339426
109720433
39323183
74610890
79422822
103989379
82134009
2267375
107918511
13023679
7750260
76100724
76082364
11528862
85802591
73054032
50767776
36735826
2836358
118638892
48188261
27332333
53453939
17836398
115796038
69074714
23496533
68664935
56627940
25690045
103703139
109538537
39201240
54143805
111286881
86059077
4974497
78013960
113327116
31817787
55751316
5125027
118011764
11931962
88474717
49066764
70217674
59842515
107357566
94314025
65184952
39255492
39249926
103189226
113149866
47131103
12446773
6710118
92675427
65899404
114202435
49559334
7155286
71952164
58072937
33272921
100445591
91966711
22262643
117105719
32616023
52722984
44363941
68945000
60524289
28632201
69422829
103617279
113467564
77005704
63967729
80805727
44915627
110928824
99646083
115343377
73265677
74261000
20221314
52019722
67647748
42250271
110296398
92692365
99220204
84916227
11010278
102149873
59350688
97253290
81645407
91384654
1102325
15731740
8425801
84620640
42878268
1320755
39649550
32661837
32090076
71848906
108873275
48382251
37663147
34288712
104025693
30149584
6613252
96781044
60533325
102669013
61840068
34283801
81682087
115880331
25565539
41470619
29408096
95679664
105054594
65913667
82958853
35291686
100567102
16008676
44971090
10216431
88040679
86610644
42598563
102517826
43089389
83488192
72070188
16417192
27675460
16148279
88426260
31657870
34940976
35153154
20986926
73673367
8718262
40211468
95375865
57599505
55226025
82304429
21624441
69762908
93060196
66950177
109130596
90350671
55681627
86074077
86427869
113236484
52424885
77920371
39351268
26672197
64716362
64825539
46800933
4921220
100017304
62176735
10670944
88981239
35338522
108489088
97107503
69928757
103795444
13071436
35975064
113176748
116957864
82387894
88345943
2709525
20172180
31960149
3922801
61255144
33649192
8507498
82788846
25752688
22107639
93335730
107584894
68698772
83618235
112337829
113060277
11036065
26838213
29895486
110683737
84219766
4693644
84036067
42857323
118332327
23827202
81300801
24830805
114248339
62215714
56385793
7690353
77727036
7214587
114225304
106179929
7896504
114113490
108263117
45881424
81122497
18621124
4150695
74448496
72582170
85499616
92068420
28065958
70332078
34105472
35551300
50266073
5171318
69112494
89270153
102405152
37292494
19085086
96158642
115461616
112202309
58074836
12275050
90357108
118128084
9015444
6820442
89728710
32990992
98545622
41730729
15577631
64848955
37461080
110093707
53419842
24071168
66866578
111324659
20066005
28934153
94152437
88709551
30479797
31820000
70185066
15150139
49544509
34596408
38083806
112090196
21845201
67660382
3259605
92440295
28399374
103738083
35988451
56901611
26316991
33696667
4269648
33197555
11429113
22293542
52130758
60905184
4005163
37932425
26075852
59070085
7357986
62332436
18524484
24233288
109989122
44492288
95876334
65167944
12751207
98137055
108830590
57118536
39261008
27235153
56451844
99211393
86324721
2291783
52631963
111929437
31171184
109689737
108780427
69333930
18288379
14198333
34829332
63745079
30574439
91457046
49449230
110838329
71153315
101745827
47166955
53724808
40644710
6642909
75147354
74442672
58876046
90499067
9570322
58859616
68624063
54160061
55483060
93205285
98834230
61752227
12052640
80647255
100304987
94582094
34504598
73353301
111337525
71085916
23199478
47449741
20303731
75417034
63671374
26332136
61101117
49427676
97387455
85012039
66576863
112361918
73775980
16430
21875004
74220262
12280185
94228779
83039462
112540834
81152645
18186974
89160870
45184177
55046287
26951686
110958199
91132312
50153823
63887784
50782185
75496075
102588368
2875225
14315917
23147328
56658312
103802708
101660813
103835537
11236059
66560433
90486914
8459348
115449876
55359856
109990801
18549352
13076134
64852487
32283594
44872098
90854318
62209184
61939608
82723976
95607864
47070415
40350127
102371378
89013047
56810590
61180158
79441040
65026913
29323209
40296515
71632776
92566649
44004010
22252253
11680341
78824188
44030688
17278548
96900524
42283722
45138313
105075759
95917667
101711800
97788040
110646120
8130342
85411321
23772823
51277478
2140115
76867368
102349538
41191220
9572007
110593677
40760579
48048154
2297767
55566561
5196135
49380523
89789937
92893453
97031565
113211794
100733665
10650596
90950235
110634766
65176056
71140144
16191348
112985177
93581458
12376719
95776927
84566494
92174836
65715456
67737941
79758896
67295361
659491
9334271
89237484
117199540
104004018
42852019
71727245
93490255
40016312
80062588
95388144
110969789
95284599
31165189
108908900
64284541
28713721
103347047
79904509
96368686
3814629
26111880
17918594
47915514
30061471
16828553
12415939
117230096
75982080
70424625
105771508
2269952
33043883
55289094
45472294
10513763
11739337
568287
116912112
47856524
103587990
73126585
10964519
39903687
11355097
14465482
103190033
51155036
99532418
62696259
78450092
83612746
114860410
1090040
35499574
31641376
68560104
60801315
20362218
73712128
46284372
50482413
84511288
22530120
43549757
53807637
12411652
91596444
24693927
52689157
36892004
63684303
70675117
115309038
64427285
79010062
42646695
49397404
91514944
15919671
66645849
86263682
57016802
92122664
60243567
93508260
11279158
3751606
23420573
88689805
116914470
23754252
15836286
39607281
19022097
79666944
29113710
78532496
54704439
79819625
109727670
40392967
8160647
110475056
81565972
15029881
106305119
26727024
101561555
14154892
86616500
102236816
26020115
82318542
80843506
56491960
78991317
41399353
5647137
118476322
81757149
86210819
13635784
63882972
10493571
59299602
24962505
68104085
96518457
14311472
80562608
8156244
86540626
111940767
13073567
63742578
41181957
92150226
67824154
118134740
106944778
13201588
30296939
97241785
12230855
39444153
50844823
79324996
87355835
47149948
113744167
26777807
75717248
82049813
38920467
61199486
81591146
10651033
115255108
97265842
55484477
87431842
113892678
31701677
70758810
39733341
114728425
41857217
104015449
54622566
96741431
18606623
970733
109662787
46396962
60619489
79801949
12598505
84390830
60578028
99146331
40597984
106667340
14517762
458667
37173064
64754379
112038934
73976557
27823266
102183165
32686429
16673032
83062967
35783253
28901592
54527893
69009488
72829417
94312456
62555463
114792274
99923292
68064874
29860838
42702087
95038660
19223921
32262175
52696476
81624318
84628569
49042946
78397906
77477014
7229734
82006508
36931112
18759399
50193757
20053864
19120198
5806806
106581440
37438703
94487396
83785806
87929068
6454025
76847144
113199165
113300590
84931436
66124835
100739845
10636917
10439912
51245814
65313233
75347237
3653529
3226412
16055185
41813212
5295027
40545901
116183965
31812751
25780878
118449202
44386951
32282425
109395125
39033041
31699264
68319636
88033371
15842292
93539904
20867066
110725709
47074330
12560745
83198148
64588553
49494030
73037315
62806306
47592285
62086821
68195682
80650318
6835015
94319284
53342878
92292277
14765023
6638393
106235800
2402083
9054077
14257540
9486790
41075489
78713301
15856972
102493362
67166305
23926584
55369204
8306321
36431190
110199408
90780345
19064463
10685877
1901745
10950494
3514254
85751968
64155436
92686398
36211070
33352738
88457891
55608115
104866478
21266570
116394317
100881890
1818922
95692218
63257870
112439819
66295758
11546996
834018
56027788
58859984
115209024
63979797
45239606
26270357
108417161
88878600
17017599
7171623
43863408
65605059
29637856
58444528
30802697
4228507
108316586
56199891
76094950
66927429
12888218
19447648
29605728
37624019
8189104
29396460
51710874
1699429
19171600
80400643
13338625
110857991
13620377
97842297
83276267
84074637
9252757
101245538
53918821
70222541
105247397
104228881
43705991
25409349
68937943
102316437
55847188
50292787
43311673
56647302
37321700
94074199
11258543
209268
113626776
15393305
19128490
99023862
107170805
27123609
66780265
43209958
36485354
57259371
88589540
100840730
39059446
66743847
4901770
68499941
35420180
79838048
35290938
60199555
88372162
27548786
59004763
8103515
12971086
68047475
45388759
46016062
108161054
114675239
108794408
14602913
27032500
110814882
32243597
72864477
118351886
18424524
73430419
54454624
18199925
21845693
104842590
98273136
40227297
52777353
33209002
94030625
110275887
16645782
10098422
89172276
23481329
109767289
90428387
85765025
87600051
49523520
64935285
93558141
87642739
6883156
110072947
81881654
111272996
22722702
118244058
63897262
224599
60488356
77325665
47640420
100428397
52065237
65064133
73910302
70215096
25466850
92835833
21103611
111974454
19141133
117553890
56526305
31070868
40904867
29733370
2945540
80690782
58052128
111198824
14664714
14420161
87350245
82447597
56279364
31401733
66659332
105381597
80297810
78869960
25260428
101386287
35421724
109563771
48500913
99884470
49111485
32302397
82598330
31263352
64351778
115783896
76649023
26792935
37028957
87927715
90491242
10556717
66026068
52535597
23848579
59930748
85854427
64852142
15788265
69707768
78817553
106599372
80121169
97721524
43448236
43410288
52885374
54347255
69355916
25102146
26189770
17848133
95664249
94528064
73424330
37558843
78754939
116434938
64015324
26472240
21901647
46859275
105518138
14998949
85491171
86710068
44142483
25050289
113748219
27998893
108396600
99906030
72054766
45614511
44836150
107910981
92864373
36686857
37061115
51507782
57151528
59375336
72137434
58105406
15773125
75799392
101257150
61186328
94533291
17156049
39764103
15806328
89081735
27711700
89666467
69344511
100675480
25047220
35463690
13842189
83657758
62782089
55069880
82953786
80463769
8149292
79753496
41356590
107248960
96495780
107083979
117856122
52505841
115148043
84561887
82300428
100076102
93004731
21422225
87630593
55787945
20956033
53853492
19737223
54749851
64619247
33880821
86833291
60199463
91491602
77582309
9607602
110031951
55824218
3200290
48010808
19710333
110971347
61986242
117106469
43989939
110745937
42197865
97919044
15071940
460786
69781832
21349139
46120416
466192
33777101
36050721
93919813
108044246
104666403
95630191
13323414
70102849
9250981
50591861
109173282
30661721
6407312
70924772
36113885
19942574
104834567
30317495
66981408
70050306
83812234
73784526
95673996
41737078
37040841
2626431
82054001
69315640
106382039
10069694
34260010
53446486
50194319
7193252
94720832
43467184
86379209
81541554
88643198
97399261
44184549
38248510
3451466
114178369
84900206
5796390
71771167
43687890
74218892
2100512
93186311
42075155
45647314
101951195
87396708
86535202
15054392
71984307
43959259
61839183
87589006
27066758
77535655
6727135
39624043
13179278
73633987
116693579
37357005
50394688
102851424
57719811
81061934
116465077
42407202
41212316
59291129
78574285
78215210
32143736
75263198
110045116
73488448
77922113
95800433
24316031
51479573
80928840
103205301
16892501
103113529
80861871
106252716
64356377
60806779
50644095
103535904
32142929
13842155
107350825
97046384
105196348
15312609
39849618
57173948
82642918
90710736
36051022
12214716
86980095
77465289
6244715
23148313
58076047
35346170
23775223
39920730
34587072
96625311
31247060
29449786
47660782
28958722
64512251
88534104
28663850
36801940
114995080
53906545
36359438
92038216
66100396
56926029
60383322
67948883
30026556
79331831
12634271
77395734
5970001
72735411
28292871
98612176
118183091
18155317
759098
54863542
17577300
5137286
48964529
2288337
92651166
77936679
294872
27710311
92349025
102470935
9346132
31860494
115519780
107147039
31654894
116961514
26899473
99861491
64218241
80344452
82265460
67612491
49102863
35071455
73362321
19041184
97853078
72223179
578016
4525442
5899013
24192593
31296121
89837850
1993465
73844485
113301285
25537568
18364179
69392161
105761156
29912723
205600
117368267
80247566
59507033
61646902
74268652
26499661
115415751
31241589
47194005
113060171
38965308
56028378
10042772
18463168
102231266
75227795
104099054
92039322
34871164
22199128
85165267
104250196
104169528
55480306
52812754
38586413
116165086
69186561
116106519
77378788
68412197
55721365
14882544
33007372
65041152
43027062
98115657
11259210
1179911
69257
111921029
20502140
72607112
62528607
42077744
19095574
40356631
90803556
6874055
49430969
36839601
38588591
60341071
65583115
67028850
102436194
50193524
38786298
9677993
60385154
71399874
35404825
109490214
90665482
53701716
62685571
50750781
106950030
27051812
99487771
55175775
58296051
97234397
62415168
22171976
78987819
12221519
109735663
53963955
95999095
116803528
90066487
99273371
85618508
24293220
28242552
92758201
108618371
95100054
93083169
78608571
99544393
109416739
55708272
39914701
74465317
44537389
78976641
60677884
87565762
11157004
111570608
36124075
27150208
50193648
31246313
25023863
43936055
1835765
82707469
5629353
31185020
74676896
71030819
111670308
43388480
51952499
8578661
38913429
4459291
111380061
22900299
68533322
34951422
11170883
88651691
22691063
75781628
76723266
67917277
51441686
102816797
61376960
13781392
2126344
15161223
29410548
61126395
38306702
89460745
16934203
53408535
47228343
31288416
27981950
111995276
4475051
56396837
16008601
16013130
54735970
76428639
20633045
107595262
21163989
63102886
11928424
82487417
33243571
92716470
6540317
46563924
109594083
55119367
103180844
59809950
104568152
58759804
53095822
112611797
51136032
104455788
25426585
62946698
35716995
99298743
95986675
116175551
1660867
67293593
4283715
65950709
64168280
85243790
95666837
66390203
29859315
46925585
75947100
105489648
110836018
79134581
62193081
49784132
78264846
44421040
15617758
110766355
16527402
67450035
87185212
106999335
77642423
53841473
85770024
38351444
97637876
37596711
1985465
54520158
3125313
46753556
97997503
116588078
55384475
48741252
109253104
52083298
63803198
5716149
52200197
61051885
869735
17772040
43070004
86308491
36797268
75881354
32484773
28338068
108617613
33343739
30132941
39290978
83917227
57076942
45269609
43117718
34471398
82945540
84236286
14250866
110179082
49256251
7334974
3301177
112651684
112440585
118693102
11654943
4846414
34428156
26885511
42274874
108688403
85998650
53823718
8459200
86073742
8044664
7108757
69326634
68236512
91865999
2924999
40799509
22605544
90037699
86595062
29124161
91576459
43883665
6915892
106877905
55414567
22608020
12321706
109900371
107594171
93168575
103579432
81381540
44549754
59696862
116164787
109132832
8828538
54682683
1350443
16747108
58618153
34052758
75305265
27437003
69260455
40600931
81918078
2385013
7364870
42711397
22208269
103508555
107279099
103117873
103459829
73227827
33823850
46866761
6320939
26212630
48618821
52786200
92930384
63130553
59771954
61482104
107782389
110891431
4968160
86107686
69155474
31181150
83602304
43607964
73232556
75779072
33236061
39206681
98986745
22666315
63145929
46804026
48726
34051272
69294023
65496697
75810518
16514849
117057941
81248369
52092247
104298269
1917876
40351910
74158165
67690524
65417573
21674703
41735957
101500641
2505381
34451140
85662225
16726862
10371903
34025875
95602328
10569745
103774383
61086348
31521219
37998287
96320004
53362030
85954385
61682804
67248757
113372149
83232603
21663302
88234123
20643967
30140104
53037353
102647967
52483462
25954567
91630563
19169321
16188447
15838416
113492150
32982867
60539980
48838165
118612158
49061493
34515979
106762157
65776096
92479975
96969190
79757533
34637200
113826904
91392236
106163832
54489084
34041656
62588635
110333199
35196769
45709631
96466643
27082786
19921034
42217770
18669750
75792146
33390802
110919211
83012067
73557614
33180709
11478487
14322186
11850001
110999028
69749635
9792967
113732194
57842775
110855917
107175297
56186999
59337819
57350580
43575196
62965886
117654888
25782634
13866556
17017613
34692226
63152502
17316666
71842519
8826968
26560540
111590080
87546819
77738501
80437210
59235428
30234338
19289460
72286182
2057033
116076835
11906859
26650681
6556896
10559406
51518097
49824717
12611802
5275563
58505693
26696192
49099329
109540905
118804039
78427685
118510947
90563338
63229164
109566127
79062440
40090150
67632039
31152869
37215020
56407793
61147750
114662877
28177305
22022626
60379322
103119983
118423568
10251083
102846215
84445810
116757605
55146164
110129025
104725611
74986235
76678419
35605784
98385275
109839958
37144330
15198520
17848450
11500898
23139014
41934088
56813200
11778759
20127876
88815120
50265774
37134118
48028754
54283555
52770953
31312688
59031869
9177398
42881388
12303479
47700051
93126785
12031993
98969930
42354236
78023457
104314590
85648461
7365083
83186755
100895138
25643432
963136
94724363
73497699
11360255
30709841
86808081
89226616
101803759
49689995
114792220
112076796
16716066
114061686
52497185
116144931
46728390
80287348
77468234
271485
67540122
50772549
61722167
3558969
84419406
70658374
21127835
103563324
100531652
91127249
15074405
70955734
108412882
64014521
114403248
49847269
56619713
37118086
93244397
117440594
41877559
730533
68483241
19381136
76236926
91019838
47580327
46456905
12747226
26695685
66262949
72884782
85163144
109873794
110144765
99666083
97840352
57714217
97392548
29575918
101524368
69869885
84266116
58565612
16298438
77285162
84316503
57989119
4144156
92513864
57860983
22496423
52207238
96273404
99514440
29780021
87176242
20884642
107907586
67576074
69246172
84102786
90453648
104307062
20937071
52430547
11177164
68264434
74999850
27522663
73023433
42958755
53571446
6980954
101962740
86022950
82044636
110612640
9031766
100457734
40306625
89301210
50695614
31330847
9097162
78629798
40682435
28503797
79352101
32708430
104836057
83749111
63165715
38023101
102033527
71482638
105144328
102464502
4144631
32041095
101664848
66042479
68709646
95262127
43746319
253730
76991184
109300533
70306014
47444186
49762119
8975778
80204048
99779447
118362043
108306995
118087698
16877635
51381371
4506620
88352716
66812956
100525584
586706
60592404
8472655
76241637
73103233
9703284
56912153
91045080
6402720
31199790
68455915
18270943
62159417
48757717
38450627
59538413
61330236
86050139
77696303
18327366
99610684
100501750
110388037
56925624
113581078
47334920
103378416
31694666
96669639
15124182
100956559
43155070
106299172
117579372
28233114
100868154
12204193
34615993
22589164
106941778
87850374
19698198
107533947
11524633
115141111
80114119
100652111
43002870
114153086
96004553
35652959
42685060
105730673
63053117
81260838
90790041
78378912
97157864
49548108
53514569
27635011
102187187
23825585
14334648
114278809
112427122
78278989
24072416
65575620
2890966
8311461
85229370
32270718
36323457
29682523
72138241
84771034
4647558
16253541
80371656
109083881
100313473
89137852
23844262
112387836
102912975
50145563
24864342
69522853
66170922
29688984
22203993
115622009
30208464
54865659
90206392
55755132
75388023
24664585
108059880
98333879
99701634
55546847
87846108
70362424
25034965
64788330
13303008
14373678
34750068
137433
94143249
106735638
105034878
92508700
87523493
42293751
102784642
4078988
56222490
78262543
118290521
86148334
25415617
102166962
98287637
74445437
66505253
104767775
52676582
52513033
10487771
29339210
30511882
31961408
65963045
19564917
30038261
22069205
47944060
55728061
13912556
1634549
19212145
71644757
117437689
92348135
104881262
33425728
4598468
88884157
52846926
16123558
115574328
78683811
35661709
112329862
21768855
22895850
103183634
32241001
30904780
106239994
91089796
19850595
1923146
52797470
90430858
102023831
8156649
46309511
36515916
69981430
11910491
54577641
85573496
84011960
87749666
15997105
99388803
107284911
101023459
101876746
108175480
3244466
56914956
21669489
18049858
117241484
110801070
5847270
59961206
11054185
104316847
38292325
48229738
27612946
53544451
53024977
74411545
56985220
34399020
100748276
103217935
55612161
85637975
78480021
103433158
108178386
33783646
6415686
8013061
106682623
44961790
86505990
112908239
67387102
29678420
12202587
57280278
108650515
29244054
30572511
90538077
76703901
112461505
4108391
80915031
115369232
27529587
92473270
72577286
106500489
24013930
33641544
70989004
105173220
44696374
105921102
100165325
54814654
80263897
40317071
112584385
105288319
65731200
100705651
10106824
48741535
110672164
35611397
27016068
71350153
36921007
95333316
114598871
5995902
95388805
116155392
42791946
39839098
77362970
47839372
44415115
46554341
116658800
83877903
5007894
108691721
25657205
59848254
61040269
102689209
102299502
20782364
104085124
16989665
108843488
93305428
30629097
48225641
7594020
59396383
75561283
39828734
118754511
7347109
82013957
64453337
47696052
3856204
4327613
39712258
49990572
79347213
41546447
7967079
67124328
63969641
47651452
50681627
76358753
49161535
7507714
94213467
30748877
10779696
114074198
69521477
94615038
90042715
91474358
86575286
68355502
77117804
85528408
63204804
87364688
78157752
60125724
16887423
81579263
52694030
116975812
42023493
12222885
96386806
88029258
16442701
106420889
7393546
52077542
109858917
18412658
115538019
98949269
88941031
34974658
24031483
105760749
8039752
30590843
14356554
9950508
5150698
108563117
7370656
3079080
79380894
5482119
7431693
18721612
39555769
40471145
20589006
81707866
114590185
108775918
80635711
92078789
5465602
107790889
55349524
19813277
57185258
80563361
74917786
101990282
26934906
2344270
91404195
6992874
25440145
24603437
2579852
10975247
38085853
10792166
4551017
60659282
84736351
85770549
116942607
76657904
44690960
39526719
1072155
31415026
112213945
100558453
36729265
113365956
59509260
93596164
63705492
74004977
53628454
81477146
19489717
28845662
95714126
66800758
4413022
23368527
114231215
110597686
6424230
105140201
53769446
37590468
62526676
8078447
41079589
86319518
84489379
22179564
46122774
28227332
113495761
7751619
41049193
70846732
49660464
104314284
39967709
109941976
63418890
33686422
113476651
71498960
24432640
72345598
80283173
21528966
16944297
9091014
65731870
96547393
42613525
45690999
115320880
103920789
51302699
27803654
40196743
65165676
36397434
47274785
105988140
51552659
76901156
64448539
30879023
67432118
49799024
15184917
5368955
110729931
9253781
41131053
119416
11807304
55401301
71192159
83510727
48110535
94191120
20040870
100036513
66406366
3291930
96420856
63724046
113850653
110216221
1825588
77987537
112558406
89183629
50443231
20673636
18372668
14649515
24597735
70966793
57879094
14834766
83047903
704143
116256478
104539752
47737258
56010207
16194396
95811040
63469857
66884022
36688383
16748940
12519287
2682320
17154908
105014635
61898457
35863116
6561445
31451960
36447936
91884770
79714591
35793716
4979530
66215875
84484051
9762969
106728891
57174951
17388288
106221781
80680516
60246271
97248986
70736218
111350351
68120375
68026287
55624547
63268365
42909693
118404033
26314653
59593864
109005422
107356820
39350127
8318810
33486676
79450999
654220
95808869
13498716
70119665
114026562
78296985
36212730
1278311
9410740
104208065
75952018
8972795
9944298
76609550
38032241
11613561
64629434
4852010
34020224
56030515
36953712
102125830
18302240
46671464
29147366
109590242
73870143
78709129
7664590
65391438
65952283
58248185
100592308
54011732
42810565
112748251
68886245
59718296
53039923
9341574
94263767
8246098
98654185
117140737
11980116
33180231
105306968
8598919
86708299
50704395
46631904
117995879
72978463
36425629
100514951
78151868
101925651
8478705
12756845
77130036
83609130
11940551
15437620
106654058
112839118
110805900
68611957
68448300
84264529
44793825
38401020
95933031
115075983
65473954
20737399
12284826
74185563
54602573
80777016
96426051
105439562
19109905
26384557
3730225
53309979
92036246
65395023
33699245
52583206
816294
61692415
95765073
26815064
23441721
38042101
44390817
35445000
32721762
38950910
107141499
57431473
100640696
84099262
111694786
110098392
84944826
50317811
105473143
76876642
70570741
78945123
101709337
93513557
53158312
66048833
19610733
48356670
64578729
90816831
75628134
101714860
47154324
57722972
110137878
115710352
14223969
14343537
47113502
103003919
66023845
31945867
73450318
109352305
8058065
61376975
13528879
8068184
98557071
35431649
102880935
104770815
25786811
44564134
73902823
13705272
10373734
47603903
91538537
90577499
52566137
17905162
110386983
50253973
52402633
104697971
68596850
38933680
76033323
24071264
29553601
75481541
32791432
12073343
95823425
118799882
81629904
105810861
32900880
2689886
9644838
67220431
39771621
12081538
34190400
26298920
49880366
47509865
113847767
73633375
99000517
2312164
93216160
14592642
109370754
13468952
37568278
53429215
9380079
551782
183462
26383888
98468116
32801551
58157069
117726195
85899002
87843648
96166022
93394080
90631896
6466930
33030030
13472701
89914803
114394166
40164783
95056992
67319349
1629232
108130846
84407874
20655041
79747207
104737995
55941538
12992503
37016496
53245753
110709821
20893666
86191912
95940450
108455552
65712550
98027052
30463803
1408552
116021753
98602722
69267679
86062824
35362128
37445865
101021549
3761440
55978446
47439181
105736147
110625106
99784192
28383638
98479880
83523503
75658334
67721499
11599415
21092683
25026459
85863841
23673001
40151745
20479362
116723398
77991749
73207628
100815300
59574711
59854503
38862558
63240594
31821814
103851276
40504317
109181050
62485998
16835294
64163341
66464989
86256139
12145226
16260689
71535305
39662010
80827718
54565651
51598670
44545575
6323311
112588345
65384479
25759604
80969997
74985365
24811728
18417037
13353124
61952742
5237747
28032689
53821283
31639907
50354395
50268908
23669023
45017708
114831009
58292786
60921745
59107930
14720833
100196846
54242972
25873284
115776971
45185773
57145969
57820326
97971097
108277338
31618347
118112744
947876
62552960
70535871
90572617
22082920
104130436
8131459
92407841
105391925
3552374
7970883
14240316
63151530
93089868
102905964
55723079
43571952
88438530
13768588
116561180
112133506
9057199
87537316
57956645
74928307
76582262
26201978
107571983
107329462
87875388
47576873
38088890
40470039
85215436
82441158
48485080
7642140
4579084
93340587
91151609
68114475
33691016
30144353
16332081
58421546
23371064
50858120
54724403
104018655
4711389
29023864
54176860
61842523
19858684
31754667
86166324
88062800
57136591
59995110
69240572
47405349
81171438
74457733
110794960
86476925
86765703
82858124
35300532
64178240
68553201
69910885
60686024
102983101
15676919
84283961
3697142
47066040
55050361
25700539
49841794
61678867
9165180
22422193
94486199
50605884
93428077
35074844
18822228
9731242
97633672
3686469
64324020
3598143
115405660
36840466
51176393
22587463
14304922
93103278
3492215
93283731
63137596
95212064
99285958
87420880
38137230
105710234
116034246
112181494
16535359
36323231
86002669
86272926
47804117
68314985
40687286
83696835
56251173
24039388
73120853
102939159
7090810
27483554
71231751
92818197
22535543
85786746
27998878
48734822
38869312
35993782
112807774
94526716
57074833
2479354
99100265
53669367
89174874
88614645
26178825
57976064
107329114
26591314
45585640
91820913
12063812
16647898
10575982
81025644
25852208
54540929
31707408
33082614
4948010
113158636
73722949
92610722
55821064
110815096
63640679
63152596
97728950
422048
114236452
12309096
41018111
19389249
27490541
31198810
108999162
8491141
12390424
15508201
14527502
37841372
81244931
58751798
118509320
83748684
58221866
111579595
49592918
37358773
87073296
31147289
57337572
81717853
37873673
111478468
21989776
72122260
76629775
85419853
78213938
103750833
112532186
9819300
38103718
27903030
18808386
93490961
112773640
102262683
61976900
83489334
38142052
6399877
529932
15833355
34155765
20863092
33409929
18445629
107734832
5355442
2177245
73572734
68631707
93465044
43752323
55379924
112718323
91688943
100601298
77298268
65647114
84629156
109820915
72326388
33939390
44259334
31514060
38187936
73024260
64480653
82959402
31212327
91054113
107380471
110137056
15710136
40841891
36958117
25172014
34162098
55533736
36425832
38724041
13251783
108460352
70873381
82492256
35420055
34945458
24875772
86287354
2224356
50689765
74465210
40812328
4655084
98948705
94747038
74038535
41811933
92236541
103292562
48788902
84247607
66538580
82082569
118251753
6679793
100234381
116459812
4341687
51185583
55679111
95564290
58473157
73040297
44831553
66520114
76846332
32721102
92996008
11822143
80222029
46034681
103230136
73778920
58330180
57136772
11414127
89555974
1926661
7988934
45657612
94419963
93709485
59858787
100658189
10695570
11241736
57952428
60780701
36491027
1616056
101448815
50732737
110763044
115003966
12110450
92334107
73927818
71309074
55864957
27402008
15346738
106514501
54996994
71268423
96487837
55210111
3425193
43898362
35220328
41993080
104608826
112571775
91917544
48617051
51609391
68724870
102464339
56336372
87045516
104568291
9663012
114158480
47525917
27332567
49979777
68515007
45372780
46525810
55962336
68160456
100118644
71791946
18930294
118596884
67843229
52589475
28893412
89145744
67003167
50362184
68885536
55991775
60962384
32096304
73866342
114083020
109392985
6799678
55576989
91697037
65946004
101140446
64178703
97820911
100769788
12357597
12552671
104925954
74120797
111884020
58133792
100331761
3948717
85150819
98607102
106411116
113299939
97341229
20260208
11011392
108209800
45692862
109839063
65689365
50416950
75970294
67409660
17695948
59663675
73246544
36421964
86935094
9274287
60724736
94171870
4747464
65950431
19478651
55695792
92599037
107935303
91792974
1724659
25251232
99564511
1265872
95054538
111192177
116845060
93377346
19982329
51424065
4179542
42772399
7183335
32721002
16306618
112973117
100083985
91538582
72875887
103410859
1666854
4526823
113584306
74693218
76765303
92161395
39256979
82712819
90874378
91587701
1132093
9362416
49006695
116085964
12134443
1677191
91209848
74324625
89197804
104923561
44240730
90268541
26465781
21923849
51447018
43578037
40097230
5576756
98775358
68349063
108636554
45783636
55475151
30326541
44339869
112862485
1287017
66479278
90484356
90415591
42581006
3856129
116037974
47329503
24876116
65523449
40193018
113999918
30083895
117739263
78457780
31220511
38821523
101697745
100636620
54773892
72516309
99461797
24653833
61895352
21777542
87213643
10347397
61422667
29039524
96670592
31281759
38585056
32801902
86628226
102091248
114061504
106693644
59418154
16040115
38589829
35439554
41263756
35542138
7767014
78917740
104473666
58297522
111761262
38085065
10078452
39023689
10620957
77684255
56250191
51547955
88068505
67077749
32486806
30140908
118168098
72772320
63463533
64207439
37550399
107648213
42673094
106925019
68103814
23978600
102489990
11951321
36576170
81156017
58782103
77183123
94870108
66388600
48219069
81641203
27464108
51204198
101583499
77883003
108425751
116886073
27964779
57927597
76623281
87428117
85487376
53960659
44125551
83528951
21534345
49435381
39544399
27598124
13338659
65056123
106212430
21333973
80882849
87106678
113999539
111203503
28964053
13228905
38924492
115824872
98867705
68391105
70492078
112411057
58821854
50498154
49166421
68250293
100153852
22662622
43302566
10862055
41329944
113500171
43984552
112746222
45000352
102201907
40195694
110814687
111886904
28009382
35048064
88489347
58142625
100770634
72279011
31949182
42074830
89343388
54236424
114170279
18472881
19993924
63244635
118285192
78057933
35407429
24947727
89291797
100142678
57516026
85687504
56297353
68499819
69496276
72550527
61899296
118028633
12186312
75766622
23397557
97580388
61991061
16210336
26193443
67599434
110649254
105426388
46714552
79774137
43146130
59829274
27901319
60745992
36740836
93337465
116479767
54074752
86241702
12507923
52748955
116729838
25094858
102556827
6600523
79181273
69267845
104942674
94631076
42319555
22679191
16090851
71386945
3295257
33274713
48480685
20884882
30875117
62280258
105695279
51872817
110113769
23088438
53373855
71979856
110379715
7095763
112875474
10229427
97225495
115126696
69002129
110129315
64723585
42192612
20467849
112263828
26948289
91167113
78540224
98646241
19383934
101626139
22906259
101220376
2399596
105010428
33999604
106715930
79880119
91510471
7402592
47037543
40422354
46278091
86818013
100150288
28680269
116558779
60037299
114809811
50403110
35713147
89661465
80173388
15244322
57014367
33723604
56015679
80686808
95724086
75739982
36973559
108130173
36705832
67220772
23397296
34033939
70202764
99313338
41746206
51088117
79934502
87933161
59082067
26501452
89069235
40112989
41584089
75059298
33227782
34051975
97943353
20468824
41550728
46449784
86942274
95137560
56809519
99085698
43713249
115307543
39034150
97466418
93636507
11575523
5921638
42893959
111097734
19114647
28282466
81526675
909680
62336680
117673927
18969078
103727363
14009936
15788837
7532114
104829576
21662587
1404877
51493569
52336551
65223169
117353896
106666577
60327941
69215606
68955178
65056831
30574666
27458627
100448410
50742547
28191420
105616992
23515123
38474688
27108597
93659417
82662749
100750603
77419317
112567621
12083871
96195249
36893991
3029879
15030866
62239636
88136037
63895339
52949674
64479974
4895228
48138289
46615029
114081110
47544570
41496551
92322052
98642120
8170837
3735048
36131054
117430362
78508395
57569337
74621940
54071625
16240099
97808759
88666732
100034069
84577259
17957621
90068013
93464356
33703843
78849158
9289962
32559693
59000111
4811385
26768575
18527748
9497349
5118478
30662688
67712451
42229344
97490633
71414696
18454105
44036654
97371717
42808422
33340400
41329238
104526812
93118524
35016031
22135129
79612740
18869686
109922904
103063779
11218855
93078024
10047780
28752676
4478577
5791118
49375993
114124036
21650096
115578691
69498529
90602765
51982056
115107756
23775238
62357609
101756609
94455684
19599884
64946109
65995240
67935507
6313206
82391683
22409413
25049975
31022226
95358962
7650831
16844880
101919629
110179809
88599447
4256662
107090314
9164541
111854652
61510933
53529137
49857332
63596635
82104404
66827527
117338078
22254776
57033185
51661354
36810500
37364074
70474378
58632903
102413558
54429723
108976862
51369457
45860452
17399144
23080975
112249333
25184652
55959064
106566597
11993125
79434905
11212010
45579381
83349035
70900950
116724299
90234733
101839806
65068558
68753258
18697972
74580353
104254277
28572741
99996977
105891228
53760516
24948285
77369672
51044101
8569271
91577717
37192111
61324750
1118122
85931912
14586366
13191527
95334160
95354587
85223744
4989500
68024691
56568713
2017932
87871145
51655741
30385105
83141834
118201835
92212611
117838862
102297007
117173050
93622225
75048692
37425186
2716415
25282644
104601955
13851990
66054522
90459595
78973830
46738384
115640225
118311383
46945410
55681414
99248290
27329896
37558661
2971568
98963546
4912972
90442827
4729311
61167536
65886125
93016603
15904828
93849562
33120266
36151945
88651494
90905810
49766048
51633231
116578056
86941753
23045990
62591790
19316138
102533001
88376078
8696604
59958811
19063093
19615514
18122753
96276722
47176350
41549318
31338741
103137865
62555437
33460332
39426339
45262708
90846564
68799966
107466513
14101697
61024457
105195898
37018263
102041385
90537926
28587241
53986265
67625615
48226620
101929343
19523164
42574189
69312985
107891091
50739688
41596372
91249164
104287065
64937980
71752116
97803882
6782039
63711525
17292728
70327399
98340004
56606196
85648496
7775509
2270615
104797065
86696702
23561602
8431021
48055120
31815941
108074252
79770553
48102451
5652430
32616357
30442074
738131
36620243
25545556
65262624
95468392
19497048
6483183
67059571
16944221
89414784
64168270
93085152
88400163
103488904
90564494
54335581
108565062
48792438
106422643
96366044
38641582
649291
19166770
87094567
102523491
102421822
56057826
26564007
13817929
4899744
13800147
54285508
59961852
6048508
67683071
37312451
11456457
44782030
11794931
51572699
1014620
79489367
2520658
34064582
3827472
41772056
75626568
12199018
19054485
114676982
77199274
70357016
25839431
35554949
39940371
75959484
97507522
51158082
21667489
78342422
72651523
7751639
114316068
31553031
113402052
22901041
25517520
87597388
43767409
60019194
57955671
94663669
75661895
79558602
86151645
532084
31621201
88663217
53809745
67507470
97741180
41644325
39320274
68689948
65761057
107592290
54291994
19165100
106220190
13915850
91739985
41098492
13159587
91415027
6035511
34708294
106847262
93211956
29641717
67913741
103167300
97207070
17415654
84033441
47937401
6392057
65532340
91827361
118635668
12165420
37090826
29051232
103596898
50537985
14397954
46595957
10275730
49279774
55138745
65121698
756263
324958
43966611
106164924
103377765
31633555
5066577
47837151
117758287
60148278
50498087
28037488
49269668
19927226
18501101
83823671
6566390
53366920
63640165
89584436
36282152
114266472
14653278
57000941
40262254
92831811
360842
63964033
48523511
54813787
30058717
22304969
15757194
12333055
101098347
64444244
41588899
72631930
116149064
98624429
10878609
39474491
9536387
93159628
13360836
83944182
29087135
44695585
25988397
68183694
83834788
98091212
74004217
40631468
65543729
104011852
53211930
64357056
42808946
26218541
39056593
17725661
48920253
79026580
98457787
28466417
76008811
70678101
61753320
85578203
89088042
36528982
26113655
44402205
72976123
96378881
66859415
79713442
79670798
55610816
3083107
43203320
32547483
97705996
115133169
10090303
70106535
35897018
25300463
25083285
96108289
87743643
46981505
29357465
3017769
27779686
85523098
118144238
100400060
34127968
59464548
53589466
91266490
48544774
96352791
2166311
16708083
20152229
76630335
45371108
23063332
33090741
55783782
22457180
36503091
88139780
112503471
45023250
58598730
56366820
105815411
75654454
84725874
28105448
62644368
12587162
46189627
60298759
58679690
46810593
70575109
10919774
76046676
89100179
40740321
85104192
44345977
99050605
115898897
52443223
117300957
606152
5491280
86454002
37667340
110289841
29541050
65040280
66921470
101754277
90450947
77709962
21913715
81042342
100725822
2345609
72717473
118189035
117437281
56663546
98477548
100284931
97893083
118656114
44754202
69403347
88015296
806383
100559649
5386374
46951943
30846955
90652442
14011440
65816582
100340691
52272001
46596774
93399334
108021509
88744191
9408605
104697771
19568106
8324869
101346788
12621959
24957557
28615116
17152349
77580463
107535065
64434359
28489736
30640818
43947818
87653699
91532551
72664441
78616324
33543933
41844133
92744004
118025382
89453070
19219807
6941357
71964123
85566214
92894358
3323737
78079715
1083736
12254613
6946147
111080943
72731671
114279610
66187094
48793682
80431621
57994357
85797876
20486541
68549668
57918268
98997008
17941005
57988618
39723938
113585951
43232181
80104694
82427826
111084025
26392577
52463594
41760629
68640385
7486499
91810622
118782755
80037197
17716424
58332943
11476538
44893848
32841619
42751619
17096367
90709437
68848710
108254689
27879608
40299534
59512293
118739650
59273069
23165055
23660067
78429245
31158124
50958157
62615747
29964232
78227026
76562192
53880725
77663638
77571261
55162932
74094197
60449812
68560659
91632577
34394954
96438549
36701111
60942183
92712910
27651679
62829828
28549176
57646026
36853589
99836465
36347238
103983213
108557455
110816931
91511911
24717128
10097522
100444762
104863555
103797137
9467017
7894561
117527794
3569441
17121449
114315904
101271621
34958488
90932111
63835096
92262772
3725639
9049432
7015984
64163734
88815654
34879869
47522711
30202417
51680376
182640
44340308
21374932
83840326
109623039
118780780
47567204
34014016
90977744
105872624
105079344
14801206
109583112
12115520
21107820
109876592
23383793
46340155
61505717
96110102
54785664
94150417
58371905
39043779
90946116
25544653
67516866
102009494
47340071
113575740
39209074
44055945
62430900
21404153
45176752
75609023
27803035
60504580
56648302
85080168
115099513
92963824
112503387
118516521
116445358
102481296
57274505
46083692
110364492
86165300
37738196
15741885
3204301
41730882
99240543
116650253
97014583
81654757
62800420
12187756
51144840
26708550
7782822
105631878
2504748
103482173
27864350
70436498
64215068
82494479
91386782
115392993
95328467
18925721
70145645
70361666
110926804
89919206
17249125
94622607
91864629
114817315
44214972
14267679
72429930
26489416
62753463
84826827
30509916
44995499
4404933
73226593
33107432
23110650
86671157
50878250
39267104
64179872
106763347
76535706
114879642
72461061
54150977
33870431
35712547
107940070
53112540
16304197
6958207
30145441
59311265
86500579
42387384
17725556
79227847
106413104
4883130
17757963
80421893
84996954
20791697
109007914
114269067
101039183
111557177
22491285
71828534
90445029
77013861
34302286
31288359
81009211
45652143
65020908
99567892
19408350
100981863
31870729
75802933
48171258
106568058
50489339
7272732
54784281
21746056
61469884
25991211
38696177
5869896
99127610
98441518
38562515
6354367
91777782
38114279
21112148
73191055
46429877
68060300
114814651
107460144
85077452
109154950
35147423
91752675
67697163
62415418
61714235
44112672
34217224
40898526
51783777
28743283
73516479
37696700
101859880
55599987
54577231
67968290
95021012
101676873
6663736
448236
104052220
27490357
588031
80765479
77186405
57779734
110696479
5659701
72312721
2228406
50361417
91542005
30038440
23584491
37101824
29719338
1232525
5473941
86192048
22990707
45693404
17916491
101929469
42795220
88292606
71710359
61304554
94572776
6528283
106887010
8763834
23286741
69113953
61618298
97782631
71526704
104277014
117371702
83011915
108484346
90999967
26776926
54440181
9222732
31255596
31627883
62337291
97051819
78590538
68275557
39871238
11801814
57337516
30219110
100300667
2623459
74085705
73227545
85808942
102051543
46676687
74859167
53217741
116397250
76151284
99220929
116228420
4696298
26371735
65138619
54044165
90680865
4424960
31715927
65695442
53013778
80750976
112871735
57180580
75692354
19841670
9652128
30311148
54714057
83847036
35976752
44528148
99747793
35454488
19853404
48833802
49089438
117517884
72806812
9072460
80358616
81752824
59993431
69462133
63404501
69617289
31231868
24985423
70221183
69774952
71633708
114643198
5058622
101933694
47528452
45381206
92841244
53518723
3238026
19089538
111812874
522264
24674744
50913990
105175051
30049151
94836991
48920608
37159267
118767619
67889030
10896483
18348322
118089773
47133895
38419078
118206107
80266917
81065346
74387985
64716329
97413644
76018376
87391047
17996080
2913359
51046810
73751706
60515850
2715762
113224795
69802513
23060844
3529222
74887000
56254443
111699885
94879372
99841579
35166414
100419297
77512888
91476218
107642875
118693667
85676979
76163733
52721751
15550587
102461702
7273239
105038913
88321194
73105016
36344237
63054375
61207510
48331048
79336911
118426967
107368549
118599203
113725514
85616402
19542968
98817629
84126495
85437100
3363705
31232321
71403827
1680052
86532852
5799239
31479141
65971915
79030022
92512032
54352142
38225305
23044138
52978224
68694675
25266819
11897506
115726820
102527464
61590544
68676130
88451339
13605083
21752147
99056234
14907885
10393537
61819499
104357553
52894174
14033273
1683653
63509470
65604588
89010911
20560936
54482848
57777110
20523403
49708346
78371524
1373918
88340631
6680948
41080718
80681486
41549356
78020593
47050690
22979755
56889090
55827613
108205106
117507199
20262240
46140365
29360332
76309364
47786225
102673900
117098335
76142316
40386373
42948533
20025370
31233801
8941163
4774501
107119217
19149485
80177716
71690575
79103201
7659145
83941593
90773756
42534425
27473231
21131502
110033078
33584650
58191892
44469003
70968370
97050497
62762877
7257770
54400063
86924660
90453910
71191157
74149801
56116946
9152572
42911000
15250868
51828214
108601678
52310416
35428642
67759915
72518571
115462613
107139446
92838350
56468362
78545883
51311348
2792211
90653241
74467705
90329910
88855026
100516127
63710600
42650433
103551848
35613861
102018907
12774858
43240593
70942215
40142431
49769708
85037988
53119323
90654083
16399572
49745393
98601845
47679660
79430470
107393852
58994250
37497192
41527002
62579781
106702643
104557273
40175931
10701845
101665209
26619310
46204592
5867909
37000369
68345157
90776989
1276897
39980322
100346058
112280886
113617857
114736739
77925625
68638416
3373930
955868
96433543
89124923
110017994
107495410
50836908
65866849
5318099
58508180
64683360
31307480
104904427
2892064
13556621
92210884
104700930
117332571
96669436
33900920
35723472
37268464
118144562
7806012
45172466
113322950
34355261
44979441
111362809
85873387
91014873
41962637
9747874
116651764
47191645
53054775
111080941
111138728
10087119
92820620
81317384
61791296
17750858
12693543
25904764
23937681
114351448
70800010
81609099
68304602
34566359
36821090
110905999
13725241
92260752
9096654
1960141
67291874
72774569
69400171
85029143
102076740
113580993
75503100
5570822
54862918
51871285
18260321
38724974
67105824
83973391
68623840
35886531
2716807
26055726
73914755
70042212
54950476
45137280
53691639
76208603
20841118
63370339
110712975
11765100
33872507
55132086
60273601
101072732
98411459
83532809
9526042
96505918
58718075
32535445
115024132
25041573
103575462
53096931
97814765
31219293
90160214
42568114
80781777
51484596
89915250
37681105
16350573
106455504
33199792
118034931
84305629
9076018
29497831
64484518
79205130
51609776
84434258
95550792
100450320
1905541
24814734
95800598
109195417
42580131
56673614
61927201
46036809
81259799
90650348
55246650
69247517
38675618
80366495
52004302
35134023
111173377
13384942
26029272
22149874
24123774
88537100
28724741
48680889
105601686
98860261
102464338
78873087
82528716
79639688
4649721
20423755
101044604
48030614
47268216
5446952
103127446
98990484
118503790
12012282
60878360
102593786
26146845
3541595
88003118
47522989
18008380
97927133
108071169
65205803
112235134
94252886
101745414
48674480
73930181
35632229
16331545
31728280
83126995
71008591
106308715
75429108
100869170
104501282
72616799
75991363
5753163
100018794
38112124
15910003
113579068
57336765
23494298
106337486
113246845
117789616
58261821
71612578
104501999
22721912
91174020
72464284
29226335
66113185
32342935
42201901
80218865
73036585
53133196
7697887
97853051
1807433
11715938
24877807
98748119
100311636
37879239
117556790
114153357
99585360
1319335
7241581
71803550
33418312
48075665
41634267
13287617
44443539
108152189
40941345
112305578
25060835
40121348
105834435
113607951
87019981
116782335
81424607
93993534
51325763
4885579
72975244
30772945
30214303
114712199
108904959
113871910
57103880
116237455
106911775
36685439
95614654
86879547
30169283
20130695
12535756
61195709
100059902
50947961
83091354
819997
6471143
39166515
80814998
107862100
32183343
111836448
74360202
76539028
21018290
20552818
93481277
85976675
49581616
44056023
57608319
111477505
15863765
29322070
29526431
20032228
6516156
75483958
74343791
87783574
47784424
80397795
105817986
99239905
44476818
43924839
47718630
26322674
6983171
87788551
42405528
83357946
90818157
53807383
101867752
62755246
98684833
58328883
37271986
65817742
37095888
28286249
90854704
114641538
31709544
72852473
64498437
37542583
36603164
2849626
109679219
67354519
44824607
61893147
60424905
27057774
45845297
87643710
111630776
51338856
115780394
107408146
100300194
36966541
82836181
52442499
34386890
41770721
30136625
8985737
102676668
41264351
5480335
18002231
50143100
112976962
36249309
70552441
55576995
96962276
85738649
47786071
6929614
17766833
24951480
100494826
43140628
113316442
90673316
4222630
69848663
87717483
24571964
47857695
2579651
41065460
31209504
25401153
66807683
107682274
12409032
84674437
24881
11313374
100562923
98400660
66303597
67000664
112527423
7790923
90032662
67971816
31738221
34148418
102339836
30445039
18725140
38917998
52371409
2955833
98460667
30894597
85137831
111220135
25551821
104892129
101971408
51240860
21895751
100943247
116561023
1095658
102921515
20434222
72723408
42465889
113586868
58512673
95778003
53459237
103766333
64787873
84441981
1293182
24326908
72325468
105787261
15769306
59267332
21476811
36628003
114954163
14246406
107959333
9248727
93120962
82996378
1028161
53489838
29703723
6925361
105030431
47182251
60455626
25657355
23114364
74401517
69031261
82459971
39893759
87827257
102473150
40460965
21020143
23219552
8557602
13058136
84310449
97951304
63123170
16134035
56382301
114609066
39935445
33866584
8220566
48534754
53292655
3006429
76173037
110235103
65279736
79373076
24067886
113767740
84339725
68368024
34507757
100014005
98796822
118242795
66807114
88157228
31903363
7962007
57719104
38319928
77648597
68176414
50472633
67324105
103912221
31419346
106388500
110210692
99383930
14117766
91171717
70771183
56536694
115609962
86167216
70321996
3936981
83413493
88163613
103135721
88381203
35074963
33206891
19543224
95243062
58845107
30438124
2487064
58027041
117256321
115560926
10324492
83074193
27956917
88649236
112511530
50845417
92270733
19038974
37516376
76391073
103275386
103413968
113928329
1766609
2753723
109872014
19611261
113842291
53088650
78832460
77741609
67545531
102075415
107915101
101659628
9721696
31991804
5736139
47702549
34182127
96507639
40485257
89372664
95921500
115188503
102376186
13329041
15879660
43477219
52912409
90176375
101508777
109563875
12959944
109868979
7721432
56783364
68492432
45004312
104353119
104470676
88636509
93599534
92353719
75923297
95923488
80829148
6713306
36942131
7217292
63619464
586138
53010384
114710109
82592459
99308843
58898967
88130262
53416916
60778443
71062165
86120060
543428
101842442
74986581
50280176
90430751
71240246
91735387
75177804
19657215
12116957
12713212
6579676
11524571
78113620
67884987
73611856
61903843
36355993
81920538
67719356
45707310
72511542
64714772
3365827
54795556
116930525
25971727
95010487
69138645
88029724
11133479
69073252
20315321
3746335
86258420
15252946
60486661
79618430
62464592
21981169
592386
62313222
57504690
65626346
16209777
31528994
110501318
112994487
118362314
18312626
11908214
42341483
26619616
66594248
96204101
87498700
56695510
65655634
83877007
65392
76618032
7387144
110528463
5062375
70973305
6639989
71598355
38505492
87929674
9055000
83286480
62679671
46103445
34879326
73935028
22025291
40880311
101092322
109989903
76020831
110503011
73027597
73851013
66834546
18802368
39452097
3621693
56630117
116751232
76489863
8346930
71555657
64127470
103888474
61177651
32467813
46423946
71446985
82932643
34153633
90665186
48407154
107554643
24078154
2902645
91652707
39749019
83669481
109399312
36962305
11073448
52572094
63128859
34398916
63212853
80982251
50414495
45941831
57186817
45195575
21266022
23268457
19281636
31659657
66368158
117444297
77248801
21173942
108495430
34525489
45408991
66587032
54408139
15901936
112042766
38043165
101063395
2786713
81499663
65730848
101547077
95484533
108169242
100956609
111698051
26174652
32699064
5218920
24675808
33918360
34817568
117319996
84613930
29550970
82124487
45194215
8948867
42723312
94574952
41908398
98927351
38410684
82257897
16364974
33648542
109256052
84257133
44236177
20049637
104825131
76371607
590468
111500112
90898219
77161175
106479131
1498844
117590704
98114983
35069443
68114431
14170228
35195508
39419714
20602103
39401175
69429264
94754100
62605962
65067898
87364132
82562377
4762142
100715475
59821472
117125995
89206415
98242003
86674571
19459169
2228648
113187018
51142924
5020981
98303005
87284101
17267778
85239401
49476273
83944755
118683936
28694717
2471754
4697963
97704081
53561634
104508844
4361366
7389968
98853586
69209385
114362287
31644535
15349778
11509060
80389470
30451424
69747245
104916984
101201184
96029876
116017668
23787643
91572453
115466834
13063604
37807828
61036654
85365466
20781556
90376630
4079602
58704266
76623751
27902749
93342715
46171666
5655258
62865611
20741311
76112681
53859607
102853227
70065066
112611985
60571816
103186116
56963871
92527370
107709317
77413541
13361053
9454463
10724039
53764625
54430180
55411768
17026272
89470024
81285864
89790920
13752879
103890483
93075182
30452084
22247491
30477104
34333985
57256208
17909634
36698085
6047615
68961253
42281411
94592580
55648114
86854447
114286800
98360331
88069947
98254854
75593132
78406429
73834284
83025901
45641982
92673787
92935905
54948983
75717145
105109012
115525739
111014426
90546622
71501708
5021729
92704913
21471100
116445900
60112223
67758381
113226675
30265035
13313139
83140595
99115781
85001414
7688130
24935576
22767199
9663518
24420570
111377231
41668076
108874128
117803627
118406630
16956642
106636894
67136874
92416350
23466019
44024031
105992696
116651710
58934238
16289460
41496320
72522719
12122855
29847188
54445242
38989710
58862885
56025356
75452465
83083835
62234215
6928242
515006
39103598
95709072
34356443
2477234
50975077
100821116
11166733
60173386
43350293
92074504
23112843
114137284
25624310
112803424
89703236
84059020
105221519
4166605
11649132
18077477
91943145
98697934
7323515
91250876
94589050
112601142
77427853
82568829
32034246
38932800
93872194
36626364
53637625
52345328
214130
109611692
66374453
46805860
45964173
48023009
66450194
29119419
24434048
69278921
16485535
94440261
72409888
87144042
39937090
40664829
10753962
9595899
4108883
22436004
13823023
20923851
89470526
47398682
116410266
114217883
113008806
41526866
45315864
62835934
113684506
72218271
72551149
18351443
99165667
16844753
32492591
6074902
21537514
57707417
115679034
48151494
54503171
40648689
76390080
30341191
36555945
116031589
4676505
110898663
51775479
94137972
32227215
94062644
62103507
74883400
77805649
50172871
46652361
91907593
109094786
104236692
100766235
64610025
113572483
93090764
4210869
93595175
18109499
92196021
3204246
75030345
90571415
33065609
4092743
79168492
34568316
53370913
64256110
29348534
78671448
85426466
40938094
76153816
16256995
11930636
37134669
104708056
68791716
70129299
109951359
53388391
118377840
16579101
69302786
19977308
83884895
30824848
90390928
61889154
1624606
88948638
79841232
11402923
7400923
69531831
14912382
5219781
102413096
106543275
107220441
2517632
69169471
37911088
47922776
39262569
70852551
94719001
113566698
15403325
79465090
102275888
111799235
98400532
60407836
38477938
48396380
21995741
29200242
1442290
109761553
109031684
90451344
10309400
5394171
2181142
94832366
36082738
25712971
99895464
37373804
69309352
82308486
38810531
94772168
80917406
44505872
55449226
15253911
20194440
31317720
108778188
50771681
73321297
50004152
38412095
18181326
46954090
39947818
38978558
38704577
99452153
112541143
88270202
43190665
88121434
104181801
3840532
7612564
75213620
26490607
117373273
102250815
1391080
3208289
39322942
65663495
33215061
24131505
34189353
88232760
85710054
58774036
12359586
64043601
3050062
7367907
98012768
17153143
68209296
45247416
78148005
65165118
33323339
111802032
48253762
80508870
28968181
96159926
9049291
100676436
25099527
4258613
62927872
63441215
88803229
24095067
31474142
63792302
66135082
103128948
75873174
21666452
64627604
13895309
84840834
113610550
66872241
61668982
57815138
3044178
11924076
85155974
16911355
71624470
91737480
70903837
80363208
47101746
79964028
4790678
37748563
80468313
43169015
47736435
31967073
25010926
76769985
56058825
115632759
44468630
38501343
