#N=9200
8179570
38411140
36214655
1639543
8963153
26227759
60700795
25140282
19076252
16289838
26415385
64135555
35618199
16348192
74574008
77455499
84548066
17347431
82462634
48611498
25611386
49949247
79589109
21691764
703976
65288806
60352327
74584831
21215793
5087462
64271818
6540027
60931610
9986896
25578748
68462872
7151507
75894580
30208519
71064320
65311639
10067193
21045170
42802701
47923750
57226577
79632865
67420190
23219668
63997010
53662390
3919622
80728894
45783926
77463061
42242769
44073013
2108486
10313013
46159389
28795853
54284922
65601279
77108738
34319011
65807792
69737976
20727188
42066564
20141326
50019150
22508938
78267067
79942217
79293460
11987182
65490532
15635855
13757800
19300045
14751738
39362086
42580185
38486125
33194536
75354574
31929756
82553625
57952634
72151715
12041732
67810739
19965910
31277110
7370762
13591823
23741228
49596650
2191660
19557626
57997882
1560556
59339102
13123507
45935308
63657604
82869383
46190486
32367740
59035715
61359861
60905614
37651173
83349235
38039992
35280912
17401940
75901665
17355514
21625518
52185804
12248245
60439976
6374087
7535882
73897736
42883786
35667225
76238768
32114727
76342148
76357998
71748872
80321498
14894125
84384822
62773487
55317291
69470626
56102127
21384542
9494249
54349244
33853883
65947294
46778328
49409021
80416423
23715860
36590892
77309165
45811717
4712362
71182241
79613925
56508658
82298969
42252682
75448701
31364393
45005855
80660650
8307495
72004051
17548011
44216835
14914196
6671360
33932749
6819999
33236505
19014281
28186955
7570916
69084863
17014494
23062468
44301751
3107258
9387766
31878530
6126924
82321416
64327328
20366895
68844866
65699958
82418199
81886827
79428051
23056897
4485427
9956261
48730661
57089855
10876650
41767709
39577819
4918478
14918467
63273045
57149212
66053042
42656084
69148449
56266735
13907236
45158325
43906844
28463956
43189973
83674826
17243652
44960173
83267370
54072320
71598039
17755530
59361301
77401400
16315412
58966237
32035573
83719612
38446575
17512035
37441795
26849241
7788397
63892889
64989049
20616960
19484386
41269930
60232471
23990124
12359890
16926902
33451974
76355642
11220304
82869801
407455
79294956
58002135
12355462
79351019
78836640
1440118
395064
76849449
17235801
52003284
46007161
77761439
43080957
41207261
5032529
46500193
71811438
75892126
55202742
76508113
80134263
28910039
43305569
22021772
52127872
5706598
35222174
75948187
48048971
56351289
19535616
84583938
63805495
10915344
78955955
33470814
68844318
64515404
30842288
55597985
8922327
36283523
19572532
81220765
54035824
13780404
22781073
79943326
80397863
57776326
33202544
4956113
61422168
69082593
71439599
7663308
73781251
10354508
56412571
48105034
77185794
40103894
37111606
61818304
26711027
14440551
2628525
44729955
55593076
26042388
36025453
43825186
66887700
5792128
58439691
58732499
49506164
81128371
46740782
22285372
27837780
80243574
18156515
53758860
79941343
7928712
67374361
25676216
17808715
47792299
42477051
46851113
13392867
22671055
59189779
66621073
43487475
8069760
40188125
43251513
75278312
30233324
70025496
8155201
72409588
8794943
11991717
58704415
134213
82620831
4128857
58718921
31785854
41711425
17868122
54265127
74759998
19582061
14682788
2441225
65883055
51289619
19144957
31411795
63823580
82603642
57916570
31719585
17431448
9954801
57866018
67123111
73947360
8074175
27647107
13705173
8660730
45494509
54575557
26055293
82318600
47057433
72334421
62160728
51591428
29769684
71065962
19162395
69822630
79516792
67936269
34471260
18949662
21181316
4978847
32103995
65172193
79445392
58493568
66431961
20647441
81275466
39476004
60242187
84053446
66792598
75253239
14089060
79299533
39001747
69844495
20157872
80106006
74048360
75734767
32429032
44587055
23032792
35866127
35351369
60567130
78238576
60976036
71485668
72132746
10173456
58250427
83380233
58797951
8701725
26955956
45045255
81862021
4167029
16472571
16808008
18976688
36251492
28884565
59141660
43535742
27279758
29063106
47676973
29461305
84185597
28046528
40719308
47105663
73751175
5858956
20565085
6105829
50802580
13235240
73392514
67499129
81032325
3267899
45236319
42963328
54272550
28572684
65054013
16673963
11704702
19407065
44475029
24199372
1604807
30078554
80498770
29302075
61001133
51114068
73381998
68563557
38935353
34860352
26540577
67645346
71180000
38813468
48836939
67943452
48326539
16968237
53746433
38068996
33635349
16663635
62549316
69082210
48351605
77130570
56838935
72145330
17802258
14396475
28340603
56942733
561044
29384701
40560078
23921198
43662338
70005269
42022980
55930008
79803975
19210732
50292029
3236548
75126929
63352325
45680642
10257543
67972888
68566421
60159681
80676763
52952031
16902369
43726897
7689897
59328312
42442460
75288350
76983149
45319054
30439525
47866277
8123468
17205986
2038432
66538219
19215952
21684916
54295870
5637979
76567427
28723804
18423327
42195907
64869386
80019438
8597844
66221486
18779748
15614390
43257312
36949866
76745756
73697680
1284437
48525171
13828786
28607029
44848825
29116871
37195585
13233538
45827845
57708873
29473657
11837139
43725972
13577973
29757490
25572066
18698275
65855142
48494418
54527513
33598063
30131523
61239690
24467077
22964174
66469883
54992257
1043254
67149052
28220585
6712516
4161030
3676346
69351916
76051445
63098909
14772649
10970335
15243504
65474329
13982901
15895683
66719649
18153905
79519699
80025972
8561271
80294386
32257079
18362895
77927824
40614609
38650972
79409808
54114820
21920919
30804454
26771672
25814361
9831643
56027861
22000601
12749586
25217438
1422888
65081109
47855405
33938321
81627435
83987822
30238302
27312618
52499608
18177300
41076257
30708936
47768893
74838377
2366562
76282470
11195545
30001639
17983412
16730053
80088977
27343148
27590181
20972810
55383812
3813760
81722058
30810423
52061335
32308478
8845656
83608191
14937297
48507584
35183642
1158439
62971837
12061002
70876362
53274294
55048408
82361504
28342374
2970045
63642831
3848546
5142680
25949115
66036286
75280265
73779873
59116166
56599337
55260043
23890753
24573388
36392426
80897203
53448390
84576768
48854804
44978073
48424549
13778858
17019370
23122640
14922078
41181165
41652594
19998480
24931920
83561986
18718673
55977451
82467366
69177339
53935884
14502416
36809243
6920119
50164551
50003452
35225413
32025948
18867617
59117174
2608621
36455658
63526022
8470317
36152219
35075946
59442326
25301909
30340403
7321827
12953668
79563598
47732868
42730609
1279807
53594469
1094620
65664958
33525190
14808571
32368095
47015764
80461489
18289414
56334707
18138602
31135835
7591861
60900950
13895582
27074775
25621926
303439
28450076
33667992
42333933
36219166
83604121
43831863
35416805
44228960
54863060
78283791
25622022
41635989
51738473
20069279
17769671
64780485
17993049
50470706
14078681
75321058
62322887
18637202
80226469
73361276
17240253
65157087
35279024
13592143
83264700
76593935
74093129
23714533
66187495
83142071
32285983
39375161
73608804
41773015
50090561
44710693
58028940
5552743
55349941
71597989
2076230
51938966
82185427
27311992
72787820
80081480
79734590
20445234
1396949
15069382
38082252
35131733
13376009
74808713
24139014
6393789
10406440
22434681
22912172
26812333
9533266
75152969
20768223
60381734
68384076
44537818
20844375
17914574
34960136
3410974
20896185
59404239
10634769
2103946
63701026
83826209
78684531
64665208
67002983
82388840
33176995
47913540
42476341
6982220
64402273
33187956
14965240
68234107
12901415
32399204
37527733
65275156
6768893
60870406
71020981
81953124
41061305
17433401
81658390
60195898
24259828
18792238
27186836
11448561
39543039
83675819
16823226
27779314
62971835
19089443
71396121
26194775
14994890
9288385
23500603
80808166
51770164
67206036
62189997
32266259
25630311
8140949
25737798
40939392
19809101
53587580
294734
12349030
24657196
9709774
33009062
12811266
63889200
59634641
26108958
11763724
52187606
82373784
72506817
36777060
35578176
62107736
34177795
18826724
73641845
40934567
50101792
19503904
73059348
54049048
6528461
16174542
72971849
3633840
40644658
38943694
28930384
22068583
63979969
43329552
30460574
4858044
71342309
83609099
7447034
28375175
55380531
46894169
46795608
41882704
2599264
48235074
73105891
77883229
53364933
981563
83998843
80692745
12975443
56884806
12560822
2894621
7013506
34028154
6187079
18576075
6447348
70240833
76248009
59121925
3470866
62975099
28894632
42967133
28228567
76676489
13063190
44981450
44294905
30044156
53416813
40839659
79510142
18967950
78524386
4155811
72646121
58597660
14975545
10080822
81354922
63172668
28191165
73077432
59064429
52069870
26968067
63449047
13613588
44756533
61710915
45143734
34746532
36858144
61387566
14730740
32381584
67659035
76204638
34938868
66657638
65932486
46955274
22197952
30961830
51410349
73820267
62565299
61882739
36442877
13373280
8277490
35591862
60761296
46109365
27099004
69939904
13695157
1738132
53109855
10010001
24852771
68396169
51499415
35960183
25212154
54649726
28926338
1001396
10272152
19467217
75943309
34970655
80184926
33017686
84520155
74167611
37377390
80675642
53605248
32334638
37251985
78291749
39976481
22305014
63897831
25360872
16830049
3685156
8368984
69353687
74634210
20376210
74667638
28333312
7033845
24210757
44377574
9459121
41181711
59941497
23922292
42925623
66574124
6017315
80280297
35328136
52045985
36526375
43423657
6797122
76998158
46430593
14393918
46099231
5474965
7056297
48475511
32116362
13690947
72632774
26169672
77784521
13342365
50456880
68595739
29058347
67669047
69076077
17020451
29739711
24850996
49388600
47285327
62729610
70094953
75237545
76544480
45248863
44168218
81633064
77043204
62382549
40955628
38821244
82263721
57998604
78005351
60482738
37430313
20546427
59290409
60352793
9188782
15767641
14271456
31003284
43521518
69412958
44225081
52271852
67094385
46761387
63933648
56687783
70825131
24846090
62552950
79551417
84329283
66425669
72161059
38221960
64758829
14440647
76939517
53264606
52051914
57458924
1192329
61717521
42841268
75006390
77564959
62825498
3729746
60982122
71418204
75889667
2318573
28947317
72978205
10406602
60576257
70571181
25618456
22757337
56640431
80767281
38873980
46107323
1666840
57720412
77406066
42977846
78512357
19480593
52072277
74974394
46101279
42309562
15636184
64655770
71276644
48066460
22890917
43963702
58663549
73954510
2911462
76551971
53011061
33890647
16271769
69302543
13930750
29491175
68523357
42016731
25944063
12637191
53341257
43328994
10691678
4769095
22389192
3537963
4862937
41246337
6181831
66085509
55672919
52209725
73248476
58796565
74042912
33576407
72535863
66751578
52427072
53660816
7123824
68348519
51443520
71420595
32262808
3397642
35030735
2729788
20159096
67255070
1945512
48572162
52423425
38637338
31389780
12626478
81996132
23417429
70213419
38612107
24320656
81516355
9650435
71155692
17744325
7291334
12632958
18875046
6471376
68718554
33700919
51826853
36085710
79529501
36389860
61016643
67878546
83899289
784276
56226935
46315268
79431798
48666005
71280570
41281207
7972351
27053059
43384025
30580396
20180687
60445295
69288588
63772030
2359101
58522734
30352901
32303580
28554404
16657750
70768147
32632844
70295042
15436993
6552690
11650954
68614195
7075989
11651611
37584021
5992479
39044553
6518321
38150591
40693653
44227510
82537183
8875578
38355995
14422353
77415432
41048658
58086193
10765854
64902751
1539144
61451952
13695151
77659057
80561561
62486331
2174776
57563776
58644088
31462799
84116702
84639344
62513797
1083510
4090681
62549323
83965512
82990900
46930811
71737032
63301698
37355138
68114830
47583770
81947337
40976160
66649578
60785908
3390671
65437525
82691223
8520088
65530392
67332444
22327902
22997785
3842243
2195600
58087075
58644745
53589003
29876814
27392284
84604475
33241622
5739782
47102134
12228480
51172825
9575673
3622202
15717927
40047802
27138669
65574193
52645052
69069112
32695675
9578308
79510584
84547134
15358779
17675808
74016230
63490200
20132302
49550711
61321122
33246598
59693883
62736083
468151
28118815
21652502
37502340
21013142
70690580
37526461
40089901
35454898
1011494
61123533
66267358
18886372
74193181
32878518
43066744
74198528
64272165
78859530
8678398
42014527
36508579
82183507
24465519
33652701
18369326
21340450
83225040
32778447
31575068
72567204
47605811
38589296
67085546
31459502
65563242
35235682
67998590
10449990
671163
66765122
71570353
33388840
60459629
31478276
89976
48847215
12363752
53741260
73834573
11134891
17549008
34339501
10657803
3125068
35067662
17074502
21249005
42141459
69812637
77625772
5481658
47629932
4509677
31849863
48100912
1956873
66048142
1233468
23519638
83405947
37789116
71575700
33298864
11612413
50598146
62472339
6496265
1228861
36192252
39495072
31960711
45907563
83911840
78223302
13359686
24409826
31901866
28263234
36659801
22182704
19959717
5115417
31012643
34036427
81925345
46867444
63077236
14125818
79567975
68067562
50107083
26176703
52461176
2310147
5116148
49369285
57763710
83124817
751772
21768312
40223232
38377410
32547877
6345636
77805059
69736453
72390026
9719161
8303517
63028006
22653684
17406913
39313696
68785199
55599192
14643148
83423093
79649674
48658736
53391272
47090009
47796935
21060554
3091891
60670061
38114955
48617513
35995398
42901584
78497986
73860436
65361219
76695975
78935048
50079234
68085897
61432936
40845642
71705478
22380227
55197933
69992109
46447722
24670548
16845729
7433140
50624413
30031820
64043288
861801
63814341
43998118
18610497
14429222
70598002
24674662
26696994
1603150
78258586
9023988
33285633
79565389
46765607
8610078
17502112
9233592
81020420
70536332
17131332
33196992
7416128
30527385
84630002
70498204
5529758
18297532
28029853
49762612
82341103
20045170
13734926
49385119
58040117
25419458
19215851
15838474
31056077
49156628
52957517
83333198
46898382
24675555
8906899
37532015
43713281
63089404
23585882
47823428
9963826
71243948
64690613
21557924
24997627
13176092
42468351
71890770
52080052
39468305
36027685
32955984
46645054
72955469
61652891
73685266
79003382
1542845
47520957
32362879
2258246
59765585
21269921
40849989
65602275
61941119
13946133
80529854
84609201
36981935
14616438
73045902
77729944
82998144
10573196
37746858
77219664
34483669
35863084
19124068
77463252
47712217
55943094
4443411
25435710
6953667
26164308
78124125
30768222
19238995
42576581
46048258
78803311
75452426
26903856
16556044
61971919
8447821
12757038
43046921
75375614
47741918
62472706
39983086
37262103
7573150
33367396
58095596
41660418
72790868
47820974
19863462
53760129
80473050
62919104
63435209
7669068
38408936
35547544
69359965
25075685
83247778
50628024
9090889
13480507
18456035
35282629
50408620
49195830
49655121
65214216
35392528
10479815
1743178
38099313
63806508
50552733
45216529
10274621
53280578
50514362
83471548
41584359
21808543
19647603
24510168
27887664
54432727
44816873
68423390
18731940
15984796
69767271
32171989
5291883
47711888
743828
70267509
16678027
13803302
39175306
63471037
81933216
62796931
35830446
24366407
375508
28755777
26185790
42926697
43179842
28705818
10667567
17074191
25404502
81338500
11176917
75587898
35700787
60315700
83296120
71199952
10692913
53539006
62911784
51147998
31033860
71580526
31092203
37846991
47993710
7861998
59124214
4410431
62421422
7074669
82820618
73572435
17059558
82119972
32259130
26105650
34784939
45452691
5897274
65940227
45637713
66984841
76931779
80624458
49622786
61240737
39771791
75668539
22505145
75971258
51539418
24670492
55070439
23230205
10206400
43583279
61564199
52049545
6229814
20332610
21498733
32184268
41313305
75593909
78818656
18290062
20208376
328335
84454979
55036056
73648449
49653255
17362055
47174665
40852667
5437870
38735591
48440534
24129121
29318276
52384442
59792836
45947715
42970782
46306006
42796856
37353465
72715212
30550811
5529168
63659305
30544825
38005613
23023243
2229154
25333943
18475084
49812321
11319887
34801723
69157624
26473783
40284211
43407808
39922697
23895756
65948749
40900938
27539714
80459909
68010561
40897283
13486829
3150859
5617317
5074417
12246044
31824297
9055907
5986
83647179
72119685
59799294
44155293
4548159
37056834
14014056
68313361
12138319
16329726
26001135
25749816
18034709
16388455
62099059
83661759
80996042
16972463
57530378
18126054
13816702
11703324
35279966
8412412
75544816
58433021
27502133
12240058
64300742
53059846
24846693
70975508
67571525
54226082
30141237
20874799
24918515
29167952
73795849
17872126
82935018
9612679
48290758
50496574
51516037
76610219
57615004
9713610
34639384
77310677
14329711
5404289
20798509
61486946
65550280
63304757
25615902
5925910
72033366
24808856
70128321
2104233
40834271
46696726
60791190
973285
63202573
7046389
62356558
64183170
54221369
63922067
74220266
3164161
77521570
41802427
73454458
11787950
26867521
29235094
56512168
37482766
24494010
42133752
35871044
6467992
22755014
32290668
51921212
16772755
68614586
23431595
25953044
39860986
14977776
53744801
54740350
30503026
68948644
29918114
74602904
82540830
71040497
32417839
14349704
12577242
46418528
44219364
39915783
74024756
36224707
14378415
1611722
49509640
50862361
35063998
70670404
5982259
48316083
28489617
22303334
28753600
39937442
56848243
69760636
69114750
16279780
56305859
40540123
17891436
43517618
42185065
68191126
58463255
17482934
1613963
57301459
3877395
39478279
57020991
72413033
71355068
79639678
82671348
63479237
76363725
71387916
42180786
15162548
51046105
73192176
50095091
43632965
55462692
72052086
44938400
60058250
83028345
44271864
29838681
65823934
69694363
56185754
66577163
32645419
45089161
46775684
31764091
16104363
52763212
62021314
21225308
7875830
34759575
11283431
52782074
61201177
51825434
53628611
81191080
7413140
49213107
62683006
30178187
26888065
20507364
666536
30219569
48688034
59217501
58292928
83886771
68532567
42580215
51285102
881327
60468421
78652473
54382778
79519055
44887382
58745361
41425500
71217380
58198399
75581621
83793464
11493720
75895916
35899127
18508074
61874954
22325042
73659265
29511651
81308496
56459331
57572659
3410264
80924886
22168557
47196335
32601669
67651240
13595417
57272630
31138550
65589367
65248714
27121040
69577178
58310002
546962
81967502
18907539
78188302
84325706
47894337
77625647
14020962
13574085
60972432
32363303
57140169
17199934
3422615
24741854
60174445
35404102
40853930
48323217
39157318
65084541
6812662
36512690
32646051
23507539
35501133
27495811
6938711
26574077
72249677
70886086
38482284
82281797
2496825
562655
70304743
34320252
16653214
13141282
72557539
43772498
60424311
32398315
73149113
52658514
68527925
43334851
27730407
7253011
41510554
2644628
32438490
14788746
32495180
5150239
16568827
8927055
71369758
52176249
72731794
21451502
68389260
69403252
11977054
52816574
68549441
4007083
77886336
57520717
37356972
40159224
2107008
7765797
48510391
29814261
56411730
8118535
1824297
25085779
59454522
58205431
1633071
58771874
82859920
23568124
49904105
80516202
52318885
49918256
68426990
34812164
9474448
47056309
853811
39453594
59570239
42512347
51290111
37727112
55413709
61074798
76288833
3776369
35994068
71875479
59473587
62809574
33304014
28258867
54936331
32166271
59985512
62704947
8867769
2343718
2732862
84625850
43572835
17506721
71927430
21370681
65441976
1504477
18969693
74465088
72803483
21843126
71738638
21698936
77561903
83120963
25080730
4413354
28942783
4668117
70055087
31214720
39356866
1137743
84396979
23715006
54782125
57641794
59972085
8881920
74894507
16709764
44182042
53685777
68188368
17266575
33884611
22460511
13340995
81766567
2726449
82588170
60404847
73257676
81258206
73148548
1021802
20412613
50481891
29211685
81434875
15760966
62941365
47125482
62479242
26755185
48382922
45900205
14230910
74745944
80823501
21208730
33161396
58399090
19801166
77211480
3925580
36758044
19734062
15392825
21361720
45592397
1329964
18739922
72235874
60845593
22666657
3293739
55101362
34720925
50910321
65793015
69405347
36186180
83382561
16579037
12524275
5120600
49716704
77662181
41584548
53908034
1407564
40589917
54473510
67683122
4321040
20016377
46879947
58781666
14062861
34105421
57996523
56607995
80713265
15785757
37227853
72585733
37023419
20791970
81439201
14724140
13894077
52826310
55145528
78261961
51502334
19502095
79659676
27292293
23098239
994630
30918146
18364442
67752500
34457133
52286798
30179375
5953516
12774526
32268765
73578490
38032156
73694389
50863764
8127532
63402338
16435883
22630155
22299279
38381516
28612891
75702236
20272117
1323976
35643433
30085907
55693663
27887479
78665046
27857770
4733796
49365754
81101014
82201268
69056748
59987240
39512271
29394232
48498649
6225993
74698000
54198349
29904624
10292051
34427881
16981000
72586682
9537990
78657264
31237044
18109399
27288915
71542425
21669832
61753936
7755954
36060862
27835893
54637305
60782915
62880379
7172529
64949006
52597397
42688997
71146139
42972213
64769901
39336233
78940301
60961369
11249571
51254091
44407247
22345369
24889890
54447359
41349638
22912214
51368349
75818242
27923189
81658603
63786471
70248971
65401666
69242273
6761570
81079138
47464776
80473909
10282982
80607156
25286490
9625184
9402718
31809905
48671913
3808532
59570285
59169833
48037745
73544202
26364200
21443511
12479354
1977676
3079010
50171397
26472648
1193369
43515394
42314219
47740560
79184199
63487400
68962529
21777496
42411285
70796156
82981244
55187419
657798
71204437
24960208
77076895
5594186
56879621
74142080
40410788
17509706
32805633
58077857
61064848
55870147
18364500
78431581
6988651
33369264
6656002
68798429
69576433
48971196
63466820
63418032
4250324
52559738
82806374
54919876
71863867
70138358
11776807
61710834
39704527
65610251
84204211
34418437
81307022
39369915
41336447
13816554
41084858
8419108
71196979
14116890
48881496
69635237
71775578
22830222
79916455
42324807
36815232
6158401
76204495
10907081
12095281
33970449
12179494
12668016
43143069
10153033
61917454
30806557
8990246
36769712
15786851
44834296
77721991
14334090
82925057
64400962
27259575
58451591
44177613
1561742
58464936
57534897
21202404
29450771
17498613
20601676
50760313
25908151
78703121
73717668
30211210
84067266
22311003
2026461
66874186
12336512
32646410
56631364
46503328
80279574
43687722
32936384
46549239
13321029
71714516
55957089
20223349
57181456
31470278
18126339
64999339
29014164
40036284
32084351
63330459
23074085
26538556
8526267
27180564
26119478
51406665
28184748
17193080
41458114
863674
41726444
81956807
68490460
12943642
13566944
33730334
61850316
77345492
22075773
24581303
14533060
24486811
2097010
76822118
33939736
62730056
64398611
50323706
48445822
5545794
54804192
80533522
419078
73243226
83635816
8926398
9948550
27321074
6950258
75624931
48496838
28782802
68389863
34760125
67216949
52345076
43138184
37269013
62812432
82228962
22484293
53834566
22030698
55490578
12423507
68256031
14284234
58852816
80159515
52552301
36610339
13044588
28381328
76132681
63294676
3158364
33459762
50447243
10307858
9651079
38718691
45220336
77689477
16044786
76261942
29947936
74172645
77032846
46268343
40461489
60198264
83117339
41411059
69898290
41206344
38210691
72736517
46371934
53726100
13958548
55654595
45117658
34389913
25222964
74156542
12847432
24334129
55292306
43212175
81211146
16601603
22673904
53598395
47741541
57995765
83869097
15163215
65194779
48318204
47791005
30534053
21783597
73394618
3200367
28645396
79474411
15968214
58777969
22200961
40092065
64208636
61915254
2444739
53026104
32372458
50347858
1118880
27762983
38690703
52021894
27612751
343685
80801763
54369299
32578325
77440986
67034515
52012211
66144349
26534607
5880010
27333685
24621824
25403830
18715776
54507428
4117071
7359772
26052956
44925708
37647325
42666155
29542796
68220505
51907224
4609474
11657155
33736987
31633855
38347018
2703753
57883453
52405360
3360777
18818406
65206115
42780260
40499908
77615823
38810664
33396406
11959803
40101532
1598019
52770381
42839627
59938095
43831364
54352447
68026802
46866534
910443
75398932
24933322
56563350
18170237
4459242
4793759
62516856
58390402
70581659
83982977
70548670
71839246
76704141
62958499
19073915
3969596
38587124
12499642
30192755
63282010
43829423
28745527
26299925
8939017
19970803
76551294
28448453
53442004
77267871
21933212
60470717
4072317
51957702
83253213
71777004
30708841
18852101
10017502
19325355
83382414
38762459
39073793
84248954
72734545
24371375
38057896
5260464
59945115
53310220
32930850
36982085
66374029
8774724
65872255
11974187
51168800
30767046
6515240
24454909
20039176
1459133
61857505
16935313
52732484
11244734
61759502
42867108
20109688
55895043
64891563
30617083
82151538
14702418
46191058
67474081
49066261
16231299
3813236
54446652
18419814
24156126
2593453
54399842
73729548
66588832
36942569
58197513
10727870
36539730
47237405
3103862
33366649
82096394
39815812
41348999
75775046
37348082
62615546
74132606
5227128
50189144
69066026
14677457
50276158
61443382
10504466
26103231
82451486
11140733
51853199
80143596
35066578
52128245
17457272
47015658
55860962
402839
42443731
7624007
3173081
49781012
47928051
23501273
37804970
33951353
63373453
1642440
63604577
12426402
36550203
75189671
84552987
7622644
35656614
55656550
10475519
30847356
5733655
33791513
60714156
31208576
62686323
19534543
80907284
48538056
4571927
48236954
28713381
77302719
75819580
64311808
11976042
13976698
76251444
36162530
1830399
82430674
81215860
73054906
12513416
28927559
39533057
60380060
28630748
36292881
49922894
61324007
54773201
59165080
2588812
41179612
66424916
14148267
14962616
32670330
19824675
43392831
3900997
49041573
65326677
61842881
19543987
7297134
43629922
25304392
71070294
13415493
69917258
52288301
33521849
68256980
31780434
34723799
10457165
83430365
66159681
22241437
58735194
45077211
77380165
73080546
26216996
65238209
25807214
3053408
28769332
2266725
62706155
58181740
29497586
4873165
18212959
25723218
20866841
30214429
40027135
50265616
11377267
33143901
20507866
30281672
57799814
64473693
53204119
19699351
24695170
21082469
29501273
70294649
50343838
43625579
78756955
23163588
36468876
23540489
24987254
55227593
4252762
4676612
39968781
3774368
15489946
19482153
17179706
2084848
50320784
38366856
29757749
65735596
59984088
72157797
61717554
69584086
39778523
32121650
74838078
39040522
2222254
70515695
23021317
27180250
7156702
2060087
29659957
12724906
50771350
51794265
15258812
478394
20670288
51970251
18078285
13405098
644991
63452850
56967100
69225189
63022769
42239953
35501665
21883624
32379274
29595904
79386009
32221623
61383019
4322383
47502828
6525626
10202615
52444852
29003916
25915419
35928738
62505693
82106094
81776579
62607599
79412185
67040110
7265190
82808882
70749058
72561622
16059803
430081
14727146
33723524
72622768
9860679
5905761
27137616
31641273
84336509
21907248
16202418
54857392
25603391
26541599
9005333
68927196
16516114
51138224
59932949
70275782
31381716
2693909
14736469
2186031
28086926
27774674
50827192
66749079
70318977
57834475
13819901
43930937
36350090
59301386
45485151
62859407
37692876
36713991
46922478
29479116
80943858
74300820
77335682
72799818
10025484
42507109
8994247
30880333
51240131
4082662
2382935
29195685
6090606
18445418
67482462
77461470
42095698
77632718
84412801
26388040
52968008
70642139
29929408
58130684
21608510
8771160
47420551
8213759
71893757
57261659
68267058
39627662
64275335
66312196
63805571
10628774
75906979
36395208
28497398
22044445
29475679
15421140
77836847
13269136
60989721
74489745
24532292
47191280
56148332
13770662
27942255
79477325
49033628
52641871
10710132
13394751
53001026
74798893
56070325
32266095
77626325
1954862
60462092
490183
75045217
58893985
13614999
706156
6919529
44559881
28847599
16206542
70555043
34830724
20220467
13798440
18341413
10761630
50732648
61311008
80860657
59940384
68767193
67122500
84280846
52034863
41964426
20734931
81812569
54115463
56444003
23979764
43033268
33051730
18358806
21182683
51974456
53695119
56498557
22196610
5488461
25500498
80626076
56756602
16489311
40942459
79189416
41670406
14540974
75432265
24027438
45221780
7143161
48215952
25158074
10389536
54862295
72488964
80414552
57832805
42565818
54875896
37104580
53334208
65717275
49303688
80807750
61261469
79690281
30998059
26210534
64855482
9011186
71167240
62207187
59458906
26401485
35240774
49126591
802817
15132725
60451486
20063706
28237248
77993658
37309111
14614985
81669491
61406769
25538655
52211847
73871611
73798622
19284515
4010081
35939429
1097029
49809690
35050934
14834799
21986873
71166918
2648295
34192281
44765754
58450036
41815938
57082291
51591671
20158727
65379112
18379100
13941451
14238218
13622262
80964167
7385965
20559953
60941267
72175159
67863657
64410955
16705152
69342816
18187486
38840391
888494
70902231
59306440
80007640
43670127
72434593
26401164
60321882
23859965
19167086
6858365
21657211
76343180
33212571
6217276
82624517
36240461
17617285
38335876
77702310
20022900
19850807
68819920
28013935
2313629
83160841
46223469
62504761
15297944
63408878
11017574
5520855
58715727
71511848
450098
67988245
48574627
7234078
53463517
2202754
27463906
58285795
46923558
25202286
28455733
20083614
75772264
43178151
82234385
18485069
40366013
23492588
17537178
70299079
13274089
55932491
14706519
14298213
51487187
9777088
36176774
55629349
36554380
75367483
22937221
77856021
14524728
46371873
64410172
79817723
71402820
33745243
61313685
58323567
65553646
16761204
22489229
57287195
2812138
5585419
32431514
1550557
41702122
77728310
2436182
30459498
4445304
4929431
62761440
27341461
4706331
45449292
32692128
43338360
7686377
8048971
13445848
19347005
59609053
62148552
49987661
44562876
84315220
44552480
35834337
8266451
13949066
16903810
24855681
32745204
48523297
70826827
30597998
42726247
73283006
82146752
52338059
61743844
31706723
48795771
26132955
46007971
37762915
56126780
61376135
72979372
33079918
67420920
53999345
46529800
62473333
36918804
8728539
76048769
30603414
50414150
68050771
12687485
53020514
70152477
33630829
37280673
82183822
33091247
21871811
11539162
50440029
3542287
67094511
17182374
42516479
54646176
69271837
49423543
54530485
25438838
50463650
18033741
4947587
48564164
37801261
17908187
6315390
74438013
7997997
49399551
82033637
29381917
63696657
47223463
72608656
539582
46892485
17488281
67291219
18329523
29084652
64741277
77149432
43931958
32550538
77732937
31599314
75316622
30443516
67980366
51974874
1899486
64872481
18523023
73732397
48003249
9910189
41555839
23887999
10099703
70342895
34810173
41413261
10000697
31814601
1963997
17888364
28562962
73043630
34033564
57303715
16636316
63674362
30900118
43816267
73357539
47289421
48258948
23341748
60027652
3107885
64935474
44290713
48352855
8612833
32176557
24115250
84450487
55852945
73717826
53326443
7185819
34479195
70932887
76752334
3251639
13560367
15338422
55899247
3250936
54999203
57887220
4303672
21800446
68250698
80197320
50015791
18745391
76634686
74529898
15736939
70878653
56322640
12114156
24237605
40285970
7807235
66521047
62607667
80150749
70722254
13877178
15073486
31227556
57372520
8257534
63476015
41793054
44979220
29495650
83587265
64682380
74276523
40229976
56424656
80988929
3562633
60125893
3008452
37239656
49690881
35106406
46641048
16036670
4306921
73840182
9161926
43780110
27282416
80214111
65077263
39494697
41144659
38299575
83875165
47063088
47918314
33980365
74329413
11780463
39859127
74840912
8257724
24771217
36667342
80938763
24824099
82446601
41918635
52542047
75238609
33654211
30799485
4284489
38358366
76650435
78041388
13587816
10186470
19271342
39069452
26777688
40259533
25565194
21864883
49894799
4217298
36137851
25604861
84128502
3522739
46571533
38173569
11958961
31430741
70344365
70503751
56922052
38691615
39748047
21742562
70954120
79935845
70272674
42366724
24770550
13307587
5613668
6001987
68048783
63651809
44987881
4912804
75004735
52831519
17210655
55773561
4728796
32615111
10516950
77438556
23047401
46624415
83952828
57578834
59148689
31652749
30755703
35179490
52377496
44452203
67593512
28587395
55165295
56965087
68236679
50252186
29898805
26601860
45654107
9979600
20130697
23639985
19185772
19231173
48102722
69235545
76740234
11930241
41051333
80016159
78125728
50108567
72115727
52300079
26823131
23969199
10758876
17787123
52225978
23790101
20770531
42112048
76474340
4913108
27066282
73118442
36081702
51402827
6471162
22014122
75433829
899524
60177263
34590228
58614563
36172481
59667834
28207698
49928137
75582767
7900432
57309272
54769059
48146527
73024826
40519630
3226844
71608776
28500215
41597553
63439384
15857422
15045766
3355898
315029
7147077
13490901
45551203
60608999
5571638
46476859
72327224
58408584
24004782
59562394
61890488
17727967
15568690
20307266
77258865
52297330
44393905
68924447
14249429
76403306
1416050
43503038
77752915
39653014
44126416
26551786
60083486
15542393
7898689
21348620
70887449
31178079
7919263
83714345
19765397
63286678
22472077
12764830
81158097
37760438
75477327
41583222
25109102
47911361
7396983
39818041
38047901
84114223
67508397
2230014
30134014
77886659
30860245
51201128
64209529
28584022
18653097
38734866
60778568
8204232
44912980
71813105
42896305
60756209
8085890
7000567
66768582
16195261
21927504
39574874
12651336
59049589
65669862
16774684
9863459
7922761
56949644
67301510
53980208
21105361
2853392
10416509
45160753
2276222
32548031
56958286
52445455
41932488
25305509
20449085
81431551
68796772
10570837
35895737
25471250
76530629
16556686
27193707
35027548
79001539
5388635
80516652
49186129
57747100
75948664
58685573
70066177
67327906
64448118
75047322
7428231
577169
9352101
72842467
65954391
75255544
31652777
63479993
76624560
41148738
9878248
45535814
74809145
18680209
19339051
82917543
72986704
53678771
53288695
70634520
29815409
32281536
4567988
75140557
19164546
40104380
78877455
79658855
6743297
10714571
12538843
19225764
19262779
18736558
72673313
2474398
83270984
75144040
53601745
31088746
82463217
22681662
26196763
23375224
61817129
81783903
29628848
2352184
23863362
21007159
66066531
70798476
13116989
49103609
80903103
55629315
64844706
15006506
13963634
19001156
76091792
78442286
62676075
16788381
51589197
82169273
64996277
52182238
24164446
62403706
36375606
5931614
45504534
60536483
78386377
6308567
4764163
40105312
20925653
69188510
7890169
16962922
74535374
73611298
15742526
12740218
41665681
77327173
23554715
20161348
40965081
59303411
58336712
65146803
67915728
84046960
58004827
2592571
47290254
49716455
48382795
7322746
12185238
70679590
55772320
69764687
70022914
51699277
32215143
3962731
79293137
50402495
32704019
61795155
63429240
54538977
20669126
21504332
36362091
48891305
77948260
7301901
22871305
58929752
38625599
65323157
36756706
39771995
70333400
71451131
37531216
9186828
36190427
58544175
656675
35556665
69033167
66060183
57046141
66452649
2742334
17497981
71613255
9648665
72609652
41924908
18176885
56417822
28196073
60543813
57503622
50502131
159925
42188149
22173046
83493605
26473380
81429198
2240778
7990194
35260704
10470664
8530152
32117384
20994630
19236493
63150525
2580518
10161471
39548160
26323016
24577292
61011953
61171970
76111781
47675452
13728835
73756696
83554201
9177565
60383887
15315473
28329084
1306321
47198391
56867472
28096448
18483186
46168494
76410115
84100042
34626943
20959657
73933660
450482
18414112
40558645
23602365
7741125
17067802
10019829
49791047
33105512
44820124
47443135
2355084
48761252
4551270
13372809
68238727
12332103
5921188
84240706
2945235
57849874
28715205
10698978
36326334
50506768
43025174
2294080
10166382
65660083
2545545
64858638
61488118
42156610
54974466
45066158
42590079
68602291
49839706
2347911
62234050
27542494
42891865
73622276
65162526
23702789
38935244
15481644
40870491
32711315
55525501
23729880
21523539
9692060
52313805
65515877
40340386
8848713
31232158
61431367
4171965
45028936
41367795
47905583
84206532
17855798
79866453
71725790
6368240
53780835
44096047
20095397
47019969
50672699
66170655
81164504
14315921
6223929
44596144
17140610
42671398
45833441
56056076
72131286
53991675
43465091
34283719
10392641
36160371
70843223
20063572
72390006
45462405
54995620
52679131
43964364
11487557
26085618
27629743
17756466
6760865
24906971
38564742
81979089
36356777
59946726
36568360
81815312
79676154
30246326
77208158
55180113
23325389
44074608
37847566
75082656
38788343
48080497
74969070
48410366
56864441
81191575
19710875
1498040
43508063
26593513
47818244
78371092
19324752
34206395
63831725
40905400
73190194
10101639
76894352
70665089
11754195
37805656
36090777
24496041
6920937
33133550
17332547
32882733
5286265
21250692
113586
75017977
22699679
25261118
28699491
55366400
37683512
24600985
69803420
81260595
7268760
45095471
46022990
9902975
45656202
573708
80134672
34008728
82987445
70572318
34574312
18741777
30884719
2957227
38647117
5521827
59330908
27565478
64252770
14908288
83191013
6336091
77802109
51973280
72217606
35582129
17046603
72546541
17332224
24707949
35237605
28849408
84079270
45449282
45891926
43131097
33709887
41045977
84074416
11089290
39687599
31617085
11578283
25362892
59749943
11081639
25909057
44422619
29014465
4760301
53229803
31217733
18758485
42219979
66410300
31154688
18249905
76978655
37308936
19966439
56752302
21271946
14441105
72431796
43223018
4845949
75180304
54104220
1358377
52457331
30994630
14324707
3350765
496644
30937457
15327323
13550796
52632379
22676439
82436733
70641817
11009824
80931057
19087420
23970074
20915268
78485752
29767089
51709975
47520613
37008957
68960507
9532551
9595155
28735115
20602421
34971195
22722973
23109590
71673671
49106565
30497986
14870873
19507065
18429470
62945079
24134507
15754064
66630563
11666615
32989298
83038019
71679750
6859411
25241669
25686608
53845293
62448762
24241755
67389469
69471685
58897424
71709015
73570131
59263961
6012141
82132832
47937525
58256409
24095227
56802798
61083123
43552138
68049417
80012558
2675406
80954517
12467892
14248389
15076166
24626865
57613510
57796350
77476765
37654119
78916531
1444853
17939447
24460699
81467954
80320455
80541555
84273464
12540495
22920922
11326436
32395733
4881227
75774728
28656908
65183089
20237003
65710566
72360355
71734901
14388288
19910640
12721973
72481028
72758503
41919817
31790101
19959391
10363442
22875533
19714672
54455831
36100523
53742615
60042768
81834491
67779960
57620633
72947027
11628385
49523318
20191709
35222448
24338138
2381346
47586343
24306357
33142103
82805901
52449715
5856550
26547261
63275761
2285779
40690926
52799112
31556374
40398191
244719
40547612
71415011
82095680
25896686
70389655
70602656
2422134
8887464
2995197
8097315
84238941
61045938
56668802
49293986
19119727
31781
53879244
49420443
56496642
58769176
3102262
20657577
35054394
70496335
10476649
55369405
292735
52554393
75648763
466802
34272662
14650925
32508979
42976647
54958175
61502191
67607459
78964820
40772147
26589260
67552137
34944955
73409833
56637021
26898365
54339285
28175140
79750068
77801804
67322688
55198405
17245927
10180928
64324989
70203600
74045880
64360643
31309556
49765353
7841460
84081447
75936016
75816374
2490410
60009188
60633356
20730044
41018199
42896306
5827192
69303050
42398739
39530213
19070548
28461881
31788297
8021103
76976076
56035286
60555877
57141759
75513417
63165951
20775049
31447969
70377667
55764149
3362805
63351732
58469338
16665086
81591037
15926828
46666641
66400367
50474612
17737050
14902852
3198772
497567
82420603
50232502
13936858
7741915
11049445
36125806
7236634
63588850
19834316
65161870
28873548
36366710
75549070
24271907
81134524
28085164
7025934
28778434
18181341
66400696
42542510
54638446
46674293
81575840
28929591
51497514
47275840
48723106
48605873
37606271
71200710
74678687
39183057
9294675
31988904
63584218
16291489
26714765
66198925
14951229
74252800
36085264
71355810
78947529
17245973
83839712
41387446
56748862
70875925
48182896
19726403
77090294
25708854
26660401
34300000
11690108
34375264
9669569
62162397
58567187
83063215
8749657
42689783
7082461
77643186
5274138
28868916
32823883
68585589
30113661
28235420
26788894
18839291
18999720
37560083
76620735
12963787
24688172
37022458
78425632
22474042
24549625
42790294
45502369
76925138
56114054
65651335
60448078
42729978
53412740
15877403
22824375
47230094
68899268
9697168
76302926
52812173
83395256
4588462
41796694
11274370
9235700
20712434
58342180
6035933
44355533
71081899
19178155
2214130
12472833
67118961
8455296
63748110
18159863
64491034
16477060
13384076
43722218
76054297
19905602
37666268
63101759
13127207
55567169
16087094
10941912
71714464
11015479
72120886
79992763
52567883
69055814
34683389
60996902
18743903
18341401
73625026
5452688
68182818
25242457
33364724
80442721
28604262
47271050
4775787
52252439
56546387
24962096
6055950
12952538
6778395
66739100
47014665
2185295
15336328
36555238
54944650
76361701
43087597
3065072
76792997
23054604
81795533
47825611
18855499
13291215
34798584
48382568
56727965
19223719
81278196
17577297
75666934
60991824
75364664
11297313
46196489
43593849
18183701
55440473
82061497
4593100
51402772
41943049
63364269
55098250
78107642
51879577
84208705
51516616
37393163
60451008
4199105
68504318
13027027
55112931
72686874
47058487
51744373
70634291
28196786
51769994
26852634
11213243
46278958
63254438
24597235
22239638
77655976
13590601
35521324
40118447
57352455
80944523
48475408
11484691
2373168
26591026
45970037
23757697
47317511
372468
78907604
65209797
27301066
50608541
3368558
2052583
50345324
31458002
75265280
48467166
5491036
79721820
18099631
24039320
70238463
11006633
18201937
37537528
40878147
39216802
76283040
45867763
25414977
53368004
81638278
63255472
10757138
77081192
60973717
13591336
57711402
28299063
61841239
25248483
31746839
3394179
42910927
33361781
25966966
27027083
30367535
12935339
9483357
7092997
37321005
32700934
1612109
63625136
45894489
79650385
13801825
54398659
80353109
78283129
42610866
36040708
2281755
28649425
19369790
64158277
36390098
63946542
81192224
5290682
13821178
29868681
62067214
15883844
2994246
44515250
17543726
54758160
60254334
8266045
36964511
58335870
71446446
6601725
81306934
22979453
30780898
51642320
43271416
44312401
76001374
45445064
48154541
54247102
76899328
40063248
67606053
62583038
81608987
82807166
27863469
82577335
58358057
17551964
29823741
32876087
15744538
40761303
49277272
1918464
21459600
30362786
8512558
79950616
7304449
29664614
64348038
71108498
60280947
82466353
27641482
53237895
29359
8091293
71281049
14316289
74577885
16282510
34719569
30515275
24449109
41795128
84237216
25481970
33291048
73702439
15082438
45309697
50785326
18914485
78045907
57632607
54541960
63487945
15602578
20835952
54023668
13365308
43467016
38526675
82436994
51033812
66596846
17196692
49637031
1842161
64236721
75546233
76473402
24408063
30918059
30450761
8504080
10534777
10399532
19464974
54400735
80807953
51903791
24636342
49012526
46041585
42030029
65189631
9464276
2237270
62008937
46980616
15568315
23916826
3413451
12083923
1396781
11598307
37599972
58730799
10008760
71312281
44628174
77506263
15903983
51866905
20051229
20522728
72257666
14231580
52201184
29764393
31795427
37345829
67246314
15306518
36577308
39792758
3180694
78607284
18152578
38092110
43567165
3484391
22520045
23298767
5967574
58789606
1589546
82411315
14102625
48626121
55408297
24244892
57455034
26864878
64249240
5819649
52961545
42493272
67076154
46338978
78641703
47972531
768520
58937178
43609447
42610025
53123803
49728584
35040119
14668187
15572065
51752020
29000440
79854063
21709221
39679883
44686981
69087049
58486640
21341356
22654709
60027042
76119276
51635385
58543334
21755967
23383496
38106189
79975193
50587245
45570458
51188148
4363084
74282119
5813375
78520864
7569906
38455616
34156519
14771721
70307748
51841625
61526422
20804179
66650705
68745795
12676866
23345625
77915963
29943221
61345704
55659325
1483708
54363308
28251889
51920767
57904398
57436251
77175732
60270668
77707784
2771962
45374772
41965844
66712212
51997760
44364344
24281808
84271492
13798517
69368923
80987191
16674543
24264250
39610936
43305080
22313455
14217268
78123545
22256638
28459512
6982395
27407435
65686565
27942533
55455639
6228658
82273731
11212090
74403770
46379518
67225563
52183373
78017013
82241500
42430404
83849892
62049450
71036509
34767923
28607597
45104673
41376255
4853085
33434417
56877291
49821536
56817
70397756
71141149
79489203
78896571
10523485
56591797
6301529
30308802
75727172
16464888
67377836
60110150
53704020
53002506
69624064
9752969
78807121
20192050
2877518
80565592
64925476
25931836
78031669
55238134
43153878
69138964
39671550
33377600
17963158
63320388
5207615
22984808
60617664
22897406
19438664
64854684
12348248
74476641
79054590
15617021
78884492
14375329
75126087
43951051
58835386
80915637
6875450
29725152
71390197
8429305
2533922
41170965
67417958
8892705
15566584
41259901
82659429
60991163
28169985
79618351
2702724
66950210
3546143
27246603
42032780
29602024
17283716
28214850
27075772
11522883
25130935
34933441
40179944
25694073
68559223
60593856
41009062
29929768
27191230
61702855
57134971
78281218
25604380
26158057
10873276
39215422
13089916
34524701
58288439
45859776
76072207
6939744
56401052
5427742
9962886
13817930
2526252
37244456
34567538
23625953
55982939
84076862
51014219
11069711
16168634
70113078
33402626
63946208
57434798
65033635
36098475
30976914
14251564
17872581
13068140
7832198
65566984
83353764
43092495
51348695
74098724
17488087
28460480
74066745
2901490
4202053
10734015
10383921
65901518
35130676
57251735
76396851
14751850
12384763
62307085
36862427
12678280
84492615
59331356
57941507
82265694
49709517
17908773
6419366
36945597
45838000
80863327
45701912
9255040
25604408
54371837
31515602
46070219
24258427
63332729
77157570
22940536
60243340
37772187
20988289
51862449
76350595
14089766
62529424
31190106
9298093
62171072
39376774
33710543
41105462
71516356
75846328
44247542
56710774
10196040
22727308
36582960
2102541
75970076
62379438
11017811
30113410
84306497
53552650
32801514
3089389
70869006
33435869
39864514
77545216
38382146
73973025
45160489
4791672
358352
76453332
7071173
52549233
83984042
42504216
28341542
14805582
12493910
21520234
20127814
39577122
31397233
5687144
75724730
45856666
9556564
73588785
28795518
81217107
14167267
84005646
79348499
77963791
26537346
50531489
32384727
33590474
20458295
190779
29204122
63932743
77109291
80690581
24207690
16022082
30010305
6821308
79317768
57556789
21606624
45924293
79976015
70180568
80770581
2135945
48544770
12979458
6265139
29429873
33352231
20843477
4311922
28817010
45579064
77586873
61556817
63677570
4386351
41165552
7721489
64637165
39725053
7930831
50680275
48870005
52827937
3937139
16698306
33393475
9064397
36066057
81277336
77840070
53119420
67791123
27354429
19114897
11110850
70061663
25117951
36018844
6748036
11365050
83383816
66541494
20044143
20391265
55956081
55872810
32924122
31274280
45440513
75495048
71226518
78226759
63655322
19434462
79512743
65272250
68239763
47347951
67586638
13486213
50485641
65488146
3523895
41932767
78636946
6575629
63313626
45236524
37275028
56330166
22804529
62992551
10585413
48811334
72107143
56165424
41915920
42069075
44687763
83337377
43323349
51792056
83354017
83023073
67318322
32164792
29169235
54753550
81502311
2098491
41445941
8552874
18334823
81588267
10102763
64884045
53940601
38467083
22431995
5766100
45744753
58633196
75525409
70543613
38379037
61521691
42961283
43218543
83385726
77535708
84623361
76423900
15957356
82672848
53853838
44048395
35302482
27070743
13307609
72949437
15247291
44497675
29933733
69574402
59131288
56275681
42452050
79658124
24205953
48438800
14880692
6684763
51737781
45487340
27582329
26644117
62775966
50065576
74718806
38445449
8421974
33434135
22570062
56548962
47370366
58266717
30740785
78476669
43307075
293557
43015703
61796513
70006387
5141675
27122352
10956787
32069727
78653251
64777432
49004813
28184641
54033352
63742434
56577287
14194997
9000376
36565311
24330517
41643602
72768294
15875386
36513012
70703770
80426969
57291800
377320
46443265
61930851
35460965
66150562
14927171
69357651
34674161
5893222
57711949
64592725
30819355
14548537
50468609
42227703
69902380
3090977
39838355
54742058
20011976
74504481
83480398
79920641
8455130
5130589
2064524
51572041
10704835
17170071
65467326
80000950
49556356
64932704
78487303
82226938
62960024
40517571
11645702
1565059
59713868
74647035
14124115
20075275
29286158
78861255
2389348
46643945
14562624
81457497
2745282
24731335
66049351
78349809
77856117
73006713
25909377
16378075
17588338
15343886
52253716
534622
32997270
83453041
33456303
37969731
70581236
61394964
65443704
53122291
18924567
39638592
45360877
19902861
49169550
14125836
64298631
37055474
75382285
74471289
15408146
9035474
62998842
24526261
83924055
8321664
55418375
10565490
48764360
17053715
66986617
53440676
83201943
79667539
12871805
56701339
4009650
48942568
73954020
57288735
39245037
83661707
75109043
31235041
71727853
43597699
54867174
21310965
21647328
66346811
42956070
75521886
9751420
54677178
53747887
20202186
75680928
69848282
28218874
79963685
49975396
18802701
40568871
26500604
22501511
80052860
14230942
31360916
41181154
74932314
66819693
8009996
43417476
62994967
7851489
50416888
21950371
73160364
9838517
62249065
3439012
19762515
53257622
21032857
10479873
15383227
76623313
80357244
51356509
40899796
70878437
23474792
80941190
76639634
43753285
75780596
38871706
23938628
80664847
64654781
62998461
35308349
158506
24484211
41044596
50814749
72061994
75824929
16564974
21559625
40475066
67046156
9282642
37874395
29049544
14762630
80150342
67207140
40962430
27881717
76082229
78878803
64361508
5160594
37767928
19814656
26599372
5700547
77063791
45356498
64496275
69997873
25747376
65467381
37062218
49859667
65733398
50502369
66833486
34158818
12276982
2600671
37996612
26003635
73847677
77966028
5283823
52268624
75764912
46723627
48160210
70921635
41110875
76030474
63201222
32067381
58874489
12726497
57327896
38549541
19609122
83668894
32935655
7371331
31217606
71199850
67666182
31574579
69709009
11076437
80802207
17756970
44876618
76154208
20719812
21579052
2201116
74683819
4108414
36326899
5612752
3613359
39204036
40527117
48639608
50474725
6223107
51808570
77757376
5142625
5613886
43721413
83934911
46375806
24345150
84283028
32974463
3433366
66895996
83435662
50839820
36131622
81677158
23297565
73953092
62159617
17470638
81997840
69071067
31978678
81762864
81209259
71097374
73369312
65787632
28314661
4200971
1080482
46194684
65519586
37331338
75361704
50859886
84291884
44884965
20911784
17387032
34178802
37233547
62247996
1758504
59025878
46818531
51001164
5826927
76595252
77728551
16975583
234976
72501808
45521304
39877175
46905250
74266336
16011962
64707150
66759978
23321386
79872768
2316602
46143323
37679455
30476739
29948102
66904852
10706163
15161860
71262659
32420298
9691292
15429465
66880963
53198951
54863280
57912614
73491344
23203898
36710365
2937902
76481424
57080181
55894969
55348836
13681723
7506358
77330577
69474382
11286997
8661686
73676936
56479864
47678844
55414604
51254198
14786242
27125815
9769488
36954191
55833194
81662958
41132342
76689809
40451972
64347607
63143004
52685872
17397064
31362475
64270185
31682934
52616211
74882081
79872233
62658260
28847341
27702984
68668890
27281069
70930757
77106466
18262332
36709289
32892602
59772411
41484710
9315674
55932622
44230154
80461850
10627008
41210986
61424735
45030427
72406101
78434166
31780529
73055688
70354131
10229886
20871726
67934324
74597952
46034740
52169249
78629370
33049895
41412228
23046047
9018736
65705091
75697487
74613545
79864580
23576928
3839789
28738179
13493825
76789236
3019167
19037114
81720205
288508
14474192
13249898
30834036
8080034
53034266
83667584
33903430
20271935
59476987
15765075
27452205
44468467
42240644
2426945
24031159
7190760
63472183
50528815
17324134
52120559
70773755
51126401
10083103
43174177
57202634
25940333
26552654
34214282
36046545
68470307
54094473
6394158
76339256
31806452
5660227
32762331
24190597
49621978
24303353
15008520
5008053
56508882
51920931
35049884
55078386
58142344
74506627
11351624
11238683
82321357
42037456
27599578
78563767
15626392
16621522
54471975
74533789
42722348
64759809
61136010
23614674
22288021
32217553
43576925
39099478
72161873
39942601
9182077
44613924
52434471
79211212
54598170
32914119
78418588
76666881
43726762
78387284
23668893
797790
68279105
3757589
26411064
10978056
55575415
57216227
5382797
21195789
44881402
50591297
42471788
28918456
11521372
14672165
44695681
3634324
29917401
27547949
72148130
14610865
21499377
51003975
32276247
9414911
73827358
31514926
52997988
74412594
10108179
51394926
59026727
57301049
64305798
678460
37078882
34379626
12334824
39431500
10207623
15962946
39069925
27799623
68862776
7887048
69394765
48631355
16126194
15306536
6048571
52627778
13818241
43568089
8660239
761321
41056924
30898387
52890370
1603062
15385867
37447130
18572751
5191889
51705790
29926172
72983636
82287382
55655625
81011879
31845198
67048001
31740170
62666500
43044859
51715044
23244476
54088229
74066406
79622040
32971918
47120483
43967539
44540543
2511165
62401853
63994574
39453862
15512520
15443240
14513934
41677600
17224963
73286579
16848254
54058409
58910548
76611758
81925807
20091247
80755332
53818698
24003142
11508749
70905647
20440253
9132261
28262437
52599934
26945923
35654501
73071376
76092941
66205686
12029591
47697304
78372956
48551334
24939928
5318542
29701900
57350978
24829346
47806555
14376031
56360120
56772602
70302924
27340049
28107109
80728105
69246583
14396674
35046512
33860111
42643209
52480320
13669961
24091559
64168559
35492982
54088815
7885406
28395637
19316353
48118258
54240999
73054414
18849434
83712573
11972819
13378968
42974947
84592850
75673953
60196731
29020071
28665493
21058441
74217090
45194057
45681593
35386472
3237088
14049815
51673773
50035273
72951762
62816979
54642745
3126774
38580968
34772462
44407149
5638261
62385563
60752446
55168426
7925217
5470466
40737626
12019969
22345015
14261838
2416401
47008460
70621913
70926605
14955059
60016849
38830618
41956969
63115400
15196322
37841816
57221677
20340416
26876151
16668609
24236011
19870282
43359626
64426329
3870522
15138326
35109836
54460346
55281980
14430800
80545248
14609074
57959411
41087191
59976556
59763549
16129797
63537024
10605063
32095987
57638090
28385072
55117919
35598776
37377346
79495906
42449288
40553068
27588028
7005868
57948984
44449683
47483383
59704923
60800116
34050177
44496347
20679036
58555098
72156529
41111390
70941680
39272518
29679484
24957393
27923155
49158486
15517433
5898933
13703614
61618069
53522937
75647727
60262013
77789489
81464279
83391501
66927042
14087706
67778346
75646109
29727684
15133189
13433205
15208576
40121080
60135080
3823441
11051269
19097041
32884010
42915528
45984287
11349363
65160999
40923583
53507845
66938494
38539365
37015997
22695888
32839678
7217070
25667071
8354135
42346070
67376572
15613155
75920934
15843645
84128779
62212904
14519108
59652110
37938126
11385135
60553434
41038039
2423053
52775741
4596377
21534647
62394530
36544327
73965142
29706128
2384217
47975470
44242606
37183310
61282550
28512440
24485543
49511001
42930499
77380980
51065137
83016550
47608000
13708030
1324536
24476669
55758400
34617596
30582298
81540088
40445704
7777693
67925285
65528407
75021212
52692051
32209506
64172025
65643732
57473294
70103523
49840908
18176543
47213788
12697766
11771548
17065564
63228187
29929487
44553950
61256603
37357107
28535636
23131330
74073253
51346941
25377994
58858313
78811893
22804605
45098426
59557298
48880104
46716857
33318900
10849187
18531941
6219835
78708503
15802824
39296751
54373357
37143142
37888618
61631847
65593203
66482062
57151615
33455206
77212381
16018314
38125273
79407477
8672318
29236959
46698563
4018671
2573388
45243509
19254594
5408124
83021570
26238398
38030917
59668538
58582688
48264308
2729117
51563085
24335145
10143305
32891756
24225133
3033561
56046557
4480232
32137997
20753303
72616924
79969934
29288527
38829619
40371936
32708914
4653647
26663571
32938677
69404077
28648887
46861940
24499819
83500831
23353032
83779333
74406609
3783043
7019603
23929163
77225813
18671329
31593635
7109743
8328822
51228523
55535565
35293253
47986932
36808063
22948399
33787305
71081621
81219614
34175972
45191988
31253860
51373193
29498306
17560360
76387881
61271680
23508908
25360487
9094221
51053612
23603352
81961069
11197230
72988275
76975528
70116070
41826130
11848735
67697802
57675569
3241591
18727502
43828477
14199627
81850066
57852409
84251334
57373255
81449377
14286401
15693682
45177123
6468935
84350250
78691453
51027394
52177459
3938919
1757135
11773153
71340004
66738700
4985541
25721161
31162145
11970415
33901891
15634183
8607144
48970300
45330715
73681964
53001059
17459690
46071917
24476811
61043033
16808554
41679573
67755877
39301089
47467056
51125671
40081542
32172791
21596156
80753882
71887929
48722538
51142058
6787612
45618843
35576555
24498748
76459271
47011585
34846894
16415214
54943469
19565180
27452863
27871025
59093670
28524248
41056658
29263363
14280860
24770779
62147466
78852518
16630206
30703169
46777888
61013138
43967661
76408486
4357240
29611823
65100317
3103695
15565503
13772486
53799572
73204971
21135477
6887679
76708117
15281714
20445973
58556067
76595134
83568616
18297990
29830307
14243388
16285878
51755897
51551966
39624196
62927920
63558253
71740692
71375509
1853025
56655897
45839461
11308169
1253545
14046320
51327830
65427747
58484156
24120632
46911893
27980477
5853763
17925329
49635673
23326580
21517358
40258077
46764827
69325228
2012111
62714410
78815046
8145305
20311600
72633713
52523505
23036034
61705228
15084794
57019671
75184857
2245974
31793141
76103962
51949422
71685787
27207198
18515854
61987302
18266869
28986564
62984805
67167183
27891593
40861219
8045376
36832131
38245965
68690418
75150183
25350429
73886433
6181332
71745423
28759189
42412108
37438711
82139987
18003994
44322443
25226530
30564517
34936553
76230977
48896764
64917191
41182108
40423951
74169291
83642498
67223310
32578593
53607209
5965429
75699463
2615253
23994959
46321949
44379159
26287608
68968850
38245007
76610866
79892848
34306712
62742826
24408113
24599891
56913457
72079478
40869512
65119176
13151376
54659363
35048869
8472813
22231523
42179610
4684264
73074320
61518912
61257880
41519131
50991955
66610471
29377513
42876095
29190974
61993100
6134152
34316742
20559625
35421917
45351663
55484735
9706821
5829369
68452259
68370379
23277903
5771724
70850150
30070307
4678563
63911463
24352882
35272171
33797203
65300699
28066385
31555189
10526957
79287410
12141618
39599483
68903120
83508037
36741943
79514232
72917098
2195857
20448702
49714891
25715096
39522293
18516098
25976443
14035089
9524157
29003852
77847597
1093161
6938686
37201048
54046392
30114260
43692184
38689409
33725637
1617364
33418976
19413571
2411097
41867912
44757204
34341162
74028889
10590939
66029709
5909152
54685830
61120762
65566410
62682415
31222276
56970827
8991941
28456213
20827492
8430996
22065166
72130172
31686769
8308049
24992487
46840606
27872245
42074820
5270433
14312066
30689890
23034686
6139989
52709935
52479024
34166265
52951454
68119737
72028733
36392569
56466366
23487037
61382109
8595582
53690474
2766062
36143335
560944
37874670
64820944
8227850
45240739
47137685
16329786
65075805
67557668
41570172
13560179
42868553
66875748
39655700
62619955
55195663
56613725
84398482
15842910
78261155
48042508
43136994
80025319
59650461
79354406
1280186
58616047
57092248
53129530
81015016
2806014
23816717
77273932
17683258
76538064
64804935
11063640
59399615
82999249
24689115
6178047
58544480
11732220
43163708
14525597
62861474
70836375
62992571
67839597
4189539
29719459
73032048
48422588
25588755
32518037
22262158
32790657
9084654
1129856
29312812
3741084
69762756
31918654
43952619
38103241
48622072
66445687
71014526
65189
55938392
44440517
47654340
44018882
33510747
3810955
36173027
26505500
66646836
64756734
79447550
40406952
35614327
71997634
57644053
77438099
23433383
21132301
34961467
5343570
47490724
82034159
75912088
31659515
14780204
62146933
83212338
80040506
41990918
26574009
37050850
11919509
42413393
75327008
7845855
38488869
21804120
2899916
63181574
57723507
60626030
7449916
67402899
42816229
48564251
36511752
42476631
49573436
5125200
37567309
45555105
15831208
14097577
45248778
64570801
50863322
20156014
56638329
42989656
61555032
15644238
77847466
4073654
35408147
366509
36429562
59947296
48720614
58397510
55731658
74960608
17809800
75009289
62374770
339598
30474438
62870174
36392945
4018330
73933993
54953355
31789950
67384031
79357878
25092764
39416094
7873666
74724606
72477714
81265814
57481377
11719714
77480956
83767716
60100852
36285896
9515675
35699260
58400007
40587709
12205992
44069461
17470202
44534851
84144597
80070276
26456107
73576182
12923213
3712003
38033584
7079099
6697186
59451560
71484212
35008158
51578381
42731476
17243229
7601621
3784857
5197284
36258863
41195060
74252041
24401591
62525890
53567966
54976891
45814169
23117507
52311142
44564865
53523550
49562366
42052037
13990685
22744104
35542598
37327737
28498440
10065647
20234888
56329028
7873178
28752735
49248552
75460383
70430242
43529568
55982759
47229798
15585243
11857272
10152793
52167698
908323
48195344
30450459
34149371
1249304
1077580
34232399
33996450
71016488
26818262
6509439
8146571
25729286
56960573
17092848
56809413
33676092
22965776
38564099
17052796
42962494
37202607
50961247
54684067
27944324
44125487
68560627
79541169
42432571
46597450
53200861
82882576
78429663
29372879
31400595
83376477
46184716
7414136
27487011
62869917
32572599
34188867
22537345
53559874
54768104
78767073
49728937
16623295
64643282
32845114
50731550
19762050
9258283
6835760
70763440
64526779
1692915
21963177
26340308
75673619
84291411
23827982
82965603
26536808
14671786
23986459
55889466
67954800
59481538
77938145
71816194
10496347
10904385
28410273
35314560
38144809
14123791
16883822
50531746
44881232
23586831
75379413
65122234
60855128
5142844
48800263
38186471
42142920
53795389
33995949
24191639
57754603
9156195
58979144
2130965
31356987
49144921
62591322
80778606
80468814
13877381
74889544
59821788
57399577
14286482
18430738
72253064
726182
24780614
6635955
11242621
78855327
70236569
16321970
22668657
79123548
26488497
4190522
49434904
80680787
24839753
49852495
2467260
62439209
9834223
24179643
66702005
53316108
80197564
37372685
20647026
41117805
60603062
72874673
16630136
45043923
25133747
65617108
74123562
30565287
52523010
26404273
56186670
75753021
74473474
49961758
61172267
30447710
63990769
84222409
78213527
78524168
40018272
9771239
27220827
41158115
60105703
29329320
32669082
39079759
8253245
63895977
55971291
47042762
79224549
35653029
2403984
79208460
44577721
47719288
5862240
61409990
36570800
37708535
46064377
75509387
70610989
8433481
36874184
16950224
44204137
15285910
51303341
30343780
34305537
29375130
39972656
21025944
52559697
256728
14592090
77334107
16155051
51801885
44638778
16088
75715309
39324696
20189842
67807732
42632111
52793705
46829236
77185037
51737547
69114519
38635203
504387
48869345
21588274
50286883
45343980
12463996
53411834
75011125
13279592
61455433
39715927
37917477
6709213
15585300
78913829
32695328
16138962
60726577
36797705
64466247
39391200
28176208
52036138
20978496
81570698
32539781
62354718
38549834
82716782
20245174
48530552
34857505
35008988
40607901
28358672
54972856
83824404
76596402
66778820
6845738
1589842
55614250
75127272
58653886
84086339
18187251
27381246
67796339
21335377
8621497
12430109
18412704
62729133
50979979
43263779
43020864
34463000
73593167
21502905
79342900
16719809
7922651
37982456
64676133
72907120
36402271
19677658
76978666
75006560
11164570
47842090
27575957
3011534
56940020
62756262
47773622
28335497
18759749
55366230
34406296
62015987
77573753
59788926
19708269
48000602
1154235
53001582
39760100
56873358
13580254
72844067
36683677
19655531
1580185
76482097
27412077
46035712
8513088
60620198
47430603
8153036
75542071
80943318
71361535
60088146
75480136
23891015
78569201
41383763
62432478
59257371
73791341
29573151
58634691
51346687
8240502
28920878
70904951
83039657
51673304
25408345
71263882
44841580
23727077
40184474
67969009
51431880
83245110
360051
69718128
82610908
52915125
46937547
5463182
78954143
66158946
65579996
46098538
50795453
83716045
64342950
622680
22444654
52816272
29713813
11925359
9840846
8731197
45496606
11775774
6831723
1681268
62563031
61512572
56935198
41579365
67608958
13197374
32117824
63568550
22780581
23991348
5444604
12262224
56006810
64339228
46847116
66503951
13239211
50172772
61271391
11526678
55548868
42002918
42975426
52466239
51068754
29548694
1899473
75298960
65336367
29959152
60869694
20983666
78543615
75221446
40945163
35524030
75056794
8126476
4967568
42001979
84108161
25745377
50055109
74142860
82583640
81314344
36716183
1712533
79263905
50752096
34875
34566252
75574165
13426731
50566765
7253416
80335951
56580322
45912889
44352700
36055538
70288249
11522126
74503207
31648275
32818687
62040085
33054815
40141939
63862192
23430493
9965301
59285360
53380766
68910300
80871107
33534062
70604087
1677658
44697652
59817932
71248144
68639488
15164370
49214404
25470066
77464151
35983251
20524783
60264641
64314197
77675955
70123597
63343440
43946745
83233461
24160371
82817894
41107945
30176637
4576831
54689728
57178625
63054254
51330326
82946213
26037071
73476411
42269778
15069514
7541787
76137185
53517363
74653044
22340220
44714776
4945283
17199510
3152676
58972452
21624667
970757
65212833
71530137
70666692
45768851
73609139
78623734
25084685
17901840
57638013
26162578
3359401
5716035
68500805
62493916
40676435
10967557
12778245
50772594
77675775
17528744
53796965
40286210
16551383
36624332
41562099
30612831
27058466
33665542
78399620
34734531
14944066
50927604
82560999
23526580
20684166
2550921
20985721
83562107
14542438
83405601
73785397
25505486
49679600
57533248
81199294
21387464
49415406
79889502
28459252
68873187
32460983
48656255
83364112
70578553
9565866
39380180
68336835
76963936
18721475
58955639
68297156
22901109
30243438
80010078
2540859
53245683
19492105
22220121
41260333
73676953
33726000
16252148
60429816
59775759
39601465
1309791
77568213
12025841
78912142
64442997
70149076
46522431
39090389
43983931
33725341
17241930
52142328
9381196
40150403
80460367
60195824
72927079
20360250
8481378
7361594
64960738
11985349
61938776
19977744
56491808
13247137
5433864
8134306
59120024
66847546
27575624
38521273
13125216
26516766
63873333
56836231
26165145
44280713
53332082
23325226
24344145
8575150
56321961
33825373
83346948
6943739
83198069
65565484
40039512
81136029
61546442
76466617
71617165
48691638
14543879
48357502
38767114
23226319
65198683
52082374
53722330
32542481
59287941
72412609
351621
19592620
3504149
34323541
19936568
44756932
83126889
22002395
41351825
80861845
66750928
17781464
51544228
2062039
35502665
48212896
41002487
12854804
61922738
23259663
9924524
22801183
14642442
18168363
987611
32656202
77434434
65949722
63674483
71178944
68908460
82151703
31139674
74870841
35836653
29417796
34888729
33748667
71375091
23570361
29317617
64688888
66918800
3331332
77183176
22647861
17773781
49226446
34413902
70605177
40100844
23239784
21813572
66626241
25373930
19677890
465342
37739113
81681263
13006402
40039269
25521242
46315050
33205501
39982111
33571609
42682706
42801991
4431050
6686202
41291562
57469908
18989335
75754562
17041174
27956730
19717581
31808604
9125602
42657741
48791605
4958226
82505855
33619305
66160899
72274818
22636627
18942562
29183466
3003643
51331353
6833768
17022753
44227063
75162795
81820121
29140559
67480127
1510428
63084766
19180490
81660624
40428734
75672606
56036980
69872570
50314751
8543463
67657000
35650998
44791886
46655923
23437328
41714660
42466300
78701959
74574974
51116607
52251210
22349698
70620891
38587913
47794597
19842633
15086504
39166291
27153315
50695794
79783259
4489805
54139655
28147885
25623644
55196164
56841478
78977140
2215570
14663752
48391578
52484699
12213670
34560849
4189623
60858993
51779687
75989694
57934372
52225276
65135717
13663297
6038724
50778258
23501409
8628305
24172941
49030710
75506656
54147133
28039762
51635374
63506162
83583491
2790030
62770128
52980594
42177725
62069185
65854495
2450082
45314352
48295076
67478301
67421163
12839929
2924620
84194411
42337600
44271075
77670175
45841082
74801889
82050419
58088940
59110699
49245273
54665809
52474571
23871282
75280972
60579895
48845343
32219657
30602897
76735929
700943
18609722
39727643
48238456
17559418
51095405
62533190
35455147
11397302
67866752
1985952
74777169
38007859
81136519
54109187
27103379
72392143
15691189
32805146
3423131
38119751
56857614
10868460
76534677
6509561
74544938
61460620
56749415
31518714
11993175
68491909
68586111
32533926
20115860
70345267
66744272
71181726
79306438
33469195
21260134
61342516
36973056
20667981
42388103
40227999
38417998
78938234
15812634
9055061
7431154
24038294
46225075
50348053
20963523
46557679
34400147
74509847
49467445
19741129
47572604
10942872
79859671
29724467
50429655
33574135
22522451
33275077
49921591
49447545
27979761
32075776
50438036
81385058
66889984
48089870
55898988
60846560
71507079
76414341
47469986
41723102
34558394
31151019
47431529
62577300
28573857
46142640
26937243
70008196
56005082
49331760
45153218
46285536
7202015
48638200
15136167
57714907
5295316
17845815
83649509
31234704
49825792
2348166
56969692
37527047
61222791
64124648
44860196
61267600
73339570
16318967
25775196
56621095
34060784
32772511
35640057
43205662
21621181
62245484
24854978
9719546
42129744
27998640
31149369
34127109
43342884
81930352
5549021
58700612
84143647
28144965
58905013
43782368
25765376
24328667
77306852
31438814
22268701
28541229
35492403
16718475
13741806
24486308
20981038
75495123
42634953
4878196
49834307
11901635
20115739
81496338
63210178
8002635
16139379
65342640
60061711
69282273
29270328
62044057
31279222
40361279
33863212
66059969
51115517
78966562
33543588
80249246
27430034
5550226
46283046
11006095
80377438
22886684
13334978
47586465
57144438
30733317
69402457
52977970
33331458
12113104
12200581
29351160
32580925
62980730
67555935
29501277
69486673
73549050
59664468
49859254
20729385
39536650
64000003
2349894
83020151
27993362
65449823
16423938
41296412
23396362
29154740
32790973
81865869
67241661
9667630
4166468
28885482
57289353
40777388
3980298
64172179
65343475
77918849
34563271
24977679
78646885
1320432
19627419
52819665
20127817
70499252
18379491
72640123
67490264
53023695
66596213
71336950
42053461
18752821
8505439
26170493
46553080
54606965
77699401
69839802
37018278
48029081
24905184
77757175
6917536
42185072
61092531
71849419
83911965
64726462
5350260
25827220
65832615
33768168
34440174
63611318
34492610
81479420
6043910
80793315
10970234
79327015
62831511
15882967
3683364
70022098
64594716
61353278
17588687
29670320
76418241
75384727
72595168
14203734
48148267
51191741
42913108
27849691
66499158
58084745
83533848
56222093
22870668
33704920
30759180
69084378
57567408
38339296
17352808
42840519
49445427
26570889
22487273
77449414
67411875
26970086
83917033
34924396
16418660
58327584
73198776
9058129
58720083
21403427
55930627
51782198
69332583
69468364
28955844
41760688
66697699
81312551
56946536
38426291
7621134
77059885
83215193
14726889
20377492
75421919
51836869
56636014
43799015
80157187
25016003
32487478
42035049
57073072
77849244
38844154
84247502
51795349
37767503
38421507
36710844
17945885
22826354
59055518
2770665
32283294
16297775
28271408
20535038
64526652
71334721
77534246
3526014
7793274
47530021
48381479
63106527
56319682
31620010
42795160
69605761
84066555
70761858
3190895
57465570
26053895
1076651
77309618
46568127
51305240
15595153
9138949
15175220
22026682
74241366
59139257
43231879
36411124
73060311
27640793
61000637
10385069
30004224
71268159
60810371
22693962
16761469
20311367
18197544
63677079
3516925
66414865
58084608
76191585
2114244
64795953
10969391
65895034
8558086
37429178
36130020
25052094
51021206
40675964
63434804
37830242
17562569
15591085
60050487
62675241
29120192
21216101
65698322
38793885
54506690
40499004
4496417
69208014
48278065
36422680
37076094
43448963
11144243
77928655
65222194
20859211
3081489
58180213
29765014
68145993
17891595
26937679
46257290
13190964
23113394
79327342
62419756
71010952
71110894
70318009
28460542
21809929
82833035
56682941
34297468
16782299
76860940
84197361
63615543
36312724
56762060
43787439
62866770
74925033
74847166
38525604
22577819
51059119
40288618
34310958
53372326
36184254
3824284
51569949
35411209
68226066
8216447
23585370
74034033
80784588
18968596
56417601
72152462
66050736
64462002
66223730
69290380
40548215
27435301
19828103
4929577
13320650
423896
24341166
83830836
55271670
82876986
72906862
82326794
35587987
30486674
1802376
773045
51721842
74837125
43309462
25675656
43555483
4616773
17616431
40115748
37557861
23439222
5928732
28243979
23913787
38788429
49462276
67102261
45598274
19404207
65228412
45613437
61275850
26104180
10923974
57584876
78772622
42420188
27368040
34814942
10248455
43088875
73587207
26046185
62765264
38692688
39542848
3439735
83182536
78817210
34187016
9313881
84165436
51780304
10265326
72935150
24673777
61541692
1873848
31468460
74251981
70607855
34689463
3690973
63455182
53143787
30216836
43957679
63655356
15762787
77351359
68842270
11807234
34894518
17986960
59325529
71633776
45365638
53892719
73868655
26135397
13890335
30532178
42713909
58590149
33363635
71061301
77845318
71929711
47389617
28262620
70561008
38636295
66185676
58114138
19497503
20972054
45937672
51246321
79453086
3955553
73940464
82338933
37121705
47900743
57261323
5432810
29248744
50713864
71486007
43336476
68061489
39940187
81808544
56292608
65384832
77557547
55155307
81066321
1368703
40236945
46716944
12446870
19138792
45213622
12176466
52891183
57642592
41982118
8789480
28597776
82957472
26039720
25077610
31688895
50135622
38031082
50070427
70552268
14135997
31545820
46167933
11768881
59195356
35734620
32620924
15802133
76188844
46401985
65833000
20405456
21098152
1503322
270404
82371233
19054653
1677970
44101703
29044815
75148270
14233382
35003789
51268576
60544099
18530151
13102091
11066977
23895084
18524607
24384335
2367116
56990465
41916936
10631579
74876845
75669400
70858940
34609134
2627009
56787455
64329677
20135052
23366920
67088670
30076056
38269530
21493460
11169701
61351943
25524649
55363317
69812907
16473638
38166485
49477122
79275067
79217485
18166264
53011591
46174143
13951022
76375538
13597242
50887537
24412640
40267711
19886012
45555108
1763080
67131958
33420535
28724630
74698997
16581012
77078833
50389978
8401210
80608812
71930008
23022659
9051010
17196832
20335785
53322195
43589000
62794480
26263476
64526965
4215242
61276054
64060523
47703486
83446521
57969532
62485147
63497533
69988254
37394055
43618195
57678451
23916584
48323146
36285798
55792641
8179802
81110021
9943593
70018552
18401424
54733176
2686873
71852439
58247832
42181306
27058718
10545658
58579238
81111046
466442
72635379
9313156
6090991
16701962
19948988
72621279
25091092
51362960
43793426
13477471
26778672
21392653
84247566
40143343
71299400
77332671
54284874
9552219
39850418
67331678
31188985
81125344
76629191
44793721
79185797
15085690
62071296
41562839
17427482
18641512
79015452
55933417
74004169
49593335
23094493
69650
60311476
11613620
56067911
22400773
45353529
18118952
66216876
38398518
70498470
8590803
37482252
71593197
63003235
74848698
22186110
17878887
33423170
61543501
14206048
37622958
82298209
74913406
47187388
77617688
29277344
60905739
64322547
20778140
73921860
11480872
28641740
69394326
50900092
37948959
72307520
38438633
32260483
4469695
916266
30388896
30227569
78757178
49407087
45124347
41425528
45282610
35156462
80440212
10728914
55416265
21919193
36164144
45636062
70921649
13295141
39982827
71623880
84325298
76776401
36011156
45220781
22176404
28570429
43945082
37172099
67837825
37522367
1871587
58882127
38282711
12465432
69743222
37331650
4124477
41451508
77108939
66037318
64380198
58521019
59204771
9780203
35637545
22869003
37136858
30781392
45093467
47846427
67096347
39104517
1443618
7440727
1275699
69644306
45372605
37906337
66784135
40439320
83879657
20889778
73778906
32434684
8340955
59775337
44862712
22727159
8554933
18587920
38316170
54599994
54367097
36335768
4126968
36339776
9259159
73930432
48325046
5988950
77886431
6499241
37828818
47922936
78191746
79492985
34343794
4933284
38666681
45894357
82784038
82928596
12548823
45487191
72211973
17097418
51220404
57758414
15894612
38594939
80344447
1980401
81956649
18027321
58560232
14836537
19498353
3270209
27527623
73309427
84283756
61447118
12947496
74459456
13579141
73258462
72309927
73089438
38272870
71861709
64829157
37296847
10716623
26935027
78906788
45937181
32686429
44109088
8897590
13914211
41278291
62317126
59543793
67120111
30012591
2133645
18792537
62312549
35110077
82204129
60361931
9824299
47867977
55812658
33633152
56613327
34985592
448217
8260281
976023
7988708
69377752
74513683
80903065
78888599
34797700
37039591
18772218
34314419
62704087
70494042
5641803
32304535
4253769
79811197
83823665
83147192
21228409
1950618
25285777
65819775
4549273
7674770
75894651
20827066
33184935
48353045
65493192
23943132
55006153
11102341
11725644
75129154
71199606
43863474
6960003
31966903
5819127
64401800
60156239
30399552
66240272
41954229
64604494
5746578
58582788
81873047
57861415
71532258
82041345
17611007
74565125
15205830
5973458
59025228
71457498
40725426
24830515
54390851
12217488
64517000
56026359
52502171
15012772
39232702
69527970
27198204
3294287
6903198
82801528
18202010
50435059
60493694
68011442
14215069
64008787
71690531
84471703
71734030
28450756
13679137
43121172
15539896
59871956
49888033
65678336
17066647
28507938
44953516
83004493
44355318
49504227
48277279
14457824
19298191
67422038
62624772
29036677
69732278
72591763
22307834
66314192
67703612
27968530
27804533
14383367
76914757
43239775
70792566
60096481
12910859
69930804
77873140
65985184
42805309
52863718
20724819
50185778
68792621
80089290
66210836
29897494
61689659
65495242
67956676
74901515
29173383
21516632
6728843
34901709
36371773
78979304
38509658
53320245
67177397
69204759
28230802
48301899
30328916
32345384
66863341
63049299
27125495
56493045
45260365
24103154
68711098
25275530
68614942
70378750
49883253
32199217
78064442
18271767
36321858
46440044
68172672
25755297
16628481
12389539
81032051
67691529
43285530
53944900
25089442
50359120
70359466
27369041
66078559
83403241
36703512
41853919
17788934
3022340
19265570
51468457
40128213
29815971
6875900
67899348
76954309
63095109
80517360
63108021
34739096
42050184
61295185
55783132
29363247
33576953
587632
58570774
74085710
24410033
15069057
29204024
68920562
71596226
75305529
55708263
65614307
33681172
54071971
82444100
47534128
20933222
44592557
3712488
37501663
59904415
18865611
13846288
28356012
38467176
33296458
63595965
12686937
27718232
2039122
2276096
44131244
7661222
43501716
76365308
40129471
28112832
38538496
44695922
5981919
41624357
33119914
14653829
70787044
33138749
37851543
75305263
68071560
16171765
69486878
55138998
31548402
65038436
12033452
80883671
57263862
5578226
61556842
10410841
68226989
25861523
74898003
83889559
52171751
15388884
69310435
80073550
22130913
81554139
43059631
22811712
55477314
84621166
8285909
26965404
81190812
53163400
5818385
44416185
69263364
35932065
43105545
66788355
39258197
37938849
19326829
46853021
21991237
67178942
51636461
15821053
58329773
59509119
14579124
3581824
77897971
72396297
68497542
30802824
26076825
74562088
14525803
59995533
3430354
71246133
21147018
68258250
68540037
1369943
1310640
33958632
28157491
5166696
47461526
23888799
15947612
68271511
79856560
6170184
8849169
23610965
32725552
1591570
66251149
58306451
19724283
47095147
46319471
78575454
47760644
50721293
71131734
59403294
70332137
51295728
2706095
19777075
66947610
34581405
4696075
27627567
17980729
35752315
20702707
63830016
28672239
9777427
59422342
56245595
4928255
38741221
73483440
59059102
66507288
19156001
11986979
57272453
30818126
80238179
38927343
72997351
11872779
51319629
3540820
50555062
68988119
52764691
46564622
70803666
48084299
427383
6924860
38790714
7080075
10925279
35891297
3910267
36332795
20681120
14245778
30509154
3717556
54327438
78555745
40718458
72977876
16388801
18345110
73944399
15209022
72247714
16300152
45957717
66971511
35416130
35474063
29668076
4680391
77620862
63878806
40777208
77987309
27483203
2899417
34653431
59232485
15210176
74304489
5823640
48447187
44558341
68077033
47639099
12833185
9010566
22373348
30517099
1179779
62221019
4487869
53891305
5276203
65524023
41967277
68787058
30735739
42493202
50429271
80026807
84273554
36395602
37877791
74817500
52890719
19172863
44988943
252467
51402990
61229771
53870231
32291710
63208778
5910089
25265751
13799709
7830786
76275952
57512853
63412098
56944816
23603847
43407651
52612768
34788284
30957698
49841410
35348933
74343272
14033668
73632638
9456053
14988506
18704928
61312180
84121875
52409874
15242794
31022236
50594903
82660994
79443765
7025959
80892692
82719303
65113423
72410479
29058689
50814759
33909006
51488070
35815671
73455564
12449952
2771358
30922974
72738050
35807742
46356295
64887218
30528785
1771332
64267497
15506632
82418678
77553009
84583261
1814971
17221801
36218472
75052567
33251924
81364463
26552537
39965836
504236
45782287
38501473
9054242
14999088
45093443
39038117
33044313
74016213
55835526
83087240
69206679
7850832
36762580
76068586
619721
15022152
3992655
18198111
47046995
80603707
60331207
48364789
42886028
68609878
70977633
48500030
24769711
27703849
12253873
1464363
76089994
30783199
78048030
1499748
13438398
2560853
67842592
34597074
36293156
47984694
77808283
77778094
38714733
21740427
72075930
13905233
84098781
39512572
42506904
83322206
69201302
23204952
8870779
79025999
43840166
43273784
67729780
23305348
67737478
66110675
8056333
21433868
48828424
22330799
18297156
63481325
82391321
19857898
72912415
43155063
40753583
2911477
37185787
56293123
22281647
64046981
56038330
776575
1794893
50785575
21295049
74815304
64004787
50236996
42779842
52018441
7019928
1619105
15249015
46303610
