#N=9500
73810473
86969753
49937043
22053884
53762981
37345086
69416382
30611820
60353836
84998799
70316154
71788330
44007190
81609914
87162953
47689350
10148521
60574263
79076930
29801306
22136819
78144411
42514936
42067776
7456675
42045287
8467704
17435072
89057830
89887419
80735307
33240213
33206772
12591957
42887503
23151161
48724875
74667584
32029291
78815507
22475233
60439864
56359001
86567841
52945017
8072314
58862420
70597216
38437444
72666144
77536371
51802667
52171360
72203274
33600072
61755227
24721082
80563911
26949766
37301240
56680647
49626974
80602711
10055610
35600707
58469920
62855495
41642992
33675975
61839427
22456506
26157393
79228472
29770311
27705420
72597802
41368495
57929901
64794470
76884777
20494784
5333096
18202595
62149757
28965816
24769786
34805461
77669842
23883263
49056417
46948530
46625037
85759892
3616415
18933740
84207715
24793945
1016068
19186486
7518582
54344580
64419820
88701973
78364295
78651816
41509144
7803332
54733719
37435116
59461373
58682182
30078652
48100905
65166434
27344296
41545975
886522
57482668
12204936
67508227
35030150
24815738
9174921
1552176
69072471
17917672
46504853
17275363
18405113
45016667
80800234
47713909
76018004
28676453
70560963
5401721
4074028
38591959
86301538
79090089
83094093
83765748
74467980
6554930
45763536
60111629
10824662
23628296
3936142
59122823
39816930
33477974
45993268
62990874
45297324
51797108
71246184
1488185
8208753
60941204
59248664
33607405
48886571
52099907
24602425
31969004
9350184
86967564
27231491
2535789
4622109
76539163
19485836
86089976
67463892
22135240
56175487
23435464
55544990
60708169
13129555
48559681
78430650
65929784
81994691
25292763
25071979
10304979
32489522
46334973
83788258
78882382
9004980
16917567
42749722
9368485
4737513
78548020
82345455
40942328
54783578
80515758
80808896
87600597
29914489
25512052
38323874
85717319
82039534
78718934
54011143
37449771
56814991
34621511
22341429
71689711
83053241
68987007
88500347
25340765
18813616
66870691
17616283
89886496
12180054
35935327
89006656
35528809
5248066
73563322
31867057
57432981
50601269
36780468
30760347
34447171
33722518
49854941
13189799
44589763
3387566
19389632
86841967
75375281
23301895
43604423
73439365
57712476
31657014
21629655
79458107
19177121
36174261
71930957
72613465
48384869
30687261
15443334
3661752
38065085
22962053
66820214
26672634
16154097
3057949
52639030
2740996
60866380
27950999
84050168
29481421
18262286
67821362
43237543
1935915
55839420
83681034
33293334
49987994
12479893
57189019
7527150
18297281
78039393
41243695
57170131
44723117
64355801
82731282
8575162
83126076
6807955
63762265
45767229
85146726
13925194
6171655
8940828
31384959
9688712
87962431
76493878
16326371
83715567
31290134
40376206
77585051
71201141
66354316
42460844
84432612
50883251
56533455
32860775
33316275
48621519
64688850
17631579
52963350
75923326
35062898
37358847
83644855
31320695
21079197
57689522
72790235
86732944
11228398
26624706
65095966
75980489
26687368
66200165
77864141
50338994
45755515
35124207
77018529
15471065
57661013
33055461
17566975
7911936
58421926
87418321
67391794
79015524
72818681
15604503
64012096
75475828
88013274
25955333
48780460
24596254
46461124
27649153
3120601
6981533
71670963
89145802
69849973
66598374
1928274
42739934
63570466
30284450
49196818
25446692
88154090
49749077
64883535
1882279
12253766
51140027
14599640
33270915
15003428
87592854
17841229
38056763
8178992
63417020
51227834
2614931
2959277
39479590
27711815
75958425
8865185
5072588
87217528
27110039
3027908
61893824
65276740
19607397
32380361
71181366
32296782
67755435
37495311
85477133
59016264
50716476
36136599
17256787
15429686
48680289
60897486
26157834
58562554
5564061
41941367
11748243
65153116
88984477
12098029
22639227
78990898
53488770
73778305
6807327
52083300
55154136
29513463
65828999
59044240
36358550
33686055
37069649
80472796
58512460
49340534
41759477
16770414
59189934
28092926
79521852
80367736
55333425
55950092
28297935
12144569
24690514
71383839
23997513
9993579
48859260
20594547
53667195
73139095
107793
49027489
76504301
86359896
83404914
13626568
21974591
27619379
46907220
77979116
38713319
23225670
61884225
13666551
27498562
69072199
63009502
5055384
52069801
24672479
31259578
28647721
78397057
14696935
22524579
3402966
28060009
47453789
1970378
76373331
86884795
3997897
55872576
44361357
45868929
55785535
38452973
34245476
79156060
5165174
87828516
6530392
85977108
83062026
40907050
22443178
17002398
19820646
45529431
4905704
36525423
88296267
6123142
56477714
58370551
65320790
73166213
23420303
32302619
69706105
20500755
42523438
48378969
87041
77642008
83357078
48363099
33287799
18150585
54109292
9438066
4766489
55873343
63533930
66059628
2570027
48647372
83830319
73545224
47483164
89032563
51781334
29925716
12535976
73561502
34950248
14501795
75193733
2919548
61512806
21327136
1897338
55131430
36755515
23457566
44354209
46690117
84503808
5333357
13384095
69969573
36154137
28956862
53303316
86620182
53962933
19274804
1164208
85047757
3247514
17557448
57980210
68469833
85225468
88284182
70101394
13514324
24722613
53866596
72755835
6381376
56305246
50173396
10777221
61799023
29203759
20504476
33306022
86267860
59429220
56160858
16666257
21267580
65243930
34028511
85455974
59165177
87760915
73856760
8551171
25027682
4065605
59946029
70102064
53194768
45045193
16234797
12492114
18341237
69294975
4066062
67337779
84756224
20969637
62006370
9976625
14669524
51325256
67395165
69601602
19645264
81166929
72887747
26061606
77812378
18001221
11599214
32097630
44216857
51274779
38855143
45175619
41120838
86634461
35350890
22186277
8187579
37189823
80159677
22737083
74788752
73346426
5331409
56263223
78033738
82414739
32831461
35317922
31679992
57961861
86963856
65317283
75088176
36370150
14462392
27198372
45517988
32058059
83492488
89291239
81887566
23954307
81558353
418184
78446881
88411068
13760225
57184121
52651071
6813251
17405674
9153
85562688
84900296
4915386
24199440
50734747
46603225
38604067
38096334
73123686
32077330
50854890
29373428
62585786
54137958
33955885
27960374
40420494
41021805
7732886
81469382
35757426
83397286
58391584
2746384
17243621
6946974
39778447
34125542
83234188
4239003
85343768
42846872
34165549
30045786
75845374
84372038
63729540
78260361
77491444
25233882
59741545
86966933
85667544
16109036
13717464
83184081
20227488
49201113
5264378
14585601
4561422
33011042
47637289
32928233
34701561
73368080
13962787
35539444
39031774
40387316
60323455
36781606
57251499
21527136
38049871
69318637
6880593
38495658
18518816
80774512
29816339
25116132
54733093
74217088
86131549
54766352
77919702
77375512
26123315
62503337
38681937
43366813
70043106
64519210
18965446
89412118
34336305
63825472
46949614
73983793
54869441
20279943
70465360
59666487
14646542
89804214
50799821
88089707
8679319
65136309
7525042
27332876
29234584
90216742
86547386
80489662
10126661
15416365
38693575
54490126
64193856
64412728
5884991
70880989
30182904
45389975
23946127
32086137
80689655
26669671
75252057
85452955
77367025
70911147
8866666
16806836
62608519
57397137
80564665
71596444
35901725
79291926
12519114
20478546
80090081
71131021
41796087
27370159
22956134
46014472
48605135
83562868
34229823
50745016
28418485
69830392
54950321
87526457
47084081
85486701
21036271
76074535
58069913
60560189
80036253
23203154
7975796
81262076
2979036
73006364
59077329
15423178
89451845
13121718
68932460
34203546
48174886
67515240
69015025
29643267
11784648
69593744
36628006
54649432
86044696
31142029
4229935
41197245
47973810
42743171
8900411
32209706
67771906
34866759
34068017
89024178
20224118
25219433
22184746
77805858
55288143
27439235
18224343
55248299
55196833
73150844
36922146
15243
55730592
71154906
64748886
28868841
73799048
5485977
31903121
26331075
54901844
33220389
32296833
87497728
46704889
64283653
69875314
68997729
14642641
8848584
66839432
14151884
60181290
66479136
41065139
71773469
43976027
35323500
90059778
36665214
89153877
37500865
25516358
8345375
87605858
40746533
87215720
28951597
22317757
70416357
65767867
57654117
58249124
58263181
89356039
67957161
49641011
61026729
2158297
72224382
38917295
72093920
44820370
60141446
22503109
5741639
71963691
79044438
17903247
34042537
11148856
62292126
40145007
56503450
11379655
40137885
18428775
88532988
53433731
54913641
83900858
7504685
40031702
80541964
8622170
9812934
65798864
49150254
22109434
1798001
8887635
50509473
49590811
39078731
59911380
15192296
59572016
19404778
67895582
27344746
84147531
26379031
50912471
71740747
38074674
84830293
76954155
53765135
4632130
45929045
86615564
3358894
70616140
11702392
14743099
31205540
77953500
45484487
40262619
43333586
42457191
41542529
62331718
15882138
51240340
40506602
19030339
13710894
25507248
23000175
66682276
12406784
78554357
37815802
66520216
56043164
80198163
31025110
38883196
73006861
47046530
74913171
60349419
20894224
23998893
59508613
81192922
16103538
74760920
70453715
71251868
8058677
62035814
21825116
87101800
37529445
14999354
86280165
37278619
84834089
16179442
10350097
17620192
22511193
29351264
35495106
17159968
78924927
55712205
54220025
12657441
26152306
32397902
840806
11434926
7895354
56481318
10739207
35101671
66702243
80151526
30910376
11206878
24506368
78559387
72555259
71984451
1898890
51584347
8412146
67213896
83918250
52732458
53858711
77084849
40676337
70032902
53189944
66267486
29559899
3305747
11816635
86451004
24502548
16093113
695719
44527308
80029075
20837682
75924920
36978989
37128781
24084613
10385243
24255542
76660497
20970912
63572305
24934994
39399721
27413312
85088810
6833401
12056121
74075809
23894905
46142476
21956627
31367821
54450850
14842519
69053200
67457147
85755285
51708864
26314038
51591661
58852389
24533710
55442526
33323930
8077370
84606864
37674117
79664332
50933238
51725503
53304816
17642616
11579809
32566320
15357191
11013001
54672120
37647269
33602806
64260709
81941627
7114108
52564622
58727328
820859
89077960
41143109
15647248
83106476
73513953
86399136
7012083
88189965
42569287
85899814
18663039
15157249
76198615
26359516
33290622
21629318
2222119
2285425
566808
68144201
49443547
49143820
62145036
27439267
26488698
11696087
23214299
78026874
53736662
17584219
75423612
77705109
39362780
19498112
57578017
57057613
25313473
11362269
69526926
27412037
81434824
82553524
72116628
36052921
5621020
31005197
21062510
24327919
24575503
23156613
77732790
3487903
22655122
50448948
4224968
20195449
48209426
77363705
2603262
47765178
68471439
37409123
20127092
54038792
65918264
27699371
77780688
88151437
1661070
58707027
27029034
45381903
58416127
41111431
86724036
71543102
78163319
69639522
36845130
2571223
501491
8767465
89512936
74193298
73973147
88844889
17592187
72177873
8892265
36927763
27638085
86166272
43224484
64161346
47991728
68016828
26038301
557285
42606027
46529167
72024524
76167603
30391492
77123026
34681737
17084514
34697971
75592095
50621655
9561289
3308288
16558194
6527943
72401671
38084735
73528899
79952624
70914424
44539787
12975994
65436904
53726740
19658168
65457657
19606668
47434443
25410801
51242759
18782762
56688424
16137675
85151499
41485866
13306978
42425055
49339643
38196484
6620306
72283807
34063461
74766971
2640242
50207084
23249044
82699048
57420311
28989112
66976630
77211145
81063048
65051451
90229247
15603696
62473726
40046856
58613910
28651681
40456001
35105084
5364888
15202558
2830696
42726444
63879848
46844119
17288372
48789461
4133023
22103336
51127189
55590002
51517926
81924819
64520397
65993557
15722418
51942791
38176065
73658804
77231899
46942976
2577725
31666015
47239786
33822045
71324480
4992450
4770417
25253443
32274387
52888445
23056335
27720202
6921695
86824012
24194720
66918661
87912273
20276646
60835411
40935994
62803229
57257994
66202401
84311231
27817492
13797239
64960893
62966714
71081079
27049508
89953190
40489305
50591536
23730960
29051628
27554661
62968064
23615597
2197107
76287810
27450373
7965948
75259106
11736659
89161740
3918074
6083250
28459902
29207041
75311042
64983594
50225623
29440501
33888785
19350338
36584403
32966161
19395009
63263524
12075398
66707973
66222230
11437677
4520499
51012897
77169656
25357553
58413878
67898848
84481160
1028704
15713714
80787834
71341032
5653409
60701837
46444658
2505833
35209933
50715043
45870540
31094809
30875284
64589723
72656249
90205330
63570880
2374387
42937037
87291295
637721
43671098
86942958
24518022
69412946
64332643
81004432
31126394
57385174
52185134
75426950
1421297
81793929
20085997
6379998
74881201
6975528
67463239
46885293
4115124
19839759
53014442
30172185
30919955
1018843
51765485
28751917
66529586
1736666
70999564
72081961
47853324
64508152
22610315
15247214
38286552
6947469
10302922
27433069
37447501
60641206
55340953
66774924
78646353
84844093
29166759
27995908
2860404
47623480
84120852
64192940
79169805
51995599
50140324
73901662
6222882
50028819
48002354
84697625
25616967
6491411
30955270
32606109
26221600
15662846
76677917
82587108
41233592
39911717
62342116
60922578
53728478
60746861
37608164
50650445
81983689
71793280
34125057
28917465
58703676
32125252
85786240
77001767
27256341
111505
25899308
11775257
5895475
41510943
35225979
83260859
52003436
15292424
27661817
15368117
46162878
36766200
20244991
52044639
57916864
1595255
23314414
3078033
50496797
56064885
16525388
34549847
84823228
1999804
14864850
53435534
4868911
85674735
51102459
87214709
84466031
56121990
66799279
84618242
61241132
1417178
55599042
36635318
59379547
81145617
85373127
65851864
50582961
18649736
28730225
54838831
22832083
38983153
76802646
87680574
42975282
86259208
19684997
31387694
87380894
19440116
74066699
79637828
72942329
66714094
20415429
90097789
85130859
46865725
10502824
24605813
32287632
64703425
41512192
65261307
12046280
48207015
37121639
85994131
86067653
61480696
49769810
6885134
86257872
62277062
67995577
83321212
89128315
71978506
29054620
79476691
18231412
79086230
59222398
73094540
71833236
45283329
61078589
42008669
86311717
36049400
73343622
57276326
34140769
65038802
28139668
16302149
52389362
47374568
17707945
79182519
65472825
77742748
10623182
74670285
63398748
67750695
35750216
81385248
53747094
40218391
20254293
35386872
78986618
85672694
12015951
11308191
49221613
6512813
58915048
29035391
73642255
80038444
10620282
17838620
12649440
71015101
70327829
44940468
53635368
11698822
50042961
62536165
14344000
33122487
38920068
53747125
14003601
85781826
61130955
90093847
32965397
6315224
23370921
67678427
36451081
77236763
42643143
1669845
4604182
69126605
90148734
55803635
67389004
29855182
19244416
39442597
89113358
58629007
85147507
81349204
87604823
16920474
23616096
50846876
602510
24871867
64349794
85893380
52816429
36299355
66722926
55536971
60114144
17867782
6518908
16264859
54116205
63766539
1771112
39050548
73471225
41777176
18042843
27946407
30991825
50865410
26028714
79497779
42757809
49710657
57733107
36757947
16317963
70477854
58230706
76692756
62305439
9534063
19170454
87529459
47918836
30338767
30501687
43849284
35485202
33002369
14493747
86799282
62028939
31727560
21007704
45524818
10785351
57427434
73651318
23227671
8107601
66568058
21764671
5999862
33392694
58988878
50260865
11358832
8172415
30180267
57522302
46509605
33348851
60565311
38511396
4069552
85103566
69232942
10839161
20419545
61223431
73016188
65791577
88237746
20942209
53830271
62123501
59291305
30803457
78816885
1462999
2107739
14658988
34509418
27472621
22033862
50816462
1564222
25570154
33396435
87081417
87206992
79731834
10762923
65711746
59528454
83480392
46167644
8009511
28072974
44877969
44719310
52073979
11961306
7597869
33384528
4510437
55040241
39311930
28695718
64157897
57203582
46368742
82875127
55426581
7392023
68197332
89153652
4732806
28613163
25398226
57802117
21495245
20203379
17532532
19544102
33002567
55407418
73023300
35023825
47732620
14400286
18605065
173074
7450869
42807629
84322599
47548344
81132345
53841973
72576977
53016395
1777001
20460343
86411419
38006554
2659217
39584169
63755425
37180689
7117918
5194847
21753209
73684768
58934437
33858739
18254426
69712367
79408423
58623014
16418760
47559545
6949417
66047437
77834101
50152526
33408909
11964250
65221368
28115950
52064972
33600258
38338600
35504072
17801125
46827250
64501129
37212153
13949875
58560578
87161105
5166774
17994035
59628094
55430342
60955695
44700317
31365037
53293607
31848877
51673596
22104947
41459069
28530516
32638528
47353474
75181159
77026584
50149279
13104734
61510974
88294525
87532757
81761351
61252943
52322597
14360999
5940551
40301048
8783100
22050167
9016635
21470057
28771965
14927777
24065304
7662088
12851440
69941442
12672283
62123433
4626704
79716420
65839220
43599358
27345569
87454196
43560049
15515609
33588379
87555602
69999624
27041581
35210160
48883975
55312392
12021549
5577899
55624008
12768037
59046668
83528203
65822483
87654754
2593501
2076337
25857487
66723429
22461632
46798362
23205864
68017838
32760970
33854474
68635025
39309
83563585
35349440
27738071
35765986
6546798
52345442
2599273
61979190
23188611
24789700
71422009
70987136
36781232
43829430
18679179
43125539
62418326
63746146
61797266
26120072
51348330
50792750
43517565
44693795
14037391
61085015
89632814
32721661
40540890
14769208
44034863
47797599
28802642
65642630
14650337
16301233
10640455
49543197
62290806
42451475
78258469
27592579
33791581
65389318
53144728
45183034
71578273
36298254
12397816
82738141
72852508
6654535
36755359
54166175
45310982
71565731
20544124
56347229
60420423
64476916
57700191
50125858
14630886
12501409
55002174
55357140
44260428
58438981
61534729
34698227
8659894
12869151
46181475
60342171
65544669
88580099
32785218
79090133
53695746
5743281
45982782
169957
33077178
36923252
15105674
60697377
82878933
27800833
88897039
10294565
49846030
45198781
85373684
49523746
39974606
68296818
65556036
9562201
49779086
30149201
60250376
20051348
37574483
29335001
27556953
58188161
34884353
27041937
33107351
35009413
44399728
80793154
75314284
62629801
25777944
59038466
62050339
72584368
68204803
25181882
86904506
322284
76957800
17076866
55701335
30412405
1356
35406835
39561825
29727738
82824719
12398999
64228020
51119947
84700649
515015
25080809
71608565
54375834
24047822
49945130
72019927
36498834
88009442
579462
43443576
81083664
18352081
75929863
49366143
19957707
69827640
34870950
46545394
88809135
1778124
81100581
60523618
42832116
8646450
37233343
31704772
89681976
63713004
7522761
84825709
17872806
1032987
21663435
72605908
59282612
33669312
71440465
83305259
6925778
53961006
39247338
13201144
70127999
6102222
14495193
63662313
71268506
14576450
55694814
9769140
49196008
53937755
4773899
82860969
80948099
63770340
5665635
4856267
45840198
6489774
44645898
17000523
13484000
78244123
1165443
66227354
26743534
89213083
25541544
65458259
55566632
33145116
88955952
6465685
25083717
71652368
79701124
42982990
37114066
1757059
76728866
38068664
44723280
31253560
77195334
76091832
89663766
89425862
31943994
10323299
64739399
56651775
87568705
18990270
32984213
2202360
40685810
51535276
15130075
64130053
48235932
49100947
8061399
17303583
88748187
53834352
16021926
77944064
37987748
70779027
28767404
26958930
51123331
58881449
31839794
59503097
25631461
60824091
24686463
47025844
13004595
27232752
5151186
85366344
68554461
71698938
58805910
48289381
75032969
56279129
56068654
30932348
32086384
44477048
73015282
10804123
87580228
35492900
30660284
11028818
19655695
60135955
85369137
81870235
14733612
42749328
34816634
50339242
47819495
69187335
23358282
89621877
48928292
23702248
26560434
20265080
68399594
2526781
82470728
44100620
5676368
83325231
29650691
21282261
28630444
37522382
70393839
76551410
87570829
42257954
87643307
9519085
45402343
42619808
47053601
36127994
66663458
55879299
26980960
48447619
1742667
89906034
63061443
28663212
27036279
5517276
9527977
5782598
87100414
70879121
86183554
74644108
54694787
82378309
22622047
42329035
21685178
9619509
60641728
78051744
87105611
45023498
52715484
81007974
66206351
62907927
9147034
89949463
35620256
8808551
75636177
63329456
44353379
39027790
618859
2737305
8666863
28898856
9849044
84189931
16184334
3805245
33505685
12365752
60693131
13002537
53420931
33883434
84497524
15618230
6819884
77831262
50550772
61541182
71860940
47990513
27287671
72072108
14313286
62540800
36188796
36608387
44194221
41616074
11844551
61970003
83138261
14726933
12714522
6043799
50684246
75552207
14845738
1986771
30678445
26809697
238638
19286325
8547174
6666261
36801083
17012326
5970322
2560259
34253511
71522457
15160851
36480495
35883311
67954900
90080204
84822723
6247460
53957843
30211438
87367618
49255481
77094462
35776312
8895939
62931686
30181098
44873762
78286042
73481758
11392120
89996147
83822378
54218867
81784849
72429564
34240824
54492440
6181490
59133033
69506641
35639145
37455952
18133916
22794213
43191064
36122361
54611285
9129842
4702361
24850601
33074930
40359542
14162776
5595214
54272178
56379268
28432965
14965266
60023520
79909381
28906877
8211298
11392814
19978043
8776033
66248073
65357792
75235800
60792346
3160705
32856348
84578557
84514889
72261556
58432929
15544845
12903623
11244308
47788537
54592820
10687825
27479716
76337364
29517132
48895873
20790536
86605749
38773585
76308389
33295845
50000191
8928834
89685266
16878365
44870252
5273858
77189352
43680711
23863075
47947414
80629442
32328417
26145627
68970043
59357933
47188621
39489933
48560804
72290108
20308821
68505457
71420693
68833843
37030452
14645008
81855913
34732148
34793528
60507019
48863179
33860580
33121825
54308582
65895032
29939014
72923166
71660783
29241938
34784894
63268283
21801786
11659398
63220485
50690631
10963734
10797129
46632138
19181111
51788972
869414
23208603
12958629
38259309
58711555
2298304
70101481
2832517
57602593
932948
27385194
66288222
39699172
74916436
71635417
84484250
72430700
19621896
8392500
79173777
23125495
47798
42844780
72429289
52423356
75792117
82032624
30741782
45762724
67706133
38830343
34343730
54747048
82393950
58407829
37362662
34945711
69168533
65697324
63047996
32967400
24202382
84902806
45464923
74219361
33497144
76091750
83506924
86746402
80078326
17812620
22429831
37874443
57302664
80646666
3165198
11513017
86060115
63645064
11418994
12959085
28170018
66185901
89118011
47448238
60972921
61915338
43631340
17684756
22978566
49878815
59236102
21716646
51405661
59623174
80962437
18484367
67747048
47177928
64316570
42203883
50759957
32033166
16192869
27273270
66320175
29770135
94023
73101030
16958670
35483093
14091074
70971780
76946605
8686297
3816898
24771789
20420396
65486149
48698655
72995544
70206779
89862928
31004210
32921294
82126127
15268133
44417798
7026789
86667971
32283404
26011013
4970311
37446616
76672735
27179247
83469146
84545090
54860931
40493580
36236890
30270113
77138402
67154882
52174816
59999525
10064374
66323134
37674853
67012995
30569352
41991334
37285485
79470426
87469701
78753497
56582961
333787
83868019
71265777
63181284
66570413
39588279
68041065
44227471
82377646
44051941
24459190
29791823
24590817
53605178
59332009
68345298
88872502
38574132
57585306
22324672
14785003
17237406
67417143
29727510
41348926
26255258
48781989
4371089
68619538
66619103
75567185
8886127
17297606
31677498
85390220
22342942
28944257
5472748
1251905
34069447
19461123
61104012
42193439
27979144
36466301
2241501
82493617
66547829
23789128
21831524
26641154
75307494
66138481
41161885
52679146
18461461
29369344
53896511
19053904
59733411
49321497
43889687
13745908
66688289
74466865
61401096
2574661
66608435
57745249
30397893
82126009
63215604
6121335
21435561
35735528
60168473
68702374
42145717
21390299
20215259
45943044
75729269
4111971
47677019
83526166
89032636
71141182
59885934
4575014
46897842
27471127
54366833
59672823
24078436
64113628
79592055
3655847
62426768
74732427
66263270
5760182
42174071
27480076
36202863
42983188
65323436
20261797
48487114
86452674
35911031
87836913
88516025
63936728
5329336
48269462
5123855
65941246
24243340
13898431
40458182
77475020
3392690
80503206
70330769
20422589
73420484
76593252
9126202
56666586
32558356
20266817
41290944
89440884
52406641
15941065
84746075
69120763
74600767
32383826
69670273
43707927
82507577
40246563
58812873
11121714
24026122
62959049
25483064
18501945
10505741
50204977
7144251
73220102
78816346
65471141
83030012
88487523
44034896
60593009
87109266
33367473
58110177
25349879
76428434
73535879
13073923
33845872
71184114
12376464
21609874
29423710
75145055
52869486
87954065
67587449
75888651
77257802
52453308
47011712
11357694
27535640
43122255
13406734
61923714
62062448
21436245
3920627
73111882
82401048
2482832
61759387
28672664
74824298
84009581
42582561
2351765
697459
12235998
23244028
27481409
40474013
31719646
7557606
67230836
10696263
86867766
10360562
47383732
6401292
3889457
88200960
37345550
52793432
82220490
58003087
79200567
10768821
1437794
11352494
53728384
89642160
67999807
76340103
72472533
83312122
11830187
50841362
44949674
43495610
81774383
19923803
63493177
2507007
82673466
38353898
53562531
61950098
6471105
49432773
59305742
22829649
77714095
69592464
63842866
52935293
38048917
49331696
47290438
73779260
15086312
49121906
17169626
74937686
45993540
3114795
19846071
58584578
59316980
6509495
51736057
60751000
27500337
25139279
20678100
2206992
13366416
4129758
2644355
55375081
43452303
61446903
49236784
24778802
13027171
86244795
5644855
36003281
34245384
69902157
56609634
30398626
3128366
85788456
36575239
77658962
15531440
13336576
78582146
70299605
69259159
26596778
40072899
25293345
83506488
16548342
71296262
48241336
32411080
12931077
77871922
18673501
29903356
34725614
617571
67273890
51999410
7476323
69643648
75580383
66773791
42554803
84073388
15719404
51740639
4722287
70810441
35481836
34327418
51985368
30226705
43965814
14823915
5008181
25730708
16748775
55870886
58365185
42103039
13737579
54761345
43146308
89789555
52879467
72976204
83391249
69363867
48152652
30952533
8572469
81756995
51054386
62547788
60834725
16642588
16258803
60644870
18825073
76988756
62095229
18645077
6702148
18235106
69808764
39387296
39099148
64895737
23616931
75337464
89206732
14198025
73615503
41903728
6398306
55249225
6307176
33922340
60791397
56645658
70148147
17758306
20922270
15895422
46288985
71923480
69551139
11003672
70283266
179996
70286608
43860123
20569937
57564853
50869583
4913027
87503990
35495308
47422629
9418905
73455586
28786628
7799719
18366278
17080176
44209591
84707828
39911519
35507817
24516715
17207012
54252725
61719321
20732414
36594284
16768937
73373839
50854767
30967065
26423143
69860060
12721755
83240541
87390535
41794488
87107899
29224023
78085084
52289723
18636001
73352811
55089307
11706451
35323753
5392075
48902282
8701773
41674737
22704507
71505093
53047395
68208222
89392066
26434008
37608576
57473142
76051873
46950696
71244708
89978935
14916227
54203150
42660892
67866266
58166512
35443028
34818176
10588021
4732273
68934041
78663175
19512681
31180856
34537794
8105604
53967339
26197775
27446681
78877343
26229909
53846652
8097011
30599646
31918924
40632135
80907880
57962059
57806563
13518093
88775183
28801667
18783585
86286639
78951488
33048090
29062114
30710755
37617760
3658471
56953217
19236808
44125381
83140702
67463518
80073643
70908924
46823621
90217867
45333653
52263956
67363888
21927728
57714876
39941767
45690490
54559197
48873411
40920501
10488520
66468133
2488544
40100179
75985496
38708148
48240733
67163955
25403643
64007539
18380951
31266715
45546139
23506915
54301738
12231778
20639897
61589401
7058894
66293290
4337603
23405925
84799080
27422121
66487239
74889304
62801981
76503614
25554300
72655279
38431957
60638342
80732638
35514020
63593071
80555165
13304505
55966819
48783004
65870552
90195024
66607661
67214978
33314361
2867017
64445962
76906509
26080232
57251798
73902970
53227834
48649107
47168686
9909776
54870141
61717250
30818628
61880327
19555281
55165959
82172642
74651561
68778896
71911097
22209515
7626251
13255785
19167578
37505420
72425343
70389199
56880663
45224268
74502641
28141477
48520410
7194163
3003538
44586023
80336316
26734284
43318058
84028967
57185061
50824773
83239815
42161969
65902669
69957686
35153720
58120688
81995169
33925670
61152644
40138936
74775562
41854456
31080443
20512003
52358381
8684699
86136559
28739186
68437483
67308477
25137938
3934387
17107848
48002879
73001589
86557350
59799224
82743286
72522777
15023091
56655728
13282129
78741874
7781981
59696141
72961675
68701669
41856233
49400109
19298188
9058493
35747182
61229700
3879367
24625445
23619195
30497217
18828082
75334873
64503096
31684253
48868684
2666422
20800498
78453656
80508304
85768198
44776132
26087558
59240648
8014842
48873747
25319612
5780199
10813937
17839908
23561565
49403481
14281364
85386552
48318489
5179125
82855362
19094129
63632151
5797363
38534323
37727746
58877453
26466189
61836673
10883755
42148652
12408119
6765925
33677524
54420746
8011174
18244914
48947435
33921035
2234643
19543434
7479704
72468634
51660457
75292168
9908638
1084992
9102239
74264814
10707984
13280599
77057999
70809807
7388028
37169910
83801759
66141074
29477322
56051161
49428554
75851455
80204753
29720998
89004751
15432610
77206935
64340140
16010270
10887625
7924955
1499634
58132978
22437537
44043620
50575465
66189929
7377449
62110633
67555264
87456816
30148178
5892571
21371713
58741673
31496955
79426213
9234221
16712520
25359492
47580033
1191179
77096704
64772143
42764064
24664611
71155964
47802934
37898809
86244261
43004647
75737419
29189639
7557513
27981232
36666171
60198457
70368290
81904259
31962455
61662693
47568727
43140130
64645616
32195501
30991075
86518060
35550344
33387813
15521340
38512789
73057890
30160740
33915717
65349804
66694754
58499427
75161704
4798287
52411391
38538246
16930758
29239810
82773469
19092681
29346567
26495537
28236002
8705596
34335532
79072326
87267078
15373226
83882679
49861181
68378781
69336887
70996720
68771180
50579924
57094225
76330697
79441711
53715987
65666290
80438101
43380091
77821661
18107081
78117530
4655204
46014778
69571701
71626868
37761556
81106680
20640971
82410006
39413677
11688519
445930
66923271
18889521
37244445
86279417
50598086
71341226
18756963
13902495
82690484
61388213
75111863
10664406
89253611
10335895
59578254
43814643
55512562
73166457
62342304
80279453
4761961
79986847
60198646
50985897
45601551
41693003
8952451
81964076
44224030
64532623
53451485
70893855
40025060
37636844
67522454
36695591
78900742
47618750
10524257
53509702
43868227
64775967
22819777
26922592
45073334
76661798
71722340
46966734
49888119
54089081
1564431
44026065
34385296
18505642
42033445
35371100
87718974
34669829
9996214
45063800
5991187
87548266
3371400
3329469
48986103
1387328
7654958
6874664
75484148
35998290
30689924
16945635
19702633
17891604
45450252
69840225
26773678
89366884
26885926
77595679
19703785
73308790
1992620
70747821
2520293
79097241
25374885
24138797
10162265
12697949
41692400
74395343
38562163
73717697
67408136
42111438
16153180
61906668
47918365
40022137
88029282
84531945
61745383
21596033
81367927
27816993
42954298
20911624
51146723
25310761
75603059
20689588
52272120
84879004
45372936
68631497
68934976
84410561
54180022
7500547
64385787
58224703
6987207
68184349
39048141
77235092
65926698
47864668
45611011
53636421
68526755
66433248
74897643
15412014
68891736
60456302
66920271
89377162
35558566
11940758
63288642
62457679
65566653
73890624
15944028
32696000
86185099
42918053
20024773
86205320
513339
67935063
660186
1485740
2257651
62917098
31624081
12290277
69587914
69427764
50472403
34598365
69275137
14441340
38741743
69764575
24897736
36463137
26088520
44834512
36624106
61131642
46513651
14354277
77955526
63275976
84404851
71713404
23888337
42339711
67028757
89277600
47161036
9476713
60111660
80217374
83579185
33929942
33551499
34989549
152626
36031062
67590246
89760563
79793605
2278606
43676055
51796849
71572656
36690502
88570862
3753452
73426117
54971299
1683051
77975746
20871263
42065140
4684647
24860738
85428676
39035668
10649564
38677286
16147529
26181718
28149499
30073260
33777315
87770438
39132927
642064
46487458
46795264
27568132
9480380
20955951
78719177
53475988
49302827
53514386
15083186
2070401
67183996
15583660
49867912
54774723
86260526
28370088
37382604
85944798
28235014
22888138
74717847
10527787
57807894
64138027
30629062
62673957
14618875
41282980
64071288
44807556
18490701
25839312
39098956
27738017
43386749
6688415
38392801
47232426
58064015
71233151
23936114
84142897
19573135
2981447
17392119
72049352
135074
14494465
11226951
17707226
36813869
82313445
51632350
85383938
31002776
61079707
88852670
60061320
4275902
19715600
77442225
81002685
72702564
32410540
79595217
86404324
20358025
38893275
23296311
64171118
51660015
2438291
66750778
19257408
2846373
2897654
60822401
72677849
67930597
647131
37808501
41679932
32794293
62286268
68264893
61191457
56803804
50620694
72869095
85256843
37263036
45031685
1407468
76548241
83786140
22185565
44591636
46436908
77483261
2341644
69153965
13886231
71325543
63853124
48685007
20418525
6700681
60175270
16352972
26250665
39586463
47255857
45148664
61852837
5482464
17644199
60055986
43280586
85091282
9321034
83849375
50964796
32979170
50955527
13440229
37349232
16435929
42249992
49016567
63597029
2749726
5300841
55451225
50907018
38636066
60243362
75799178
70700017
2072431
40830739
71352002
49467251
41773393
8988089
73530475
33935503
22802917
50734952
49681211
34126486
48075489
14377472
37524567
85879939
34519598
61440238
60066289
43088901
20983889
43715726
79879429
42092709
38398400
66941488
65357841
58186050
39654554
16452062
89598015
42855181
89307347
43847537
47670400
79571515
76435172
22795523
74504292
60410056
74393087
16787363
68335544
52445551
70107875
66334330
7297273
63164322
21939972
16350563
34943096
69141181
77050951
12937941
48468493
70462350
8770557
30389402
40321660
87049374
17394716
27234102
66918406
81469456
57662366
24874877
5067223
87758741
38652437
39200553
63808136
21947536
36929489
2001214
26631902
78677178
25877981
81196711
9704849
43048792
11033237
22005155
2156311
6588600
75901009
18079091
11624314
11971184
12994686
13087558
20130968
7658885
59821737
23527153
76402233
41637249
76472441
37600295
5434229
16704901
2271063
61806922
67049259
29985936
66373234
17168816
50455952
73079190
51647097
77949695
22376105
4444637
17837771
55810845
85214287
63929824
5084405
88786757
63573841
77069426
24999446
68337440
21506652
18184487
37304713
20285562
17686644
59767540
16812855
33877308
21389267
62535128
67167313
31364067
51263609
65027669
55771719
62756258
32186709
47202460
60111924
38298884
9480351
25641571
50726440
68161154
72089608
89998605
45270935
85486402
55562773
6814958
12516351
72954715
72231468
67787174
75206332
74059337
19861897
44527728
38443620
61758825
83005144
2139644
65842348
78757352
14324584
80302884
74377958
84137825
37722109
34470353
59306069
13052821
25285588
50977836
22890219
76853206
34435831
38455977
54453675
54341683
6317115
34979178
87998384
88422131
29408901
30678603
17099341
29836697
33256209
36303976
86166477
4247792
59548685
57273089
76113018
20436759
42580774
39907605
6315380
6152912
80918389
8328232
80412603
38682383
16542005
56167867
3883155
51827773
32138861
19474497
56593300
8144985
77303902
38803404
52806414
71305829
69156019
71045366
33920220
29008417
67005292
28893388
90118399
20595549
14692315
36205413
14121379
17911486
49239217
69720773
15990309
42236006
82036228
5728360
16282852
36447857
24029005
56142282
85484473
5477500
13904220
89523521
27072196
77731698
59897386
53494672
37385608
40147601
4040074
5026832
10623643
27893366
85934698
35396610
78207795
68514453
77216197
16134231
73654802
78736835
77934545
10261949
7436778
27071995
71949356
31874194
41213384
35129
42238062
86210953
50138929
26422523
11109758
45311148
21829713
19749785
49454598
32358776
11007582
47880333
81075760
46960657
39935572
17420244
48430414
43557188
66593276
70212986
28449686
63392853
52783681
32346174
28562594
65812585
76108612
53397851
79886133
26736056
21629824
87549163
56584819
4827781
76326435
81609974
86106551
61204562
8742202
73307890
41533016
35780550
7944761
45139140
88780244
68112008
41076969
49951053
15107502
74934048
89162930
86353513
34830259
77221097
27971187
46898368
57660076
30856180
31768026
64070595
60401238
16802043
11222728
65224845
80704855
86855497
54351396
84532286
1155170
63211653
65363129
86643877
18733931
30082753
4062171
20312815
53004506
37876545
32521747
487613
40103789
83675458
39865950
78181892
19561020
68848632
15130341
65323106
60704943
86699608
52847866
85426393
7830813
86350857
82607074
67906194
67183951
81389743
19169157
4761293
25961346
16763999
64065330
70154741
48811872
56435626
59524692
34000517
69506381
39096290
50871664
52171898
64114438
42750943
63051550
25971539
8143689
164358
12475240
47012174
60352419
56747010
2819319
30174620
650529
72950956
48737036
62422658
55428397
74138783
12429588
27540230
39685752
7629704
10630048
14811355
58662870
20428402
54862478
17334482
46715477
79854345
60853973
38142899
34607254
44370816
13496299
32865139
11545564
27461854
44192855
30177799
37580105
1601988
53171208
28477872
17522559
46331878
31476694
9371790
15936654
76533509
16910182
24874397
39216834
61935271
31682502
22812012
63962926
65258133
28214134
8572578
45247091
88216782
6130224
73475740
32825251
57768069
78922285
53101390
61615374
24074491
48740215
9102232
74329430
6839330
68734803
8150768
11878848
26676810
64195233
81312258
37316674
45224912
64925520
16404822
88222345
56674369
66331502
36873972
20011042
30247353
74175979
43504976
55391530
38612155
84803456
51457486
67886320
36331417
4361175
52513142
39995062
41900885
30617430
47662285
66694107
23541617
15689160
20816591
79610136
18970321
16386737
20911852
28736191
79984776
21806945
32831997
36663327
36084149
34431618
66756067
46589448
35563823
30435145
75667669
42459460
48472038
47096311
15373178
68069980
34193914
3379336
64066402
46940403
78809437
31973125
45877516
34181482
86968839
4429853
58698284
61967755
8135586
70838532
86154195
43321449
75972797
70134003
60157260
61228326
89117796
17804546
42655403
83354364
53696731
28571358
8569906
52135683
84636021
83727467
4003578
77503512
14819899
32093276
1062887
26111579
35254287
41447662
65733198
6484708
68027892
59593377
66063560
36547762
66599360
87753817
73414189
86478096
71266208
23836338
56546
77497057
35841440
14084045
56268081
1561048
15668962
86826065
48132105
7132509
68907567
62160302
57924248
78958321
68572614
49865226
50628382
10253202
45153395
77873446
30671149
31480129
64727642
50043368
53383574
70371265
16487608
49577851
67905173
65502776
59728523
57706126
2712599
34280392
88665084
59692017
43678943
80270077
17918498
57705428
39458262
61682871
65321313
8059022
9813563
58319412
76445455
44488561
51315678
13673266
84879428
70877781
49830180
84606378
33555760
3805722
74199716
22718457
61582953
10199047
44273801
6931755
40774667
33270583
80851449
8395006
23257143
57707140
40811815
27969251
82634116
12882863
51869308
78735526
3347192
37058627
78737358
62772189
49859133
70687898
35576710
72006675
37322021
46024458
10406662
82570928
13956394
45484293
50178281
36134822
41158004
11003217
16330306
32379661
10013440
4627933
57833192
67021516
65323025
9412576
66349944
75632215
9535671
86544306
71731792
12308627
77449494
8049460
27195479
49586083
14849500
61285877
61600013
26484718
13551688
36655993
32392647
49555196
4326289
39175063
19804516
8778343
989777
11702373
46280094
14725549
29554908
48420616
671572
61424435
71610529
70055638
75634047
68960669
80828437
63682332
75363149
27863411
64933585
37643226
59719695
78614783
29217813
24944019
84342072
54246492
13813328
64951208
29750680
85797946
19668910
8102142
34231874
57997853
53881090
88109479
14053976
58380474
48543711
20865935
57524013
2649860
60960826
11951715
83847520
52965026
88998748
19203547
39877340
76568803
8425413
34775676
66006335
65221322
82864316
874488
5979436
18265383
26765922
21648538
51566072
51921058
25954677
17856020
43943876
85750617
39565767
64921666
72590086
45893851
31638733
45572297
80785966
79729425
13202968
64643973
13087685
84163570
10778134
76835289
82296092
14937716
42161361
46615471
59241886
64598933
45842191
74580899
38432936
65094864
67427485
15193675
79710807
30454061
68540254
50755835
84894156
65405541
14766557
27017788
36841510
42159309
13852953
16141992
66641740
773023
35349463
26502397
73601102
67574043
16157552
35680621
45945831
67812429
72506905
56394612
7649621
70997327
78887038
4722884
75634058
36973424
36903422
10438596
17293530
74868337
17472902
39359991
28564031
62857249
84898460
20699517
47251194
13079929
52526154
21622967
89155547
58025421
82078469
37920481
21628212
20078748
53423716
61284844
60162808
1509578
67757574
74660361
67096894
23397238
58069463
46679086
19679893
33768710
64699319
49667164
46304306
44865654
26195156
79598139
15606055
71818531
39906988
7111851
14174383
84750733
29794498
32718689
17880833
61999721
74746766
32076993
50165941
33397762
65260894
57236071
6146309
44360336
16590898
20417807
3717345
5784377
72229768
41746354
77714405
19833665
23472008
38439792
29259599
44626626
21174774
80227829
39127771
45406256
67567353
53189319
48353524
39528402
48221924
57537465
11833779
22832627
57066099
64663495
27251453
20900558
40645173
75978502
22126615
10806521
38438040
52220991
90053598
33879727
18274346
20758237
80824067
50579007
88998642
20765395
77232479
66018519
84394100
76188453
68786357
28038951
76701019
81066059
27694623
6872921
471366
18903909
85831175
17649165
5501946
41522952
70507568
29838651
37540462
60155624
82736549
76291937
33946645
69295361
43305661
39428964
3493219
41542296
45080152
22980123
26621295
1044026
68965787
56355149
71221059
77970298
72077953
51311722
62078317
8790713
11291747
73072202
85135588
44308223
18875221
65913295
3982489
10351944
37352103
32982150
26208979
13441188
32986276
66251305
47285765
73496990
66082437
70763097
14921000
44036126
25747960
41999771
1556592
81245490
74527197
1392960
87625606
63287239
40019975
79256116
85638751
57233525
54196980
19222293
40325733
8523277
28561192
42733964
55876589
23910914
90245875
31691299
37889048
49739286
71902493
48256293
40059614
22046310
45015137
44654854
23963158
16236095
57722574
71897256
83869885
82973583
51622986
8369489
49382113
54520075
25059136
66416458
16907791
45673703
62394725
69325394
24380313
4650278
42738090
5668914
57755491
21990212
50038806
79882756
81413297
49856183
3241156
85654760
69816777
10262665
58665905
23799527
22616211
46482616
20274270
75500395
33591469
68836535
55043978
73215656
37612284
69635434
75755357
19316022
2777014
57744447
26587303
195022
18628411
2231502
45880109
68122736
30826916
71916248
58125224
67492162
70289407
64712115
26988855
27500874
77896455
83916913
3525256
37365817
12891147
23171360
1940041
32109438
31224251
75658545
87710300
90029886
48342044
89744535
64462344
2581991
20599660
24355801
26048538
40755676
43138211
64213861
81731137
53584755
1626841
65146733
40503306
24272157
77065661
14805567
23975617
40530638
52509390
52087521
16909400
71031710
82197109
88265121
16132763
12927990
8800125
88215766
7051166
45760052
50628499
40106542
48267078
70093985
52951215
52084678
49274539
79803457
44070644
88318029
84815073
49088309
78331073
25697739
296539
36535023
34029801
43621721
5104862
71727681
41624037
377903
36382571
69269119
79464996
18166998
77610448
53290074
19070891
57194625
69226599
70784515
58888952
67916025
2303069
63397759
8014034
32690135
66722008
66715959
9986956
59117334
48791770
41796049
63401563
28408443
12913785
52552121
73731309
76460583
16828734
62604918
11162908
89949198
63392296
7658546
89346108
20415823
55797099
38536377
70039298
1310574
49965069
85741193
59901991
59862935
68409376
13031699
22703179
7604674
89657814
58440907
85965772
20383326
10365888
82583067
26410759
8186827
17207010
11126390
46781299
17129537
70946247
3504362
603090
42976472
23595071
32293355
22110150
54486525
78821308
74548105
31658584
61835759
89065442
28353915
37159755
60804701
85357511
35995897
11888903
69274488
29558643
75116330
65706192
73912686
46859680
15284369
33139153
77473
11913768
43276936
88260072
9453399
51642916
40043360
20866322
59358547
43722047
19295670
4311564
88719174
57216288
75038294
24676004
28260741
14730029
72897483
48915798
16083023
78170878
8506198
3568296
45895958
9740273
50421823
22257157
46782207
75104226
80112217
73801026
74193994
81884021
48216712
78837078
64017993
86571313
73304277
36530607
26736498
33813007
19523271
45526794
28955547
41791888
42028521
69594944
88897007
66460230
21893223
12514727
32274920
70499550
24880098
5122425
53208067
47051222
32394940
44714806
72643857
69961821
25584314
85606917
89599653
51895400
77266426
8971010
41318439
20974894
17007335
71459705
4857460
49465008
3498272
49610604
43144882
65818292
29185344
76382280
15668934
41643674
59368254
8636118
17291483
49562501
62977486
80226886
64657366
34166744
19130492
77286941
70612169
63938915
80074116
62112266
82310586
37775156
82213676
60108734
16117434
57792328
49445057
45496857
78053751
27929981
1908883
38496226
31632982
77791671
17014026
7032815
24352191
81539378
17392257
8798222
75155136
28810741
42580018
59104050
35288200
45441578
68946450
80233527
53361954
23782584
70148591
22201851
21657722
5904971
82397302
60870578
51472202
21515076
25071597
39557524
68030623
14367213
21482200
24600167
53439479
7208273
61374183
87287594
78117867
78831517
37951829
16051086
65256166
68872065
61891225
26788298
82329625
45163866
10084936
31160102
2124862
45727244
11538174
51037145
44682770
60882226
17282604
11914678
25218077
10704384
18075324
43430456
51177735
86007551
34959609
37885510
824031
72792667
30819389
62066781
85308976
59329765
25893486
19951492
76792441
16727359
16703362
32653146
43039004
36091317
1105552
22821342
1044474
40905948
15238164
14251716
17147773
6578220
84089354
53521246
49776650
3801398
8470847
85025850
66667144
52416943
78799745
10490875
59217316
61739625
36173295
46841108
54270949
9166127
3248130
25622918
63938356
52345670
13031218
1701286
35046843
50449605
7583177
58526383
5241799
8659944
20412362
53876528
28535195
61771580
45050398
36484425
8867879
27787529
6226104
56176268
83449628
88793745
64567581
84109833
7468676
27007168
43592978
10131654
16961396
41152461
84325325
62237070
89032452
52831614
65851733
48254085
45207805
70656858
38114020
41615272
70374749
30374407
80559754
63784395
52903701
88996494
30258320
42941611
34587902
79415985
63342312
71073420
81325068
37560413
40516855
69070647
81779397
2440517
87789955
44974327
23853634
31493711
68118961
40778367
79357433
66928500
10140064
3592533
282109
79473238
32789143
78323979
67720706
63296885
15009699
9962090
35892215
41092336
51332924
53764483
69824542
7265522
30556565
83988046
46031017
38076338
53014317
18288694
50320508
37779867
67105366
73325268
42386279
72924086
30638302
75764900
66646391
2400451
42537015
12208131
11752532
41225882
44797904
57758616
8888294
45650988
30362790
72377733
61517795
44067402
4691542
57570120
51484506
82730228
12457353
27742323
59489455
15234449
22916952
67245241
85643589
84431281
42686965
38355003
6277695
9721475
33227885
35921884
62381544
73044757
39143852
44243916
13821212
70880541
27395826
26760562
74383194
58029013
49169814
75681299
82832897
12211315
26596391
5225806
4724397
87472905
76558996
63977839
1324485
28735672
24558275
47288586
59637209
14449114
5127118
42089436
19073556
31916753
87028033
18137627
40707169
39996936
16848090
77310651
86747348
41100437
49324372
70435519
65446117
36958499
49084908
59090714
79220543
10857111
400435
12480183
86148420
47823323
39419563
44285900
40832088
81842786
23645092
17547773
67109182
63460366
45311404
935929
62943209
28514721
73023162
35130142
43499589
65997654
27986279
88045453
47387945
12365873
21350611
6355403
29471580
19711421
40173903
48223984
14958692
42827113
63310620
41862520
78724860
29310402
2124432
23284315
14733604
50434727
43969993
47656877
72250782
16796683
89896393
27813066
56748757
7025508
7143863
45704136
93333
87354030
66694842
41032542
54627918
73372814
37915125
71497597
4752729
69080415
75163365
44829797
54352253
15483842
21221712
36924169
14576798
41939706
69564322
38810351
68433946
27173310
29494109
44437715
31781551
82870885
2152827
11044620
6932175
81773459
69259295
49310792
32726112
65055653
74851042
73380322
68620085
59084711
68067857
31656557
86461786
59679522
5091709
17428084
72640669
69532007
39093472
66016447
45239385
42391012
81049867
23996230
67125383
36873225
23768512
20736931
57422334
82362994
32035326
47871384
49047346
75937267
46193375
49595791
68169193
87499956
77046090
18447151
44356549
8388334
26564848
69033702
58772478
25809703
50068237
78357847
5776246
86952460
75216581
21243154
65515630
25660265
71961343
27872076
51184516
31655519
78951605
9550950
33315647
27831684
73411634
89701556
7768074
30427044
44283326
31205665
43143406
50141379
82132304
65572848
39865857
72488770
18965465
52148256
1517081
34849401
3141265
56266716
21436830
31039940
39531812
19127177
46209374
40305823
39170472
41633566
88589873
32603545
7872941
15347716
20063610
24468214
26901853
48296033
77533638
65875572
39323362
67820559
10275522
81377158
46607382
59451226
70971689
55849689
49006990
16983989
85146196
43834950
16734904
2309653
56564191
70959614
70206706
4575807
23449575
78300552
15244249
54725780
12539934
55138352
78695864
43501202
37184576
32759906
8972671
9713079
55600050
29679829
21213177
41074296
10405469
62491318
82177861
35471324
42437118
76905665
71982710
82836543
59004384
17508915
22352947
51988383
28993662
63639779
61065183
58973796
47244241
31839522
47763541
59288733
17953775
27419581
34528531
27471497
67409857
69542843
60233527
86259378
757984
30455483
30630060
65184146
20054200
5272196
35222238
31334200
89634905
35957419
60483595
7016001
60248877
30446793
62656825
60269867
88129163
29225660
82943879
78205509
13885747
1827584
6243826
62215903
50259725
55235689
38971595
52884104
50268483
29778043
55629318
7307463
10401283
25357864
29961907
60453625
77620916
70998444
61100605
82618904
47442167
11520426
16092800
90229011
32567631
33431165
49059613
81657279
15339913
62599919
71961682
23403469
41817860
41258138
23244307
87625622
76700831
9193552
87504787
42961020
860384
11755077
67595556
21681282
37986949
30697088
89603021
66735637
5039901
31063803
48009728
47463157
69202796
72911636
41169398
22643977
89824876
58193318
9695596
82186445
20782059
12187168
71892786
44442239
54807308
85784380
71854460
33739811
80066792
57233333
47099088
69429103
64018129
36898468
22328262
42984937
7140811
58539218
209533
47826745
33594631
46831716
6293759
46558819
73336761
54709704
12948380
7638431
18894883
87758429
82027284
66589821
29113484
76358407
44321404
21067497
5717588
14621126
58374347
10637689
64948829
10200620
28584464
21033192
11241280
54039045
24259028
49564067
6428210
25111441
41532986
77285813
63744956
23317679
33610439
47181954
17298445
87173577
87594773
42555062
40128569
5668877
3752041
8045987
52124443
11183901
34426775
66813523
39922298
48173727
53786850
25399260
70692965
64795420
68507789
33410838
29094459
70881211
8031081
19392398
51616486
89948931
43675374
16563002
77752859
18170487
31320806
64993384
47045008
81925896
20286645
13566206
25278059
82818141
63869213
57044544
61511604
76503049
13026673
86256663
49214387
60725055
47141472
37282127
35700961
87876579
6863380
81435685
19264725
8332151
65967025
35053483
12196072
6988511
56975821
12759475
42859104
39644911
26190363
33478802
56647837
27718505
39946994
39967139
21306537
77616165
44017871
46988566
8772286
24035243
39115191
83665885
25024094
30998518
11902370
44515276
68611853
88781230
87202285
74461243
86386079
58978514
49811287
89686598
35863032
17330910
58302737
9380302
54730699
88721859
65265433
88414322
6411968
52580830
67682893
46051596
50327503
19982627
7873375
87090027
89261150
79850298
71763514
52242442
52636665
13371141
29046616
65884235
2395151
28223770
6133580
86949482
4599106
32480376
12867485
26482730
34333836
41314503
34364870
56566377
82309891
12684603
2215053
32093997
73986952
47700266
38178221
34971101
2455102
90006703
15326512
18502332
27213632
39875997
23195826
58486055
82709615
72556471
59750655
5695670
23624664
63903204
55565620
49850001
88396541
61802983
63851485
68017460
49254613
21680267
35834948
31699518
10431276
44764788
84165777
20499475
26728788
19905143
19644588
74202771
62793070
47184140
67040131
40461202
28900007
22372980
88985400
77013945
48931807
67581076
40380050
45508287
47240288
65496262
57732141
1862705
12548370
42171218
32182511
89288720
11248991
81320161
37783742
61665426
89769625
45744258
854886
42776018
47362073
44194073
78896265
3815492
18284132
44667151
23209427
42136063
45174798
2887948
36633894
75157144
20340787
46617413
59509771
26861207
52947891
15560923
59930194
85243276
30922227
22595975
51504978
39833566
63284161
63773109
42294163
46993607
70115809
28394438
35613378
43546581
25909941
34229114
70856066
47881694
71225978
1805102
77235794
60267654
72797162
61750106
87380998
65213205
65403147
43948847
57181014
39438240
56372321
18817843
33738298
81338662
49561814
59465494
69273027
16290554
65390924
85633350
11380229
26569228
2484497
1384264
62940516
49761872
34736761
50534587
60895901
10958323
741565
87219313
44620281
7583957
68080584
43432151
8032191
25964907
77826527
19846794
77433566
46767284
59506030
46006429
12065634
14754884
84324570
55373302
4910325
20305320
83148853
9995965
53878712
24456250
38381128
84139554
79115972
23778437
31276646
45410213
38071667
83407609
622353
1188130
89801767
42115677
37339249
59919021
20264965
12542866
32074389
31427137
34701650
44751146
51931860
28425957
9844558
45502874
43958073
85164361
56676609
58692603
43348462
59989159
17073903
86336315
34346532
33705759
57440395
38119037
26271484
36883537
65339467
48756677
35582506
11366369
21850711
24796382
27844632
79087829
49574841
77573244
51228902
6275692
34906587
78162611
56201509
86663823
79076266
75515471
23299523
68421074
23102324
28745771
7126251
73618145
28895920
86477495
7434275
20556857
63029571
49248432
1301031
35456722
26905965
82519748
73771738
14496507
65471542
40521388
9342551
24782773
42666657
63316292
21807808
19976389
70819970
70936039
44847923
82388816
33896770
66287377
61294823
39734180
90099852
10898757
66183870
8339063
4931548
29919468
739450
9056473
22342466
80764909
51934984
84143083
17048206
14733974
5153955
22172393
88104732
36276260
74708589
4173891
64229947
41121770
46862091
78681154
37039268
68810547
21093993
65896215
66437526
50396066
63800311
81760789
77700833
17748026
79333238
86125076
79310626
10224542
28855113
28449384
63716702
37201010
78989128
66609438
16879242
59127696
19197428
65414465
43779938
33586819
47561801
75798793
4082502
68301544
57587161
42876678
74106646
42431552
73829528
56410362
44428857
27535909
2427551
63309382
28687400
69108696
57269963
50861242
36757840
81904104
39710257
68840889
1805392
1345056
28895634
41714778
87081382
75860610
17852663
58231146
10987941
50993882
18211632
32939448
65928523
86889233
59297151
17696284
69736320
27777243
53982811
71369476
89098510
5052480
6039419
68076159
32350855
47099484
11150985
39650576
61582336
19848825
21428879
50340614
76247299
24768648
5345739
28850236
64872669
38592406
21503137
68298493
75315360
3056024
63892298
48232238
88886538
13003532
53963474
88616844
28928734
30413955
46813681
21022351
62951625
49189936
38408797
64433904
75767149
63035785
89955322
82975346
15335150
68393855
26478499
47397063
50145980
57003333
79080724
68307801
53527047
18447113
76139820
27083121
4419486
32372390
66002389
269694
74324799
5033143
41803163
79640008
39195954
87873746
54347178
88767722
45156412
65623013
64728582
64525427
29184259
3045091
37980471
58188088
18247875
59725167
40049964
53571804
3476286
60633610
82417982
7927550
85761252
25251053
32814357
4149792
48297592
60969245
30200156
66418416
56087190
25663041
25292829
40678233
24200958
78974166
24039140
70880985
17922378
43167115
8028580
42729795
75047216
68505305
18138124
36409696
37732505
51149978
61403823
67282361
65122359
38650552
65363193
81611459
67203462
62095113
45683261
53612801
76615680
76270739
41125586
87142582
1462083
18052288
16639093
25053598
42535412
52605649
62852405
46926207
58369900
11256900
24591671
38637520
12256424
38721771
46739498
60700145
76277620
22753270
73652792
55244525
61697091
3268080
17411822
85324285
57213057
41146147
12487215
79723099
74808656
4556922
70503489
66658486
65766876
35767068
52451194
67342830
84485750
33079128
22334536
1216004
70734101
57603525
63631646
41806280
52694152
23986228
58780977
2516719
32789804
70384712
19316327
66622807
36305024
47999300
72837070
67739959
56587491
79663917
80953235
79883795
29040047
16220044
14207292
70157671
41531319
855689
45008293
64753370
34078652
36464636
27834358
28927821
4909373
21129042
54758927
31661057
62930049
78646266
54934017
56416998
34079688
43050652
65519361
58815066
81661809
64906778
58520348
48437321
50623870
64733191
65676503
30616000
64938726
85085227
25149378
48511573
38510662
80277282
18402636
5150830
31555263
78438941
45902519
44981941
48448994
66362662
48460665
78246676
44566578
83616990
62631261
65514623
51638843
612583
72028342
14708112
14282907
65520782
54494442
20007870
90044465
70841277
77200247
88160778
46574565
16605721
11592561
33359832
48722018
30213696
30981936
58306947
29989946
69789858
68254901
41935943
21796083
55093676
15615414
69301956
31978146
62018678
65219905
36930731
58063301
78241185
31947295
84525038
65726318
73903166
14541247
1883687
24266712
42078150
58051840
13214733
39617327
71628866
74111520
80665072
71957374
51442079
61785671
78304004
29477398
13161225
26320529
42744128
4599153
25330361
75815676
66781040
3955377
58712345
76717061
45271887
12514867
48294129
69983791
63842630
49636454
44196722
15565472
11051979
2460823
58156599
10836837
49202256
71405117
22669441
363024
83903371
3448305
30108070
51983475
76983271
80295696
72723792
38662077
28068114
2858608
17103330
80313980
30417114
27681102
28422931
65538097
38922237
70391300
7270693
29760782
38584475
41735899
29142498
71948766
24992191
58485107
78417397
30322856
77751746
704760
60504955
13403520
16715034
21545999
50993307
38321194
52227582
69865184
21558746
19487758
44175119
61155853
33374673
55129018
79008866
29765256
39751028
80895080
31806824
55784795
72351909
38369334
88477332
42391016
65264994
84919336
70983361
77712637
60067902
45831850
74239726
20442580
52660214
50127465
41052041
71378124
16762448
32739824
7173689
32136518
57846710
79296102
53880612
3609416
87111614
88363787
88208433
74216234
80276795
65171115
39041087
11444517
44837965
3557996
61657655
77802357
24851434
6635135
75206536
21108946
83421637
5595885
51124163
71532090
33365017
8312217
45688059
56359554
46626738
89861213
49989531
54237294
82434488
55766826
77384609
12895380
79820616
23037317
16658771
68832278
1816774
35483091
21520487
57285608
50440186
55022520
74329446
75476113
85197124
69610650
41718407
11889546
43964493
42811946
7327655
67255463
33419104
27560471
78103648
64123069
7426724
84472706
67102685
69539108
47679834
54347292
67970234
10988338
2704167
52909304
28795415
34781167
75292906
56747968
54689787
46697698
41559020
4718796
33757706
73307578
25646157
70640086
76295516
66959031
81126467
51500808
60885440
41029659
20133747
65364566
87270385
28137617
18276496
84489018
73302499
36691496
33126749
15060929
72442924
58173001
67866399
43781072
51825005
10078832
86922572
49970991
12939992
39985067
50806264
34851244
68745686
48937127
79763620
24794708
77807215
21580431
31367061
67254499
44009275
63729755
47088070
74514991
45085118
53318625
51362269
58241570
54498572
65203749
18928155
10145476
78081621
39271191
28592124
1854014
87388841
28421129
70898352
49822372
61489382
1869137
45337625
43950978
42863536
39666813
83677647
82286341
67821157
39370931
20166428
41227909
18644636
65503070
23152722
58577173
89070053
76408521
20797039
44353096
58855753
69906964
53286977
76227607
42132351
71904620
21205663
19050092
57181748
50512839
4484747
89272028
30739225
5670812
32006956
50827196
43579281
25790340
62119913
8076872
20726295
26396983
18075187
31801088
66683018
18477825
37780134
44716957
89286393
41140075
62799744
72878147
9258237
53115981
55021944
23082259
14722872
42426449
14565345
39643344
1257237
70547560
38748696
70162030
33825156
6216616
78957284
16986033
76797670
17206554
80251686
79175208
49963966
71330986
65754578
21966060
925057
68373684
53650838
16408246
31881838
81417387
17856203
76425979
38393109
84329120
8516914
46813153
22652835
15751409
894648
21345208
36722404
32532080
62938371
88572748
19668947
61750730
26984348
69356087
38976213
8920699
85154254
27997905
51889553
87630895
40048847
74766811
36491845
62483452
88802044
27189484
24507902
5260708
49392689
81829957
43159908
64499129
45918505
1307627
69279006
40096192
30140461
19883281
12863133
1187641
61588400
22046485
4258141
18063648
55935457
10978307
28764771
87773360
59682683
67372743
32622674
67815396
57698392
81035986
19459173
65024960
68046796
32927946
52350800
56627184
35911452
41852281
85470124
77555937
42900791
49395724
27233059
10436444
30028506
62550273
87179501
43524751
37844652
83529834
61032502
58412098
23029249
51642029
55150686
82117288
81407976
23320313
48356222
64407056
12989189
76781228
12674160
83153237
68750119
10498519
61407061
48605515
70685115
36074400
31806502
32464347
850842
36416410
13506943
58237380
24705621
75383292
54225874
69682555
41984209
9390473
74995037
12645585
41967678
31830373
33761066
17000919
82064748
43308619
33216520
20085953
79764733
2175640
21746176
20144604
11547029
6816285
88532638
38220768
35223558
85640093
441027
14347087
11710789
9857276
4011506
26756691
14882706
44835400
66421142
10822248
57672796
43164664
69134520
24966758
21499249
62186071
55518024
43462419
53793887
12524504
88589778
59620129
80878612
86663516
21861967
63576262
43326352
74626170
19263364
2360095
73929303
62317376
10335581
56687723
66708195
30909730
50585549
4060458
77412605
23256478
31937728
14189662
21665415
6948449
41182359
49770455
8392184
24477144
45122641
84423758
21895893
73659887
19241786
89035974
24820788
18969422
25796522
40966257
696866
28679613
82274515
88975205
67342806
51159475
6102174
62647736
43747126
8812695
43856355
44706567
1591063
6472903
63257303
43628584
88806265
88438840
4647814
85952052
74314876
43196379
46665596
23109919
30322723
72005989
44723076
74104532
18272555
68850533
48941743
73705287
51586808
12598663
82873031
4695069
7412349
69023103
275005
70774184
7221632
18867075
71699264
29696103
7916639
46552088
38980770
74587838
14123964
33185060
39286456
51204956
12873655
46393231
50120468
46468192
53733434
47606168
25162789
16300893
17263725
36343079
62565881
28375363
76919939
13849927
76153689
8371789
43285095
53141555
89324921
49259154
10950436
6630800
80965334
5062425
32428123
77529335
35301382
34652633
20311404
64626849
72818113
38139088
64393422
2514300
2789027
37432541
11826067
79069710
25468636
60621987
31156765
48715954
42471675
68548150
42298457
4495758
81030494
65759566
42191118
82694120
58543821
77621636
64452678
75169623
60011044
69509115
57217931
42408158
52084520
53905941
71967052
51787437
16833684
26960881
62421858
13969318
83697529
22937705
47912945
67002683
18150312
34342240
78151121
37975917
59251280
66788892
34038264
88586375
7215745
36303107
18241442
55107822
17610592
66677187
17951692
89336511
89158220
75045614
42174731
72030708
18555881
45006170
61099204
2864366
33513353
39484153
56306373
88428471
4787393
85304330
79101563
51908020
65340960
11362229
75671277
60914906
41056771
87985158
51828556
23841547
18692515
23297880
37156130
7706
49252592
14639703
47161780
17127512
56489733
87418561
82665128
15691514
11492817
21615051
18291618
16818507
16180384
61252044
9326908
24612998
19963370
67739334
66486743
76159679
42039082
77936120
80819975
88948849
50776266
28530676
76935418
18684809
64295288
4000051
24579551
32125080
48399970
31476843
6196008
22281843
75925744
42533701
69133521
84924311
77168292
47289575
79225224
81817387
41288674
31837575
29859879
15537316
7183875
78800624
85589705
24823858
27159854
52289298
12013430
13575081
54485389
54418991
65838883
13653832
45850081
64836332
7412696
7601751
45801100
35395932
43398322
81251433
55615409
21843946
77432712
85600906
6000901
47387649
33441131
7234982
6137323
41309256
20197612
54093642
33124394
14784030
12810428
85318398
69537534
29328064
19469822
22315181
8568910
1002551
77974761
38248330
19035232
62266764
35937054
54799668
70030524
3038000
75552346
41748128
15843045
30045063
33643399
70499544
22733949
63865500
58770995
23777306
79918487
77147206
41283214
38055997
16980121
73732365
47332199
47222353
2242778
18467271
16074045
60570581
53700944
15707996
74044901
35969189
63969865
32899054
69497323
9766020
77444955
45507282
8104729
17077126
79044739
41511524
11728549
70690268
74197013
53357413
72744093
41862490
41650709
39284474
62457422
60007768
52973211
28864928
12631932
31922198
36499952
366048
58259305
17731755
23471756
41145847
56721867
54203845
27187723
5473664
1661291
41851453
56712544
38326830
5348577
80088096
57564511
30104760
88196175
13818147
83440329
33459619
69655069
71892942
76561264
33592494
28859460
2534637
64098600
12265884
63912894
251821
67144293
17113458
51259889
59517911
85691748
32731826
34026178
57069895
39011121
53584462
36502875
48358073
71012319
65493818
82141921
43746364
18398056
54736556
34413079
11547387
28631980
17546198
24517106
55510251
41227519
16593576
28871744
45330403
35371591
28283060
39241933
79360007
21671710
18528062
6975357
10105477
83970706
70691717
20567020
62386672
72822143
42742682
56466153
27265955
47095761
27405365
81066910
78584294
7588199
88600505
58763906
63371730
66568680
79657155
8122131
86147117
71471985
588684
6088469
27745209
6611349
2197495
53868274
83299858
24807357
26533640
61272082
3067658
88119575
49557962
5920519
45556188
85896922
10544411
17932669
40245092
19817166
82716406
1304012
15950094
22031825
69356752
55249599
52155188
8185169
7533447
80058647
43726776
84227335
75624599
45610560
85295117
67640139
27334633
3511400
3223323
28664066
11714119
68880763
42563386
35394665
67109733
9107143
45651830
80977246
6949888
20424703
75600697
60684581
22197261
50950495
41610261
42655206
47716152
62346542
36192018
85289737
76167673
69849840
89182219
79718085
18275927
63267340
45900440
70404192
82047282
6076184
57834305
48053079
1771030
14939867
79992836
57866111
2157254
25227126
5376549
17998932
69961067
24650201
19074319
51275680
74967968
50997344
6463188
34160040
76428870
56592179
86357519
68183212
51573913
7398503
15301269
19605360
52953683
21307879
12569887
15477827
4305154
42894437
58310243
15638544
84516238
54765710
52489562
55891947
26999684
52459973
89174614
169011
21415858
39810600
44812492
40807928
64818475
21604634
38052522
79979282
76751890
60442640
34365567
31968553
26178444
84243391
7035473
18959480
17002725
41409074
47417584
78916611
30111824
3544533
34882607
28624291
9249649
71763214
38450958
8314297
31044114
49364014
45606520
70857931
65242125
4691482
2755406
75089194
35102744
49343507
27097339
44783337
34264195
40372177
6416704
78952589
48724289
37360023
61791897
9819739
83030875
43873051
25517628
1487533
66028509
34853018
61906958
935352
40719099
79336945
52957778
31919808
74371889
22398662
49586149
80402932
59838738
43661900
29475478
62053032
15079311
76975163
19850256
27045231
63381512
40790306
17160692
38904550
44579149
89652471
74552112
81543341
49578167
62398235
11314200
65093157
65867543
54303638
19711198
8799291
4965055
12042740
54067283
65702582
52809924
5924249
32411078
69519331
10066212
42750316
23686400
59767705
85327276
50793575
81618164
24476962
86461157
89491847
36086062
34769433
21557928
83887502
51712765
74735011
68264316
28744187
26865582
57068252
49338582
7668458
26465633
10996098
49482817
48143034
33291504
55024218
67591662
79910763
45832931
22032132
29156665
44626449
68399541
42333937
54582419
82376318
60124525
51691724
49417543
42448561
54790293
37072918
87356811
22968577
47869428
82929689
69655606
19197124
30602619
19826108
29919266
68572600
67954595
84708599
52284997
25114366
9191287
27043153
32237722
72940106
43882592
77072728
80294031
76273224
72459413
2890694
14442399
17675964
68635056
12344625
26825375
31821715
60937114
4427121
25046596
10155928
52327070
49829498
61011483
52280020
23605137
35460667
88021228
24323853
75517312
6725467
83126645
7984806
73410562
45414994
64379700
57859369
76346940
77403337
43314448
36267073
5989263
2097774
81100590
18296965
23141135
22398253
6775119
50781186
23833676
65467099
39394445
71780675
7707984
25550816
35992417
89531285
31676980
81295760
31447209
49016130
23564906
19195274
15338731
87284818
40801679
77226364
14544920
40079866
52897698
41216674
45416484
59425923
50690264
40185960
11521846
62609950
70298202
31558020
11386741
42303001
39242739
85577254
17271882
8426700
84123836
44946657
39567699
72910851
39214478
12251935
15161023
8013712
50127220
28362368
72739898
721813
5812290
45061871
66397007
83721776
62260035
76964149
47904077
78330315
60137759
70213826
51223209
9478825
64048906
87793112
6514743
30816038
73187043
44058850
40592626
11212985
5732179
27315764
39233452
12684390
33858340
58532280
25523815
49405407
22550078
9161650
6058431
12340515
54535461
79682859
35817699
74179721
88560015
49423875
8590730
32142558
6164920
35163721
74697707
14716492
86339694
52705894
80473413
61974058
38326671
85010486
43713157
64781414
83707425
52434797
77410575
56186558
35982202
88095790
24830600
10209563
26359814
16625573
48256441
70605741
62856469
58127448
47072615
56417457
43258955
63677009
29178476
63182053
20557652
21991813
24493079
24365636
86112848
67196552
18260900
63795258
1303061
81528361
59104463
9004491
88186220
79564786
31355958
25772639
43219600
8205027
33686747
46004073
44019105
80378993
23533126
6439012
86602118
55129230
8722605
70326903
24602981
7186663
20172597
86442016
7612590
47546528
6104736
22317590
47377115
8466164
76424419
64032194
65075765
69789678
67898534
62413581
17828810
4634555
63819517
87465527
54435923
25041378
22470947
19063717
65510500
40137521
87966408
16275214
30526249
73269567
50154306
28410966
71307698
44359694
80337280
75545001
71903038
69372196
36143171
73594921
33640400
78368366
86383661
2662184
51960867
44747603
70327689
20613284
40448633
38778138
46478204
16855830
49780879
54067051
21347310
49235286
9611272
86430466
56370909
73848908
1961869
77528237
38323686
86012698
62706656
82698709
20885453
88558118
35731796
48024806
58944885
30978216
26407499
23119681
4068119
12831207
4298970
31549551
45868704
5076427
60730884
82661154
85758521
545593
44455779
25166845
64598001
7495989
65952221
69092673
35525221
6199172
86555205
27358602
46610868
64398539
46966912
63110648
11096856
4753580
21617307
35825204
8393720
85309916
304335
62768569
57212504
70956168
42552291
53457551
9567907
60185291
19688999
42075300
7681216
36959790
30948249
85755329
43704392
59753049
54271093
8166619
31321928
22156666
52125315
73750221
34785307
42213332
41493341
47005277
68093485
8041015
17004493
35875152
28097412
1081791
1699902
75488578
61388261
54100625
33768551
39226232
52504075
54462834
82860676
12175888
64989022
61445201
12967860
35537773
9914744
32114427
27774929
47821708
59104984
9911983
13740503
59513654
64369848
14935950
30000784
32218333
70193604
87656326
15658874
24342459
29943531
37849278
41720026
3645653
1596550
51039342
46615557
21811810
79723813
21415475
89458029
10934873
33014080
71103434
7762844
52343037
44743068
17862946
34081205
89841330
35792136
70538178
29512870
13635139
16475971
14078083
88293084
45851144
39196419
68059597
72872434
26297877
17736352
62414309
47280097
51518364
61565530
6683706
22603782
50272564
78651395
90088220
74905653
70921044
7843990
80149899
18261832
45151738
53804435
35276651
41812084
3640621
54062207
15434787
15592056
60874827
46615288
20233487
63228711
12898542
31806869
82191749
69267781
56467988
848779
22080015
10398206
83026591
18282311
4249186
65616911
79463976
82244230
85005755
52659212
52942252
7829088
54718805
75073279
50163814
71464445
26377297
78298566
64921005
40553123
67092194
87896117
33716746
78676619
52770587
33880762
47072505
62826594
28671389
27553406
8072189
3797704
6149020
89143304
10551960
12254957
70861157
26804763
10785602
58660290
69674032
49602598
47915275
73504361
48695981
62115249
78277065
57557799
82939997
48758513
6836377
78665576
16609154
71569609
13087737
80193994
76942997
19519099
36238028
6357309
21404386
80912511
83495744
65627688
18282147
55480822
73202980
83934492
47380732
51433004
82478640
67903295
72640242
76050027
85477297
62871807
50908877
11002176
50721422
4274421
32149359
7000392
65577838
8148785
66360237
65302263
25439589
70585688
88364714
45575518
84845191
27510323
44113988
28014922
64158333
24597656
8100089
3253599
1455852
51211062
50526387
6428612
72675999
9768434
6624774
55958745
12150385
46634456
69102818
25204653
10430207
5484198
12373780
72009200
72959196
86024550
67187549
70114072
57474122
42338015
73195155
56830268
35085615
19516332
1398457
42388357
23141804
28622652
42977213
66760864
68785064
40757953
90053839
88450878
87868050
31723943
58589552
58679357
17687872
45102244
84564498
28671008
22775002
16599231
76555276
74578749
10034052
24849534
87168917
643853
78986025
35162447
36915435
64430882
86624529
44509429
89661145
28114564
50087589
73952885
48440650
52067810
43139904
58329895
11344950
10672317
85769696
13487308
45848484
79266865
22327241
49448890
42365733
38446254
6565179
33189366
59143457
9390198
36113509
33490094
35462043
86288768
38787919
64139631
65019738
39993588
84671841
87441885
51407539
69753404
30812981
80360756
22206484
13951211
44293824
88107642
36557458
6502830
62893692
68133218
18384756
55614612
42883711
80909992
51036422
87424982
87325857
7136987
45661780
21558366
84952175
43056037
21269030
70527956
69717791
49311477
60319674
86652062
56628904
61296784
47546919
88595395
17550555
5832467
49127378
37790994
6697574
40157864
59851699
79012704
25249507
9208389
4578190
45708730
65317759
43899435
23246825
65767491
84168437
2605743
72022961
14424219
45071871
62207553
81941906
54799354
64416198
89272891
39105142
39767134
25229852
23198076
20951641
70009562
70868517
8969513
49672920
17934871
14908357
32126933
74434514
51274402
34140631
50928756
22461904
89800269
31464622
2124706
65478154
69744218
29267497
9815408
4215938
80522518
69524980
82919016
15694211
6132687
64043039
87640691
299117
26953915
42579560
11982127
1820266
52933646
65794781
89279611
15233982
35367579
88236303
23505757
28812498
16073986
947758
1820822
5805739
51970405
44590833
37146370
47011904
38994980
12024052
11546923
46311930
44875917
359601
18303521
77567195
18572748
45061131
78566991
25133648
61379538
17920971
74524281
37699664
11910826
1043308
81978225
6555081
72162317
4041623
8475299
82001872
39227353
47479990
58909369
76692126
77329478
6605942
16948605
82933051
57398136
82920947
9492033
39042347
72036854
63492391
89250205
83689100
55415217
42129644
22342992
23679874
6010145
73480973
45971440
5355744
614616
59420226
88329783
61894069
36547895
32728934
23092503
52785228
41884137
33787051
41227145
84646428
39457806
24277659
54924642
90089414
10884093
36249642
40042143
78597754
79810799
47120561
42829732
31735343
36119499
20595644
67958435
654400
54349981
58284839
79009587
28970547
22872331
37084472
20285190
74012668
81094798
79555452
83291707
28971334
66062870
16949486
29721786
39618393
13393566
158623
50047271
4019963
28172468
64655207
17251646
48075455
11001062
22234087
35510533
35465098
37979288
81407221
83628439
25379433
35412508
41925115
80418982
39109664
27723299
30979739
62454585
33607088
85226207
66342221
89499549
26444477
3555920
11046786
61304746
81107227
62236156
57125689
77018318
51830638
53654145
85267560
84298547
47269588
55988424
25836937
23570284
12599855
45994713
23186948
16694076
86552845
85935441
30922867
48388703
65849835
36003532
86362365
34357540
40265354
44269924
78452762
36873355
84432319
20544255
4179057
4088909
82139143
75205169
63484383
39265716
6384556
10762760
58461609
5182928
43388569
70092225
383336
67639403
49691869
8985132
76021210
19647765
1569229
85169335
52276339
31492295
67471803
23576065
27638403
3391999
31571230
39392131
32694298
80343409
28655113
19223888
12338151
24357051
68820613
52721623
71054107
72935253
57624192
60103009
4799591
47482790
1883980
63131829
81868194
11527727
79149527
62585500
57621427
60326935
17697532
10183898
3853892
64079804
63738459
78496273
60947701
41477822
10737017
85204035
68005258
76031687
40653276
49866529
43552944
67618984
85347432
82684723
49619286
81875026
58219028
13401387
55864597
62089878
55715927
766318
44156301
18822592
44887967
28921153
56473043
43867729
18179063
87341245
74865727
22260637
49242879
47477291
63722565
24955331
44550758
18138728
13962367
44767917
36252722
32601846
17999698
75206030
24465695
17701523
7494053
67862775
47935461
55098279
17933577
18376959
27611975
86968772
52599549
1020238
82475715
40865423
40735627
86168427
19581989
27388436
30271697
24287548
74660158
45583836
82726589
90032842
53619631
71610522
26768218
51296693
79869776
72031800
49195601
46852920
60016063
42645774
49929198
11042126
8969928
2698429
56027410
8075361
76226682
11734126
50534612
86557289
2767058
85080816
37380353
85544442
24461903
74937862
31810960
74877316
82214206
82849692
63264624
74056563
63474371
26470043
73834716
33016855
83749362
6549827
68657347
48973937
15159470
28714393
45264716
72628191
88455373
25776908
47790750
79919394
8967068
55703797
30660559
7472617
42102537
52692492
35217105
39834587
82973656
20694893
83346317
79891268
19375321
18278205
221846
30457515
32970681
48768513
36093133
34775425
81640357
39942954
3709220
14264904
30509021
971432
24837441
8535978
16809840
82336954
49258835
1494451
85334885
68218068
43989136
2267949
41452461
14522212
28221895
3082388
1319572
65068112
61153046
60651430
75557524
41703334
66098007
69928881
57378157
86400180
12549829
48859077
9433933
74471413
79677464
21973042
74411592
32750487
31010768
15315389
68735694
71290768
47755315
83066935
8249231
10950548
45779679
38370073
13202639
53403783
13662967
12401767
61244213
19449712
84803424
77362268
56058802
69947827
57379052
8519079
76966247
9812040
59431614
77710891
59821
28410600
62695899
59096203
35748418
49970001
39293699
75918760
44525161
18288391
18770880
60129159
87997910
82625897
6190730
72534497
63893195
84463256
17848343
74131945
35124535
86589222
19983216
47539722
64715205
29050635
39337466
89505357
81485844
12504638
86748617
31213619
82912183
84459522
1286128
31563283
5444840
21005308
38631504
56129627
20540482
26394984
53938429
87197037
216325
83711100
36169778
80011251
49338721
2992746
35632353
77834813
3357641
62666206
8202256
65459849
19298416
8316452
74490364
50272225
19842455
74022720
29927491
32832524
79014682
70530821
83181780
21048838
72198451
12236520
2191198
5077069
26178658
41960954
51027259
10455075
34372379
33177031
25862522
61753908
71368730
44699772
51116181
9631417
43367790
71619429
81219485
59276191
78723997
72201269
1828358
77259932
85258039
49646671
39900745
57965843
70065995
52428884
341264
67121381
76307862
31963869
44299811
15723583
7588575
89583853
56326178
62868471
33541926
52896375
82371352
43220937
1331982
51230376
18661932
55825223
83145433
9018216
38931457
1464065
77193231
23915312
37359186
8775819
69830677
59205486
57624579
74678238
66371022
40111020
22821570
42067903
24375294
26449583
31131029
34970104
56041927
75163428
52230744
62054613
51564393
12624600
24559005
17240383
58334944
9643716
88627391
81681367
22074985
15016144
54354880
49901036
44334636
68403701
41401241
66886063
64568089
89247183
51856668
24303119
15735726
68105612
10936874
61138814
60657657
27701226
54472985
65720938
23599035
39606144
37495608
15807633
44539656
14915288
346617
48387202
59302356
73611247
27326487
43907574
42415133
57684804
8499794
49182198
3835612
23887683
15029395
40264970
73511457
55484680
85099870
26330537
7447955
54969273
6665829
85186719
4102190
14866841
28225330
7791402
66800112
4063944
87194641
67886079
27346557
16985371
21060714
15394781
31196114
41375308
35407780
64966560
53849192
56345736
34152802
35304267
40626227
31278340
26898725
28664544
48036725
30130597
1148332
12511237
32350706
82048988
56961389
68044413
19800354
5645010
82580386
89164034
66967387
70209270
46825365
11951776
76039258
51419031
51720626
37963179
59259741
69312044
30813757
18544925
87453134
2874462
8405542
83695308
54975240
68501753
8999836
35525488
69513515
9349344
27283472
36039918
43732258
51316379
75714028
20886321
10411247
12371116
23822293
55015611
84420013
67139959
31964774
19559703
82409290
72658583
78883046
40714816
53592535
27939295
81873008
75491451
19632847
11637414
56179096
933376
89238238
89900492
79975640
14957221
37350711
66217094
50575891
22845937
22388756
44826536
68797653
45645637
18201103
46932335
4534461
46343934
74980669
49556192
30926657
23178098
549672
50943751
49091809
68351084
80040072
51719218
19312355
18699471
12649176
56528604
82941361
55764641
34033405
85492171
36114955
14504773
43828338
5749355
44298285
48476744
26625432
21865318
22594800
62107170
43685290
45228269
87150902
51802571
30490144
51716531
64336289
22448588
61153680
69106216
49038729
42824225
39070041
34517376
7491735
28618160
22495199
69182815
1133309
19528632
41663833
30365600
41940113
67085219
69373923
22432967
25881944
36251887
49913652
67616531
46689893
82132720
86471750
35434371
59199907
8041556
80812852
66963698
63659860
90063080
30036175
86254978
35332490
82185506
12022177
10042545
8968475
2966567
27518981
61017710
49322144
46312239
32725302
19507145
41203275
14605660
44252940
29999037
79811995
58030933
71394782
82989147
4416437
59913818
44871520
63969834
34631696
62483397
36927523
49138507
54730590
38100670
74232801
6773569
54700655
80789235
54257188
38200766
25378048
52940367
9776032
11298622
5108964
18119642
65504206
11204237
25043665
76472007
30337880
68556473
35098120
83214589
38117627
12180228
25282121
54121748
27042311
57226814
7752807
70560478
65155707
29440645
55133640
65177191
42766381
16499889
36894811
73050446
9908358
14079425
47831402
81906391
36044417
84154728
83325977
79282200
52599982
28220817
22857511
18856915
30438846
22917892
57932468
55729504
56871542
58305308
46368941
28215458
63804731
50045787
87160463
71712141
76924264
38633751
9766004
41449560
78325156
22815385
25219044
89985593
49768633
53926675
88830414
47012218
13038369
36588784
37908313
15226691
88031971
90189619
51174448
46442967
37779975
71360784
81094188
28656084
66234202
86573155
12788620
82342591
63371523
48526712
61946137
35474704
32042220
77200619
87964141
60073188
44780377
43025993
1155178
2756415
22371930
33725254
80837530
88061679
38806814
37968694
35785867
23072628
52409644
70063665
37082404
9123891
76860207
84771034
87601089
74141612
23201631
54511909
1880077
27896819
88218117
74995519
19244188
62219033
13903866
44938147
58918009
42023961
2137687
57679925
83902511
24560251
66652065
42868835
33759436
87467811
75809051
55972203
76240224
43285752
64937082
42561371
83506428
2718595
61569402
14572804
53745158
85554813
56543793
17134559
80386255
25999084
61091652
46039666
3301023
43613530
24284084
72971709
48371451
49311061
81277861
41033676
81050816
50917879
57309785
68037233
11227586
32523299
62768746
33678853
31512949
62218487
52725594
68933624
20707062
47748214
48279012
18094223
76902183
12028333
46292908
15830213
22698060
89211747
21755582
2062939
66975704
46706648
81943848
7337775
58510245
11843606
73973892
84747208
21173916
24786486
77002112
67798734
72743975
550259
52686884
34312949
22995049
4977380
20654612
2612839
61096032
17734303
43534940
42555593
79580273
47331161
84324632
2118745
22236043
65298935
10369092
59637929
59930027
51583866
23613884
45496662
80919691
49187406
7745095
25108807
23776136
76451853
15111850
19914649
67805211
47709504
13658337
20382210
15614973
2920309
30811524
18540438
9887654
86453779
48480962
77461528
6578742
19025697
81999654
34331739
77102532
30518851
36024045
14433365
60914176
64676479
37751567
37294508
6894894
21543243
9996956
75595111
80380267
57652347
6256312
47423001
13578155
10738027
61304311
87324535
64766280
16091369
60309477
22676127
61358661
10938888
67195499
62497003
32173166
32964427
88557695
44152791
59854676
43081191
48415423
23619668
39265209
16208324
8781175
21549783
12896600
24078234
69338799
32957266
44074192
67251910
57852315
16503620
36221748
45212941
27015058
42090153
26466333
30854213
27214252
89111659
69015723
34231072
45672933
59753999
44843376
45476504
85987369
36235008
3815982
32207099
86572117
17715425
3311723
74952942
23944609
51672959
70254042
2086889
65354952
9054196
31030161
84372998
79738563
84381596
230232
67894470
86609525
9088299
33572114
64716805
43438726
9261724
79637697
196428
64016631
8608368
23144146
35263894
39912891
57834181
28895375
83352800
65504441
23372389
76432525
21857720
58051631
42683470
61306728
52715579
