#N=7300
5365973
31833473
31575799
39787618
45257042
19728068
22613329
33429238
21575293
14740170
42081300
32550433
33634410
49906688
34303724
9671541
7740743
49510458
34783568
50579142
38608137
36666640
24899269
49492903
16124774
48374238
16874133
34959250
6460587
46937951
6389050
18868356
2460039
11847731
17174289
11827803
14036382
23756767
44637939
42314861
34395761
8058220
51536710
39846477
42165944
676874
28177974
26335210
26785929
14000535
25679872
42405235
20541866
29815032
32618769
34455525
4507258
39109791
44453808
40882232
7071519
47831320
1694067
43922236
51101350
9301130
20479865
25011522
42651007
52463327
6661758
10432891
19182276
13453443
11668503
15830734
27180946
14177438
655338
37670695
46748670
11748448
9786465
1969949
25307774
9392586
5885325
16915027
32038272
49912489
1781772
16439283
50019971
8276545
23442371
41973435
35823732
37190146
34233372
32218115
49164659
46498316
52054389
3351542
39562498
13374673
15175396
5393859
36602377
4790498
27884229
7372328
39730674
16277487
49374625
8392747
30644314
9262837
31016863
15598989
53182519
46795228
8880520
23930143
25742814
2135833
7740063
3605616
3909095
3618664
33453727
45813116
6935817
1273323
41466147
50052247
45945905
26268506
30799630
29230048
18349824
27490350
11287704
47221535
38923174
2705395
30665885
15045325
9370319
105243
22602077
45135983
36936022
22628295
32073688
38020805
51516738
20005007
23441890
27269588
49972847
32180404
4346969
26057179
24501027
31081249
19252617
16715856
23802289
19192888
17942344
40301898
41857177
24465917
16555649
23877848
46625077
46444250
8326856
33407944
16459222
53263783
28945903
52205217
24401557
12068680
14578915
40130758
39205769
44551486
38806227
23915668
23562985
26555720
6804562
23668778
23162568
15943336
14657120
36790392
46509320
9360034
39629857
17979328
31130841
23401400
31434600
29100740
29985028
8353074
20345649
33427613
28862225
16877223
219909
154407
42036520
23317430
17208139
15290100
36872109
12250506
17111106
53184208
19276760
6744833
24895266
39662177
22724017
5297086
13044143
28529992
31519194
16228457
2428336
17913709
46706372
23081525
24638699
12441023
32780850
3468426
49091312
44591426
44014311
30192480
36236268
26746420
2328929
20841241
51468995
36977902
46263747
26249881
44172550
48788192
37310817
19598180
26618034
10077633
42951501
50105687
41985263
29489093
38695693
32636812
9158617
34265349
6184283
21170273
32523319
41479424
28627723
18898832
8355158
17267891
27863551
31278635
28567426
18641028
27867495
41102722
46095353
50765555
42229064
40457978
22170158
43116792
29936680
45685956
21382370
29346016
27293601
25232059
20330475
4430344
26452528
3871952
17625638
17994860
45832551
13624487
49007874
27243440
6918889
46250131
41990466
9222523
3411140
3348312
41719284
46275548
14757265
21520983
28595397
52402273
10521298
45657811
37618030
16474272
18392354
12033919
9015540
38746865
52069532
32342131
40094707
24341276
11329402
4001151
38160594
34472719
22589205
18641351
38542974
50986367
42838991
1235761
36676848
26309201
41881047
36081909
17680151
31528601
10999685
52111194
30667851
9930634
43149065
25584111
7458731
32935490
13254388
29963410
51942159
43611863
36896337
51977164
2064290
46030292
50585554
19519243
11813352
40776447
44975969
37307213
14309519
16529790
28528323
16478547
24512657
26236054
25082224
18858958
860750
1069051
8962129
5083740
2471902
10213575
28213331
30785322
50166939
38816133
8950680
15848603
4141180
44156046
17275217
35835047
50100547
9809107
43716883
27796140
26466927
28446179
24662498
13714580
7900740
2292269
44686324
5653699
25375303
39896781
25780436
11660618
51887149
14632162
46044018
40860189
13336636
5280805
37718250
50201944
34674953
18084635
51863387
21596134
9939107
7466110
45408165
22304407
52515789
31154312
19017250
28635955
36429046
22370229
22318257
2247041
46090574
20673151
49046872
29598293
3893239
11148274
18906601
26910568
1295526
40763212
3141939
32308301
23895853
19633615
51628558
13078819
24029136
6990884
45361578
3518308
8240322
14253852
19170764
39763442
10608874
12530629
6317697
34182005
29569655
17528714
22373778
16492281
32663519
37898598
10691691
30272672
25736356
47316998
23768629
38160833
32750967
52681933
33969744
10817034
11488087
7231281
36890850
20510828
52040563
31107725
37637544
37650489
19528586
22523743
33445744
29716869
36250975
4672591
27691835
28960982
748803
37765181
21684198
2390847
28045850
32548302
22387650
3459130
14566031
24376697
4191089
21933932
3787453
42622071
43099793
44267260
8480719
5783124
36163284
30273682
11579139
30997409
4204744
5695325
2156376
44656761
2025034
23173601
19807396
5810262
7276784
51647956
9719331
42425896
33293198
40470327
17982271
51300954
52558042
8515706
36472852
14859018
48007748
12810194
34141352
37316669
8103975
47380646
10087593
21049483
41952545
21767422
44724641
28721592
3670291
32272776
24849365
12098379
15896817
21449440
49380932
34024496
34238366
38422612
40327233
51165853
41202286
25350173
14828101
37699024
29681567
39546266
49891275
26574687
20589826
2644314
27229075
2938100
5428100
4203779
29614842
13230953
18097131
12451865
3872226
7455519
32259567
3399925
31891056
51045929
3094682
26841928
46987264
36362514
50510327
30860668
36337751
3503262
48958606
44455444
3691357
18990488
18956440
47246960
52635612
17651726
50506215
38908904
26613259
45487148
39396649
17162977
9358727
26525219
33482299
16355909
44738072
50387246
305243
5049128
4058665
20022168
29621601
32010204
15908371
47007065
35192062
45172308
15695513
45851726
25499004
9734397
19644877
1304714
12624353
13726708
6922075
5019067
15395862
9450282
36128421
28755038
36970678
8886425
50960756
52268662
16050666
39688944
8922188
49456683
44601135
25338461
19997405
35904537
12701750
24026063
47195160
42630337
35556912
5961115
42090457
40077898
12993652
21801776
10266247
7605286
51620847
50761794
22180647
2524432
25769604
43125603
31084283
585624
8719367
27155419
5940080
35767592
48377810
36873728
29459278
8696598
28520319
11854950
4592984
39245021
4352759
41234045
16423488
11362622
8851071
20288680
29811651
5388365
23470930
28678062
1308247
11690021
24992189
48228652
24730150
41067588
50289844
19812471
10529152
26241776
32067610
38239961
6308314
39681211
8353408
33487936
19987222
5158906
7502191
32532548
22821533
8873744
32382973
49424809
34840972
19346314
50107751
17017197
19963726
27664517
3685872
6369596
2843479
37214602
13822416
4917679
46422044
24048068
41034862
41462799
19933462
8270007
29886553
41993987
19693989
19078110
25985745
3338281
35627374
14512054
149575
42570333
27322773
28920267
15200666
33707383
15266196
38326842
13331324
13594130
40704646
19761271
8430788
51215801
6676166
5657955
17172818
20842852
4114606
48648463
11576246
47113084
41866018
10808442
31891850
32239316
52624345
27357298
19072314
8940649
40479282
40402916
27369667
9498997
29537679
46047433
20376059
1672066
13505804
46860054
5163342
5372453
28968712
18656440
34042983
1716922
1543349
37697964
9266606
10291523
22666052
16651412
31104842
25510310
27357706
4534551
29050609
6277303
40168017
31959399
34860983
46863893
26748845
50495843
42412939
27865613
48425237
26806005
49798725
24016959
33774950
2390509
24619471
43135398
17113091
12228627
45740317
44541826
15031911
45905195
48360290
13039350
5177314
26570290
49749702
36964010
33540143
50381211
24706321
9187732
21094162
248748
4450953
52173232
17954214
31490542
47240497
40291886
8914663
47408215
52687489
6523159
38567419
28274452
50685082
25861266
50486716
53125123
12065144
17876169
3321488
37673608
16579649
37386912
46320148
15252098
12257689
40236019
45170657
40341181
20620386
22210930
35584535
42134020
20816343
46835937
22575878
53122283
40894398
18275112
24724404
40296645
9128078
12706153
31077736
50849960
29679730
48494155
12397242
27681537
1296520
35108184
44643461
17211158
25129223
21967736
23371442
41090116
19615633
38843335
4756646
47659975
1394587
4632206
19558142
36867669
5941539
20184374
28397878
16481361
9147034
12018251
9218908
27451726
52200032
35873582
1046325
1998193
9791241
46462666
52211685
53258971
9978961
22675724
47129717
53212716
2352103
411715
36333470
41129267
37448747
16008048
28101833
33700527
51980668
15257375
8469790
5343786
11037340
32263235
23146060
50868916
13108220
26635327
26405401
50201839
41965949
23757268
18960117
9822271
36483705
29535960
22012861
25939854
20323621
46718002
16879246
30396445
32136576
36209029
28911042
19631828
33200989
12844457
25230737
9230489
4220035
29496556
51371334
29342033
35038622
49800734
24463515
32079990
37959379
18531741
47125330
48027285
40563563
42714157
3693018
10543851
9212339
28584860
24944216
5810783
30465034
33960217
1485403
12504748
18891648
16066584
10284699
23970500
24508030
49024181
27032763
44051611
10341542
1570600
4878517
2958632
11841355
5931774
38244661
5815701
47141786
4411172
44334267
30019712
33501818
28398159
1483243
19285164
14003434
44273999
4325380
17960285
30952177
1302427
18103657
48211148
7442162
14550518
12821345
33746420
38682639
25462163
39173093
7382910
43019245
14830351
33887579
21909262
27963597
33833489
14771435
17122074
40082963
15936108
28536468
30100262
30278333
26382853
14959784
49333149
13321822
18906561
15740236
51914638
9743873
3553139
35389803
26985742
29157880
40649182
47863328
31299729
51616527
40226350
42668939
21109983
40156755
54090
7137827
26725130
9634133
14718934
41875607
9982701
38947776
2153615
15140478
50118792
28944639
11936831
49476521
30580793
25046296
12187097
16524834
36048131
43568868
10624229
32412415
51148151
4916263
23520585
4514398
30506543
69595
5208456
29855764
29315232
43709958
8302500
38139524
52941433
29061159
39721991
10725831
4712592
42382585
19087255
16525879
51653847
2774143
53173032
29939566
42288165
37791838
21784213
3635716
45710717
5707965
24775438
9227360
27699721
23450990
15189550
16534387
39927972
14788499
21553264
44465709
6652133
48414950
14301141
4809208
24348567
50629407
7522184
4070321
44018739
32196720
32526455
37597888
13775978
15381194
24038961
1246056
45371121
16076248
32150279
36483357
47181853
17208056
9921418
27048942
36813019
401051
48271124
11345871
24019974
42311922
30164568
1842924
24066383
16961735
13170632
36161854
22494275
28615465
40717474
6420851
34304349
17145261
29442535
28413530
39183682
7962713
22385778
24771372
38068003
30825831
26561938
20132911
33685038
9520367
32067819
41350756
45554686
21842809
34471304
22177049
34129147
13202833
4555900
41194530
10351067
37845167
11327987
16073424
10194724
39455821
46151924
5890819
47135188
21479822
6027751
14412309
39068318
44849948
51499435
17935092
50430794
32925179
3948700
8217890
17255682
26108617
6879452
39261244
41003663
21268471
17621149
46224617
18735373
35884342
45750151
10161251
27650443
41045775
23211501
4303904
8204241
24672102
15746676
32722878
51585113
30351412
32086483
37016834
47709155
34457864
29869999
4806511
15669496
47013692
1338438
47168047
38394955
38900982
37523703
10662654
18416705
35026808
16358074
8574122
8233898
4704376
40239751
23346539
48725141
51829400
4440836
28771364
42260598
38685265
16520003
30451886
35932257
50918620
23030443
5496251
34671975
36146308
3468073
21791450
8618737
15727457
9644343
43615909
36367884
2496895
47594580
9842583
42676517
11653698
21624372
38177360
25152843
4293959
34789310
19953777
9568802
19045572
28134969
27692319
18636615
18891383
23305051
30436006
32130253
40174135
2028178
12880525
43411179
41030617
12147107
34176437
48533181
23031056
11904936
26525301
28993987
35940882
41508211
4499157
2384463
33214021
19271658
5199066
48015158
15743738
7702416
51050091
16292565
25127193
20270876
41490610
40051131
36420917
28407827
35133336
12646564
30171170
733418
9234742
45787436
4999659
38155108
22007880
9920677
29254055
38307091
24494830
49440027
24177798
1111107
50475398
1082471
3527920
13380257
12848674
15334781
51748832
30779215
28091955
38366063
37139960
13082783
4917795
39657961
14120265
50283526
3411821
37673735
49023760
40253243
39663164
48368983
8901053
36990790
1309455
48987637
30012901
23383723
52254630
38978934
50873188
37095140
4117405
4076747
30805034
35359460
40532826
13382769
46929256
15009172
33448267
13365607
14846126
23807878
52129747
29736531
1259766
16448579
13894178
16538385
47235798
2672374
9653135
29087024
22861497
31215733
50023008
6917574
41684144
31043097
50745137
9390048
6290106
22047946
16833921
17422265
41720204
25523654
49108110
49447257
16046654
9640389
14525860
38399596
22548112
51564776
31725960
604989
38386390
11221804
6885250
18148773
33100878
47611011
32354017
31827530
5415197
34863519
25346046
32294096
24752991
28697191
45846127
42157841
33617742
44600268
37487764
45562948
9476999
39467721
50805005
46820667
2975884
32134693
6673635
21943123
13178385
20504156
9603347
20237617
47294534
28447848
1678364
17156956
42195814
50780499
22365092
26411102
25994135
49938855
2331576
35885151
48369450
1245859
20553685
3938402
35123269
13903650
10641551
31829941
52375445
34553919
40147032
34322762
18956308
2053087
28223384
8824376
42383231
34445500
34442860
30137578
39542035
4187866
10675471
31668320
40669971
25716238
39963133
5992592
17453013
1085717
15331465
7024654
35296199
22533643
46586852
19176936
14818206
45261240
7566517
18052683
15597611
38093945
6099377
26015539
12959857
9661492
27671517
28129260
48193466
46138602
19462107
23757323
32691504
842841
7588794
50560987
8263224
1471023
43951128
26311967
34963127
8681430
13727803
16119263
7715436
17209220
11610419
12649131
29663629
22762573
27836913
5465680
25134088
12321493
51634023
714204
14758027
50706524
8667153
40319751
29330706
18619265
32052136
51304126
45869618
22001379
6609859
51124866
35681504
35269697
12584164
18843864
16849602
12402191
20392452
10949913
40835592
4731454
38102219
24197949
50918486
31399028
23005265
40303491
50853466
16811107
7930659
43611885
37259426
43337889
24151222
47200189
41923256
25934365
44694267
48034752
39609876
24630162
1134309
16837640
34303703
181973
14335020
21783297
40740208
15660998
26137695
32521251
7102969
22586798
17076291
26498602
33835563
6194158
48256440
7241581
32841682
17882771
35344271
5942845
17298240
51506858
2505922
47178505
39614490
20064104
9494050
38655844
6210067
16835944
18386227
28404014
12731766
51964023
11529210
24102565
24441637
3550896
15444959
49777975
4634843
10882133
47415771
42477590
42526084
30373669
25187311
42782445
584530
37127413
3436923
39293344
27775976
51615426
37684455
16842254
13854037
45948106
20269616
46979661
4104178
35595813
16874804
4512809
43405994
7978313
8657605
27953662
14799661
4562826
2362204
15447254
37529658
17042101
17290279
53033640
45672747
3943505
39345522
30464795
9351437
20995105
1608889
26817330
37761389
7619956
49862638
36047985
4437535
37963804
30104857
52881370
8073426
24780099
11738811
15452332
9062260
4094779
41475066
52642407
36206777
1203711
14040583
37786019
40542963
29230381
29571725
15207952
47882069
34234025
44739513
51707715
52407325
9872541
30244693
17597012
3182421
27782442
5943128
4846165
45773986
21208366
3736166
45911095
15717838
7644032
43150875
25593462
37061611
40271355
1195431
14304366
13950748
693810
24097901
25335011
34638313
48627701
39642047
12057962
51000308
34866972
21463022
34810313
6690119
18345859
11653884
14219864
35298457
618370
1109999
53152891
5490527
11975742
18643828
6007984
39756029
2879520
24398031
22757245
26320606
501621
43496465
4499345
19345498
28760201
38982965
38463959
13511001
4775075
6478547
16189995
44060461
3117163
39040037
45760256
52221011
26919122
13109864
35435566
48417843
5017865
50392671
52772544
41393321
15764308
34899954
16998784
29848914
39780018
48434389
37704869
34446124
30619872
18806381
50055148
15249200
34207890
31985411
13204614
29888223
3361384
30439958
51590205
20069761
28004523
48534000
16785444
31791279
23975607
926503
48935300
32798153
34628362
33756197
40278145
1799002
11003544
37738004
8027653
5333894
17814516
18898488
274584
15370672
37888492
18069736
17928194
20203275
44507635
36054656
31588018
52465231
18319043
18939813
3284317
49503245
40442001
31742549
52029588
7061062
19588142
31062711
45810008
48712968
22752653
18423749
47061350
21553258
19923487
42419165
20942918
2443844
34299997
35494848
13326086
33568825
42735710
35163538
41905257
45332405
33619221
28531813
49180914
37989407
31787813
40715377
13357265
49264547
28038015
20966877
14541054
24165174
8310058
43269867
1651618
17083002
51790263
20525792
610340
17479643
8119168
1331677
5001365
16614780
46049139
47336157
44953568
13286913
1544317
29257052
49441491
11513422
50034000
24349145
24632142
51696875
12677362
45680389
34723492
3872840
12656819
24561188
38397164
7110663
44769605
50299435
16472662
50194227
12406624
15162271
28361886
7387995
8572539
10955209
40834821
32762226
8385447
15696516
17135422
5914502
32513053
25092346
40171281
51627126
27555391
32241754
16973383
24688129
48907178
26045912
34649285
21429763
33081584
3981337
43928002
10458985
37892810
17193999
21832341
20902237
6589732
17406676
19843175
44983921
18453370
25138305
15626804
2470944
52357072
7926684
19033222
50059536
13420562
7929527
34653743
2867262
52508185
6811079
5922452
43361022
46254328
46551556
46675370
38506207
19378527
26734003
41916645
16990573
26487875
4425665
1059061
30779419
14836914
10588478
29357117
15982426
41954842
23583727
36727723
2297536
10389730
26987302
15405793
10553300
24594951
27842664
12828418
25030770
29730359
12660896
12569260
7748121
27173029
19941366
49879563
18271562
16129736
37490980
15931512
48998456
5472359
6354191
17305910
52144489
37807245
5773390
48428311
39657306
29077605
25624029
2775351
53126430
18275959
40853130
51014883
52854182
13995912
167521
28345118
37865846
1371475
45917895
11158559
8901467
3811630
28272191
18223658
36304889
47902229
25460929
47576154
6617871
21836946
11532520
19599785
14033547
45869393
38687890
36881955
45124784
23231678
31095830
2111547
18711778
42740825
50847362
40392672
29420067
14679654
35717224
26707286
45760009
4699872
52059977
6561417
36680350
49543571
46052730
42018735
41284358
3623982
36043634
2901693
23687007
34836735
50085504
30441593
16628217
15456212
5786125
43013237
4519900
4238612
4554186
31609107
13320758
52051316
20559056
18596389
22209645
46900960
43820918
1792199
21309523
18400014
13798688
47951615
8259213
5022354
21858709
38382664
33226976
1206899
21989798
46535414
34092126
34629291
24655468
26904981
26819920
17431120
38459051
42084402
6801462
21676479
26933659
48014370
29841670
26948097
43949080
36301054
25591437
25420903
41283512
42531516
10140801
24659941
41976514
23166549
40968987
20651810
32276474
39981563
36288382
3244115
37763554
7187144
23692979
23107956
41735931
38025519
26513266
32666180
31034351
12077093
45124809
53275563
19948898
9424224
17240268
18528176
10901149
52233529
15280102
32507179
555002
40264253
36980955
21324704
6773683
987424
247036
44915967
18101617
29101237
48724745
14655598
18741214
38957460
49884691
24953359
22874776
30319780
40831371
46932397
45418196
51584193
36035295
17304329
51813076
18296739
3248074
47567579
51678527
28305850
48816224
48403906
49374177
51877139
36961276
31031325
36175808
24435799
12074830
3446019
10360023
9767284
33944516
9671462
31966292
35448518
5596
29232380
785192
5130786
10897102
43997475
53061118
33622163
14056255
20129104
19908213
28232225
14634963
19158229
48105281
50229086
11442630
34226460
15701331
28409085
34840103
48613397
29959384
2307545
38675112
16572169
31090993
14379605
25549474
2733911
50546934
10758417
34218886
10077718
5359669
30564939
29941220
48815621
13713950
39114030
21377749
16633592
49300553
17695878
23599207
29762429
50411362
52207154
52676357
36261543
51739702
32532558
25821893
13387215
24506553
40179114
6906302
28357082
33006280
30674665
37688634
40469216
5398748
3653947
49310107
9834049
32734597
6710797
43321480
12963966
43103478
3681871
46324386
35421731
36458124
40565662
30376073
14149819
467452
20143799
26323258
38352487
23909613
38932779
22364520
49439472
23056442
45405246
6552056
45827064
25275917
34034687
44449110
48854700
40092959
42599309
35686178
35654238
16897320
2233215
19929581
23565355
20513748
21642332
5045658
22308305
2691817
10232273
3710168
15404966
12117794
40680480
31871574
27760142
31759945
46132883
5481023
30519379
20129329
41690978
1377954
29711218
9825336
17733409
29052130
20322328
41585597
49336570
15724657
46621966
35009468
14170857
18519696
51495443
34834123
48103386
34481745
40576852
51404480
32203297
52707000
241260
8920535
39028692
38162727
17124174
41887161
17080046
29141425
43708112
31865642
52818154
16542696
5386615
29437812
33005560
4597671
48253632
14327102
17437407
43985877
36804026
32626735
39589919
32897306
47547272
49988907
18162055
3753459
13756826
23282762
13678308
31252142
7679969
13025139
21082681
3866357
51469050
38504405
29613272
27165416
42362634
23380341
52710744
788944
50357789
18678458
3043872
20151363
46696685
38100673
4395958
19790327
963071
42891013
30618859
43793812
52115688
48169294
43365152
35794685
31486401
16536777
26053069
3813612
14846090
35868277
27543086
24303633
49431771
6232930
43628281
4167297
42196161
34032286
51035073
46090034
41155382
34116808
15755405
26906357
53021209
30678553
5055076
10459260
44065326
35739566
16312268
16321003
16682892
26828375
25625223
27672789
17574295
43474793
45444135
6426064
39726506
21310155
33965353
7858081
33210378
25479603
22305833
49396128
46166904
32801873
46218237
30132633
50269207
38366852
37734889
42561949
2496835
22605511
10030600
27744322
34940281
42773893
43985781
42300104
25137688
51324039
51402263
27031838
3748287
24133979
25750712
47752033
3983385
24369358
1435855
52987858
32602699
5387568
19061499
31917879
35822666
7851384
45687745
7707258
51753625
15129377
48414957
28042514
3548838
36430315
37048542
45930178
17636205
8545350
44187841
13989458
47575752
43151892
1281126
25169862
36034202
17264961
8909785
4285528
45056660
49338288
33926359
684820
22854903
11210115
39520135
43999016
25271368
46441975
28465909
23711111
27464147
27868250
44283972
10908660
18794110
44386800
1742337
3646747
30143207
16919557
28591939
38289497
23001298
53189774
32143685
31748674
25498302
12861498
39532778
6965447
42366993
38599852
14454685
48029495
1822354
8961768
31416715
1560257
34861436
597659
48600747
16555487
9074139
15780780
25049931
31030971
30127201
706387
44228416
7737317
47208260
44575774
6145812
7136232
27691471
19282187
45505897
34416463
23784506
16816534
45800762
10221105
36777497
21376525
16612780
262097
43273941
30819055
22133119
34189557
44813521
32819967
44795556
47216777
1537186
24343544
40092556
22389884
22671736
15536250
1591505
40072028
16884303
2747232
14920336
9158616
48787682
44572971
41905702
29447008
33329037
40307845
46898326
52399008
31392585
1677333
31418979
24967992
1889142
5196759
42684001
50886745
47166389
20452012
7124221
32437303
17555416
40439914
36681986
35889708
14535555
52134274
25151692
7725687
7249551
39520974
36426523
35224282
27127541
17481465
35838683
34220030
8915259
7814600
20980029
22308201
15671798
42105827
35573991
4292398
27203979
22231989
43762524
14729085
18780204
35857916
49045318
50839316
41787967
431320
10738016
6809868
7478330
1514326
40472773
25315270
12393432
34828666
15269206
8791119
8566205
43907691
13240000
2490666
45432802
48047811
40024211
27263008
30785456
29225610
13819875
12474894
3451784
23788216
18973768
37114497
47359950
11207604
40101300
34978099
46242991
25107297
35510704
35453061
5004502
5644107
25929671
19485921
26262460
24651516
48841120
21959147
51764890
34365798
15756456
34053402
17262355
10798600
29326740
34194170
25773826
43321660
46791126
35510896
29718267
23649772
50303197
28265459
34138222
30877611
52757396
26673538
35986403
29866597
9523389
38808582
48555255
17161763
23934802
20186921
42060235
30358929
6202691
17711487
17103443
4957855
20610270
52241794
908382
39295081
40693044
43552930
13603393
39024962
38497700
17336416
5395158
35309194
28798064
7464683
10774815
38774407
17150149
50467822
50484950
8245234
14873780
44251942
28391529
9459480
13984229
24348747
13255486
17128444
12984825
34035258
19933081
50488798
11548749
10645453
25691687
17551690
20938838
49556978
49513412
3188505
4421960
51220475
40417987
5907265
6198142
13596994
41579457
8904915
35594042
6233008
33143705
5414299
46151321
19926390
12087602
50145786
27247530
48393836
13078971
15786028
22486509
25171236
24797110
9880667
5590222
45308318
37211886
17750333
7728625
51582938
31944127
51804696
45022333
42704601
17617808
13176835
47176560
35346449
29051210
30179743
29255296
29100923
9210305
49295535
8562468
16983767
52950423
11461501
41790935
41197736
6872526
12605841
35464621
48662401
41842390
41129890
37579692
38918949
1689813
9213930
22444213
5123134
50070495
47729105
11411648
51444968
37415626
16996817
6091153
15833895
36853046
33249761
36422063
45516539
12228720
50390967
44366440
11752687
4588975
29185094
21616722
27383733
24053452
47624732
11082709
18807048
2033684
28365762
16474736
12450287
28317044
28005108
47001487
14509135
26197087
47704832
45353814
21581731
49317380
26131393
48585440
44626508
36904649
39321097
17033706
476032
45801992
15181346
6019573
46378851
21015249
43165599
16301024
21130012
45591048
51890556
2332312
5467005
48718
41759629
18738801
29691516
17691629
15180263
22445322
4615356
14271059
19222421
42169899
20574480
5110351
9264343
43476409
52312225
46809106
1852360
10340067
15306749
10049705
16143974
30077826
53175238
50864552
33584077
18797700
2717650
51841838
13862684
2611812
39530810
39951608
3558538
7246194
13076272
909203
19106508
31619066
9580187
29995678
32905556
30388072
6088127
15745238
41624049
4565764
47385965
45092656
47486094
1112530
10164467
34453031
49783750
50261146
10740509
50915848
4935016
105838
28194635
43084685
52343275
32284616
26875335
2649334
4023294
34747207
7212624
4994438
14597118
32482116
23907550
17160317
4647630
1522363
37532882
49821394
26253279
46273434
50811796
13033063
20502389
29076930
39596129
52157902
45326130
10634671
38604821
15140332
1052564
49200020
16209349
49693940
44144930
45418129
11320318
52318856
36033697
28020509
34376889
50726801
43718093
38268795
48801044
8116237
44442692
7143056
14893206
13220216
41654653
21734866
42610542
21634488
37040800
28961458
29436689
46069406
25465715
42694801
52220983
4648624
20938698
39964829
967229
45116074
25268039
36589809
17941967
1190504
186024
11991701
17809365
51485464
9709711
4251595
46513032
31222476
34662012
9041947
39783283
20020165
577674
29532692
45487799
6855002
19379350
2625496
47138424
20817091
21756103
28139762
19565003
29112625
30580398
17667421
43057715
24077535
52287393
21833874
52554747
17874168
18165598
13557770
4972432
47660844
38763192
64691
44729194
14641847
8464273
26134198
43705974
47012673
26036950
42862303
28890187
51852260
34159394
18998662
1252088
8527086
13442972
1897582
1938518
6502862
34553636
37107449
40696397
34413225
3668275
38996977
12901736
39678363
43968187
20791349
2931650
24121345
44890419
34478603
40109481
30625209
15980856
843671
34006094
27474690
8702909
9891525
13193779
41515916
5555690
52644507
6588568
22823717
36517554
18121070
19096466
16024019
33439173
17583028
21511489
33163521
48318790
7993995
36746713
19846842
29190931
21743047
53185472
30148817
34381355
1859417
12502723
41796167
45430762
24114569
14280911
36360602
4335835
13839273
34927348
51905581
32010560
4351106
19610859
36377143
565504
1513438
47802531
275652
38437846
13517494
49706808
28471948
47976673
15003666
35834979
14925721
3245300
13919662
17646094
45875189
25602264
4271762
27515256
9070160
19778734
16325245
1433254
21603862
51002322
46459850
32294722
11517025
3785601
33981028
41864612
289852
16365593
34285037
3858845
25849506
34714430
34703142
45926970
33050951
27641973
37798925
50569628
10660112
4201006
29257939
18359933
16532104
37783029
27073618
23520513
51464872
34496532
8263405
42599141
2078903
5267855
14197302
22942414
3495749
17615435
7579575
12314615
6399694
15454215
22445703
33212537
1663478
22944777
24011653
35771324
32865469
49481527
37195297
8183787
40958903
7358518
7169922
8895198
39608158
45867087
15257108
8865731
48301237
18879158
44285447
32426490
1772106
49871867
15362839
7064742
27099349
8008967
43158912
42360766
13790737
15384534
9200884
35065763
5962916
43703735
14459635
40565289
8522624
45720387
1013865
47947312
21040361
14592836
46928091
30742426
13449458
49667951
33753893
15874746
32990660
47703580
32947259
47997364
22772518
23237479
33079439
622191
47508231
27774378
33159881
47898582
25305226
34670758
20606128
34571235
35181111
37912857
39551424
13865312
24680026
2304636
16902829
43587935
1143378
50550141
12872141
50864712
32560899
39340314
52101096
38283296
24931062
9709780
30801533
38033935
44902857
5305061
36635918
52899650
2469151
51779124
27292454
6617599
15373255
51866880
48309812
21315798
13232831
37246788
12846091
50265699
1161258
19642688
30715794
3568667
33872850
26821828
14647224
10161210
14409252
4984923
7481763
2780734
33980532
25496472
17281625
45293208
18719517
38146795
41490804
11735160
52289476
44599182
11597788
47347458
1227656
26946632
8469707
16257132
51969138
9087011
19549905
50882592
39059839
19777574
4805050
39595248
28296184
9662301
2679447
27512125
24294392
51158899
1382717
4570932
22660563
32424830
19686012
6984357
1740927
50181622
137372
4942018
5965133
534764
38877751
38260525
44151103
15266304
12590835
1086546
23317173
15655938
8671148
15348199
7364998
48432750
36915800
784058
1251517
20694157
26129408
35607068
28498336
38131496
768528
15676206
30683903
22794390
6846984
12682516
6810096
15486216
19354268
20994609
25557270
39495055
41553297
43064557
45239132
50224898
45705398
23852582
24174548
13528399
47606007
6580940
9774839
32105251
27944651
18934450
45485821
3881520
50722148
12822130
7447592
31264138
24712829
18001387
15984294
7244376
46618249
1699095
43218947
49032822
48614920
35782714
47545924
44618400
13242766
37270158
41933958
48060607
29536575
17593608
19637168
15500756
31926289
6723997
39909431
39946739
21502303
32663691
49723928
19458009
3992909
42736206
31163452
17468453
40556747
30168806
17315429
50875427
6374176
23319841
17370506
19880128
38423555
26159374
2684442
18472160
7733582
24340350
44307047
14035819
1550926
12913171
44764934
7863158
38511694
7245740
43512812
2044294
44554390
6987722
41584558
39814456
18063067
16878254
16036632
42971320
23794630
9879196
49388529
2377656
38186287
44501133
17195685
19951395
18425791
31634093
43338722
46987764
38673031
31393876
38444494
9571376
43575085
37519194
17640347
36467400
31864959
36525090
29633345
4739933
4808262
40589912
39661432
28381748
8967231
6157436
9466399
37300582
40866518
4887395
38471971
18234892
41958950
38851593
45786281
40611636
8844670
27828454
8543269
29101655
41108791
16808908
45221030
7107685
5654235
50288866
22717663
43008633
31716827
42333434
34252110
45600123
31622680
33503996
34798956
40840258
34464527
4579004
52118612
22631626
32102054
52910379
25738611
17230921
45890531
33841435
32068367
33033016
40009664
7617969
53054233
34001106
11154673
10815772
273629
31819210
18572038
33674230
24640131
2000312
26594361
748113
26684775
6666030
14923077
30219952
42011647
11832901
41650558
15091840
50183015
30754741
7019848
7780784
38452555
28741123
47121772
24450398
49152391
6008557
49753296
42238461
49611085
48509072
8127342
19889400
23062687
16571726
22963477
23892018
44489146
19928331
1708644
49754823
33827992
3090176
4453002
42803414
14939886
10895817
8071992
4995838
45592186
47452334
13949013
29885765
32878732
3706821
43870710
6913930
9687473
1244224
49994727
29721685
41329993
7439223
12809531
52460670
25372581
3035146
22183374
10617930
1983946
14502075
45301821
6908186
41440291
46847185
50615030
25827656
34477240
13909658
44336825
31590029
14573602
26125800
1898663
41848410
47309349
42626486
26092812
49139397
29087840
42555503
32795762
42159324
35356643
9774385
46160904
30638259
16934807
23564906
18606110
48365761
26351785
14338244
25466764
15612634
28253553
36705372
50664440
18770819
52626057
34094633
29691366
41898801
32106452
28445786
15755597
14053559
13538645
36827310
16343635
40218517
23082468
23021377
11882028
20601992
46129578
22595997
27915757
21859047
50503122
20151474
38782605
26622759
39374691
42051393
34121803
9482734
53252923
32453414
42369454
26610864
1988181
17129188
26143203
33936500
14907140
48101896
50999925
26610129
29628449
9205866
28336489
18364084
46065407
42576031
8569843
24270531
41266484
7764283
52250051
39763971
34066783
12614819
45790956
29891957
4682078
17551997
36286889
42525667
30465233
25240266
467661
37225290
18105655
47214916
36226576
41587012
34357055
4387665
51563640
11264365
16430460
1644066
25677849
21794876
17193155
805560
41194089
17386121
26987500
39635231
47263015
20058434
23816349
44122567
9488675
31330020
40376765
26930231
42058006
9123551
7134610
22426354
998713
45692252
12857861
31838911
43313373
23092690
41247206
12513181
1470123
10519192
37740912
40755897
49774395
53097034
27108060
1558858
39296715
22812674
31702490
3140448
26453367
8369937
19629410
35848445
42562015
31253214
19795621
35515260
24008445
30615967
9568493
22449803
2378879
43055172
6475312
30800191
37506174
46611622
28062270
29887835
29918405
527485
13647837
48215537
29683927
4295386
39029977
36156267
12242915
39216160
52684646
43894923
19097923
4259804
31936432
22930363
7244768
42469654
25946767
1558642
44120696
19803322
31858099
24868688
21432605
13153691
2737921
23501947
32576825
43418393
16239998
34992869
24133559
9352450
25069168
46817661
7936079
53103817
52645229
37521601
20118237
11018449
11958491
12051168
50305037
5350385
50273597
21569734
51638959
6143445
38874152
19252008
14254324
34588016
38014375
51220659
33866867
12609529
7261949
50873957
35168442
22771155
25807308
30605898
17299979
25255352
10056040
23704479
32985580
4220387
41446718
23950676
29887021
6608105
15067572
44618910
22885035
6723759
51869191
32386951
45179121
4286136
50411241
16323666
721149
25404846
6552316
36282911
46614696
374402
25066648
4562543
5471176
16435564
36433466
46885500
45559772
21719260
51431370
24918512
43506975
34838612
8883104
1151718
52896679
24227421
46039720
43788085
14834638
47583055
51149318
44739063
19448595
40890003
25654958
17728239
32080151
6177914
11216262
4645759
48193226
24514692
37302686
27759285
24165793
14714206
48744131
36524868
47385894
32476366
16035408
4948864
51115542
539290
8401999
24992201
9392783
14340272
8522375
39269184
44018068
10259315
19084105
1720356
24693459
19477043
6511976
27434392
27158297
2585178
36516682
20433941
348899
22588480
48188763
3524532
20618313
32151373
20489460
5030637
34650824
31379725
12430472
42006949
7030115
47351728
16469826
23413599
39495813
51553060
20185079
4891319
1449464
15490669
48498380
50549068
8202354
19810406
6801317
6724355
2236279
13928202
41418787
12707974
1970167
16037390
52208681
31471284
50790549
42399736
8483772
8527483
24349610
18368745
25537122
36906517
7855915
34090375
19112128
50488101
12697203
20578018
9682940
4190396
7288315
28687974
43747751
17361607
33457734
8756723
18595569
5411913
11958035
25381397
13789294
39672492
34420449
9808945
22987511
42263066
18050126
43405028
52163970
3326701
10512830
44736748
33677997
26541422
21393171
51824111
40805161
8506807
13289703
50168574
29616254
5810316
11113848
34991028
52056039
28045821
12682295
46504172
44912619
41459152
6844556
3980349
16684980
45447384
45048820
48756092
5982704
30607033
32892197
7427221
38822313
53145017
39227185
35143887
1619869
28769972
38534408
6520195
48064161
23362995
39054726
47915227
7044278
36358027
38192340
5551866
36423203
24513144
2253223
3525877
24774172
14687172
28105138
37102497
2058287
30325395
15863895
51845483
7668328
48920789
37373645
3678426
14118755
10457212
49899480
48389675
49879420
31055021
20755469
148934
16318717
18580307
25606495
17376019
15818432
13679196
19182251
48780934
15622580
40856052
44594347
3555283
28512493
51069744
37122210
3502805
38540675
20233106
30355446
3989902
50685642
26916433
22952555
19019081
29751401
34728067
43517813
49730486
14736304
18058770
43716048
14826305
2761874
11927298
14077376
20327499
13940224
31616200
20070194
12067297
12343559
46814604
35606682
40893296
28412677
16889103
26437360
34550773
38721073
3439013
50210956
31666561
13048639
4108096
28791268
33310916
19991763
41342651
21898046
15793606
15296896
31788749
16632537
35724376
13870682
35751177
16140913
1872927
19272641
26545591
45634224
40623872
34285534
18717578
14455936
47151905
47341639
38881955
223425
7054511
6273981
46102860
18758901
33027724
37406334
40738618
11412870
20081764
41929363
5992904
52451070
32862521
33801675
34171360
35467071
11997754
32362144
42885322
9528704
47822378
8143665
42800253
26167936
40423630
40549548
44747590
46928480
40287128
32607973
7410566
4179218
26536258
24580134
31310283
21614853
33208177
14692863
21303574
20920695
24950450
25481230
34163318
50685451
21803921
17692824
45871749
18352658
37829767
50625265
35902060
21654442
36893644
18134313
50593955
46785150
262420
12139616
39517914
36107909
6071715
52004041
42042544
20805013
44661957
32501028
16194887
12287482
43032414
11705952
2640985
27555000
3677309
16470494
20697309
19334871
33153057
11130092
51624207
32058933
13731621
17767746
24350488
43398494
17871893
1047945
7267236
33328119
6067901
3397481
9948973
1150310
7342083
25425124
4610125
48258083
42758614
20372543
25530105
31361022
8028643
39460492
6857690
226046
52491045
9567217
36884273
16977732
50688471
33856460
7708445
39506736
15779461
39186150
36131258
37833775
48270045
19753362
39262754
20801199
49345399
407457
49830185
28257609
35956510
121190
22727977
11397592
12343900
39359614
24503332
23686205
2853054
50580474
16631774
35513313
28052355
18911420
9269286
27065343
18076999
21812296
3375477
31235687
6799713
32261504
14454629
43352453
23697964
1448903
24261015
21087789
17740948
49708995
21413240
40442526
41067290
36658364
40184261
4541303
36506560
43096467
7054431
20629742
38411727
13603961
26244027
16870619
834421
3340598
23689866
40131313
30896190
40287582
32664666
16737261
8563539
28889333
34975046
18493783
36997956
27842020
15558157
30588422
8641705
38044877
258265
52409595
16035412
12971402
13370480
15876818
4684740
46740470
10269323
37424715
28653148
38787036
46470754
13993108
25734409
52575892
23350255
30042537
31724043
3775332
50935823
5953364
45181378
7133026
2935625
22293142
19200315
46686889
30330157
25405719
37893073
3170471
39039114
158594
8286662
19920011
21491103
36433633
33970930
24772287
44243962
14660040
28936235
9778470
6526461
11575479
20851849
35458531
32396715
41654286
11883955
6396404
3017739
38771844
41222711
25422345
45252986
9678204
24677424
43043293
39656605
37734479
48173810
35002711
31957492
41026637
1832689
12602423
45479672
35194498
49126053
50349100
8133579
33244364
42216621
40241539
32468765
48371172
23574575
41883918
38636547
26402112
18463694
46769003
9402466
47428115
744920
2209692
23311600
40232946
10753091
20537502
21660595
7147173
33170022
19355068
48836966
19928192
32649979
11014180
27060919
31765297
24016086
37065649
775598
47135450
16666963
43874848
25618232
13056071
39303832
45157545
32883254
24325580
46024082
23076381
24116515
29685583
44746602
2774098
18572351
19489526
40657480
2305526
11600208
29125438
2588697
416392
8750881
884682
40288095
43285271
30989698
30170637
36282293
10190751
21517218
3610892
20454623
33750688
49346425
14978252
52423464
9806873
209065
32222107
31619780
37226025
11113231
41140684
31290226
16266825
7889318
27415650
15600437
27067423
20374557
1704014
13418298
18755611
39068593
10117458
7002977
20798947
24537027
32671401
5619736
3650138
23438076
21359979
50500833
39539552
14769187
36084964
47360702
32156649
21108876
43769096
5935798
10730014
49134974
3874576
16549995
49995503
7041092
13896423
13649125
17502554
15925422
19184448
11752633
34153254
1464039
43505185
31062819
20886889
9233325
37549758
6439306
53072132
6590791
14415868
8062458
35902539
30859696
3591605
42104458
26262469
10517730
17944830
10063627
15023079
50123485
2653572
52229986
5422146
13854608
10348284
5749921
50945777
17720409
37421057
18974043
33867151
34271860
46803062
30331191
25334801
30958966
7907045
7603281
39861861
52729781
4470853
9681689
20480835
8957483
40043236
16198842
11378259
21111346
7410054
31966701
7294946
4682572
41881702
15555833
16198832
45917876
21618865
47855342
37143259
19032804
25460982
19419568
8937059
15844095
22424145
33615128
6980713
24350873
3132428
46063780
48132554
11396977
38812061
4281992
13462832
34815498
24672396
32701558
13816400
18611090
43375000
45029114
41773741
49253827
47226969
37517098
24658224
18469668
22394360
17723691
10095745
25500494
12879030
44495539
24746990
13956880
30482700
14206934
45391928
7619058
23135326
43850561
51224146
19880171
48783205
34051275
20999098
6061305
5210166
37960895
46010958
47411174
51092146
4256642
40479210
44640908
31006346
6934533
24257531
12777474
20728269
18890207
753504
52212151
29896447
10540055
37738560
22863642
6955216
1541367
9684913
19138763
10950964
33056479
52171073
42721900
44724717
52211812
29223956
11088992
40158750
41754316
22815572
22334845
42423905
33544677
20383377
34112480
2089872
21250932
12023969
37689726
42283761
6097057
30357199
7032805
3584839
52080801
13178728
3700060
43880404
45802043
20257691
37402673
4215370
15842869
29381552
33635724
12053062
40759641
4157028
17823904
15214018
42560895
17835076
24195033
47338413
15016053
22088510
33573754
32257172
21810520
7332527
35250956
2512217
31566398
47144077
53174780
8200397
36550294
52615978
22361339
4180280
4414822
8021121
23869646
19673414
4505519
29478696
10112766
25545622
30769742
15872436
6902593
11106090
2819022
2106523
29648267
36048882
16161598
26241227
50296217
19298303
44939738
41396879
2627438
39249609
26477391
16442409
1722666
48253621
48201156
14340218
33600635
625015
19399210
10274558
9560648
32249897
14592562
47530330
18643029
19663652
13053414
4796070
34747824
35943749
1828533
19290648
39042666
50153296
50475098
8899337
32554472
5690129
30803096
2068637
37526942
47397379
21531254
3266056
14652986
10169748
10824616
39209684
44354368
40439313
48971997
31203927
13606868
48218911
50360524
13846959
799436
46283274
18851145
31340784
50191083
4965238
22105551
46026937
33482431
44784969
47269850
46369443
37336795
36695718
33827384
50144494
32744392
27245114
45731441
44616911
19105381
23675303
43527688
29034049
26832445
16636694
50017011
53049909
10013082
4077250
10879422
22748653
49382191
13885907
9235233
20047754
40656415
46494191
52047087
2996596
7448173
10574132
12542059
3075909
3951325
6582270
4413052
4011089
8139733
37939746
16972831
5954940
12726466
42774601
48190646
27072537
6623612
45939761
4764094
3148037
7985060
50283516
13513420
45218045
42403100
31914651
21290668
253426
1639624
41472955
43744537
20255872
6622807
5959789
51952858
15823844
14326145
35646915
40328259
18068401
25213280
43371838
26937902
38943930
36150989
2250885
22308443
3475575
37954701
7770578
42924618
31940624
23764024
50772378
23927377
42149674
46158634
33107714
25682498
34673753
50733756
37784748
37476623
44088964
7517252
32189550
28785585
49547745
10433635
12840029
44420499
39559351
7220849
24687017
16635487
32675413
17586185
14537864
13840958
21897685
53180163
8035848
8013247
50787959
20497351
44109664
32350784
11484881
51547567
3781358
13080738
6644792
30267495
5287072
15303378
11259508
21755915
31829164
21010853
24164285
21502787
35617090
22923864
27835437
7100831
17981230
18834455
11572108
30531310
21688718
13884438
18275812
40828497
17193584
18437175
9012470
8445705
28569426
14287750
7496382
26803863
7793666
44631414
19007987
52704766
52647823
6132263
50881630
10326377
38683764
1240421
9550958
28516259
20826241
9000982
11412331
40739921
13029344
50977671
12255497
34150222
12574462
53128638
47699635
24631487
43157750
10608328
949323
17649170
6494084
32038576
23679484
24262508
45273592
12875724
1823136
42321446
36622108
49641209
16659026
26051113
49587789
549976
32987536
49259929
49261638
13724660
28484424
32169123
996816
28300468
2334195
41232976
9970888
37091307
39565772
41392187
4114243
38084355
9853294
51405185
40054985
10803760
22439372
18835754
45427225
5471928
25662419
10570995
15937028
16109050
8947185
16211468
4578339
19262875
20775505
32976123
28611452
16067564
45718536
13053841
18329579
18532889
17550812
37752310
48860671
1481416
47422501
5999059
13912978
52339534
44849420
37102838
18666536
16967444
46463336
34856230
5418508
9553369
17507418
15609168
27414319
42974310
48725964
40775825
6535031
4707941
40547587
15557610
51027985
27185647
11386637
49750878
38845826
16069395
43619809
42861612
3452046
48372968
30323248
30100141
33672998
27881976
6523110
37100307
27432544
36909966
33232420
5692948
51312659
43706716
20173205
39928495
52322887
44018023
16111845
44267422
22853564
13361940
20054581
17160715
4223429
48607243
6131069
49274215
28500957
48536842
28421972
26641906
14699970
2441272
39460638
12456298
16333039
38786753
19751495
21739596
38887308
5409311
38809744
27267772
44673830
29445183
23816649
8055465
37048066
2749905
24212841
5692849
25022119
40620947
11029646
24122822
20106285
26767835
20852243
1859051
33836872
41864308
3064875
18127279
39398233
16557493
45994804
47883444
53189446
30225792
52103461
11619535
14025482
25248169
3451123
36618365
45687117
36950352
37132625
31355217
46901395
52765503
10546811
899296
20514661
37551811
3270579
34130842
46220964
48161544
14677784
15709593
2466074
39797383
41306084
7398397
16658048
31652620
11663590
4163517
32083918
26855292
8168412
30697117
32851052
35674380
52775741
14331900
43338957
250730
36692013
46002099
48134449
26285001
13512325
2267427
7214455
8399035
19453058
30511371
8289077
28170402
43577117
48357678
23139334
9653464
49024808
28378139
15452310
38098299
49285106
1386800
47294241
41667641
31211377
34402760
45625423
15118618
46813496
50626859
21289889
10407012
48373381
45867022
34954153
20996898
51987978
29993085
109958
44572657
2817861
29105008
20914675
33923653
52622871
10644803
10084762
26810117
32383034
14065509
44094059
23501072
39349032
28775089
49332219
16092758
40879265
48288565
9712337
36406483
18137086
28712868
28742860
43260091
9762651
20844676
20886939
7415321
43058832
40178559
39541589
22184209
29772138
10269872
39722498
41696362
31551770
11902861
36006059
24765569
28006478
31202578
27458854
23256274
3779432
1043654
22264029
4472781
46035087
34289469
23547231
44050603
34833825
23781792
22373152
2347330
31075845
49881989
37047341
36758230
10406421
29271717
51635320
3959384
32008102
27819637
21573911
6786201
37186384
20687089
50596716
20633812
27423146
42298808
992244
52596651
24182176
3858168
50099159
1984483
52745645
53055440
37561059
32486495
45995948
25781164
34473598
10201222
39475567
7775623
1006518
22330645
50553616
23815682
51559082
41105509
43923254
886822
9479486
32436180
46553944
24181515
19641567
44000103
18116632
13017684
2497492
22197692
4402523
12927326
33597033
20259150
7059492
11779895
13896505
35794725
2189204
42581582
25078312
33028530
10512008
30480837
39945172
25331714
33182429
50672260
31626023
27370682
23506487
1181578
28678220
2553840
6064883
6623883
41502611
11802548
8615161
5453774
4484267
37433374
5867834
37700745
22246253
24554768
9590691
40488531
10716413
38334283
32069574
10481083
46373358
38470295
13182016
5156520
9589299
21695354
27165773
30444445
51982463
20952646
48406696
37937945
14341230
10145943
51298723
51932445
7318280
40355396
52875941
35957131
15187120
34603067
28110054
50931331
13838354
40430016
8418957
16118938
45250926
46889280
50589068
3810445
44764604
7370269
31280748
32434855
23002892
22096734
51211357
29928125
6611416
38260753
39929223
31582394
18711270
26826935
14940112
40534758
25168275
18272874
7847076
33429398
20764712
40970039
5105980
13603024
11062698
14819678
34703479
4034088
18008284
5812405
41703305
12329749
37657378
9184014
34513498
46364768
15485318
28834212
5882510
44202630
35433091
13102288
32525890
31466513
17542267
49957239
32687682
7622485
50798162
36050646
44207026
23045296
45790948
43576303
32189545
7028610
12695002
28891074
31504391
5678535
21445028
32519291
31106251
7176218
46988696
21562894
3075865
40456297
9284729
46070222
27560348
3966578
11443629
35858652
52068832
25803390
52449077
12520643
16705460
27752866
6143306
630723
44145752
38762338
30881300
19182079
44697828
7016467
7446045
14868708
27862284
30152418
38820596
25426965
4100353
22416007
28161773
10295643
12895949
5318151
34626593
44991696
21071355
1523846
52583184
2141795
9097930
24696211
22260945
31958345
52780723
20670969
38923031
40847280
47354511
23864833
11736034
45712728
32444184
46467236
29338113
18318927
26052065
16404588
13148799
9688317
9520058
22843622
28959051
37077861
130404
48986355
8292120
34813167
8309524
27886972
33170851
46313194
41089097
1589976
46325314
11933442
26606459
15058198
44994854
17525391
7304257
34442407
16374615
30008864
20415170
12933524
5170128
32247356
22768138
43595178
34019267
41615806
38596826
49146305
28785741
34490845
3270438
49578757
1642316
15286330
40087876
47464482
53277881
45039263
28273518
47150724
36112197
24964676
23637549
26436055
1150776
30585393
14027236
19324698
24838736
4051422
6048994
30748559
14111696
34442333
20881959
38162963
28713673
19989589
8469474
48380593
32848529
41274108
9490881
7467835
31182058
10932221
19190964
6127157
24810674
3308842
39396782
9676141
39697508
46342157
12408819
50999686
21630265
9975814
13275704
9973785
5823334
24896662
9866599
29238734
21612268
892370
45577097
33623081
40431061
20485366
38889712
41264302
10092050
51848661
4160479
25054901
2005155
15882121
35903983
15134532
32784943
46344626
50557323
4581429
40595500
18316613
37723982
11656479
20036088
4262649
107186
45758209
3284394
24857837
36951637
3872795
29634918
40975339
10616977
15050367
10393316
2924659
37103823
38327149
12437113
41568358
5034526
2754230
52270787
42849358
17867210
28203514
21632734
48124318
36031056
28939020
51570526
33461333
27432901
43451488
978255
44422958
24690179
15295207
11106526
49266299
46545819
14584551
30582022
23575926
31236545
25356168
43777547
11419072
49176231
9682882
42587572
15475169
38177021
24067273
37100231
23032892
8056066
45983715
12437400
2569723
17389727
24002646
48366686
52183552
18761308
1566655
49200039
28713881
22039389
49811976
34567885
38853501
36638007
5225854
33088380
35701080
45353545
49978272
22121501
33701062
40679470
34403907
47548546
31027737
16011207
7000124
26479100
21369951
28593988
41724755
23376646
34379783
5241337
46800030
2983513
5931035
32817267
52678064
10029604
52359497
13173968
29342030
21648729
16820535
29045918
52283716
13579579
11652483
25182410
3601201
39442517
9651733
34276308
3142029
20432245
10524864
31696137
38044345
13876913
10097812
52367026
29866616
31396270
15193910
29866371
19479057
11785039
49631378
2097703
33977574
30710768
49643434
296112
38538621
19124563
17393435
42984914
25861986
25499967
15530677
38498502
52184096
5103096
39635052
40619500
35677900
49937952
21598325
1560927
53183905
31991543
53056724
245
27800821
3408870
33524994
33264962
31097466
18920610
5744269
33681462
8055755
46402479
52076286
11437315
9146185
45183469
27454236
3247092
42489480
26311189
14747057
27448203
22715196
42987101
19021175
50000581
12637654
5490390
17677812
53183660
20074330
49647853
19765252
10419466
41485013
14604384
27520693
50706005
26748463
12631791
50778784
49908440
53139901
6892817
37273080
5899093
18577597
17026655
4383642
30924884
3595993
25049957
8427028
41888224
46233055
29414393
48206376
12743995
1299668
21319960
33418408
9654863
24046448
5160868
36188774
44069009
3739529
30772509
53217221
46013631
28665499
6479574
28518968
47240808
41605221
36130033
17399059
3536320
29314270
32623686
22497856
30881377
47990511
48186243
9565456
49372668
28114725
26886416
32615587
44934805
13157120
28257540
42639698
33267439
17304947
21299873
44141789
11015898
2107010
9331254
33378271
50598300
18164353
45678936
29841749
662508
6815763
658980
34328465
14316500
516783
27601614
21315921
14501451
20071518
51852648
16757080
52353529
13729296
4358047
18178715
49063289
10952593
37223433
5009258
22172656
19192862
50694142
46811236
20682319
44456902
40989335
20756551
33385453
38863173
45066376
35507652
8382870
142197
6726851
46290580
1898940
23413704
38636882
51034371
36891598
38123352
12399033
50058421
33839616
46695454
50128891
6647638
4663545
18030570
7605117
28651421
51800544
6237240
21705509
15809376
26955056
2126162
44863783
13761409
46363911
7517786
28780801
31265899
51533257
52486756
7653698
20038178
39812107
513530
38635338
2716784
20167344
34877188
53219531
43075586
42031909
32098321
52332522
45185733
19520027
17251484
6945912
51874775
32572185
35462955
24235594
29077255
24935860
53229605
38270609
15098011
9274530
29584046
23612201
47378687
12674649
23023776
34692841
52978930
33636187
19641758
2787254
46265367
46135279
37004818
44033065
12729784
12578293
35081037
38239821
36818861
37969300
40656566
27639181
19378538
10527095
40179598
6690253
9837848
43955075
8686563
7369418
15185843
32793005
16472033
28569454
28869327
42677590
15051083
50191676
3254428
42680087
34956045
2232302
33405495
24426524
24835635
27779964
44933041
12995345
13466863
9179679
34474370
30129471
40749584
28571892
16572854
12108131
51293691
2468430
44652839
45067167
6780992
2499997
3923677
27084444
13518371
31967652
39423162
41544604
31119238
1022126
9274592
10529521
46570275
21509138
32783484
27723898
30196709
51636970
31810975
36627393
21720096
21786086
29440224
44525061
30568202
14104424
20745292
6226523
11571046
4746449
3737097
32986549
42271626
25246026
40951283
41147376
16732022
994643
48153620
20589717
7741851
3649062
31036038
34729985
44602430
50320123
49202924
9452924
45800482
10024889
23070776
30485035
44507884
15335800
39663377
40225287
18416986
31882451
18373034
47758106
31648432
31781072
45325266
17007858
8514004
2550247
8877364
12025912
46542792
44504558
42843680
42185475
12336633
49889524
38817062
51033113
20403249
1771641
2265756
15315446
18807006
7734976
6705266
20166205
12802422
23664534
37735860
39832489
234019
39881963
2432839
14640573
23267068
42775019
24014102
12371699
25181064
17662807
22472233
4357317
48051533
8837764
3368413
14593520
45369883
52929028
11360964
5087802
36254636
47820781
24493788
14524408
10816161
36330733
35720346
42143542
23430515
13737505
37399649
1477053
16614895
12947821
6510079
26778976
33477563
22234903
43189467
20823747
22901275
29518076
16872511
49341620
16757882
19612994
3232556
40282080
32558000
32713792
33884015
21730228
37004619
41453055
32094063
37846228
28783826
37866449
4743893
21953461
50412610
24451828
48256975
5719527
48643867
158783
36879510
28537424
52623629
13671391
3951235
42733263
12760194
13143125
46109064
45649411
40344995
39692372
6398065
10827772
11592781
8314568
5519772
52448392
28552837
47517615
33102335
6830365
40743839
49465674
26986487
7286690
29097961
10691799
22130018
35990051
825155
23208119
24586188
25773974
911197
6691718
49914200
36284392
26088131
6416692
39251346
45400831
43983199
13967105
21191607
12434389
48935340
11292158
19346057
21722472
6773776
52810270
33133879
49340757
20367712
32178296
1040280
8991518
25750252
52211900
11403863
28341182
22296922
17894470
45033383
33800414
49777195
43497508
50323047
49860909
31607101
41167849
40092831
47432418
34205374
9899449
46378333
27212868
4518382
35709396
41878594
26606628
48326165
16839191
10894083
11376194
6428044
2118381
13471263
13292678
29914978
46799393
52481408
4380116
37290884
1535875
36767368
15799894
27774014
25038806
9768078
58291
22846083
30193382
1054085
6992506
21264675
26552544
38624275
31201755
3266839
40923011
31596152
36949971
26294755
8775702
13788539
46425367
41377012
19961870
29984879
41418470
9508509
50945533
36786357
37374598
42935469
11728562
6031816
27715723
18076331
32864697
52294207
15853577
24812314
43675149
21658232
43352921
23285705
13584872
15489210
19606869
14628256
38704058
39045039
33159389
36572298
47116670
32324096
15842150
10453361
32329347
4632113
41307520
23893671
25057795
47226390
15219746
9535839
26457120
28711516
18106362
23935990
24502666
47485346
50633002
20389444
23956968
43747319
3678836
52246617
30075153
49735438
50642476
18015368
45218370
835293
36613756
52546917
15878357
11210037
38319449
8435675
48747927
47371131
24557533
31405564
20769270
39798231
7313085
2521129
20092458
23911017
42476597
4113222
39411986
6885683
32594215
25000352
13672166
23117007
1604141
27943393
20400676
12400790
50575221
8555061
840544
25403718
14227467
7442681
31635719
44238319
53051751
17342363
26601861
38049303
39976087
18248140
19705772
36692069
29218141
31862844
37789032
35590914
40692615
14411634
9097125
25360816
23396211
39018774
2716331
5086959
46541781
27729222
11560246
25171502
47617595
9281470
9651607
23279149
7680931
14293356
17636457
15002448
30656277
8353721
34227138
3284018
4913607
3726536
52193038
46917227
7053837
39261006
42377397
31215407
6899031
23368352
22644485
18309252
8360601
44160717
9410321
37253886
33401628
2278775
15519895
24338445
17484147
48648251
5642692
45968483
52810688
25166344
49948919
27372259
19323721
46384210
20264589
11286381
49962700
28815640
20423438
45012039
48245583
19009045
8570921
41879780
30891359
31773769
24782539
24396715
26642697
7131545
21733991
9063183
678236
36045253
34579361
24805665
11721171
49649956
11903172
25438429
5842623
19448316
22991278
8037340
49711511
44738950
6746551
20834269
49743666
17298000
36441117
6365803
41407687
30087153
32980849
6494643
21014680
17650993
18546332
17579514
22336917
38978739
43657430
29162572
24324082
38219406
28786100
2166349
6400940
8338464
2447151
13688890
23026806
31542329
17174397
44760850
10878892
42738551
37683152
43377863
29180314
6353964
42558563
34913044
9072473
15329855
3831919
19318774
48604077
32857594
43095692
46464346
30538265
21321632
16260079
38041340
31818465
36331244
53009199
8595658
38601659
24194823
49804494
47439564
36547045
27725847
7077698
20791030
13558237
47212796
819300
10150878
50571491
27228707
31081125
5637307
35899387
40147933
45396690
2139730
18202937
21774060
46087875
45786925
42793168
49102444
38322142
39106415
51019586
28814375
12081165
7045702
3531386
22078647
2955473
15756015
30051217
29038510
19971730
19290967
49931306
42764201
32359754
7527791
7212928
6816799
29414226
33759657
21944996
23622630
25225464
41589621
48154501
12869039
7464783
3686752
51372858
9507767
42908858
6567491
41166597
43292519
4090229
3658979
7911037
27206964
49074286
26643858
48280813
46381137
40221214
42403515
35551273
25542954
31403566
42626880
755411
21675203
8534192
49528984
28758130
28240033
34124838
7061355
14786181
51247017
14067895
44805367
37514779
52906340
2477262
101224
51265089
46056874
7874694
50440788
48099759
2693148
39712644
5877298
26713472
14678260
26883557
46214394
40671151
25611970
49976295
4516428
46207074
33584160
31287754
37580383
13453852
36167822
46283461
39154423
29615846
30335163
42328105
7161
17524859
25593997
45516531
16707909
51247115
5181546
10728144
4816068
29269677
25034384
48167350
49672686
43180718
1271586
49528100
36154722
32694897
16392135
42402283
24510299
36013916
48409933
44586922
43473038
22435584
31831906
50116318
29608684
12810304
16734108
7780631
16700558
43520490
2928592
5979765
46431047
29201869
1577367
25822326
48770600
51027275
46895764
144586
7025995
21866690
49019572
9636047
24068206
49551828
9875958
33213377
45830879
25974349
28638624
46646720
8710507
19021601
49265818
37711661
11993354
26503619
20735647
10720793
12973051
27016723
20286005
36492329
49604878
3840093
48100171
11219620
44001280
25029074
20298623
13273556
13682091
52757745
15643696
6738437
3720949
37191610
4574753
15067766
33147449
25500631
13264510
24288847
7028247
22762199
32859621
1272561
29414176
47008925
6318395
45654331
46585454
16445912
4275765
38385258
29012422
23071097
6804605
30727723
27230590
20830879
13513468
22827262
11630402
31742087
2163684
4536791
19927769
48247731
17686864
8858602
18472384
43792312
7312834
21639293
46638024
39140697
10837774
52933454
16307079
43162484
3972172
8200196
40723491
34494669
47464260
51574699
11724115
39263727
33097863
4403328
25084084
50944990
20663578
7093611
11814318
23089562
2733535
11069167
45658955
27184552
17429376
12716698
13037896
21462137
10801519
46994571
22833618
20965291
11554888
23990491
2438992
22767504
14025936
5032400
38654162
8200533
34360444
7320787
30063251
35442874
52913358
17990473
39130672
13457624
20243684
16628759
46604216
28838983
46929792
32942256
30030264
11850846
1915179
19333326
51918520
5719836
35439682
14726735
18526298
4670992
9964554
13290200
53286951
5825403
23961957
31333375
47310891
52207570
23581037
12072778
12195810
39455734
13630396
38385521
36027017
44694702
22988968
13661959
14692327
50962553
46910685
10696937
13222327
12078950
37183645
53075392
40483539
46652298
4762181
21119706
4674041
4139151
5211851
21953576
27688121
25044387
23635945
35238113
2605367
37415304
14325989
27100290
19312324
22225695
31280161
38248666
45885982
25316415
20041275
3995390
333833
50715343
42686901
29320544
40769020
43821347
48313211
35247441
41978257
623030
15907854
51894074
45624638
33457465
14201239
8333616
38322628
39510642
20912123
44678685
33986588
7983902
11703737
50237267
29629714
5963745
18207391
41890592
40866190
38499541
30482097
24303290
25829930
52155555
34297333
5521579
17726698
47690181
19339586
5967791
24172000
35740390
37692835
37291022
11018444
27980598
40711494
9527551
21407662
28811829
48858556
52922929
31644189
5739992
32029876
3622729
18387556
32997851
11408495
16562900
28553218
47500151
5889564
20308351
34428856
39897153
2065601
11758907
23518181
36889197
21564957
2764586
40605554
25595845
49869529
17374501
22456544
27783272
29842604
37658341
50457641
43118564
20893053
43905067
40642437
14915633
45504235
17708263
20328240
17198344
26556944
24128475
13071295
19282412
18242750
38553557
16378972
18466405
6077558
36637202
12167251
11852720
6185058
39114660
3139301
37969864
3415505
681810
46499240
40014041
16765288
22436182
18359735
21861027
51690833
38817781
10471001
28305891
7034927
49489766
4127049
7274531
5885725
43691347
18787048
15659953
48359606
33031770
22182762
47514839
46335752
42226199
8713419
37388803
35699155
18341098
44760625
16691465
37206523
39946666
37537914
10787869
24035350
48715562
11390026
23384942
47666462
14271236
24178841
53050397
6197647
29609311
4371091
6109380
11215348
39045279
46767192
844767
2579626
49130171
1395027
24830557
6527044
43662321
45918178
19007689
50308184
20697567
48327160
42302262
15911316
42112352
52687843
650408
16932708
13002398
52496101
47906066
23957196
10453138
11272913
88267
18393963
18615813
12632189
10370581
36465652
13520628
15333347
31039070
5196734
11022707
48085987
40809356
9237745
41104219
39854138
8005922
4786251
6214808
42904419
31144516
41063252
2279052
1444307
22316643
4928810
42042963
36633153
23868929
7942783
45947101
40746078
8023381
51323769
14995169
10920842
21310190
24207502
4310640
52126692
17677379
17668570
6981768
16838826
1231822
36317967
33639330
34275112
26931736
18441557
3218974
29700208
18746608
50640243
12691345
1567098
34349881
49983788
43976053
52296460
53209402
10506939
25750909
50392540
30013579
6671274
22493809
22473499
6530123
2525678
45144923
16722161
16436747
23953802
36489497
36130319
9386231
15197773
46939745
13115136
15578556
5868732
17008863
33063118
32173969
31881165
10881046
51227030
12657994
33469113
26545550
2816862
33783361
34963243
43782339
23423688
16024759
35851739
30618576
5691570
39378932
21191121
33522665
49480037
14567571
37175332
42480575
12154703
15502824
41071013
11989880
35805439
42868372
1011306
22182071
34236940
19223171
30701934
40565088
9841132
15569360
7465915
28208132
26243280
34822092
23814208
46095113
10333188
49762808
25311063
25458906
5782503
6623550
49637334
6999462
18296476
37556115
17293170
16048430
32987386
51492642
10978574
29506976
24515040
35078135
44770138
9555460
25265647
31016181
48982780
50806609
42616081
25933824
4393924
49321776
24488903
43225009
36667658
757890
6573912
18687512
29111573
52073042
4210682
27964826
5589900
18131653
4568729
19090529
5069856
19364018
42861210
45074048
38026838
30843188
25696096
13753957
13862680
27749039
4283708
23048956
46412685
9177912
17328529
30342524
12654118
39614621
36651097
33863753
24936317
7790871
14476830
17030355
9076749
39369030
39279705
39789372
28945405
38494712
45402928
13285809
50510788
27901630
35261560
24272881
16980507
51237057
25353856
6697332
50509963
10989404
5720427
16070161
49813795
46887516
46981428
47963974
30561912
44743834
19386923
7905962
14597730
28397801
46924259
38460986
26307232
784992
10270052
15659596
3867532
17501298
47197858
26237907
26804730
37314503
