#N=11000
18780507
40377319
10050107
19212133
50843795
109365012
38095306
73655143
29894415
103379677
2973381
89253328
113261514
32802644
55295630
16210054
46372721
43603394
26031410
57303167
29455369
53556899
326136
86357012
36522231
59886996
116377098
70088965
107928101
110045013
41496645
90052005
110533525
21685095
102116828
67672283
48954227
55715630
70681761
31124718
80601794
60654368
33957698
66535090
107429924
102175866
111178645
110069555
14148025
62958142
26460660
64098358
17034668
30922771
60463545
56916896
72958895
96815715
28592320
17876096
89995119
110295181
78418808
42861242
63214499
46401198
87474152
17829508
65597467
100511024
118167021
104550335
74224445
22265462
76356446
118360370
88027841
17704133
53092524
71049668
45923473
116537890
94118444
81117773
78963877
54131460
118808207
55082799
6820596
39297140
29940919
47133877
16564311
32017610
45870720
45384991
71287362
77446759
20662488
51530763
26286578
65385189
118677520
46347706
24721252
58652313
34751475
16978172
92780660
57554635
67414855
85805701
37574013
9470613
52793196
114364709
47310864
79511067
25141879
50170349
113216459
88406940
91746788
92179321
51213879
58907592
115206134
110240230
51160181
45760930
23336874
70422503
40663936
60025207
102079862
7743080
56355283
98196841
40046948
6974959
110464253
57944242
2496135
13692935
52643380
63765760
89222829
118140516
87294609
27218570
48907192
111520769
6676691
32839196
67456818
61973650
7747411
69445204
56386986
71221309
5096993
84311668
58826272
2404486
3669923
3883021
88696133
49380324
78216218
72586337
94962455
96771318
95784493
59730376
45470106
55502865
66954782
31487889
38716953
66257471
20541878
16067996
13547580
65703042
115575416
119011615
96070295
27009733
64348210
93075319
102878668
93176138
50125374
54943251
34708354
75289600
16150433
106593427
44901500
102444901
97801845
35232079
51301212
40281628
83259225
104465848
107269542
697311
101429642
113132588
22193520
75838837
111976212
15535966
90632748
88565683
54663405
93478607
45131066
61655703
12433574
17419047
27951413
95835775
38792817
49114928
120871730
4189163
8791582
9669421
51143689
27003847
42456485
37318995
23495716
82561914
93519837
115136955
68987421
25590805
1156375
6657554
106206089
23410529
51356192
87637772
12918247
83491332
50528662
118195650
33704290
37597800
99626230
69320116
95964046
4087284
40323346
111202309
74045475
72271366
57696567
104308325
3508130
80894572
64799159
29358762
13574492
67929032
83464210
31813497
40384716
68229477
45784993
109051948
100975913
88864860
37109110
15722598
49787042
12930862
18569419
54867805
32117385
65022576
28996769
75245368
51041809
89051981
53505741
90737151
68763235
67285626
39509166
64632999
67320079
87353758
36378183
72244626
27544315
15234733
76512134
21816399
88253564
77920134
71942838
54736945
8561448
114661878
118153179
115919238
71297108
44030474
116354666
77872018
13980767
60944789
21739626
50788289
110772377
76703746
51227985
94613867
120965548
42639039
28254816
85559084
59809442
21143450
86216123
96211547
17464799
119592001
70873562
3000249
38842316
47764590
57583767
13642210
12848400
43606335
90048203
114425091
30049707
55409877
25616021
53676109
40656043
66035881
120560304
16158510
46221829
8588946
66359050
35406464
73313227
97594997
89826592
84597896
94162281
87624122
25337984
14464550
50233315
113592603
66416483
25200105
4399820
104461062
14077638
19423309
13556628
34638325
88809070
97373599
105237465
50063771
23599435
24497533
19814052
111971358
40283090
101298996
25759350
59247684
36063503
79198962
3432716
2202469
59259912
79697731
37390807
2229012
69048068
115516841
78676412
52439051
101606098
105976512
90904434
100439314
21097870
6666660
19884491
8228929
43257793
80739932
30249718
32628078
74698073
8998687
55695638
102035407
34719123
37044019
55814968
33861033
19939050
44734986
55295293
26514529
101133293
12357597
14036231
107092648
104394374
93699901
82534618
1166784
54362271
53721403
50038453
12868941
53892498
60144559
98979211
10629715
96525490
111734662
67416071
93662667
95279565
18651619
15704069
91341720
107588600
11079982
69049371
114424521
34085323
42937696
102961929
84524276
119446855
41336330
24558029
103227590
8821260
119296846
41611962
41493330
90312536
110893894
34889731
12746413
54102700
77728180
64213644
2862823
16455096
48764452
47442227
94421476
1546650
4624087
112775980
114164079
67478289
26111674
101946223
40044678
44490842
61625599
59966247
16219265
1998700
116744815
31099258
88327931
28984309
21201698
97087230
47049753
56791194
47645181
69532769
51239877
61273084
15449192
45904226
43033621
47217802
42818140
72129126
98866202
27629429
86664306
12217856
27433611
72104463
40320624
70562062
28271577
29110528
64221432
75603638
4154400
87760506
9897559
81724332
72418187
85410505
49442048
98516985
5551316
107372098
23567207
95819282
108723093
89231390
93569717
61388126
38835231
105672342
75948451
86648346
195817
105043474
92897233
47355180
43832885
101693726
6340629
43151570
24956128
97460927
65706078
12913699
105825950
45487055
32282283
64384833
49342819
32553581
74949777
215665
89132636
55335818
2249564
16818597
19879789
78381006
106439675
73186886
105476524
91904978
84234743
43324268
30694218
81687138
41014551
681315
76737598
29879703
98445493
102526059
82118608
20219023
101631417
41441117
86627867
90212333
110435056
49127153
33904576
110097590
118966102
41797668
4939658
14352189
31378923
37176534
63388113
105018328
79435773
62152256
30694390
93031236
92793348
30012903
4949539
11134848
113719454
64695170
38244725
78226469
894642
40677491
24074787
101902714
52006061
37500713
25791387
90821097
20644682
82590538
74641562
104613913
10418745
88763125
41447707
16844226
48224392
1235856
74323938
107404538
59842539
91165117
57565327
81658500
37293450
61254370
63373753
4976614
63800527
118567235
23635312
19991929
109671431
107574075
45594957
51668595
107339662
64200850
106663166
37030770
72171793
106878438
63166206
84058150
10022363
9695480
63520289
61819855
31876948
73642451
19322841
99184040
53871667
117310957
108768377
1800466
118453844
65806519
71824933
43808598
8895804
37061238
64880603
27486465
234413
102394108
66005430
39792521
82512688
120784729
94864565
109113643
66339705
22954355
111021492
69202509
98818533
80361468
42497014
53692908
19770784
113495515
80899294
21554831
119857114
42961858
20459163
44128875
56910715
34763695
69411626
71892969
6310455
83486496
82481036
81441892
110365051
35704332
35411587
63882675
23928654
71910210
88575782
118137197
45135823
143654
26705495
14609255
60590684
19485129
93793615
88699584
114638402
7421066
1095667
45211869
107051143
76179099
95717250
75501377
28453240
76408761
110411934
45868563
63605076
16260333
15513935
46482375
11775678
84501378
65790524
26791458
26774387
88432128
91431702
10198
30036601
97703996
41815640
92891100
116330359
55856179
57087547
38910163
21369923
15400199
39978250
1033396
47725858
19308488
86089443
73068308
103287316
63635231
120838259
17122700
94968286
52012558
71175482
105984221
57726991
98358397
25843387
117247820
27879157
84211336
79194558
58145501
71857268
106959462
5287183
46903826
3969886
41687347
119931914
110820158
88674342
20669761
35943954
65141181
6504803
112937843
73230050
86164616
59150576
68825700
36430849
109984065
115285568
93817085
49624464
30962802
39962870
62632051
38053261
90733656
102837699
62718727
22341948
115437072
72473206
84599837
47971913
104633360
43496636
68745782
74876204
114016791
14164958
13489741
112911132
10823818
53787267
94887980
19217396
70166511
74540133
63613765
29843231
53806396
23337845
77476044
83393171
70229215
80794353
65818165
68391708
77884258
111245522
28225742
67465159
88839847
10586830
69709762
29757156
50479846
54580824
30870092
1105659
93824771
80702475
108506783
112606422
74104387
110831478
46087262
9806910
111217367
40275920
42850818
91413226
43592261
117681692
17575006
92321137
2910095
75572643
40165966
10419099
22405675
108122542
88239028
28566321
81106985
15128938
89370694
18857817
51239683
71167618
104082508
102218350
97081719
118675305
36002790
64297476
120614112
96294973
57439723
19804141
87167290
46169127
73838219
72271124
114771597
32485994
52155171
113490997
53166968
22527055
12663702
84322985
117499188
42593720
60195627
31732798
54372885
108686707
35775310
70021334
95085900
106407203
35699190
2267872
88544824
60707817
97341384
70293600
99611314
11270596
66965923
14896165
21881161
10835855
110599584
1280600
100319027
120111747
70310925
89843983
26027868
91069983
114610989
85766389
78704465
72508921
116957489
105351552
13600806
50368107
34322144
62301658
108346010
95991373
25926489
18251224
51580134
55554417
93811308
84715149
110389436
56130067
25296582
20600561
31516829
80971468
51969676
10475043
94083879
100240943
65716625
30745109
102849148
42102067
89808901
94352914
28391745
36073012
71029407
72299149
32505728
28814402
5858798
59578416
44411239
91372073
14923546
87864986
66164982
37681241
28902197
89788875
24613238
34808744
89630886
111525417
77371220
72728734
35242049
32822399
87875425
23614558
61936209
98979865
104193953
23219519
23323507
77092596
3567283
11698635
35923981
63410943
105403163
35486726
14138499
77546254
115690722
98242306
28446419
97376107
13068003
84577083
90641620
3571452
47921155
16902152
76283368
44548821
75336939
102111122
91886191
109895561
40420605
38716690
75656358
117584988
19652235
11624871
41168615
30639971
117779104
90920885
49272444
27856909
10279635
36896194
18583465
18314614
85174303
34352966
97218118
9496551
36655928
73739468
17771715
3372334
32048843
64655877
43146261
86441379
61690516
53169500
3722833
13319248
19064455
33515116
76416372
79495895
105329399
40731361
102367528
89922195
50124880
102859881
99757074
82448652
72721891
105230500
42096497
75677752
118697039
113962280
82208467
2767224
41690625
74115839
81226074
66607465
93448991
110976761
52202175
48371268
34105045
91207718
57902877
30052190
49185718
5168641
98128368
15407204
81090112
89991278
80648751
58159859
30137989
115526575
40352154
118044140
77017092
49134218
83952916
85413444
72271655
8092628
42541151
65566790
71150478
60732943
14405290
45077723
76871716
81994458
111468392
94536486
11505630
22217865
22407453
3262143
14562160
8137090
25242084
113413884
29336918
55605807
17807704
33093850
7993113
112217937
3574853
112603648
67346193
75860288
42872293
97188496
27425780
72291839
51161500
26072755
104861228
53410832
54609332
72818861
39972458
58734156
72129033
8243486
7655705
104753993
68503690
112631908
69283803
60119908
95606179
117243069
47612693
26589768
29518997
16389466
14355374
18198196
39214985
91157698
48434508
61064085
46026995
1353025
88430611
118750669
61947053
1525997
103922005
86358807
91173459
31728972
51078451
57858670
30223427
106507428
35470190
8383782
17025729
73040735
12507214
69016411
87724072
706857
102718025
101804432
67658111
44197676
60247319
99150901
14614333
16565112
93633474
48276327
29889603
56388244
105312295
96588247
31352539
72193033
35280355
2798418
91989176
35054654
22388480
21839644
89481699
52913086
86360199
38492948
75800294
102283988
56782017
76403271
54048747
58520348
41557113
89507211
120066974
43682206
5517427
87338006
107675510
6728860
63964033
54301356
25035704
2602892
30791522
119037752
101203858
225701
101409939
70149531
36056585
90475394
25963076
20472381
67596423
74559842
102710932
120397024
48235241
88745300
34846158
85541537
59453375
118874907
53473414
32728968
26490327
89272197
113857604
22857784
102693157
30844771
113993465
26997953
22399035
30565820
17627812
537956
54652747
10934545
13670085
106067835
113362602
72403235
38761450
68199400
26324601
104449263
85550866
83693705
29291925
36971251
1551753
117208038
61868210
85201217
9354995
94116174
107579041
83012832
29864319
75695203
8445736
83427645
9370141
112344709
96913074
6693267
107867872
39068542
109055575
62266850
67306385
14646831
46078634
55312188
103648535
33114527
44640968
18063244
82141952
33083888
65586672
37350536
77336673
58235667
68105807
47342163
64251854
31883838
44050726
36920305
66325062
17101028
107514571
2676873
4476837
27328162
109121324
45601022
92762158
94408743
106671847
11994197
31998297
103447738
101154851
55068921
71972576
11557080
73476573
44791415
46230846
7351004
59728360
29994509
84467444
36221969
93775068
117815180
56042406
26949698
50405735
63648189
12624191
49670039
14555550
49359446
55566005
105196212
29412806
80767960
31894076
3224108
1322977
97929377
31475162
89597771
102592348
117664791
55809865
35609199
106063056
16236336
13367191
113990022
26703072
87652265
101179563
66825370
67409445
113394218
14325507
91219326
49092639
53748376
115104035
120842970
19946640
65281675
42785765
26188697
48928613
54964700
62232577
32725207
85820659
4294002
3271536
36466779
11601735
39573528
112725638
82556664
80016895
46714927
12810459
80877702
20242820
78268976
21983493
66673749
64301579
81577132
97115292
18733300
3285366
19305990
47540834
114757943
106836693
108821066
54439751
16203405
59627672
57938575
119937302
49353880
83175897
54181638
14224772
50045072
80556634
66010711
69746205
89622824
26472107
25025114
58894209
44052701
104451027
61406362
60042088
15051909
47775396
47292932
92192466
9527423
33469297
29203399
60318192
90633288
18677024
86984807
107749735
10273792
65246308
65755664
4612738
33130825
64108635
69214062
70782497
81417441
9022233
14204721
30728615
72903037
41574087
118487847
105010614
89399118
104114597
12749156
13343074
7731602
13823634
32472697
70209232
63836010
10526375
63817015
73367184
8403232
21738499
41994071
96144685
32115483
92130659
56398677
52831959
103691195
29675458
56577776
50688826
57119197
93630635
33240768
88892424
42658600
104856881
61745087
45539674
65866625
119925523
101870378
58522371
70987625
21946321
6392217
80952457
92606774
11562146
31373113
33258548
80106647
40347042
39746008
69767155
109439465
26723218
117254184
53002369
63039892
53430772
107931688
89226774
20455664
49383888
117630967
118118927
8473886
62819565
64669297
7344254
48937898
49407686
21613784
80518798
50339548
85313701
49579344
59348226
21939130
81509701
83996171
10339492
21391208
13022789
73512972
56437095
54166957
33307042
35554312
94813118
32975107
58547800
62079438
113820369
10393632
54811402
53449630
91613263
104365298
105745241
106730471
89419100
120068139
26783713
423084
81474952
32858201
58553274
65835686
11599638
60118493
70973381
57826521
85954114
49339463
9689560
111366414
49837470
331934
98006513
32733680
9638369
17637797
7268036
60370738
9264000
40929734
38188020
105882793
14946198
106677103
49430387
58479646
8076817
84409143
62869811
15639266
21258562
119434782
85345936
74773118
95164380
21633918
17620591
65071330
120501994
9357625
13359901
17103789
111693566
49852345
25465644
39751262
8373797
56821932
112666349
24381208
116467167
52510918
56452405
77466552
98600286
55504875
86093466
113437552
63150581
33918660
20776961
36969075
24270402
63712017
57152527
120576680
22131925
8262965
21195059
72881834
18664060
84507557
112638146
41425934
41478548
59127343
48084913
104992589
30838396
60155431
58412434
39000615
74910633
91431161
81856717
75646365
82837925
52174806
62144221
26181506
9648258
47548574
100816548
115177353
41580092
48889562
99381621
39733722
80082536
57687503
81243689
98238127
43029008
22994433
83824651
26969590
118772578
108929483
16063785
112837782
75728429
87981273
47627529
89747899
99076867
29681910
13502144
56656419
12010178
105079277
15848588
15470905
5968482
51926986
106279363
92330001
59290657
41694118
79490033
102844409
105142125
27732886
104897107
106543049
25221856
95895169
10905804
96418427
2684683
18566143
65210253
106980531
79388037
108429249
76245755
42420448
17671732
119906498
10291460
117539274
99110795
84921603
120675174
4122112
83119960
64585244
12839967
46929878
27035624
21240777
118947303
119599077
2511030
99485568
65120875
19287060
93210486
82823292
31208174
107187784
60178107
47264634
30734776
6451218
90757517
46822887
32128988
111616090
111279334
15853488
87347730
64472312
1801642
25573560
81765776
5673712
37549620
82082821
48982576
118920179
18729746
109945366
23961832
104223971
96758713
72781213
78562517
76506333
22645185
74427170
76453007
23210518
77507118
74395520
95322231
69625058
56543554
106759130
114751990
46807022
14051846
31257800
73190167
86611561
109023940
120682955
77691137
9113072
63353075
29520841
94958347
4989406
13186652
41664249
116145085
110736011
50136028
4135346
53325
89918298
117920053
2057487
18371918
98365690
17851966
109563102
45356699
100220163
62190914
52977820
64100485
17923915
43233861
73507213
8920424
99910868
26813510
17653926
4638356
27847299
16334188
22777727
9844321
113934273
112528222
112009739
110682686
50701361
7215294
118995839
71546380
110037994
74689152
29808817
22492621
8115434
16855817
82862510
36119677
44266999
9743959
81076903
9003491
33806624
46693702
112266499
64756141
89449842
1319737
102860630
18002977
23399916
31249506
109318214
3251587
31310491
104794445
82170478
100154982
108660932
13790316
41737563
57029002
66573718
103436630
60630112
92995757
93588819
42602181
45526405
35263508
96937336
34383201
17736992
59534113
47727491
80430392
82895512
71446865
68403452
71611124
120168395
20148329
120939015
4523769
11564740
21639140
86617144
37863791
58417419
21115559
68216599
28784563
117398891
64061592
9847811
108511562
16952982
58325311
66664846
101626835
108010146
37403222
107655711
27790231
67122232
97280627
12026940
11284388
41762101
48255122
41155739
85128255
99067220
68783505
38906626
94700949
84221722
34985214
60130823
120116486
24716669
94638638
18936752
8887328
16592239
42006130
41846716
36326148
40798796
119745254
114971125
80219915
60764621
100858715
15763291
55837843
25002156
54255448
60612280
47117476
70187903
93372235
46221629
4366271
105561783
94405043
4053756
54588867
10268545
55975816
101179734
106312972
47530028
97930623
88040613
101266092
1207334
12585093
42355024
51062512
58980633
104596041
64456623
4926778
45340189
51991474
85709194
98884680
74551176
57723675
91379478
65821632
108810453
72816587
312515
20456546
53620128
38561570
74409134
115439205
8445788
3249111
18272359
67263937
96723288
75455520
58911067
40628453
74604461
58758984
77089519
23537485
28739482
12465149
40217584
67455509
67923928
118469150
7505202
8729544
69913223
109046522
65509117
57837536
19196459
52234575
67047413
28664554
30115782
71160023
97166846
31665481
118009454
63816840
8352870
25578465
91334690
152083
54022565
20550606
120503133
64624370
104319901
51767603
35024852
12232065
59950307
28678014
18039556
109942311
64220428
102559318
89850063
103758172
111790124
81015536
22118793
116887391
52497709
88933932
43634199
2833636
23312611
92430989
62965781
8200787
92555901
70784084
91132581
79881826
37230705
68735530
29599518
61571466
112817297
96830469
84676140
40491627
54941216
36480239
110575879
81462257
111769195
8834527
81639379
115902733
119001458
23668492
42736822
19147703
65621320
72203211
60867856
15111824
90358719
113181698
7551836
12674075
3037008
22397051
19765938
96659240
46401864
53769050
67378957
41809300
11372882
48195900
20399379
94478960
15194675
101741351
120822878
116866462
101316701
27454517
42649541
69337385
79047172
91533612
79279848
19993126
72328122
68686159
98043619
77684644
79628319
106154786
83391768
27377769
66478818
86996889
119763914
95076195
11879797
19183056
111893552
7377553
33001225
39658028
94656083
19328214
90908281
62851991
43700551
1462946
69407346
41599560
111057538
28537676
19205489
101077320
42949508
85127109
79541470
112888834
115292877
52250550
9159597
86878510
119097486
61886254
44600721
100580858
104182644
94985875
107181832
72235523
33721471
104156642
39233378
1287722
66111294
58928964
114444646
2100990
11405409
10353299
22394071
9980218
106588169
24562011
21535849
20544305
90834232
117774551
73212866
118897998
23636695
68273344
11761418
18516628
78703611
40098477
114399026
1430750
61264404
93508821
2485775
1917379
38045348
70788045
7843077
64010303
47523555
73574976
70190550
1425191
115248762
88315690
78927999
55527494
54727780
115244930
68331439
62419865
63621486
4939522
76620210
5120066
80053363
62146572
25117603
46756491
99834073
111373836
119944976
28830655
24947103
22181361
115074303
95035045
23264490
24751731
84303384
46098363
79326215
72358491
12980823
29204897
33587910
84683070
108196056
82791546
21107074
63391917
76283286
58501419
15369790
104957268
101002464
2780502
83312500
4227398
47811515
71003418
86426732
67247245
4239983
50912059
119916872
90322571
10731661
67649757
66425517
102428524
33117540
19604948
8254210
49297754
42008842
71796365
33059625
14287769
96991891
83605656
17505757
92326018
78498956
12589287
21644768
66258696
75968988
102792713
38800666
71047901
36247064
35514673
37814004
34917413
9664027
52267114
114380685
119786769
34532217
16304199
63657943
74303417
68079736
57457846
16238128
27721073
65288105
39937600
117782013
4665872
5106700
4916469
40164880
102723890
27103930
9335686
27458030
95404718
66545648
3285993
33233896
91813282
116334277
106546891
11020358
10877259
17734897
67560116
25612456
50712430
69224463
6200097
58065289
40358663
113169741
66784159
422691
60622233
34830900
82349173
54984623
23382810
98812540
30829193
75265860
22182843
33273669
114655668
62170821
65215997
7951717
47687006
50276554
74940648
58295623
33943873
106264804
57506098
119335654
19412358
83130772
119349431
104513988
81764761
9419601
52547508
31953258
39073519
96121240
11448090
104536634
114639061
38600581
46113326
88039155
51093823
81012023
58541303
106703951
14483815
14939443
23494700
79875014
106816312
89675845
789525
35608220
56336075
64858956
90469853
5382001
1366011
109929830
51966479
49811502
91346083
46909899
20505168
55536885
71965810
63331140
58423308
26599905
77990388
55584934
119981483
65389873
36011838
43601860
52692881
55608802
119606763
54818856
79085488
71208092
2823399
26414200
35621997
50954074
63492945
101540024
74415523
42038140
18583746
95540211
119789965
35809198
95944089
78174029
87597208
45365905
75824382
93322004
118102054
12600515
110056727
45863253
103180623
101403037
44995098
118874026
97523314
17882301
21479086
52671288
5069724
72869326
53404886
24565604
67022182
21454805
82956278
99875312
12731806
73258179
90079753
41615935
38695620
20061814
92833278
115275205
17747482
32707497
73748908
72238800
120903523
8653690
868155
105306598
3879722
117596428
66878569
44852026
12812576
69609761
120266403
70987751
5847144
1433711
62609327
57630500
99206630
100181729
100279190
92115871
34562559
70017938
69782658
13904046
2314332
29609410
41526297
66508682
32803975
34578847
40854275
15596925
95257599
4271728
38428029
80027697
104783851
87752439
15069253
32308456
63762616
88316322
8378424
38700275
23227082
52911228
78351311
7090758
65619170
30261252
22333213
111142143
37187236
9656878
93377750
56805651
117805436
97431080
116138038
17207050
60321249
36582546
67652527
15229901
110971509
41159220
34442074
72475395
23989823
47752932
114413662
115545972
65089240
45950827
81348965
16136323
108292059
17573689
105757546
44960658
83557647
103159966
17764393
101381586
103335073
116946671
31151243
100598386
37109831
79555492
40038154
14574978
16094668
26493306
71271458
38496113
107653028
77172773
48545364
29443851
103663692
37946465
34197007
18436547
58658769
33258906
31378778
63331401
24499673
93081211
117679896
103176062
90308523
21817723
39713972
2736687
49320470
42079382
30043862
113018484
32944453
13544847
33787150
68082186
9323909
84582316
80434380
78209177
94509081
10598898
85730475
54710775
100287697
938101
108057770
116327369
99242864
28781197
36135136
42323612
93256319
95862173
32945719
87571836
62980884
118634591
63176455
57301987
99618560
16499015
48714963
55345898
4220938
39688465
108647806
21598363
111073236
69835482
82962333
9281936
31311202
84792373
37136636
74443959
113178869
48760202
49675863
56919252
56524879
30756594
99861523
5684482
2364919
35311129
114879012
5678897
109499662
46677440
99070654
13756291
102761707
9026498
67698093
73106206
49615230
8295954
29119661
71274930
38524280
119169960
62628930
47350873
62097135
78860065
24768096
56259617
113235324
18919269
47541359
50840397
118875306
34034024
102289102
117686023
46811468
37685201
27608243
65227000
64915734
90044156
67058199
29655501
49894899
28885768
13470175
68823931
90771675
30949701
99129630
112173407
57072825
74252496
22582777
96321148
86624742
96332458
99201889
62394927
111527595
13507335
39034925
1189283
77706186
64603901
90077779
102584469
93769468
58564088
88652432
4743863
9632886
7656061
106668956
102070969
59114094
103520475
90694301
99598269
94876877
115360765
89590630
51235308
108627755
16733949
87602890
114713446
105804864
85694553
23360001
110338312
26284780
64914655
1595134
96121718
61318063
31513691
104415668
58509235
18414832
80996371
109558538
28561918
69541968
3148481
11376668
49999456
8643598
65817167
10007638
13125199
6733009
42340311
54116048
84397940
1412716
1908337
91353444
116466553
59409773
48928977
78226807
20646692
3596592
91081444
112706051
93292459
103582490
113902928
69950698
110852915
101938034
75893687
107668881
110026143
115504884
36043131
39991817
86002030
59084158
58150958
49492781
12818700
10411225
52207711
114044497
5946163
63498564
42424467
38239746
8246711
45332385
77628994
28940642
787764
108498955
89286754
23341761
83213206
11964894
84540642
93667665
82395522
81388803
71625749
70034325
29502854
97958974
72324490
36509248
15749088
17223363
87768701
19774204
4465061
109709148
41103659
88706418
24735483
118092083
51094383
100306070
14028251
90130039
30137518
67929634
115769380
77321860
59801120
110545542
20053003
93635469
22041915
12361196
51885949
64150406
88193466
83477237
51693516
55101126
39224178
116974885
12758302
99059554
69154175
36758644
54457294
44011577
7095665
45429414
73547462
81964344
39652181
36582248
95360660
73815659
8128514
5223838
57268857
56649281
57987256
98175437
41749520
78891510
14651361
58892343
102940520
33092340
44253058
55718632
42342824
30648255
47820709
66483289
44602259
115626229
120146609
99511511
91464115
46131322
5777233
6448844
107603685
56320153
28453734
90136821
16546801
41962863
37720213
49577051
14899761
100095747
83524076
103857178
66434621
102559022
105122915
16705518
81233146
13604803
7897923
66343166
76529627
22678111
67336680
66090749
24162114
74015287
63217908
54498901
59527637
70457080
68478741
17466864
39773352
107490871
21900238
57453381
27063102
58624467
87052975
32042583
3144756
101965055
89217894
19212733
111809506
91518112
8807595
14889980
27558807
106219813
89490117
10438877
88999628
114321394
93356472
90663214
14487650
113760828
76503790
42060773
167358
81987871
86050256
72803601
80427769
53759402
91400407
85504150
24963341
106087921
33308320
74415654
80639180
88183412
10405138
66403156
63959305
23587783
15883494
107603560
107703816
96168724
38082406
119336415
99833744
70079275
14159423
93426877
83077100
84999550
46494148
17847388
92043733
1774484
102403195
85407250
119279692
75796117
21679459
41031318
115932372
66124909
64010516
14236023
114707738
107817356
20003292
46839376
6367598
40714771
69521154
109367402
117334981
58486762
105176991
6406866
77485806
19643504
16416359
65229712
83439448
14203294
5927823
6636483
3494792
117090709
33211420
47732004
80863746
76554551
98020803
71179978
41900802
77193161
84716362
37351992
70933388
100288522
98318222
18000197
13863421
11034392
94674041
110928114
71484587
55017117
80474138
12256094
26687686
2213065
28785518
76802965
10708501
9837115
63908693
46246419
36226963
77656870
70711202
100167398
4137379
20827642
107463617
95032441
96743404
74911470
60033770
52933191
86425101
56767460
13809786
23935307
60549806
39656924
30453976
28712123
28329431
47744702
73954206
40368352
112504565
18948403
12894272
85462083
64093782
76735454
66018847
26543196
73519490
49883560
113703782
120588570
14567869
2035777
34998670
43810213
109486370
93749941
8607034
62489794
117217654
95152863
83964962
1321313
101811124
73192905
45241547
78444710
56240138
55005803
27474080
117526112
45338252
26642448
109926867
37550586
3215964
16135287
3323045
43414551
4799321
111668005
85589900
91757657
104033039
31732360
4686808
46996576
97532288
34454172
69008463
85379971
114341740
10772057
77079767
113850045
107436397
111235745
50970630
59714027
100151182
831631
98082876
7787665
113910115
93791580
34227541
80801414
101819596
12655041
78824652
34041665
98118597
23341170
56554478
57036463
24683703
91232637
98988114
12152317
41112432
27720036
8300204
90975326
24335660
86844022
32363045
47722370
101568194
50138998
52114781
92363516
98405148
4291296
64043755
33108701
82455614
112056131
92460393
67777931
35536445
24967112
67970818
41082134
89141098
86321842
79048350
12531386
50120205
40751708
3852113
40620737
3384375
42456182
28095911
67096921
75759459
103224047
116607590
9204678
42217481
17307115
118803392
65296446
12319313
72987624
31131939
105161314
76519686
67493281
120807114
84937942
26309645
102648977
83033785
76609712
5685267
7780272
8679273
99983099
6850962
51879561
12524825
26771085
57180354
15355495
71489332
66554781
61006566
68784105
101884917
67404666
95471433
45815768
34164507
28157999
117467939
84638659
105354201
82065375
10667266
18158137
1904157
70699934
66447340
44737143
37414069
26702169
929309
47283342
87458273
70563508
115699208
87652961
45765384
111625574
75348930
2705227
55153494
84085531
63796303
56069149
33240159
67313433
49347830
70525848
13287429
4886193
73971393
56679694
49644848
30450963
42194428
78167015
33285865
39745171
43807833
80614357
29727526
20849432
52584135
120805313
24798123
94557264
102787662
43060157
25955710
112263400
29392555
120084346
50845372
117482870
6721319
83714311
23509634
13945266
117554456
47091365
45724976
13004060
14485266
92477834
118165099
2449257
34359181
43155138
100501275
113442032
28030222
120405845
86534940
48510502
18017650
72221597
68601554
81007893
104151233
117354996
61418028
32909685
113363026
57614691
63456866
83259684
56643486
66901900
58703921
74034025
32606099
74247142
15838962
102519640
27602283
44493590
113431613
11400780
15124916
101095431
117390723
70003351
71871825
14313343
100908948
27493388
89070364
41730189
19589865
40725178
3991969
94286967
90452820
120586973
91454836
117554967
115039393
103609462
3779431
74940410
58195063
51086459
46644859
61829003
79571658
106685133
119852305
12336182
105493689
66121566
119707237
103077380
59578033
44378437
15726609
59178759
7903522
17828816
7221850
15786529
71272358
94888628
93315762
63381484
96031211
108845375
83259166
9582613
45414399
43176602
28295550
86849691
92514802
30443357
62976699
67235475
91675075
53730738
13628946
2416309
97027164
75328800
87350770
399274
5958544
88381424
21440539
113116994
37040089
2816853
12954397
98374505
119857418
105470388
101122319
55932227
32914606
9566193
102287064
79564709
71661801
88335824
114356623
25279327
59768283
99729591
53606529
89258765
47187205
28783777
36065540
66111519
69370255
89452977
99958736
104325182
51341335
109107317
69646227
59665585
3959436
28484010
118252186
33408820
42039412
61039756
74645164
74349898
58904393
104434870
55691717
46382474
28567541
14627031
92672799
60993148
52542386
115306382
53193225
71559317
80413523
67612563
87152784
55528704
38111642
81335050
34678955
82159381
74631511
41162217
31897029
91550616
107444598
26696060
49247287
58173145
2135362
91210295
109141812
103005550
45350959
41064685
74709676
88574394
52568276
67850047
7799923
71466700
34892859
106580663
105406534
115368449
29500921
96301364
20849749
46435892
97187170
84000369
50262351
104080895
24201249
5200969
11786959
18755083
24560698
79036993
39514964
20129813
15342966
68077126
28295874
77776566
78980040
97343259
50258101
102101577
32957188
22219261
56543797
10008041
46563372
99588800
94518700
73548659
89597825
27333011
117173542
114106276
59799119
14545012
61777566
5446166
101640272
53749967
69723749
94914516
33177657
92437839
112833939
58566401
79580717
21436246
118002096
67362093
64386071
28038840
15041410
22949147
66139520
77954997
36489342
94014713
100474606
36669318
77375118
96491550
88533893
72112159
21812340
54352953
33904741
8027598
26206048
97209387
111055941
98285911
103080577
95611257
103340752
91397693
31047936
102702255
47533805
89963256
52320683
41436924
82899321
58086414
107459806
93124807
67964022
90303654
107123226
3983056
69135426
5262959
74679210
34180940
7691048
104268372
118630536
57695355
17971658
18403767
84612440
105928315
85428790
11682884
64563321
91122128
13347518
62084681
50381572
6096881
7063935
84717900
24460749
80258144
111122393
107639782
76485212
33464595
21168228
71343897
50303847
4438116
118571912
60894468
6034035
40479323
55780344
100226768
63566546
2526973
23458608
42413186
41364994
84790292
119335367
92962271
40740556
97734268
55020746
86663673
72119762
17289421
64079138
37820968
94256563
47141427
86471554
5141315
104160749
107213742
73771986
79893010
119404082
47576218
95597755
26807267
67396408
22737001
46251790
111636990
82161980
29151947
44077820
38886354
44049736
112084730
37941525
44560514
25614505
37731324
22584535
34298794
13516489
107421341
41833044
89115247
63980679
69741443
21852960
114751370
108809661
26195767
74778886
62080445
70663441
42344384
101555478
76759419
61575022
107583474
67559170
12759255
106102212
22476721
944829
120489222
86470224
210200
21975979
81799342
114698466
5646824
82949381
14884873
43440662
93091602
67262287
39712940
81931783
86140824
39972484
16212846
76532327
1918132
81524967
114904023
101769363
84455635
99683880
18299396
1481262
14566078
11814426
76096620
57006498
91218260
67996873
4670882
96995366
16329155
119849962
99813593
83206163
110857779
68622587
94211352
101643450
71605094
120740457
65718937
9608496
7537982
25171509
82628305
21148770
87552963
105703774
52953596
82974373
85117801
96968601
15868272
78559581
41596167
8099747
52335615
84706524
51667718
96304552
118181774
23606622
8992182
674636
79478442
99697960
118017494
94470896
35924513
31480227
82686105
10031057
47980192
107389213
58618547
67408162
58678804
95062220
20585972
76984996
67106101
6558220
55372434
98252156
116707597
47373273
46915660
46514694
87524751
118544726
87312370
86990768
34611811
120777854
3657143
106007547
33257076
56020896
102268421
25893456
104500036
65780523
72412511
71055660
48710408
54039958
46822190
72177439
118439750
104511383
112096192
59337576
101334255
7999161
51336495
70192903
80848523
18854565
49685955
91017613
83932915
57018146
83333625
19087895
57004408
38119877
3739125
7363620
72520861
5971528
74480946
33444376
17070115
108856184
114717101
67016600
26083838
63310807
81081248
28585804
3177128
104097031
8001080
31141352
17634268
1965560
110990579
80314541
55921651
113667809
98167619
34328649
13738
14697378
15348770
49640787
86599017
88251228
53882675
8560115
109901414
56108393
9210905
40537146
82772345
51406294
106935353
87981665
60133679
67467847
20584724
62519407
55946393
6035520
41150774
58319728
36527540
118322770
72630553
21593001
83137701
83470241
109463510
40856582
18581991
48097542
86241743
47522532
68833445
118774283
89832840
69364268
63819678
78804612
54601794
85274311
81756246
8951135
67396941
88097902
11521454
105032835
21368633
118626665
90507980
43828004
76172806
105418170
4668699
110160313
33129492
42281119
34371879
30849598
45098470
92059460
100264098
88467460
48173323
120469178
24438235
11028228
14762474
69028998
87531997
15134288
17877370
114658344
118429682
83364107
66729269
104378421
105008485
98540630
42453859
75573441
39159305
56496124
72288678
52871211
75788433
92763525
87666280
63312420
51585501
77631010
13369767
70278550
33512855
37145095
105706704
45892868
13979861
90111816
51151627
93873654
108188238
55513264
17412705
14051261
68839252
89188640
61924562
29435044
59381325
76441365
93768394
76771724
101707692
100525154
86204932
12476013
10661654
10035269
19426283
71790581
13601785
66708303
85571847
108619988
23165233
106078519
115741241
10589838
102923579
116638364
45944578
94136977
77157643
49224066
42610330
8887838
29807315
106483197
26150280
73093231
95733674
114243241
81050423
58715309
59347130
76169663
83533360
59871073
86917115
73717981
76702365
25981797
13026699
100493329
83362378
12575395
93638571
89586508
55128891
8786601
8964351
87204143
21010277
37753434
19416751
57127133
73221189
47197714
101233154
32907040
82526439
6501995
24379741
4880760
96181949
89959687
79736178
100299010
73652339
60935318
30174912
97209037
33103050
451304
97338389
84259500
47930135
84851969
80622157
58408379
78259955
61694547
67787391
84883145
85532246
93219038
46377610
40314149
55154906
94731158
99010929
47129309
803677
24903685
46144582
86366570
16307348
109284491
39607728
66926932
27832267
29723607
90354279
39327181
73521170
12486419
3637343
80005387
97075645
109411241
111620988
114376811
97162302
95568354
7989164
14701727
7547762
42130083
31786850
98509227
63411111
43590874
984727
4920737
8596336
57860092
46758842
39864047
81452224
9884120
67056284
78988717
46686068
77867860
35689838
83999414
5894405
105709734
58868029
103698835
12248939
16052634
75871276
51944204
57504222
86859082
73398508
120522166
69202602
109195977
97524500
58490374
34994538
64124636
79161896
59215920
66891499
6358352
63291394
92947137
53681683
110188425
43298879
83686654
71973455
20463735
115615016
113679201
93460795
42815395
27827559
50788365
49032042
79495825
99545697
27465687
108140111
85202532
22997666
10712228
74201439
33399864
69812109
66262248
87716768
72803544
86408157
64427992
43160299
74102970
49648258
90995030
38214970
22835144
58555269
48777884
17486571
72799620
85851642
42672429
84266984
38815365
41726299
112049986
92355715
104826796
4468021
66911512
11001093
110597802
61900120
98422821
36166727
118008566
70337722
113772406
120126875
12305187
14779734
73165270
35888000
26813113
32439760
79920716
95832204
76239280
83926243
65297772
79016267
16519907
91429761
93216998
36943281
57899503
107581965
115927833
93825703
105353850
5011392
3061902
74431075
64891555
28085099
12877952
88365321
27516164
98992672
46961605
97417188
108966622
10209140
76967284
21464540
46684111
86478104
18062
118223013
67406335
64351642
106799270
70060257
33530258
76118664
42015448
54557431
2228115
80400071
60247431
30922775
61119837
95976804
31036753
67009865
91052566
34885281
10887346
51098977
111026051
36752465
20449904
56985712
54008659
80972811
111930109
49461099
19071769
26150051
11423743
87829709
30821384
30680606
28044809
69456458
43374179
52099008
115310001
92305340
19280234
54754258
90369653
84593603
4924238
86635103
25606148
9437219
44859231
95134882
30649073
23523969
73227436
29960724
35539234
4547560
31384672
85780058
38037355
52242061
116328668
71226768
59784900
51848557
77790058
66429432
75146458
41552469
32818774
30039373
92419318
25170261
49830020
94218181
28471085
85970650
41775872
51471267
99788147
111818893
21907446
91171980
78468366
68679876
119576053
70759177
87510206
100142612
59935021
57294218
113457162
64480111
114436711
83839099
67185730
5721218
33610658
45107085
70133152
98132143
70692984
88684767
87182807
54343001
52442309
97999819
107182504
20440610
29563821
99099798
2834157
43711201
92595928
7709189
102169671
109917072
101307787
120699619
107685451
116454911
33341137
120101694
87778012
78199123
19712071
22078645
56588067
56478515
64897732
71932016
10949336
16349983
36242458
79666619
68160498
32001699
68435998
98566337
108090084
76336251
6503870
116124969
62541531
73162487
117885034
71953683
2231621
105852877
56842111
78067388
28676899
76142015
100389623
35182997
21611056
84233556
78180914
105656052
15012809
48547749
35689558
21766347
38673116
4240758
11230621
60077792
14395246
82583378
61546097
82448746
13794720
54341384
88723566
111587849
40414496
12032157
105595202
45164234
77175978
101700097
68161396
83977533
54530959
16156066
78002084
6438635
38704377
29633165
69966494
114246463
100358264
932429
101019357
69078955
80329143
49647244
119531696
22430131
68788658
7204713
114725181
113690503
104410519
76691409
5992646
116250263
55856180
94378736
67486469
83682076
47169137
52005329
5975449
17575954
67935320
17852549
57472142
45457915
50274902
38517694
103710737
762939
41603287
51372112
70547260
27382641
71342217
81810613
28704951
45581786
114277826
7517402
107697856
109160257
20835229
2097541
18247424
62657735
47209599
105964770
77706627
120076814
74553640
78606531
50587443
22477405
88577648
18954447
32230809
18995593
87398038
21822254
20699310
14220646
70513526
79220278
89161321
25760431
88532788
21187549
58883930
5117569
77165804
105600315
60396463
48661125
45371573
33282654
105951109
17616416
31411130
89583727
38973000
21559864
80512514
31632996
111246597
69582055
22040040
100892185
119296284
73177392
41792359
31962663
15542956
44753094
111687491
67973771
87876502
83415219
34505376
43767246
35204737
28504679
29712372
27113808
63710017
27755157
92355155
106851013
99643416
100334897
9071213
7340004
31313268
10930459
100076586
100838043
71285772
69862649
28583456
56817251
27118066
118039266
10758803
68569185
77876593
28272272
2952025
13592886
17694112
6000697
14054873
8090928
55278293
1957215
25242284
77859005
49111741
82503889
97779800
61787042
69021629
119140755
118747050
51475226
60644688
120697568
41738217
104952152
42744583
31544191
15542078
49032511
9646302
103486532
35100790
64283707
101061791
117951328
90021643
9603183
41206035
12097658
73332275
98419289
43329105
33222026
101079206
77808330
13482260
69122676
64039993
108030034
58496067
88533113
9737009
46176167
77952984
100677657
58893704
114712073
21897888
33055547
104415352
35846226
2424741
38149463
64745695
60942237
46228923
77923985
57270909
63786747
59252184
9593878
118340084
86520775
19739766
1440160
104251968
26452227
10626609
96506881
98293025
102803531
10580128
120542984
77766094
53724542
48263398
25838157
10296721
76535293
114436
66265889
92100532
31966134
82404171
107821710
3671328
72925806
109155432
47677031
66446664
63215039
110854113
86383554
103268808
83771170
81297182
7745087
18642833
28823079
85926752
68233672
115521068
47339217
41763215
51927937
43427821
92728106
116207352
34514463
105434762
89148302
74345349
74762452
28294806
99961995
89149909
46477928
6479142
45940393
57822919
70546741
80946232
117566573
5086372
95523720
34611967
52474103
12301966
71409162
3785642
8071165
116954087
63593131
94395026
70035110
26204216
99396989
77776974
27059049
81169115
155940
30337126
95383354
106612544
72300509
93482853
43209516
109655010
26416031
55477791
30739976
34943999
106422513
52438236
73612270
52705384
84202806
18172091
94714431
44938705
61192512
34676140
46918977
6872545
85481668
82741767
89628797
18227874
77621034
117721924
106785761
105027027
48520247
1900501
63403028
83645500
36550452
78215355
78915033
81955663
39538909
68785371
82331730
53717128
89235430
24923809
48474584
39264101
77979580
60038291
119019729
23803597
39678103
54660841
38243748
36737423
5120732
92906874
32442114
63077638
38685307
104885260
41623999
85874748
55833680
75671304
4730467
45078420
38676446
100613293
120623933
106821782
100549942
26891551
5242544
19454959
67944230
78919923
10728002
23659613
20360188
64358888
106559849
93424310
19023738
35820505
4295309
63043095
23705197
48556854
21453639
73810560
18535210
86952696
50627911
10755260
36994858
115600806
14938117
52854665
90546982
63216012
71062867
50578612
49430952
16806252
8726957
44284617
58559735
67369115
7583394
17419509
14818780
40222974
89129001
76980644
12115308
46222086
11073086
40378268
30021644
55500944
113666280
98263581
49957838
56027106
86300773
74623824
115537455
72722106
72275428
9451999
104268690
54256615
41851655
5146335
79246518
31841473
6184852
41140226
22033965
88360421
18774139
58838137
28107665
42906915
35391187
62220671
106684073
76572143
17195619
22241693
5543106
57639174
11962808
65817645
30973282
13578667
2348395
106085455
58937047
108502444
88600345
68605985
96010098
10010182
119961484
7589922
9807508
38824432
112849718
53679459
29736386
96867225
23446949
86886995
26706473
49302675
14508682
84442379
71029037
80556446
10278885
30209092
26665892
88867772
32952879
45887827
45125251
105329583
17485110
80814693
12492345
78590162
69644502
57903806
90686305
50620682
106223836
46611680
99571677
15982493
30232509
63849392
70160752
64627905
41861942
63264094
68757268
54952237
43647124
10303575
53890554
42411114
118256213
71261695
43742521
48623297
28402717
54794189
62320868
29378579
11170191
75588540
78387488
109507451
42163601
44074625
41532636
90241343
106862801
35722285
66821742
86604605
21987449
97380288
86354268
77393336
110100601
27937323
1061683
1236009
13047363
73112489
119668594
69632916
42858978
79431963
76786060
89507769
43623998
107732329
71991092
113146372
2908568
34312862
37458445
72922259
27695455
5810351
23419601
20258196
13734835
59925084
90733968
35077744
108279688
58416945
76331652
108864592
14889960
48949195
2567416
64414447
120737142
9720261
113846857
74351210
5291595
59537362
108000308
51477627
104823760
37678229
45171557
50986310
97101038
31648094
49502658
7437258
82559146
53978147
50524229
99657092
72645397
32317023
79746093
89898727
43526985
117866088
106297176
40959143
18695684
83330785
71567591
46385931
4428666
23793125
56834533
74813969
45197232
70322078
96789701
53837450
61577192
13523463
91967282
59147410
39572578
86008142
77913030
103902055
102332751
108690837
110394630
73230301
109790039
52363635
104601552
93051472
99170404
22966390
90391553
93309753
48385749
17258095
80035029
50614698
99595894
107512456
68507899
112359783
99228517
83266238
52353799
92913413
64434515
5959140
102234381
26154154
104675392
59705823
83991056
119586080
119900799
58030994
89628750
107222197
74193232
51118791
2659919
96344282
65064272
42617088
13274724
118771051
38662202
93522574
103106800
77719742
98767569
75725292
60005984
6315104
109315353
46394658
111679033
38280361
112767380
12012187
32646728
106089312
30288655
25960062
120440961
12678602
104837763
7993589
74045908
68332581
107054520
81042832
83069557
67293222
94438516
40752151
106147882
51426091
85238635
117865139
17713758
61936095
87409939
104094956
15636072
71034992
24110909
69150475
96117264
97161699
72207163
6686666
106648352
17610053
11605929
81931002
29116324
5988812
21939070
114003077
106263024
9244928
77087946
11801036
51628971
12496055
45997147
109282743
33712333
113786171
30455200
4102432
46300022
16374947
49467677
36969228
65401359
47949211
87426943
89430597
111513347
54597110
85564368
115200981
78977359
96100748
29475562
36113248
20725789
12694142
36915131
63945618
48099588
34075521
86803890
63346228
99783722
22694606
78827543
120093532
36969779
104563883
45118386
9330794
41457219
1518466
70542286
66454392
26919494
32829832
3866229
86795997
66103382
79947251
85725419
42864111
75374959
16781420
89681748
47263801
55078185
2839609
98141729
105753360
24775430
33592913
75002316
70173821
76208458
64747291
74975146
27638984
63106664
43599919
29272139
65486458
95598973
37712453
62588163
30607128
57210081
14402609
1070577
23239270
4572292
38427629
74182364
28111157
52186866
86842138
70122073
70324825
68547810
34032446
234674
75601609
78384456
10255025
116198676
18053104
1640627
31375226
88850476
88103837
38484577
112559687
2898295
34475474
70986003
48185553
120020182
33970811
9830317
53126579
39540537
66944765
107240764
77823857
78989085
72345671
18294328
5573257
39573781
113946202
46131621
110979650
49886564
29814982
99098029
84823450
19686259
34536791
83374280
97290790
54689172
94492734
11057314
45196372
35455293
37015192
38355236
36377233
84913905
33369183
66885815
82716681
108955681
4378723
59529529
42899458
32771890
115831758
49925267
49594131
33543268
16316639
102365252
86063115
100612354
64561238
1449170
43395470
70331250
79365177
55717106
99976430
59037440
95042123
6841136
89561691
73101288
95469684
90491418
2197224
45413503
31990722
113670783
35539852
92606833
34181402
83457822
73661390
82288490
33608628
68228880
68480154
6187916
37804014
54097575
26700514
115229989
12567624
108678365
60838450
20327736
51158614
93135294
90475750
21940835
32371453
89553904
70904064
19539811
27984326
100010073
100357281
60383890
48973011
42565661
18945443
72892913
49849194
5432510
104291967
27420712
30424865
104866210
69971033
13057656
41529951
39022150
23875168
113239888
27003381
88703157
50851987
29217779
30247470
91405477
72036772
103315273
31053208
61377622
9666160
88600437
20520692
57791620
41438446
97080099
113716467
103996564
59084577
22428482
96007645
120425758
47933310
107850840
63336259
30948883
110182489
49290063
102502400
56172012
62387901
118785603
58455687
49930141
78181008
17415828
29835899
101142781
93649113
63452772
10340560
72874541
47161990
44440594
34558784
27925513
7479152
91287985
7988919
29142450
64978803
78640436
57089499
16984427
88151982
14046195
49446484
54010477
77385793
74200428
118716326
102941390
10088225
10523489
20094242
67521858
44766716
87383128
90802221
111258203
106774412
56383597
7799387
19236477
6445072
64270800
110420225
68820333
116792812
19832113
93052952
47994376
111488455
43043303
88537944
34141505
27144033
65729687
56294152
95444404
64112203
77676467
82847148
33049998
86756774
23194745
97719638
23992144
71092346
3902254
72942446
87537935
49938525
64528588
120299884
28108370
68477988
90588111
96767382
38282066
29343659
50009648
80456433
46830580
15899270
22808257
98847354
22183260
92101115
69101316
12597256
545835
111919694
29136032
56330361
32248260
73102400
63301014
72049699
104554412
74963730
8413858
57721681
112313786
86534230
29711773
52340989
120679553
30728082
46757733
78825633
72996709
34110378
57648176
68983227
84199641
21190773
120229669
9586004
61038910
78181623
73944854
65215475
79671434
77033633
83512978
50682192
59031618
109337285
33119471
16316361
53133575
12363258
28009908
59972797
86854678
89467321
5583255
41853920
48215004
12647355
111661088
4013482
40394367
5941033
39237189
44097267
50635494
42048046
26124780
116823436
88993820
117911222
102702498
119472873
108485646
64659324
17562721
42715257
25687340
20756212
109306453
114160779
15992211
29026218
54389541
45000758
10735947
113935901
20676463
44201522
62736619
75203684
55259923
117297101
76305540
87672774
108456118
54812059
74054227
29213559
14120938
90520948
9425576
7526804
101910152
65770388
38971984
87290139
23892435
2010192
95247632
49763865
59771237
91991454
108773901
61453641
114807926
87534426
20682912
35956409
79425229
66439519
119898145
88587150
99324614
21493481
13618547
79242558
10174751
74016910
110271614
97077765
79094427
64655188
89554821
105103643
11361583
6445422
113042508
95128570
63238955
93739808
31473595
119317597
98183529
21239475
10254359
48335146
98592828
75243394
37058265
111838080
57598536
98404663
44452232
110565686
101802361
30085268
89970945
34096987
85406114
45616426
7522944
94990784
53293605
52593029
113061136
6716644
64206467
109786331
33138605
34404989
116556280
100717751
109063237
19332013
43646648
25494596
11276881
107754748
108128489
29137233
36869478
37516480
87085933
104850595
20594741
67705374
65679155
44354519
26574043
111415330
82806452
45413546
72413279
16060591
109386562
3274805
94578039
120285109
114230052
53420855
46341753
66707897
57071103
53052271
98538763
56891900
7849738
72623279
40368900
40095638
63051301
22502514
16921739
19380558
39171439
97240223
41131331
44747456
52031698
71644128
8485681
66745861
57026984
69138474
42482552
79585084
100528385
41157184
73943356
17005785
86833383
114289483
89169135
179202
14686162
116399115
107006631
58237731
9571978
108350017
23173899
13154372
73814705
40681516
99249228
115423984
14692155
59970834
5745405
75769468
14617143
60347207
24263308
67925531
59093720
1325368
5641728
83522600
44807431
80653874
18320281
86654181
69086950
63253651
104656203
46932062
76310767
119656614
35063831
86901236
4018942
103492384
34905145
79390722
116472992
8762023
79162209
29406318
45353691
66398198
51506159
37175243
91737118
113421571
62283802
96571121
47001568
15471485
34685949
79153251
102050554
45550261
72481608
112638519
107942885
105999590
11868231
110409531
85121302
52571448
51996091
45628221
77503023
116626753
90712143
56550303
84408333
12764011
98900160
8178447
65144711
28568219
65375072
116165997
66420003
16295947
31368802
88848317
34420932
79619319
97155274
79895666
58607377
87482019
100770288
88016984
111361918
49780413
58413440
39493081
65552056
25852969
45399708
111436350
32218419
77948132
78650144
76229886
38102930
39815570
33287006
69978715
83148217
18562755
84797195
68055316
102875016
42233114
112693044
45008896
21011942
9673254
100125379
61074023
66603732
50989874
29603544
71868837
74711988
2044101
115093374
44599337
114634550
57935207
32786206
76988534
39845202
38834574
12426509
89124216
47150984
105207882
75665151
15092901
36687740
42564080
76362273
57866119
21221172
103019790
35367148
50421549
33553153
49135505
31470479
115734896
66761517
118043073
77775464
30112651
8409552
26641797
11813131
37646016
18090005
114951633
34045655
41204616
82167221
28218628
103942696
32058083
68520142
33101070
29214259
69305251
21342908
94342484
112982602
61283254
38950266
107231644
109434701
38818258
103373988
3911037
37959432
36648866
109633521
20617297
108783151
91763537
8551792
17861499
94083992
67369019
2268042
96310658
27745551
50109138
80698486
70841626
93327455
89698522
11758162
55871776
77322650
50543285
24875847
96234589
42332184
132008
3857655
105523664
858826
36208752
15277516
107825766
18349346
108353615
102549136
90921652
88163176
31666403
15593457
118773335
39623468
42642535
106095802
77903926
77781684
111999965
28567093
6939309
102859503
82214878
30995928
71571691
98694732
115227470
61860564
57808521
120273182
58132534
90246147
104516692
17859405
118407533
95760261
48427695
110674070
70882732
75328195
90389842
113042936
63434553
103161163
52203173
85860852
115095838
18820462
70842375
99624093
67352216
66427011
771441
74003777
6252089
100194758
40886211
115954289
3728029
88562374
106240121
40273129
62322245
99240062
59915341
98217093
24877528
94099501
20284228
48323427
102377273
77712309
60839762
98573702
78548956
2866341
15018477
105955375
72468247
94898994
98852652
114348439
60174922
112060315
33117566
101781432
96466729
42807467
100197799
53938531
116723760
97483689
70841419
54588783
74362534
86815840
77932865
67037732
82205859
33055550
108483666
3803571
89646984
27457051
83555225
93593582
51398094
41119483
7102723
79119809
4207702
77275968
50714503
48877121
15593586
80793730
1583633
42528197
47083708
2714109
104097113
31618607
23121155
74509209
97655919
97808433
4609981
14360945
49037697
47885918
64408567
81026614
41248347
117053403
97058958
11919371
55974488
93278286
6395411
50826756
118888937
45814211
61682382
60404404
47293488
63549019
33710021
89353154
28914715
105948732
70076585
120071535
54962689
15796353
69899228
52778604
48770736
47207693
70952379
89011083
6637571
37838795
74451287
119812606
30562544
3780671
5523960
5147732
64872980
51064831
110144375
27968163
119520724
88616993
26694382
48423965
34634304
48761290
19276569
29843181
20469673
54280231
50172306
92667716
88025618
22691535
102826226
50243283
10053752
2597214
105043427
98308597
97759881
70670616
114288646
25414812
29391322
44942760
106486988
6388447
52544108
21527382
1273780
40580389
53982689
98933093
29147395
95274754
118775247
85996339
100670875
48801958
56738244
117964402
80325121
37782335
103121414
69712642
35683487
2228786
25837333
34372811
105019951
72345069
41279294
38829516
9411455
113486505
113398653
84959606
5114667
102447350
88544694
23340688
11432993
49191565
70641477
33634687
85087510
69973289
119741726
73190104
58960468
18955909
14842988
10612479
92582478
70376258
43875308
1310676
18208835
43975895
83577148
66190435
32417244
18276419
15914494
45451849
108371838
10951303
86898543
102773980
60497986
8836758
43182842
68281937
54587686
668188
34892962
11897406
11012820
70269447
58347115
17831619
47373431
65466731
57220801
91271802
52167422
90383044
8217159
42502031
11558651
34784358
19759570
107965395
30904582
4963191
49036937
96081489
40936947
78061785
29074768
113216050
75249073
42514654
33388974
42690280
80138998
55107146
74550291
83664832
22896015
83364015
81610819
46585260
103782940
57321388
52538272
100149022
78824392
94432802
22742461
115076888
94363407
105280010
28412088
55823093
85026245
91975153
36490351
48720898
93296343
107560115
49310706
32558792
52859286
68765459
58623620
117474167
1694761
81669907
2054013
97310756
100581076
114773061
115046989
3633918
68980627
79105471
46890191
54231135
90553025
7946082
86664799
38540314
20253765
57436936
109816373
5788977
89162441
49930237
89893823
60737550
24184458
101545248
64418803
56385120
36554328
97953713
115420154
25384006
102088832
98764583
72747398
66430788
15276064
35941517
47227358
105233122
79036077
38944109
88566337
21496341
108692318
119711494
49723942
104948419
89274496
29369765
36895155
118908521
116229410
109348576
117318748
88799339
34474550
87465091
31448596
11170322
116864882
107139202
73636609
5141674
52972149
36805880
19203430
31042943
47389071
8283249
107150416
27023365
20735422
89854844
92772400
3743899
30436997
110837807
37536894
60849606
3623986
18030210
1589773
27430070
74874026
29853657
26834373
113787859
61083840
45309395
58533714
81206837
54167053
6314358
76421875
21929206
110416810
10920181
14376157
110849337
78031458
17295572
55250966
16991523
59417846
72418224
56690636
60071022
107213821
19506684
59259832
97193917
64156185
92736117
91079328
51569798
59253448
102524978
55254145
100877003
81625973
21702985
4784962
1721477
16897549
34985324
98036679
90051104
23372354
118080586
25082001
61039935
48361357
103832743
50784518
89830455
86204404
37183952
811190
100503535
45834130
57007346
6114588
103070018
33482669
79037981
86799284
79376445
20899005
33551159
65575671
49388126
4805436
60283268
24684798
17330076
11612970
100956094
64969103
83332420
39202859
42249259
100739048
49014533
17628339
13600566
89019265
76184500
81833453
34287475
94388946
33247743
23524676
48076608
16270734
75106225
58138976
53248124
104284405
61994509
119229354
5292403
24703328
108475360
48670298
14212335
73360974
18764181
61753235
113203475
73077003
80671957
24620920
56622112
80995269
31927470
52767114
24215420
72279184
18069340
10762798
46312338
16977009
69418452
80421263
53506240
61305451
86628097
24502401
98992002
6774811
10753994
47105736
10490993
4598016
120389747
73459100
50641130
66687179
71564909
88582555
106938522
90160319
83177081
3854998
56779849
50131916
34697774
103936252
25966846
91575962
62344347
56374705
53954399
98596632
84276797
119487470
83313450
79853286
13748407
21369896
117283819
96639609
47715989
27515523
74956886
53702568
92377822
83058576
50232288
102404591
95889105
103083524
33380470
2528794
90157225
43327227
24165070
33605443
41591905
90592142
7105192
54231345
62581539
55466930
105766813
4423511
105739063
61943554
53053097
7592429
94653907
59251926
21682722
84497052
56137702
82381941
3470279
110973231
77653102
68148765
38507751
93360310
103409930
80536873
99363725
56551782
1735322
54572929
116983881
77844191
118494233
72638263
69464533
27641658
40211497
43823259
41854044
98146634
88289647
114801172
76393337
100640486
3114223
60300782
81026773
35648102
4728838
56321515
41949110
105292793
55222466
48454509
84480216
46858148
78801551
44790796
30051531
14374762
26562326
13829248
8379658
60336205
32426766
25641273
106787615
63064864
46017243
48052873
112236928
78132792
81170579
16092555
19613713
57949752
55571944
24705258
84182623
110919677
91582679
83978232
111296208
98847949
90652958
39689419
107290247
64426789
108712101
106705914
5995104
56709752
102402483
73222015
74548591
59845533
70107661
28218372
41311567
88884451
57365925
96144373
58519079
23220826
81520612
115908456
64250760
35135897
23606209
204391
90107100
83218361
114325274
71606788
82041333
116709800
21460949
584333
58431685
21485978
94787062
23256719
103161162
42556950
3114354
46330219
18533966
102223211
61336078
35650825
120849003
34145098
14623761
63610624
49453697
15868344
61785876
64046369
35512428
30871479
97362748
18500312
91660659
118615475
50145839
81457000
58278114
90458602
117280902
4658596
39324817
52230112
20142365
56830943
114506615
112374775
75477772
73366772
71857839
27190979
21027064
57238378
75175032
89239047
92308379
106407328
101355917
398027
87683622
107495747
60210821
69230904
89354474
10203659
29820991
50170868
85176098
53619518
51133785
34534420
105516231
103493874
28207128
119251222
71836802
41139843
10000566
17770422
21823338
14619460
73015948
52788017
55413630
59251335
78366761
91910352
18723706
84343801
61187206
108936349
18141273
50007162
39409913
8667236
15511191
97201473
120037084
20125308
69103288
68639911
96810922
76748640
1140702
108067286
109250656
23550010
109800136
85864736
65754475
90035321
80205831
104248244
64904887
84503279
40527628
115022960
206775
270988
66202528
11180044
39010066
99957668
3979601
32692070
9630153
116385884
28098185
51397172
13798017
82838279
36982839
109743637
88497984
68074323
88750781
113869551
78795535
19764814
5658905
82506232
25130434
116702552
63720615
70881928
53780134
9740270
48820432
79510362
51744553
56728491
7200443
6317995
59811145
8593718
4593885
79232981
72071497
35743537
104897964
25054381
115340295
89908517
111476486
95628434
110278788
68985967
77694275
86772934
115634381
9956354
18785617
75248507
32406048
23463975
22061496
64753402
48479347
82575571
72309919
45426558
87400977
119606726
92207741
101578164
27005852
89850348
64818648
16500746
10886873
14989446
34577895
19711861
100629730
11974149
108417790
113989485
74351586
37221551
67987317
40385874
68033936
85805272
53187011
58136277
95984629
29969555
82927114
93536420
85658225
73703194
74218817
76306444
62084504
92841024
36759516
10505106
48447105
49829202
102922851
81658643
4843347
113087377
32294072
107640245
28106194
40679868
15485798
33965712
59671246
103182045
77682494
9897659
110820644
113701086
65692794
92931839
65311331
9223919
109801234
99835412
11618690
71861424
39546928
21063028
44393918
77413945
119065886
57272093
14469484
80319105
49364571
18203103
54464813
82097834
61638077
115140483
71492253
33303754
46766848
49773586
82845032
84981409
34688496
108372436
48389755
56468874
73614236
55959550
88088860
7423439
29772114
81039293
27467506
52616614
113480773
77605456
32428090
38746781
98391153
117266382
116337923
88266737
77565027
60324331
101089212
28334323
37857264
112202298
40942353
82785440
15085090
95472597
36591654
68703253
4241829
82913835
58863645
35674427
116671067
7049566
100955934
67639131
58042151
70862051
20188523
74733992
69697933
36161709
43408858
10124416
9184985
25497222
77661156
49230704
112950697
79370545
77875601
76071825
66600838
66469757
15677416
67381838
60714397
74677819
100323238
59051033
56726399
51814079
55718493
18515566
39491046
120577514
47450607
104308159
1164117
74510445
31325134
29057147
117460354
108395267
22946890
80954282
3030156
88774242
61838734
36878872
12769707
101889475
60394408
120219001
5755359
61999598
57542230
92146995
108435051
48509159
3332540
7694462
102806663
25624610
92064960
56182888
119413397
93940163
72983025
62590601
47533722
13413498
6110257
36506072
74848741
24656279
19115548
87151284
76004535
50432890
97484465
104034338
96134115
88878441
62676770
34608365
44048177
99516702
58298085
100740589
66702497
68191561
36629503
16107405
117694845
88608428
104199863
56822796
46406441
29053157
25963974
11027650
59564758
71937609
17390523
108697457
39135374
59166289
110666820
92970198
75298775
99089654
41357567
61525750
44830264
53643699
66793911
64307589
32814205
111106525
33594715
20078721
40980347
38504706
32907543
60872049
42201987
75146706
30858822
4862421
90488400
75026366
114637127
41350931
2285864
48707865
88514268
67165177
74351145
102060797
21096261
13773025
54259390
108713869
115731839
71006305
20829494
46171017
30712874
103219114
39609808
85573640
108171179
101108299
117302720
48244468
30013227
6823196
105658306
46316087
11225294
18621099
42224131
35412892
73836664
25604318
95356721
76937102
46068916
60578119
47801406
33382393
109524818
104253086
87884374
39044452
40293431
8094011
97044840
35622865
116047936
59501510
89270920
29410341
71095072
79963154
63586162
74180771
86081532
56520837
4091955
96812403
65784435
16619813
61056172
87383193
100535403
4262231
29135695
12686523
41536932
64548321
35981649
70480366
33443284
49273993
32483242
4670566
103529707
37543330
36835575
86637594
78890069
99791397
56307810
117914302
114881623
7065325
70088815
110269130
111736403
108472143
35756230
68884873
6568040
26277571
27731128
87848880
53208930
55071005
67188504
92056567
588667
107707657
7480753
28772718
36227917
85423543
58318622
16892112
79653262
58044179
120813415
81975768
105909775
49242485
47825486
4612492
106812554
82616673
43996530
12335160
71387733
99962290
41153745
39719161
63552272
93660124
111144007
82152363
54482338
80480848
54059444
62299580
40963369
43057211
91454097
19335805
5770280
90758073
17078698
118677495
73134405
71570930
3633911
101297282
32913562
86208814
51099593
94477394
101712571
65034240
92181416
1152202
5893648
37977252
19058785
102399909
39177786
30663158
28092919
82666389
9001109
101485863
91845484
21627564
37286931
91179654
92740738
98576417
17623668
35991398
84527214
62320754
8140998
38425098
19681319
59436169
74979874
76548984
92779609
100560369
28624222
23687794
72577048
24493740
119799467
109395627
74306990
77511398
112145680
17090687
81304536
108373545
64198932
91149460
19370457
29194145
43039616
26232969
14049203
45786545
27850400
15585746
42639435
69704830
84445224
33615966
87656561
64903136
47924762
38575445
118466952
4130482
115371959
84181421
40670381
42288069
87733578
26699933
86690493
94255766
43375385
111155076
89003088
35004787
17593474
83621119
105628573
118253072
119382570
88947088
3147110
79145570
52140522
99507100
103048270
110025719
106691205
18564746
67436185
13277910
44203487
34285530
53943732
73083890
86931474
13970448
76597577
83961443
104324548
96535417
5252678
98854229
63045232
95865600
19859845
20340402
85238549
16681485
84589592
40237000
36806565
24640011
66580931
32598434
83299526
84483524
42589533
93413295
64844890
33150655
49817809
92119598
37837687
39973284
86969944
2970031
129530
101062160
78708765
95953950
2973815
120870710
78994383
12188460
10627050
3178360
56750811
14485179
70358550
29433211
64139700
94691762
31824116
103097407
111008902
110886232
110122265
99922509
13079116
93725293
116312969
9844525
95633285
34867655
9327383
106907784
14744897
25175581
67571975
48321686
16959567
81268986
110243659
45299653
76437650
117141872
23303441
117801230
40829110
96666789
88092726
51525923
104682861
41937885
113975143
101570023
97807116
106880603
104609541
93718222
119092009
81445313
91000772
109725501
110606389
105151803
8819439
87423212
8216014
107302990
28561657
62143545
95314967
114101788
21996212
79636420
45796391
47636652
120192135
110303188
82467559
46154841
58550781
93596468
65130770
7094539
117960483
94572525
108788595
23164228
93201080
99850138
61322555
106848970
100906062
113666807
96935789
22516449
28345185
36556100
102471654
35459870
9630963
15678546
37789027
95359560
80444286
56493204
55652724
43520923
51752406
79354722
71507702
20939872
96635986
91558246
109789576
64279885
91855075
99422088
52325303
107352111
119944077
68655749
9913180
47873243
54805252
29863319
41044796
83368946
117408768
56276738
118670844
35271403
25717891
102295823
9190466
6406993
4740798
66781633
62496852
296164
103718736
100949457
1633927
32356101
90186801
10367488
102438212
74986595
100478012
104669555
97438931
41554464
104334127
70533492
6828447
61919937
33454552
75251689
85698103
82137364
42477
106858651
116564568
19310898
97555025
32892464
34393772
4444633
84062897
82547395
89145868
40846265
101246287
112266440
20401520
105683837
30889477
118768658
98547665
28407178
90819059
117389070
34726017
11897820
37078939
22060389
97221835
72317189
44692842
99839452
56056427
101731580
9303626
53155733
75400757
93110392
69829568
72846377
5782396
12700262
71784739
67363059
20444745
86046080
81376963
113116494
97619803
2482299
27949599
102158596
84164792
48404869
80310130
103149259
35675985
85761751
98367548
87866014
106744392
63961263
60019456
93384325
116814454
37193235
104326166
2554379
56811626
26612935
91545269
28902967
113255518
76222290
106986097
28328252
78909908
78894664
85166895
116461208
8801138
70028361
21848465
102015534
103212514
85032010
4781711
38293602
69500990
34406285
27846557
13360067
37630440
22826221
110058159
114260074
70865240
77713231
1492741
27908658
34357418
15322979
12400501
54410896
87796013
28091433
64161358
83448700
39577156
105622165
94612743
27785605
57299477
27300086
66717453
34402542
15531020
60859057
10447045
56140922
117775846
5020336
24301909
13853996
42444612
1828558
82250963
42956581
12839443
107169763
105991788
70430152
18010597
105309068
111249539
4347312
78997908
49022824
79319588
11791551
17806317
67312656
51551783
22896935
11769066
5858396
23955497
49873728
64083212
5426709
31839013
73405479
53059354
112956981
22086664
89971662
79472746
96081200
57964794
63409291
89159166
682720
49664244
13663284
116794791
62226715
15511355
67206357
700136
12006932
81239769
115909383
25027220
45693387
89425069
52378969
32258815
109012419
108518346
111677733
42850985
39882033
20802445
53571323
2967865
47005465
32006868
16063455
97405665
57282074
104228678
75495882
95371561
108437529
88635560
19072063
31010209
93988054
106966589
5790754
107979713
5030012
116967944
63131882
13434572
101412651
64860624
11064712
35645063
68636313
90875288
110279663
36914168
64280611
112048086
77388041
70599801
95724795
2318407
21909783
52394144
116791150
77343952
45783127
77427320
115647507
33105475
115703085
107008342
71420207
100306442
14331461
112595441
15555293
119271259
92853490
35251218
86707942
41189425
46365401
31722145
117078308
88715207
50009758
114680811
16323291
75069633
18173648
43330651
6527258
35049461
97094647
39363829
82696446
12677652
52207866
8639165
52168898
15396643
62160511
49308397
84751149
106543834
19741950
101304076
2046947
21147695
79369447
54985797
45111117
78650195
72196018
2397497
41875546
65423755
65990793
93992641
68542375
104124187
36719634
88163430
73353016
53900625
77639594
74057280
50992385
36811222
36962285
2860501
21129125
46100308
29566447
73930704
104496887
89077886
112418259
68061151
97036579
719252
73273410
42713620
6258279
6772262
26890335
68882905
117881381
82866606
26756637
101378946
254801
73302640
101007466
120295737
2908240
40828372
6578625
48131884
106165728
81345608
63777685
37682052
62603422
30972192
82512445
5919366
113041308
111699007
85271372
54322959
84944604
66501147
106306915
27859004
100374513
65023730
42126268
16502435
52095435
43937627
371479
959065
70394400
29662724
83200742
75776357
55662645
46233017
74837830
37967305
109225817
32805493
76169608
26167686
38930885
61297069
41647995
28201979
26754402
109253855
38499674
26569230
87126635
41283185
106732737
83872077
103411925
88672272
16130956
51136370
94543228
61192386
38758324
115618044
95000080
6451354
91422158
108178970
58007201
42032337
52281328
52541761
84358239
14872538
105519692
101212537
34542667
53394140
80185935
90668803
22127220
118216490
10320124
3254558
58871261
18060465
37224751
52275555
115129045
45422201
102861677
99925184
87192306
1790599
114679517
77304741
69444154
49389821
55897642
95949070
48157729
37408790
68022070
73629333
101329872
52125551
21026601
34357494
750550
82969446
49832309
18872662
59345229
113259660
56513437
6595706
23931421
82286181
39897508
105687491
79229895
101071078
75729298
100371196
53346446
65289696
21407099
94495085
91715723
18488852
27927000
95528397
26562548
15896519
52602731
66972378
20858631
28540786
75008816
102877889
23624217
57572650
52842855
22233153
89328239
64710887
57181828
8727560
3056286
29310061
29958193
69342330
47724632
100923232
78964097
79851362
94573974
93401878
36051715
117187327
82409934
102514112
12409295
80590171
116037889
24061945
82447193
8464372
95400199
17436165
50035034
91874695
58728042
109131969
55534955
80600678
61654601
27871767
69252998
24197587
102585430
19518592
111378233
88873271
6349258
76045850
13283277
98386648
10991943
54537604
74261661
1819763
107476224
109347351
88626609
107573516
19145377
65011027
79429339
3525504
49191754
31386695
5823370
99127365
47477368
27663188
101831311
37457014
15769967
49734406
3302984
13712159
103652965
4816013
45073624
28962610
65053907
79745674
114608618
99655811
37545011
85914311
3676784
120902708
59685604
23615582
118627808
15619873
15819273
17526274
88185765
40548020
104909328
68643812
87779684
100503985
11893221
52096905
3637659
92541439
36565072
119486972
59122166
74690354
30245737
86327951
4837623
55881726
11684293
28694306
95979027
37642303
116712338
101061203
92758531
44065731
98279939
101101534
17917739
65754884
33616947
19541952
73768336
94888973
56750591
35682779
96866326
9835413
15531833
95634319
2902902
52358348
58724865
63277846
39336361
64847641
74643658
97143318
80902700
95041990
32981969
85401454
35367403
42130237
93264895
112656998
26147992
32525055
67484587
119375787
112986549
29211604
53274992
7569187
119022648
16398808
20150945
91715638
97416141
53657116
36909453
30108687
13021987
84360855
109634189
63193044
104944942
100601668
33644979
116501247
29158217
111851732
82620190
43710405
106465876
60739840
45172411
27772205
40538507
7756612
35584425
74900991
31188957
36876183
108418243
117790641
9466298
87493830
54806184
36791084
10118758
43032229
41474498
40312574
100415914
9032521
120031696
109443696
40927081
42793247
3364686
106447813
95869487
21880350
119537995
48177301
110684964
6899429
113187781
86637516
97567656
119708243
56966379
3881946
117893516
20924412
32468087
63158844
46858702
11773955
116316587
60289815
33099946
32441977
41280879
111972219
58589071
77238448
75562639
55479269
37407391
71967967
107909819
17175816
1679017
82122196
55989521
24047447
120815404
114479539
120154768
63169340
92298357
36041967
61897490
24218302
64549341
20694132
67842258
77052518
69157639
83874609
19008935
42127728
64336537
54526062
5893209
3109802
9314687
3594672
38053081
110715206
39772579
116271254
82186296
98631571
82306792
62509983
24892680
27129694
112664812
53596431
1271849
37563685
92492626
41203358
77376044
77980454
42020123
74451280
27527212
27029911
19538072
54966504
5718149
30710365
45211375
2298537
55540352
110083112
54305724
42781828
28528910
62141009
3448091
110159944
73738890
24660728
40328801
61779880
25857845
75101127
82103805
50552122
50671272
104995803
89666866
2924764
50453242
14990212
54913208
93560709
111795393
79311337
9755129
3419612
96170014
25611893
68992814
103242155
81554202
82648345
39333736
8852597
78885750
69270994
69831142
11959010
119802884
86227675
100676076
65789354
114913486
98108003
81885257
47746507
54542561
44160283
38495187
47376164
114678451
66085501
53289209
108375781
104141324
74626867
24910429
83411490
65057692
76828099
63908418
42185234
94246226
60546373
60021456
66926740
70468111
74087098
1766565
23497160
92314190
2568072
104904098
36650608
13049072
7208603
9251320
97650028
19965463
62893317
115086955
6302670
82944178
99662343
52948982
20729833
100052805
69082330
109986703
22872458
73065504
3362045
72647409
27319486
80561892
106934359
34643805
46970951
102772908
120198493
9076693
55663582
80002631
67179124
27399288
36399045
77726771
36841634
103563073
13662792
100949139
105908243
74353689
62214345
90093169
74350282
1226761
77180347
86500457
76108287
71225049
45746017
43800154
86713051
83159312
33590941
4161450
35445312
7377888
16592956
40195862
62897569
28264293
13087215
79935984
81041285
53835973
64063979
26376125
88138461
60309104
38734794
15815074
90487038
30471213
12912821
108849826
46118475
5955298
40754440
32308133
74995629
83586706
10209213
52035231
47714000
116696683
78052125
85733081
34963950
109328664
117592278
73445216
37706639
80251243
106355636
24148790
86697512
3754875
108641332
41807017
90822067
8263581
93385883
72120843
105352739
6957523
37579016
104293972
21443300
78167735
22098920
22960398
5356336
104996161
94983107
52464550
51216363
59207092
58624434
82518734
71622025
37341034
57573211
104041480
114553732
102600761
36507459
14374125
33932809
69861381
69421135
109184855
23910842
86428360
34541827
91542398
106514224
80411282
51678682
88966533
42295029
38102760
18460922
73891787
23263428
35776015
84323747
89697630
78068698
21283399
115429154
58064176
13270933
75972451
67534021
100179607
38151582
57129709
35436621
45747955
45950538
73476406
44126658
22852075
70397766
44614176
9347346
108031322
7599883
13575922
70505611
89403243
14839332
103684908
80051671
24049429
48190948
32523977
95268477
20004522
8012466
8940332
111530156
34091327
7304499
100887943
34226616
113403628
101662801
52443846
92104928
23098463
3078639
120512483
103988360
83366445
6497923
116771425
7009341
39196641
119736591
87820704
99835203
81273534
55493960
17011323
49780953
118670057
24511511
55811774
119957998
94921139
1635833
10642213
90348342
105384503
89708772
72266401
21298700
78564338
49365206
92592446
9593733
10195825
83498190
77700566
45840733
88301283
118034835
40188638
29845069
7946687
1810374
52307509
31492581
27307534
113499813
84452809
119712060
50590373
54175941
109315785
95056428
107734961
11417071
108565572
84085803
101628065
113384825
49706255
38454235
39169381
99577887
22376798
85355093
116196908
80665732
96135726
27939844
79571778
38378264
98537560
97454107
95502841
59807697
37523402
28595475
62909440
30276868
10396275
46017576
36924611
67382343
76974486
23649158
272637
116180748
3863178
63173830
74215444
40611999
106561068
44297919
104380980
62711066
79702998
88257064
1093954
57757461
50402284
72601302
33359054
8213493
59930704
66907366
117898258
97730165
108682831
107375495
114352258
33497562
59526720
13275453
36593336
81793739
110269610
58098808
11448933
84251180
47096393
29917525
57231020
43850001
55078552
16123916
31100742
21945536
37854779
49492653
24398407
11672421
12670597
87451689
11315235
52684170
48708166
101006394
104377908
75185268
17332404
70560435
117904227
98732982
24005843
68978158
70344806
26018430
101486046
102531409
117503791
3246391
65322604
41107104
12749259
33133015
68752767
102608089
118547130
116665989
6305686
27430348
357186
50470058
8227153
792472
69306262
94522898
53157620
3301103
78281042
39599423
46554591
18409699
118871807
88471044
57975743
88813398
119998270
98239655
37208804
76396687
111497133
1673219
62837967
624801
35585886
73086779
65786033
60600412
116308803
76835628
19203195
90048345
102163797
34704256
38118483
35488789
16241856
104041827
77746513
29354973
41727617
48567178
50917587
30058409
89472775
80736089
21088223
43601583
107742523
5019215
104042351
80355962
56570964
110751189
25322398
95985475
77777977
109950406
10880847
116744089
65155462
105498940
51929862
66675008
18462399
24560286
78742277
77370514
62314210
119662966
99437387
102152839
80094404
91181499
99453816
15354822
63477197
106552639
60559233
27386561
69448252
114291163
24517193
81585490
2456841
36371993
54588258
51517519
44794943
26381908
64814227
119480455
56520170
117853206
78416362
31575516
83246077
80079312
68416758
50645001
9052192
98739519
2699023
64739582
118187933
83384808
75795590
36090636
37104386
36751701
93352998
78346393
81317951
109145201
26997232
71939323
112577051
118689981
107703293
15798119
60345368
37444651
10547723
115428285
34607129
119337051
84158758
2084706
71027120
60160870
47945978
34796241
71035217
9797845
79427623
82097297
15764052
8527519
33221268
79757994
76433750
105207798
51349161
9378628
117568151
119790883
54719660
66262562
58344612
39742272
5250395
35400714
2837522
102694304
31269527
2006053
48309931
114481519
44622358
5714509
79609284
38148133
45852249
109937921
84517424
70900104
48876028
57006059
53093769
49013471
118892463
36538752
108639648
52558279
75658969
20789219
61446270
105461019
30495796
113427529
36904749
23556092
94614818
831469
23868003
37788009
78383695
42595422
4355864
6474225
50345891
90671364
44114339
95952146
61061892
117994996
108289965
90346188
59113596
107038648
61373823
35817814
81879784
57334059
112112010
60681580
80777053
38502372
68556270
6939704
109296342
36073280
90171719
26310439
43447775
102272582
33432144
41393100
113249532
4168131
83359887
44877376
29609472
16602974
108662181
61199335
58881400
91734948
28972365
113779413
25158864
94523395
44705805
111681834
67040637
43093268
113125311
43320979
50206030
32482990
37767986
52469533
113625506
108899138
113878295
92538306
79506681
29264013
48516844
37855786
65042290
66756913
26698825
89410138
48205205
107410864
1710600
35585617
66576083
55448971
69073608
3960661
117966389
92096168
119556524
23719658
113887238
80642321
5552993
88220128
39857485
49868849
59591239
111570831
119876087
54097912
13505092
41650895
54705354
102759932
101640591
96632153
109035339
9771592
57183168
12619587
40834781
67261630
87512010
62615422
27966213
67461071
5404138
94246731
68692560
8397832
108650296
25667110
40784836
46167775
28628889
18770285
50992762
95976958
67549369
47708822
120392558
1228791
30493935
48556832
114724594
61352629
39448985
96415751
89936812
110921539
15591208
99219359
8779047
110534569
26694914
54719483
119768512
87489936
76080066
43025450
88612997
62482521
118038222
112498182
116175013
23135562
72220917
93767571
96584400
35804208
17214887
41319356
7504198
59624936
9107847
18308842
92415818
49527447
50308173
81201083
71626122
26056640
42008075
44543195
111766058
60204979
99639418
46226692
119876940
13597545
45987228
66598445
67307508
64386290
40277265
112891073
17034792
5900339
76552684
55265044
28300010
78589951
1695138
110195356
57692749
80580401
58484300
101698366
68384956
24251533
39193008
117566558
4774212
102803097
65903778
35022996
61328039
86041873
239463
22762125
36773667
72084569
116804811
44900066
47351498
34376926
36338388
82769749
98600330
88446364
53569906
8588284
111380833
42114738
51711056
76994384
102679076
3716397
62505357
41302029
109960951
57389912
51662780
90751217
10958687
100861906
4267163
38565914
18751835
49154895
117440946
82357232
24733071
82427884
8561678
85581750
56776597
38375655
29199843
59495675
98065531
101938799
77877229
34386449
29919292
17478288
104972657
61377047
105239078
5115445
110639250
19209734
15914855
41284505
86484054
93392774
51593700
45595898
11608599
26878234
24421824
35013061
73795554
60151322
25651287
91186023
25865537
87764553
30793755
17744675
72102077
63679082
72019506
60398941
19897423
59025876
2722841
99857212
71737798
86029343
79684221
38838375
53725681
13005712
110690805
10371785
81784174
24715466
21174074
97595539
74082681
85270503
99845405
73093161
3769415
28370365
29875898
8120862
15662476
88114674
36208799
11703136
13265289
12993630
27159729
41040211
108288078
7177129
110656622
2383053
32303662
66678509
49147570
43353896
52221538
55458969
79681342
74672266
41116415
56903571
88233764
91473151
81501088
71475040
43217263
86132184
12707889
32244855
92912063
3959340
74849385
23215169
75027037
62708708
116189184
110466231
51383590
75388655
95873468
13461743
74235484
109949767
104940601
84172232
54156184
68032903
14342554
22777771
76922133
40126895
65886114
16758724
48255888
85852535
28250781
10972407
83703751
8748549
78395471
69696894
19415933
102624307
118509617
55044437
11325118
10284159
14592763
7405476
1153171
106923702
29521143
111063253
25277212
6391328
39313308
31378413
112110771
64699289
47375288
60163409
112871008
70517209
78991573
6767110
92632415
19502232
23060567
14006857
79816246
66254795
41670908
85371497
91299189
108225458
40451673
94403273
99614619
119152693
98884334
11089919
81646489
23129814
41233575
114898800
15280558
95614019
74486756
21430992
42311912
67341709
71655466
75587528
68368425
59489341
104706544
78625558
60685987
47289403
93335949
84928380
95955607
23929081
44919824
87379547
99094470
11782611
116518939
88524700
37506204
45238150
90856345
57231320
98332887
36103186
9895673
84333197
22785737
97628678
70775526
57208015
89456915
12166125
91880984
110742868
89286985
26900771
75773239
66241238
72333797
38890498
40008556
8576060
45834612
33137213
61344238
10569770
64760038
40764419
118668356
70758514
67905264
24236788
47335647
13999689
103801080
33266996
13557671
56061353
98655394
28093031
86327031
99714047
13362771
64980213
34969629
23045747
75566975
6366371
116716313
33241367
114055886
6871343
37715452
35264842
58860806
20579819
103385046
84485154
93859156
63915197
23422867
53905574
10919339
104552281
90925649
17223356
25095233
75948271
90734323
119941347
14730259
111830449
34228048
80800655
110413238
28603257
117813066
11809238
103794117
109844970
116525915
78791044
38494168
17135633
22363427
64859282
17204293
39469848
61062287
39953582
22479488
9354217
53463556
84179614
79457048
105461009
47489034
26153887
61218011
69387504
55196929
24413235
1417211
5624791
53471220
68087630
15292771
7968096
16283324
25003073
40834432
68873912
56427616
94634886
90414971
73377210
3796995
98250712
16990360
21191700
76973657
28783505
50897170
38486177
36690579
53303161
44242998
68585161
61440589
6288406
67970293
49572138
61425645
23813212
80815650
45503124
51804306
111289699
57617295
37893043
59059087
67199546
99458942
73534037
60321521
113164259
56386849
103605296
21277055
78690486
60778161
7971109
82576556
118594010
115243180
89105419
82346203
7438221
614867
102352082
65862762
13640711
59240118
15922521
93008907
90525952
78369460
13911263
21714242
80901379
59434102
106525051
6878025
76778313
107630819
47199855
61370834
98696364
42827135
103789577
86597561
32667782
13727930
114471138
5731437
77288589
88490552
70477752
62575460
77457787
43111963
19423871
41631805
89714167
28036691
48581274
38295340
87951712
75477162
5672822
74023354
73139419
119894233
50161801
15407479
8934455
4372720
78581258
12098803
100642984
90061647
62610054
26936345
26922972
25980586
25737316
105196759
101516396
27365788
43151589
35825981
74397797
112387180
83534162
20902457
30568610
63587743
32622518
13928358
2337742
6778590
23861553
57731940
110959778
45789081
57826222
117835653
24729736
79003242
39972380
73706639
32622305
36629468
91682660
42726213
14947821
119371528
62045170
35174044
43451622
21248040
73291820
53495339
51302200
110430050
78763570
16640252
61250000
116327559
111066806
65605803
16818813
68556103
90389348
114124126
21059344
69306611
47346903
41506728
15864567
93826543
103023980
110896092
21681647
62794762
71164674
70257407
45403536
10280760
82882225
110956284
60429471
53345400
65215400
34661947
18663680
83436012
117057078
86127828
99508746
11994333
65700086
23694688
47496758
21082737
36260853
70036247
53442044
74520361
59482748
116452106
72144896
9712848
39731418
41907870
17391226
30367544
108375183
24930883
70851290
120020456
45740884
25767523
4165350
102779388
8088500
23019483
104927267
105062745
20427742
45297688
54981205
44617349
108433836
98460512
88640693
52224123
101037130
27473569
2375465
49769900
76720688
120720656
113321622
99847504
24016318
82943974
80516255
78838358
100190000
45083766
85338735
33445126
108162654
71629498
88335752
24025755
2591741
29113209
50081540
96810394
57863853
47004324
46460286
56209713
87907013
30650754
19332288
51267229
71752881
2654809
57448279
67356815
66187968
120861279
19331249
35661591
73237605
35432489
114499623
36228503
27404743
104192868
66109375
84136899
69037757
59222542
64427846
26781348
92249357
93560846
19833737
1654140
49580942
15809532
6361055
36639783
79897874
16677478
114818951
94879697
26950472
27070631
48025566
10006
17107303
74382391
42161969
6492732
98511377
10306755
91119129
64267845
4638740
97370464
110192683
42256409
57456816
91867001
97431241
90595217
13463534
4024205
85776716
12941159
26395289
80167207
12304463
106018177
110727007
87748320
16337761
117424097
100446958
64126806
78848038
10614571
96871015
31855213
36373604
34243532
96151646
84232296
44558792
83382332
39913648
18325682
35308799
87861599
78403467
93407036
95302132
91006006
68112547
5609508
636696
41377112
90440201
45556143
59164046
83786541
77784993
73210956
38576058
89832387
88255792
16476455
64724598
32111113
56703568
42624939
80168370
103252945
44318648
26233110
17557163
42535679
30405846
62901764
83043098
77881092
25294488
89692624
90369310
117219066
5652938
45564183
103213067
6653660
58254781
76436720
14694112
108952607
105955165
112583234
115591419
25628309
80772887
22099659
72942743
43934254
88789922
23418890
55179412
92266599
86310894
75655400
49976212
73524755
7090905
114350475
108511783
119559054
53523316
14288756
14005998
119999278
108309403
117259978
82443179
39785805
91481556
23110879
83844818
49810486
31810347
93491760
43169196
6322263
23793368
19007483
79238473
117523323
58107997
100524013
11774017
12786139
38048124
56625738
86012973
8531852
30310789
63706656
105553056
54524038
117462985
17746021
37556099
38007227
116262053
28815930
76940988
11154699
81784163
111353059
6641290
25488084
69698391
24161713
17567420
27270046
81899487
99714461
75232936
14805488
31959518
76148279
47773166
29516272
116798580
112789948
114462428
96786751
36727302
57290664
107451570
79455758
112967600
99223800
82066240
74590983
68031768
56071559
4513409
56296079
41654668
72963207
98404294
42428345
63262227
8336590
42520740
36577629
37238573
89568288
88032322
2443246
49833330
25466849
5537475
20011829
45546276
26655393
110335182
78271545
65323065
98711400
87873148
38376617
31192032
116478312
39561204
102219320
14416891
52550203
78891785
89709953
9700980
59551334
90391236
117168229
61581648
43436083
39028937
34795327
39734958
62565473
87389401
29821501
70404204
69365713
30676647
88274732
82332329
102107413
80882027
26946448
67519368
92394837
89299044
49972713
102061420
108011002
23327534
15190569
42849223
109824082
120318718
104016382
88453317
16438782
47622922
26786321
3701125
97463465
37889556
100397088
82644899
18023688
120144854
72613103
77517014
19052865
7392704
55385881
4071675
109487191
28131035
17546654
111333418
71771673
117128810
56354481
65161779
3987083
15871851
59832841
111854395
73363566
25877090
61666996
103221288
71159457
79380395
24304038
14818566
19865868
70735864
10031796
30990305
70575619
65220399
22131133
105464821
109389145
117738477
107525021
119153774
46842993
111901476
24462566
6609894
82625356
9966260
95812568
13132689
32991916
3439381
50187399
91142279
75717634
72770232
78917249
56340891
59514527
44051805
4786770
109875564
90643876
35295028
8859172
86110798
46314884
115876287
88423431
111235372
40379114
116623546
64174837
40233099
119759751
104979937
1280956
69492667
97974344
92373187
53428921
62849638
48721748
67900798
102708660
19376742
13255704
34865444
51554121
40122594
43891559
59975373
70500022
4533078
79463774
13982885
88170998
25563143
44980803
92799886
47060535
146015
117863796
49678531
8435772
19750713
7005593
29907770
16063746
35124706
13135069
76011754
50624609
29345005
54645093
67843216
88822622
63616741
81457516
82062379
90622573
8842111
70995229
56517136
37362080
53900631
59485713
85854743
99502609
14318417
95936091
118382005
112710244
67596712
12156568
69011633
3686967
92880888
16772700
30535623
74983728
104790065
21366660
103781394
31006014
81511983
107385701
97243873
93994168
42099034
101550781
3589067
61963662
17094598
87515054
72507338
44881653
45167296
110918653
102120605
22608174
118823009
75709067
43698610
63909745
40275681
52238933
94151344
17897160
2466266
99652594
61685965
43267680
60854678
117395694
24245772
78001446
34770296
86176723
59888731
70619003
84456183
37074014
110456325
62696575
42347758
52072315
63761049
22559121
113095645
116895169
69393195
24396894
4917016
112459678
90758402
112862152
19256296
84982381
46694826
49682217
8281546
65290272
109505539
73336863
52109027
28552679
108596345
54634924
1720540
22814717
50646309
112243238
115726257
58384009
119935527
110272267
59976671
37349511
43649557
58182381
111978153
77933517
54638493
103538496
62687012
96259651
66167326
60057710
76700835
102404555
61176678
25428314
103664875
50436490
85740518
87957734
26832139
85781628
3988614
10477303
28088461
113262301
113307712
95937620
88890969
52069645
36106340
1794290
46371359
56199671
3543888
98923288
105730136
48862472
37371170
2629301
19558816
54246402
119881033
20756151
89223310
101223819
60687796
106190772
23604351
90442521
83969120
106838467
27176796
102209945
18169591
22634472
24371332
30721697
29314910
87096678
5698286
70390300
88734033
68448072
71469535
75681416
31035748
103100835
119787287
73608399
3748269
89286295
55506722
18657213
81068356
104032539
47103098
60728906
112705283
7249515
32749355
102759175
88668875
4542324
47322243
77931525
83803192
27758284
25023411
49408241
88846276
27733844
119920765
13052617
37412324
58852331
46377760
47910980
99352565
30500992
18101676
75574687
8217939
72474184
92554116
110823081
81810887
9337213
118463182
9946107
39580640
28207030
24920562
10737350
11222763
19563959
52908114
34394951
59912009
87773197
50487477
75793659
111321521
30552064
57158488
79984975
80499767
15876768
29809303
114261509
112766683
36111123
104020572
108878490
81146927
52700532
82843530
71864780
90756574
90256151
75509176
28843290
16984267
5356603
48312866
97827813
50135580
55618548
104907475
74601981
66935307
110419044
109118802
820175
40535928
41281720
50175672
87238258
114593716
84181811
100724568
3888193
45447827
51320039
116518591
9282147
82943959
113587379
86839234
61913283
73271884
70152573
71014055
9640085
45704653
83177949
113920339
96533600
79166871
84972062
55966810
35598762
39366746
67837082
71644504
74297670
17171634
86993862
107513691
110705523
8217614
49404529
98853233
5649309
58859711
2931212
43442914
21030676
40315495
107170292
81382859
33115428
114931551
78319736
16719747
70171054
4011078
119431908
10050419
43568109
45605316
109129729
84954258
55552706
20149077
105650643
87783980
27466112
48259878
27592792
102335921
2568304
81028449
95922021
83206396
37829035
53099347
57272623
30131447
7200067
82722372
3063123
106879312
44760496
74308658
18287840
29604265
50926599
43310222
112404322
49097482
80536240
88980652
100303616
88768727
83166596
57390765
29674818
46130192
45691573
67564344
6413899
9845539
43199414
12306304
116417404
7697587
45899280
65033882
117551955
111804387
37961875
49754465
58075101
105639862
113865690
65461249
38199944
1829117
83773982
23423670
69793867
82251144
96297686
12396480
59093908
37036404
102182823
52594105
39716292
5329664
24364930
84591226
14428135
35501826
87407024
51383522
101629264
24578524
27072006
67797490
23212915
22805644
26372406
113613853
67439918
81520202
102687268
105259905
53035251
92006469
17609614
26881016
23157236
59261282
31213658
96983434
118320113
96853158
28229175
45608697
111901530
79346734
87667833
53528244
24356193
32312130
24311516
3315404
91849240
94749993
10908713
30599063
45849356
65852205
10926585
52663644
28484951
101164430
57133920
116637866
68849233
79348333
116667359
16657433
31424800
24844131
68754258
42195046
105951629
39366072
48424495
27856916
24474171
55355703
119700359
21040789
30946521
20045153
113406691
61250176
18384267
66056509
110156109
114185713
6850884
245786
86013355
32847086
32315197
98785588
120970508
52191800
17407163
61306858
68903175
110229755
39892502
119871817
84254182
47578343
105375532
114068793
29156558
3433381
114892813
69138835
119117730
90696345
1660886
47350182
41577698
25198555
59205625
109910323
118655989
64487429
88930590
108227768
32876579
101123398
81378424
29147280
73772255
28177409
21414355
70031359
116459204
82797790
104979916
91185390
18421785
101942150
89659611
50501353
5315652
114680098
67477949
71767548
49118647
66945962
78628187
52667375
27542567
85201827
111463364
10428221
31610850
108807193
117332974
94212930
117834773
53201015
98216555
3740896
2201836
59616566
55535073
115757445
64376004
3037766
92009410
88920433
96626498
95979513
73507035
24031735
65561451
91015617
83622991
86934903
39403395
114426361
62204012
17114346
23074607
93139802
104578878
27881551
111972420
64131959
116996375
83577507
20482808
38599989
69205824
7444392
85724193
52497307
23748035
96455572
27411269
117029897
105897028
42078392
120901693
72975049
30892375
99626549
51612222
90196631
24730891
22289049
91351753
59547840
33535468
85676687
71651013
9930549
31885176
118878544
43649151
78396386
14371683
13038416
43359427
107192147
104696358
110268621
25086038
118201769
81042175
75816507
117128205
32921979
11186017
111758775
21362827
61695744
44379288
29323172
89328509
55666681
79237212
96158697
78380458
114088550
53791511
73772469
87281399
74488791
104506861
94365
4520589
118663167
29342058
54090806
82106109
76978220
29226446
39753162
1073564
48120195
64630490
95853060
102042783
39973904
67379487
82523285
62850866
109712607
40569591
114169813
67769854
86148662
42367186
4607989
26807151
69786351
90265609
56670664
39451831
76327325
91752307
71429784
36557058
42847469
115347991
11836577
75904655
71589882
96122673
116704136
36561043
115140217
28473573
19519498
98123038
48150511
41953694
69681054
11426383
44904560
41286257
63161865
28825141
93580836
35342381
91136488
120818150
104421915
55401987
89022048
9253896
18388468
46565424
115204112
87942815
43758109
36713905
49684150
35028839
71466087
88230563
17041545
17017178
70806693
68049435
118925615
36724127
87532765
28394797
69264519
16079419
68705422
118303115
58688653
63246316
21404097
5218131
31796102
95168018
37013519
42456624
15049785
51445654
2807315
47973837
38258664
99212901
86247819
51937218
17987294
54448908
17423870
69992111
109575195
3566195
71000301
90530817
88459609
71453346
50173006
41445035
47874396
95942736
96899018
53470522
31450214
47236079
89204612
110339478
49601863
76051496
9132939
57559578
103670620
115078046
82726019
76805077
81225607
1282540
34513348
68995184
65873714
104341305
89475441
109528009
36106587
120546956
40357811
47014573
23578949
44713901
65546018
84887505
64492522
19146568
85265911
42110737
88117847
103636747
70690169
113042286
93380877
15054894
95833560
117349174
33852439
50927109
42291728
12230423
56408827
20655674
70003374
46829336
68234718
89928486
69170198
110092015
66451636
86127541
102468556
29175075
101221380
15883080
120621595
22381785
21512352
102629165
61904199
96075562
100739501
25118904
17208726
66515333
102202456
14390081
75057446
112105647
115518282
112119685
32710680
100063122
73420957
101074889
98659139
79142704
113960480
73526288
7623459
37276561
105906162
56069106
29553481
48323225
115370728
108476061
50961217
15920421
92373295
6268924
78866836
34224167
43916449
93302276
81941518
80580440
110355430
53421391
48878597
105938791
38698728
52635792
1403983
115278254
77598039
115616482
71519245
46167549
88620127
42037984
7723079
27066567
61698378
11561051
87845639
68933937
16102766
14175922
27537216
58149127
83352476
76048191
42766280
84336009
103946846
28520127
1185473
4416639
105206294
117242806
104534807
13904105
65521383
97271133
43759009
31430490
26996355
119964892
38444470
61553560
101339606
117162029
29704559
83248072
116458286
73669716
10880350
78953639
51823447
41972656
105866478
89500098
93101345
14246153
52634166
99530207
13797464
4942668
111365464
91302188
21205052
7263674
91145097
34090893
70274778
44794118
83469651
86442796
18625285
11766072
1332631
108575165
703742
77034843
41851352
37504647
112329900
89907695
63570792
52806980
39354942
91620325
36865932
114571139
90932320
47691497
78648374
43495276
74221247
104101790
90640722
77597790
57988896
46350979
41104873
74315613
116652463
71703579
54593795
533751
11062329
45297788
36207443
84199096
55188574
72943658
64417486
59522920
20036383
92950467
15941048
45783803
91171636
110174435
35922765
16920673
63953881
95546585
43338185
87107088
15596523
44289742
36492916
74156914
20182147
90401295
19721818
116118712
30124879
9296006
54809939
47863234
80592845
53747416
110265241
116665654
52907275
92467019
13065502
64736210
92262462
26766613
9861038
74250963
46220554
30859811
64066119
67330424
49433691
120048444
50614171
62439610
114591226
36575252
54435095
25063436
60276416
100909443
30792402
103261646
49703162
1062523
28081623
54410822
840141
17798222
73083782
78654695
204557
107298890
54875172
18011499
71029690
69484857
100668475
69373760
71909751
65017676
107199884
107994082
5457217
14038919
8004515
89527790
66782467
44009283
84754664
78014770
51206281
29729879
44663653
85775971
90706013
10283401
102327041
12669076
17593664
56268523
23779523
72676689
5752829
106390316
7826655
1655930
118575107
35650799
83173877
54399300
29044088
62644594
99989567
6413058
37740083
54478862
4773126
109767697
83286633
24508415
2834747
86430311
29507496
34380251
104448931
78036937
83173368
15542148
109889554
35400606
50515693
7872838
34333664
4096899
108815209
93175857
8965683
33659437
97090341
20529283
75409734
22631030
115388142
14994334
1639932
48972387
61675860
70748341
106932950
117856323
