#N=5700
23395121
32231822
21161372
27694682
11521770
26491925
13499426
5991154
109723
17660387
23773910
4258352
24388328
23679329
20105075
28654423
13407025
13119197
31828300
27513311
9665779
22946933
6244772
24694667
24142875
30547342
29842660
4086039
20719025
26110280
15219612
31334022
20710052
30303030
14195256
8674198
26382202
31472622
14707245
31484953
25762060
94581
16643278
31367488
13415885
10129459
32459706
18383715
6597000
8881367
24412120
17461113
1947640
8187431
27342008
20056835
12971899
6875962
21356428
21875004
5400228
20550164
17138766
15179436
3920828
15212635
26456953
30530831
8854144
17756246
14841675
30028154
22312278
6513819
31397783
27522171
6676041
23578339
29605178
21625888
10077309
19368271
25752687
14380805
27705532
20466046
31190408
23586896
4619316
3949846
7879820
22710793
16629336
1926131
21212483
9023580
9502073
11844289
15689156
14459572
27933969
8327856
31120372
27280108
2981359
10963026
1060575
17540154
13501030
10236906
28363201
28186504
24152740
5286641
18823980
7262218
18990312
30384144
18850658
14398524
19810511
5953689
1498309
7605756
28057641
12511776
28968006
30676083
16400321
7361300
18972783
3797442
8490078
20157345
26219533
17931206
29951997
23313669
24810536
20948108
21717749
23076560
12506106
16890522
21929911
24073419
20901560
4591788
10573633
16040551
12900214
12204755
10386049
24620116
14271332
525139
28601456
21606706
14846882
15746460
2014804
31305439
10067910
23048873
22695349
6049446
28754253
12147471
4739502
1733975
8442002
4827227
4290231
24066269
31622544
17338123
13499786
8004591
27325157
30858879
5654502
23913681
1077004
13004491
28508660
25154627
21311840
15998578
22735484
16031444
5678550
11455931
8610090
7162046
26784621
13691460
1309944
30163859
6849050
32402275
29933745
20009316
8838266
19442109
10566483
23617953
25646549
18274490
5493670
6555057
435455
25140012
27895022
8412378
27326234
12510082
5562725
5280396
10320027
11279552
7421354
1660086
17161311
30552213
5852102
32254345
6842409
4541251
230114
19329735
26707591
10491636
12586415
20853895
29429143
24781993
18124283
22235073
17839035
15987241
11150036
27656660
957360
15384939
2849652
22045837
5333637
29916756
1002624
11803523
26608242
9359142
31441567
20540549
23709803
4454432
32024231
23146257
13467243
25372060
9886902
5853696
13552494
20294422
2729612
10337651
6942958
5280623
11085037
25815957
15029881
28255098
24807008
11401523
13194884
8566479
24186795
26020115
3308513
24133483
12851956
9211275
18139339
26987135
21006319
3707128
26620772
9795752
16402936
7613547
11819566
22082481
3124083
6358425
13351464
592571
2396196
16760584
22740743
18463522
4152531
6771940
15060213
19384110
19704729
19664770
8401548
3196893
16311740
29730821
5994144
18354822
20694957
17575793
3509944
14354148
22937775
19007225
1119768
26810456
4489463
5461141
8731017
5675094
7105810
32224463
10341829
16422675
15751634
15968803
3403308
17258422
19557211
27885444
10982562
19651418
6496612
11160728
29692750
30446919
12179445
24051934
17988460
6340809
27128019
20136302
16377962
28617319
14517762
28148628
21223021
31304370
1498912
8996555
27823266
23173136
19616410
26863027
16162949
30983213
28901592
8007865
9419441
3049375
24532414
2965416
25592250
11683276
2124864
5640816
15602041
5838636
29413916
30342159
25596430
1654281
5618540
23862916
10537880
18846975
26649716
12226466
3481103
13959359
25013727
4103821
7010187
24266780
30451435
11298665
24707354
28995799
19109034
6454025
9947126
12849138
840552
19951434
31714818
31919811
8716901
17749883
15875789
30903216
27867201
1733513
23606402
22405148
29703201
1454995
15365871
15833938
19702740
2520864
6949172
746947
6142387
31345104
2703008
4599218
24679632
18253329
22192255
6259896
8757055
22485693
13624321
1410742
14378114
17108517
16044021
13447268
25516265
14142276
7296814
8605635
4520313
25294989
7039276
17012845
14242256
12845007
12028348
18955792
32012060
8094069
1187521
4686750
6665472
20083262
14896964
21563317
9496274
32196563
28269158
7346313
11251160
32149387
21000303
4074428
27225835
1901745
6150454
20054212
9621963
17635408
1566358
23141051
11052732
29827852
8128079
27776465
16466530
3934279
20911853
30468891
4572178
16737842
22279787
20735738
10586988
18333984
28927742
2149961
24088984
28609772
21979592
10320314
8067134
19098558
1067556
7171623
27913365
21005047
18487853
22114495
6582675
4228507
18156554
18909850
16504903
7337382
10008194
18487640
2505682
4174010
8189104
16326441
6150854
7089384
27441579
11580609
29878583
317969
12660369
16912252
23686220
6024616
9252757
895511
26818775
12552510
24317352
5798870
17565953
14259346
3957941
23306408
23357187
13962754
8901656
30507264
4831699
5834183
10298535
18669242
1166738
4243302
24518445
30203828
9700802
27123609
31410240
16109912
12265332
9779335
7659495
22790709
14839424
32333830
12211741
21019905
30620140
10058006
1840929
26749546
23392160
25628770
14404751
28483505
9131054
3067473
20208729
21796040
7811027
6055233
29784379
3452910
27032500
29884837
31283589
29224473
18001859
24774487
8450417
21964623
27429912
7815666
13722550
29453102
4857272
5297317
19178975
3870593
19155847
11845742
15488377
30542237
19641297
11337278
11418358
19825015
30890028
14153495
27645244
4358117
11512734
3043124
7802904
951609
11882977
9652683
20774055
28527237
29834576
3778333
11385655
1120392
2958394
8425233
10274126
4130260
21775052
10476815
24015799
21103611
24694446
4151098
19123879
32306283
16080833
29754864
27813354
29675493
2640761
24602119
32188795
13704706
23650148
30640222
12667555
18989323
15451690
20139304
17141581
31857766
819939
2960422
23336266
1971715
22283763
2940893
12604462
671441
18272370
23008283
5123314
28021745
23703848
21859016
4492929
22038922
30257684
3211234
29976699
21426056
4095553
1548573
4180733
7804406
18332114
25018252
1847742
19227506
19319364
14181159
8521500
31338225
16310242
20395373
21857254
24755904
20302106
25229762
28038128
25884207
2448016
15754299
23528816
1664926
27234914
4425277
24552224
8831628
2259263
28428125
20388904
28781148
18850042
11652482
9100246
2248189
5698887
20156584
10706006
23614722
1014499
20616128
9480970
24044339
3236848
32261075
29207776
30051482
25925327
15427411
2355391
783090
21009385
22247121
12746284
18403286
2166014
28614100
24076307
9111698
12721665
8736422
22824483
19745435
9097177
21433663
24032184
17717748
19142085
22579879
14133752
12603743
17379279
12853478
27326563
8818949
6335748
16923947
27696090
28285819
26908027
15741853
23670389
2606099
23224689
16622185
29960562
28687899
19036017
18483467
18777215
28609813
32129246
1390820
28203252
23869430
2291578
1452304
6727578
9681924
8344182
1280274
20910762
8560330
9661312
13546198
16756442
10539930
22505921
15097819
7759012
24301927
28150747
10191785
8279120
30170373
30076169
11477095
9910683
26059787
18844222
17386395
3550143
11403398
2242823
26750947
17141852
28243237
28741705
5447304
24404744
32273853
27252545
7364564
27437471
31611383
23530278
4802205
5924500
30693994
19437072
710808
19166389
1123956
12605617
29292026
20259689
7159964
28266456
25014289
25653226
7440824
18287154
9289196
26751547
9633169
30499243
11694548
3838493
32101435
13828342
17040180
4836382
28131163
19467868
25778848
28830465
25326285
17855133
8357273
14671187
21456698
20595192
22364363
13354268
8589234
4169152
30878983
13996739
20825632
6727135
16364029
13179278
8653985
14423536
15056999
5794676
1541389
1009788
22431895
27265053
18187180
30062313
14691117
2444280
29775166
7923714
20473191
10655097
28888436
20252082
27940407
11246012
15149540
21338793
14965285
27082496
15833521
24151848
30122711
7646354
1216732
5084075
1265861
6002891
12882147
17190793
18996363
6766337
15312609
24859583
12573936
15742900
3430728
9910984
17604671
19120069
11525279
3364691
18348273
20786006
8246124
9745196
28770727
20557045
5505271
26447020
29449786
11330749
26078698
28182218
9524075
27703842
24691929
16565069
19496528
9259392
1878184
29770363
29825983
2713291
21428855
5806534
1281810
19944242
30875706
14239980
3915377
26372855
30752150
8603077
24505280
20179080
7383506
5467289
23597260
26664523
368321
4411150
1806674
30864857
3490289
25449007
11350895
18576119
17830467
25359748
15066991
31654894
8341508
24019449
1431480
4628194
10564410
22675413
19172447
4502851
19121412
27802301
5011157
10573070
4363153
19037990
32215403
13208984
8242550
19186110
24857848
1993465
4064443
11991250
22657544
17404171
10762122
18481148
6652709
18665574
17018240
23537543
876994
6856895
16598621
14389650
17945748
6061559
3554001
23860147
2635275
8548342
26582730
18463168
13991250
26787751
13939022
13029293
20841137
6249085
18265249
16010180
14969504
19150273
4372710
4176396
13895043
24586549
4606489
18748749
20932161
10161345
10082504
18977345
21401148
10537061
10835649
29719184
6569866
30639242
420999
16662108
27047092
2938560
7667727
4105539
5946614
10833519
27254045
4830957
23769582
2258558
14781051
10793108
8398811
12276162
2713488
27636295
6797969
26935145
11809827
1954816
21250198
32035443
8141696
27315546
7110777
15829990
32441767
22397758
6735731
626020
8994381
26085135
29481947
32467791
9341495
1115657
19553938
28139069
25683488
12976474
29493329
5648471
11223201
13252517
5478193
8268344
18970049
4843153
8828529
12264385
29446702
29568234
24924666
27945289
30507362
20346602
12237840
31815747
16546959
13140597
3634074
12160173
16743639
28366289
12913852
16836009
11065752
6577464
1789321
20035017
4896854
16240812
170278
6098439
26772469
3778621
2583396
9849246
11030034
11750296
22973302
1501413
31550873
7721646
18851031
31181616
6943224
31587244
28181672
4386786
28886959
10901368
31736321
3051212
17300537
6336388
15046688
23520735
4824192
18038510
23008321
31288416
25101926
32025239
3515043
20066804
25238588
23323101
19365945
9528621
15833005
18395238
18283965
3512839
778421
22897370
6143525
2556438
2700285
20423886
8284048
28979329
26090831
25399933
23638107
26269803
4655778
151759
3655996
6025777
25426585
26616665
30916955
8178703
6786651
15825524
700859
18853549
10633678
970707
26878239
15463748
17616816
31020178
29859315
1365565
20197085
18209640
29905973
9354539
26823056
15374115
8484804
32311029
23887737
23486347
25757389
31120002
7215175
9529332
10742405
20391464
19830014
15091430
7477844
23566684
8335428
32220152
24465311
30803513
18987474
28348062
18094434
16251251
10823093
14793257
7093175
13986128
27020167
14531857
869735
27002027
27119961
17488457
9697222
28401318
19414754
16228057
20377597
19313712
25332901
28140975
16057201
31896912
9899584
7747693
31591374
13165498
16376260
31750832
12709079
2736223
17524969
3301177
12301657
32470548
20263091
28194901
13116393
18139
23045479
19014860
20448387
31208643
30563704
25959166
8023721
3244624
26528739
24726622
3256510
25925989
21384973
8309508
305538
32367668
27005015
2984123
456419
16783619
14225863
9407902
22924566
20688004
18671669
19740339
19354155
23388533
5149421
26591533
12059753
24326837
24084739
30122803
26328504
30462661
31920428
15787100
32478115
602749
6485231
27437003
25620451
24650888
16938076
464997
2564830
10221396
21248261
23538518
26349054
26027860
26369816
6327809
1333849
30916718
14590918
25252622
11328780
16456167
5650376
17570533
1141915
26112079
30692376
10541404
1128128
31317679
12445451
5041112
7472299
17467926
13642509
28299036
22086058
6716680
11706737
11516312
19505925
30853983
29658703
20021245
24694011
31086680
27370474
11714809
19587938
1278332
19602246
26248248
18457834
15171880
19368158
23090512
28127532
31864698
30585954
31720599
23845379
30611108
27032186
14806846
27871869
6925829
16592299
10569745
22844338
16486336
17491192
2628262
6159972
31062024
28284354
16122784
11498742
26092141
24602564
28973273
18454081
7573948
6880090
27857323
22677930
19993461
24994559
32040516
8019318
3118428
4688413
12182115
5882821
23249939
1358129
17302123
16571492
105962
28712136
20216076
13469946
18919169
9977491
22527189
22706864
2192212
27153803
18159051
10781642
17028615
22093183
23086758
20529601
19376630
2862764
26270997
15117724
25019713
27352102
31470786
379189
17072057
13967567
21070698
6678447
1252167
21079988
31988999
22269599
9792967
13382167
23432758
31845888
7785278
31006969
4547812
23900571
10125187
28555869
20184885
32132597
2716553
23367576
29892186
7402487
13476634
2062477
16136939
24640524
10280045
20646801
11798491
13537192
12715400
3134292
7179449
14616151
11287020
18606832
31326841
13580662
5596888
28059372
27298075
16374708
20881781
11625526
3715686
13626173
25839315
32450892
5383993
30947649
9890941
30973291
26899131
21326111
24272433
27980139
12842032
29232853
11074982
11807781
6357743
1242831
24337273
21062618
15779310
849940
16153525
6411051
21916170
24855763
7177591
18816131
12659022
7255608
18276212
6898377
11385762
30525249
22559950
10044284
4048517
24198413
6700858
31408993
8484079
30673162
20048738
4177833
22875110
12975733
23104091
20928708
17953522
26630915
8052674
12511841
14567353
26931345
31723461
3100039
12196740
32411983
539919
8904227
31503429
23384545
16828427
4485059
26476732
1505119
3343426
8273107
15714334
8517697
11360255
7449827
7798052
10216587
13563743
5089983
27512212
32106759
12876034
5441680
15207144
16754912
13278381
11467314
17878187
31801478
2560120
3292513
4052136
12788956
27709383
27018370
29397814
15323308
1141633
21347207
21424368
27315730
29402853
8264506
3863226
4287249
29519667
2708069
15194376
17090567
27847532
22070531
20043197
28611123
27796882
3739830
2020307
13966904
8907194
14585674
30892924
25404746
8073131
9523767
19024725
12386075
29020318
11194189
29532522
6315904
24434355
13159862
26596085
25115603
14378422
1155157
24726456
12429099
10494119
25613846
190952
31726410
29907232
16303367
29734398
13829978
30466219
19924634
18707562
19136030
9656125
24512739
9523603
28177057
16137031
7830535
18487135
22704414
19249835
16372660
15353402
31808752
31271440
25440928
3532729
5092905
26294621
31602611
15381729
11257710
28196614
19521168
5135594
19220836
18327149
9809764
27612416
14473770
13412091
29828406
12756009
13969069
8375708
1693068
12833503
25922618
24214283
2114475
10494594
19931084
20734803
22402475
31419605
29322117
31636308
7563701
22201177
18180493
3405996
31494143
6122115
8975778
1194019
30959413
27242003
6996960
28887674
927592
4861343
2586604
21452698
11062941
1135565
18086672
13112368
13862610
18571606
4283199
17013255
20582120
24145062
23902686
26399750
23855903
7120940
16599397
4157705
26340616
12058377
26920219
30300124
10796285
17367358
29830642
2071739
29457992
2135617
26301070
11964895
26288403
4594620
6509607
1094155
22906538
32005067
8829169
29339356
1133068
12628138
28744151
29815953
289158
16781746
9800353
19698198
16413907
7684601
12871068
31674075
1262092
9552861
3613064
8724545
23542948
27695025
8260670
17493097
11480796
24850031
8598870
28337830
14178083
6994541
24754987
26057182
1525579
31834614
3738787
3807116
12338979
11962405
20015600
13080961
3511421
5259333
9970712
20373414
6422509
3318207
28061011
25027548
21643496
11551622
463875
9193433
19357810
19044222
12037809
15632967
13815530
1604328
3582843
20610902
5468962
28553956
25461977
30208464
19495634
24266382
19425099
31748019
11594566
17899848
6253831
18771589
31326825
9796087
24802404
13884962
17308294
19652971
24563673
12450062
27827394
17053236
29645625
3724843
5228692
10433480
15193705
25694629
31768949
10662470
30782507
7750499
9058321
1195595
13926946
20237616
15815398
1525251
28637770
28456560
19063024
28947745
26459186
17441863
28121376
8293014
24954872
4858231
27459160
10654019
18438020
24102551
11824544
19212145
24164721
15167646
14298114
4531235
30545704
24018450
1604149
29586912
26313553
24454288
21013780
12401695
24089846
19848839
18095810
2833607
5140955
4764742
3969951
21309754
28120574
23263144
16467437
14300853
22053794
3356609
31319476
31715876
3081412
32290481
8057613
19633486
17111942
22769664
2927086
958792
30194898
12783443
11716714
17055440
364442
1164941
29939468
24399821
17851465
13331067
2007238
16321202
9134169
13196807
4842316
13819721
4352932
16254410
18614960
25971501
275197
31518996
23658263
15937927
18322120
17777949
19849982
16153150
28208349
22633643
24875660
16283040
15562583
10551773
19605972
11598204
18947058
16608401
22392582
1530263
7340480
24444014
14622468
30948030
8843875
24221489
30838344
14015013
15979213
22729547
2313238
16827271
16340457
9023895
31721528
2168970
25203183
29706339
26911073
11925309
10214642
14323887
29167068
3964379
27238298
6141153
21695622
17416795
12411502
1092150
22541378
12026033
15600138
22890980
3253268
27318863
11385857
8108797
14845357
31641943
6389089
28922926
20739326
17315069
19454295
5158770
7747898
13277873
19491697
12587186
15248242
6250262
22719172
26169497
17902340
12965084
26219652
20603472
27365418
3529051
21125595
2793980
11916347
20771276
14648704
27634471
15617088
12233915
4863290
21556014
14046199
24707603
12612212
15580555
9567171
6176422
18157074
30794295
30519632
13241435
25501597
21568746
23981505
12897669
3093427
29788869
18089667
25834182
2621459
27715020
24102705
354318
20635276
19915458
8297770
5558371
25914763
29694657
30677716
12645688
12087383
1609226
18284013
6435790
29913482
11262877
8146790
8059221
5292698
8950886
24893512
15747509
21618901
26682637
27298003
9749245
30310992
22864647
1731477
5410722
7079744
7330829
24546549
18220487
26490696
11093114
7370656
13269075
20750855
32212072
26851675
5651593
4185744
7021136
30779001
24997843
5970179
31685905
15655709
25178771
22965568
30700876
20939507
15013237
32005228
4433356
8017768
24900269
15784903
30034231
13354174
24492840
13330134
13453434
10849831
16365202
25975842
10792166
22050983
15099262
28026328
19830539
7362593
11677902
1050956
2236678
9342134
16424991
11863918
20588416
4239264
11095913
1839229
16506151
6995469
7104959
21138453
13617120
14689677
26925646
16704097
32390741
13643009
108513
23111175
57664
26804220
14020161
18399421
2220443
7736669
16348426
18779583
8269497
5479350
20259548
22862760
24387300
12185726
3911587
18749187
23366696
4100444
27224271
27857698
29011931
28048865
29846390
56605
14788937
13282637
16595583
12423147
16728926
5794294
9091014
17291826
27727359
6283492
2050995
15930861
2610754
14012658
1663616
17896737
16725632
11217404
22094755
5638113
24452613
32301144
27158498
27998999
10722095
2318988
1154890
32098908
13259928
16563752
15951023
5509371
32187294
10801289
3332133
2580682
13700518
5951104
15240830
11796497
6816319
23671920
17410827
17204018
430607
22936213
31435565
11087519
22398374
22283611
14113198
28943615
24722631
24839510
29987690
14256770
21549061
20224721
16147885
10894138
16866459
5149733
2177238
260192
244353
29871030
19829853
1904020
2278366
24058911
30019253
22102302
26384895
26964614
18258453
21833089
3681421
9151954
117903
25944760
704562
21763689
2099506
10465860
6434030
9762969
30598886
10654923
3358261
14141733
11860482
16606267
8048962
4796208
12920340
30830334
30736246
31404525
7518350
15809647
30164017
3054639
3843849
7695387
26426775
12250081
24858768
10226662
11590973
10844215
26988835
22728703
15329658
24826538
12356975
31412690
9548290
19600735
1938022
19241995
6092771
7064274
6829508
12852211
9693545
17149398
23311984
18070181
1240508
4463711
11965798
25612211
12261447
27227350
18470202
16200112
659108
14014553
18871410
21352271
31148139
2162297
10371728
19550551
15278248
25246241
128249
25939877
16651545
27363749
15556069
28874143
29860729
22170111
22030228
27256947
15908890
18848273
6104383
11261879
27835847
17228448
10285591
31694917
29711824
4455648
29818703
11796837
18499997
16709112
10980543
11597588
19374050
20759070
22565884
24971953
11738277
5254500
10383808
23410985
29993021
25875959
6843915
5747364
9404802
6325537
21152564
4647011
26646009
24509517
4119870
31774512
23150207
5829943
1876214
17914987
21589234
16253173
816294
6902408
29825063
25855056
21521705
26892098
9020792
20454965
17731727
23960875
7751480
20141432
19710651
27389239
19614738
518378
17084800
4757791
15313111
32276630
3670723
30505079
1359310
1433509
29898298
8378802
16730709
21256624
17098693
14686826
18918111
10594820
21014286
2932965
19977846
4210322
12303953
20693500
12703485
733876
7393806
15995824
3670276
19192273
13448020
14856947
20838850
17298171
1087068
20441614
1570900
5380796
606781
28614091
17192800
11785256
26913692
2043883
2338513
9647454
29306123
15985146
23106975
16803964
26262595
2427928
23996838
14713658
16443276
32341243
29553601
20691534
5691386
21303330
30843423
28639850
13769878
3540818
18870853
31339855
19834833
8590392
23821578
21311525
1700399
15148917
12590325
20409819
5227761
18843368
19030480
12502159
25356134
23822629
28440709
11548936
21618235
27289177
17650058
28241743
29793439
11393853
22338111
9541537
10677033
30446187
9768997
18063606
16195985
13424043
10661859
1666890
6889992
8672661
11864782
16924163
13064737
26236958
1379339
28359185
29120817
27697851
19695033
13807197
5347976
1151531
29532461
25866493
29985739
9399786
5903631
20251902
3860402
27525507
32262541
28247010
17393784
31978537
7401747
17672677
9677632
5132779
22292109
22455830
31241507
21261406
18688405
20339135
29606142
9315071
8664152
15313619
22349875
18543501
19908319
11971484
6799375
20132675
23106443
9733836
8682966
14011707
20479362
8103392
10131723
3427586
20845263
2864688
25444486
5412549
27870569
19711803
6381273
4174284
6911007
14045954
24145265
9373334
11674982
17436105
19455197
22610652
27895301
13521972
14887708
32265645
24498624
29555540
14593290
12238318
21744475
579574
3879984
20195358
22891712
7267034
10473100
15432714
10627702
5732683
31521277
26839867
15944378
27968902
12519020
30027673
2370971
9852742
25551720
24697913
22030804
9076806
7722944
31263239
24656931
20965751
20815936
12260306
7811065
17157298
8358333
4692698
10177863
29102951
12865840
10602580
32272915
4740417
16401438
16277836
25421888
3552374
14320846
21550287
28741513
5809860
4475953
10163059
20311938
19618496
20118551
26401148
20053458
19247194
10447303
12396625
16298268
6802220
3901972
6261948
6979435
11745383
24316859
2718865
29320036
8125423
26691143
15995079
14952111
12849063
5100571
3871601
10444444
8510986
17074334
21722036
21131505
20491040
25678090
29544373
2708620
871357
15953845
7656832
6092508
6788665
8494653
10036319
32312785
24646590
14435090
4260570
14915348
16191436
8517723
13324957
28806894
16985661
14038090
11080510
5548201
32223168
22430849
24355991
23013064
32216877
28533946
24077132
20926002
27950315
13590528
27541788
27268850
9165180
31652180
28546189
6965880
16338064
31234812
28052215
9731242
30733654
31376430
4733973
23018125
27165644
2430449
17726384
11437460
14304922
24283244
13682210
12353686
25847555
28312046
31425932
11290875
3727213
13630186
25874214
681464
4425348
31523191
31212662
5342881
15314116
454959
14547248
6606822
501158
32309367
8140851
10859111
4210786
2303524
5291741
15728184
20615527
29076723
898832
5094818
1579271
21003747
13417755
14556679
24584832
20939328
21050244
6189331
9204837
29984606
1958803
2226049
16209074
1411284
23285634
11850876
32443802
14727882
30955972
25275629
31242163
8980909
5567370
20972603
14177997
11848601
17972934
15520709
30641034
12385085
27310646
19512592
28908916
28112009
25996436
21539083
14878073
26699220
4230527
6978788
16919114
3691101
11430416
4358198
1457483
11701334
13384905
10311754
19119301
25118645
22851841
10269560
27292912
26208770
6143251
31147289
13697568
5587848
23843646
11128441
19109752
2342218
29149739
7369832
13233936
2440798
20452138
7899284
12923688
3683008
28038373
12560916
2233618
2872664
26606875
26779311
25072033
23899843
19949914
11993323
30315733
29133071
7269891
28635624
15654784
555402
10447224
5712708
22111679
24645010
17612285
11739920
21598283
26708941
22551277
8478234
22007110
16769130
12350912
3506354
1449389
28309291
18444041
11087890
13434213
5850614
6829397
16222292
26074111
26450426
7867013
1680109
16621869
9858071
21331982
9942076
10933724
21435797
23734006
10371759
6190309
23393345
24822225
13120049
7845412
8925729
28617323
21644338
15319740
19675203
17552314
25995082
18018660
15737009
4258493
29701922
12266504
16012554
11498861
27537584
9828557
1152524
15981710
6679793
31414347
3039766
21841653
3705547
18389070
3484242
21183116
25560261
18691515
19040078
20136309
18691075
26095990
8942119
4092024
21814659
4800125
4958886
24880171
20806739
6614087
20735940
21346643
17218921
9327579
13489918
14699456
3148764
2228178
16085525
20471723
30852382
17140697
21500992
18156014
25318810
17282728
2143038
5423952
439
25434089
14337771
14599051
7424913
4141994
2276719
29424488
19626969
1488381
7287813
31950097
21885167
11408361
11000306
5663047
6178815
11261740
1757512
15167042
7009379
31434829
2114312
12696368
27455469
4218264
16012975
23038440
20425871
12342532
26719763
21034971
21152758
10195777
12322332
10490425
20148607
3931920
25280257
20166873
12093214
28369453
24093372
19365702
8373128
2882148
3905534
23501774
4252361
5956266
16196311
26803012
7122942
1039630
32316975
4417029
19425976
3670443
28808678
31880901
23679775
19667568
8712639
13805914
25680753
11533993
20843751
32471735
24328707
29400804
31707084
28361095
23139907
21211224
15460168
17361355
31119787
1092850
10449044
9939350
1976906
18300263
30119619
2705913
14103655
28646532
11241934
20035076
15624250
12284692
26311844
13017443
29620398
29668646
28595746
25699019
19695287
23932948
764651
31601195
9404479
10495859
16044509
8922134
25725020
14367317
6912310
24324019
2259526
27782364
15453314
31760994
4196607
1473087
23953980
26558580
16165864
2100824
29356815
2606807
15154295
29133198
20055280
3921379
13116941
4662798
24934368
23727675
17672051
25902374
15556686
3625926
20404422
1677191
2009824
4544583
12107791
14763529
8870705
2988533
23585757
17123809
7807014
10128028
17797224
24996738
345347
13559056
19436530
223616
18185110
14376498
19159839
15392482
11477012
21879266
22624330
2175575
8170989
14046124
5497952
13879494
1616102
19003421
25202983
22879878
28163879
9119257
23667773
27380479
27671520
13457729
31816586
18443859
12926262
7381749
8703790
3265313
31007529
8203614
16697360
2792628
2899486
29770574
28401735
12445018
16851859
8578205
32311206
26781496
15573604
22128113
24310094
14369807
23329543
16083726
31702106
3926982
13937738
13353626
31197476
12371243
3675048
27578418
12883651
9660949
8864221
500176
19057954
31358482
8447710
19416787
6880894
26088050
16062297
19823529
15767395
22560364
28638184
10183093
5614984
1203796
31288571
11369950
18301284
22546143
2145988
21492062
8363089
4710076
9678577
3619057
2631174
26504100
18714197
12383475
23092996
9995740
27686049
2784749
24477588
17993242
6498072
19547366
10320655
29135516
26818928
5584302
16945380
27434388
14528105
29878617
18536095
8742427
9223962
32442805
17326636
579493
11813484
4744031
2078902
15664478
17394861
22737700
3411103
11862039
20331009
23451829
18008153
12836388
31920260
8073804
7672587
9852557
28362021
7879935
12190136
31874541
23546198
22700346
12041875
5785677
20654655
21726872
27049374
11788050
20629321
12582605
30990592
28639007
19839171
14974784
12253375
8676404
5550273
15592857
26343887
7494620
27165152
13077931
8307383
22067703
12201784
32282652
806003
28977481
19967320
21979791
22976248
17760520
5189273
25948585
11226304
8866604
1097551
17610351
16431041
24480315
25233435
19159390
19529214
14306348
9424511
32294101
17966100
1199235
24061287
13265956
2330819
5097449
4019729
8514732
21261700
18857886
15458914
14459795
9144815
2206800
16790518
171244
9677798
28812669
24851034
29249536
28069146
12250819
24866917
415233
8094683
14070668
9734879
19725114
28830249
8225276
8232813
7843726
31358417
18963838
12389809
29449670
16325750
20795426
28689401
9945487
12856653
13252114
30159278
8973570
28162585
20467849
10953793
12918262
3887105
12600214
7526201
27653913
4156136
10796248
23170355
20859570
17730420
1509603
14635882
24130104
12500442
24902558
31087500
5052329
2638087
27227966
760269
6380263
7938773
15437287
15419792
3883082
20723112
9691428
1163359
15244322
19724326
30843580
8535643
11866774
8444078
29219954
4483558
18930149
25555829
21660752
9367269
29233899
24642744
22223325
28676187
7448113
22264471
7003116
4292060
31891407
19289193
17812983
26594054
7199272
30347758
8871945
5863305
5478789
25600685
2809780
9852261
7857552
22399502
11805690
7383216
25147511
3664125
18456389
12706462
31955513
161590
19633945
557712
17194631
3102436
24816652
6299635
26006647
20203924
18969078
5297352
12089920
23098808
17722109
4479549
28012550
18904843
3053525
28116529
17743133
16043861
30536572
3617918
395572
11285147
21416827
15584631
4198613
21438381
25562517
2051382
15456960
19675091
11374642
14038578
12729372
4612728
19820558
20709294
11257586
31503853
20065244
10753953
30719840
1960847
4569605
32386022
4305292
19499665
30069957
14125215
15648288
22395007
14691091
20444524
7086534
3122028
22512115
5290813
9125003
9031008
26310322
1418382
10089301
6761914
29851603
24510078
28988725
20806706
644050
3647214
3927594
21247979
6184348
30823819
799137
17559941
5459647
22670078
3851377
10818532
2577705
30837347
15308473
14712645
30422410
4939303
29630607
16624689
14614073
7706621
31431707
19548408
7200362
18069224
13406772
12188479
23866028
28485092
20022693
15029654
29952867
5593776
20448842
24257990
28507754
13762641
13708564
27131116
23235955
5504030
28000059
23498643
3558519
13512752
17572039
13797721
22815230
25067568
20826564
27555666
3649841
16506065
9285217
30645466
26693196
17411681
27799368
11979956
31022226
14428917
27070813
5694877
12719605
9829782
10549426
1376638
26160269
8204533
2274638
2880894
5089093
14487307
5926604
25394381
23187523
28138054
28604739
30893147
24561308
4320499
21414031
5494376
22302870
24363537
5989679
17856822
18879456
13370451
17399144
28470930
1709311
20384612
30779034
14486549
19303096
2344892
31592000
23279375
6259022
23420914
29444291
12184712
23789785
10278551
32423225
27927959
6720327
24284240
12622698
19066932
17651212
29540494
2648279
7589630
5484081
25109229
457677
26042108
14804722
158114
30181897
22856345
1081516
28434142
15384550
28513721
31719453
11314668
29468667
29707893
32121130
19165740
15395070
28351827
6701805
11282566
18448843
23286978
6633028
15572204
16418653
13205164
24056413
13172633
7131952
11931974
10304507
299563
31493794
24438378
2220179
4891337
10615377
8201378
32348272
4069882
2188636
2011560
11683538
10302927
14312822
3769303
15607516
7256086
13046566
15904828
4649538
6020220
10011907
29061447
24005792
3246020
6073211
15268021
6011708
9975971
16071762
18356130
1222966
29746039
16966583
26508802
5033066
6545495
6012742
30336712
24876344
27519291
20188738
11057817
27185412
10200318
26356320
32192689
2606548
10169927
9036502
11221673
14504429
6765887
22988236
11881353
377894
28587241
31686259
20145579
11896587
21959306
4533129
7204164
24712973
10421088
23639642
7186355
14159151
14127033
10147973
16962109
333879
13132002
17191497
27482723
10737352
19329975
23156187
27018457
28155499
2270615
23867020
5766657
9531575
26890995
12685095
15865898
19834236
12870535
15612450
4692422
29736333
26602042
19198105
20670200
31895519
9512609
29528382
29687043
13793154
159553
2914194
8484739
5538231
1005104
7470118
16208896
23664476
20885572
6295019
25532424
28372622
29466026
25571563
29299260
7056759
32304560
253448
15141814
18767785
24643991
21127900
12209715
30340105
9685496
23631819
2208476
31353038
22410
29916431
8451997
30254905
5052671
1014620
21819336
9830629
19074547
13057459
30622053
28146532
9318994
3104442
2216944
22409267
25757004
32189394
24404946
16680357
8099458
29647496
6558070
29937468
11442404
24211479
28131629
13966041
26752991
4782046
22901041
2257506
28007341
7437376
11579150
30855625
17573656
8761877
11698576
26561598
6882047
30661193
29073170
19399728
9837439
5661132
30494322
12220228
24089936
30391032
10122287
10651990
18205092
17980174
1805839
619945
29948489
23349582
23555001
24495485
12408288
18607246
26311938
29641717
22353721
2817273
19157049
26645641
5023412
13527384
632009
19972320
23967335
26555620
21395407
760793
14061197
3246871
2097941
13437946
12185940
27775696
11989733
20728728
20521686
10946258
9554945
8596586
14084876
4947754
30673547
15256572
31887108
26638247
13628250
28198081
937442
5629664
29157213
17541093
25193632
6566390
31066914
26350124
12494423
21292117
1806434
623251
23550932
6812245
4591795
27090795
7254010
1043475
11173783
15068682
4963
4607191
10413039
31318305
8694229
7178882
4771904
3689026
28844387
7998585
2184450
15886350
16069615
22590823
18964180
1987089
29705550
12918378
24543690
15014754
30231186
27484189
28521457
32093720
2701817
6691902
15917012
27818911
1038511
6566592
4655642
4320241
31546544
6377739
26546401
8148785
13968078
29263319
4648158
12958037
24418971
12083628
29412170
17226108
28518855
9189384
9933400
14690796
18320775
203083
18983298
30627467
27925954
24973137
19320290
10516488
8796972
9350420
23163269
29208271
10653630
1421485
13407422
23397759
24899662
29773083
6644208
1010041
7987930
25054531
19179449
10336445
16054773
20222786
10436290
13828059
26502192
9730317
31341081
20183308
7910711
29643744
11307177
20553048
19319746
13113452
19843220
12078702
31186790
24885366
18944431
19745872
12155405
16124340
19897133
23889621
24928734
14079678
14320592
795067
8999758
31446664
32390156
5370296
29354177
705973
18120560
6318883
4963187
4840919
8876131
22991246
10323997
1337307
709827
7241044
17560244
30591437
25624272
11440918
12729960
5963672
2992321
20755785
23685607
5817455
9569029
27277249
8223502
18507511
894912
6773043
5236068
31684183
22883319
23035294
31376368
13279641
586334
14461942
27006923
10682405
22281419
6226535
19410646
5751973
14106773
6119326
17861477
22804181
8448597
27607758
14768066
29664867
11186756
32041941
737535
26695100
26382336
1450458
16415025
4844312
16379725
14690775
307814
9603678
25592541
16914426
21906301
22393930
27814106
23923970
26905342
19673028
24609762
13291320
23524079
26936175
814310
22743719
11179697
11273731
19564584
15216126
32070914
16981656
5659604
31777077
13423657
24681606
20704316
4867831
4536498
9919629
21588235
19026971
23330960
3198611
24733903
1125913
31122170
11284660
2457789
13614022
31782532
30163588
15620591
780359
15756478
22030580
6322717
31597153
14836400
2582928
9556522
293836
6701581
16611581
14216343
11699408
23288690
10784686
15769597
17999528
22222252
18389623
26783068
22205047
7710024
13449243
31158124
17508148
15135711
4784202
1137013
31002172
17550692
29223594
30091225
19792907
7194179
3739789
22040631
14542564
31514930
28578523
21711076
27492174
25812892
3431657
28419811
5289162
24196017
523556
23706460
17205
13823181
16477407
23536923
22691877
1457114
29517504
19514717
16623539
22867092
7547001
4054529
30247786
22029415
26351436
895858
25141616
7858442
25952109
28465071
4022756
2765631
18279419
2215944
20523730
11725641
31039837
14072702
27322393
19190375
10372635
8970283
26764887
15020292
29653002
6320742
20467158
9793994
11967715
15712592
25109307
21151169
10193093
5509
29377799
21636576
7433750
32310128
3835686
26330060
10185652
4950393
14731901
6553778
3666108
9594610
20036830
11849462
3700067
21495692
28059071
30985926
14950864
20444145
30186717
19859008
26843027
4754565
20318269
26450129
5519499
25103798
24263371
21046518
28205342
211253
20944472
13593691
22124476
31375293
11598158
3631874
1284285
8280873
22150530
27450229
5894543
1684720
16280392
8347724
6544828
10758507
3942790
27581857
29234701
25432152
2684320
3536480
31725067
27704472
2186758
16962982
29388457
27195700
3245627
14611651
10576777
22059180
5139114
18492602
744589
3317285
17114926
9467639
5529912
23609392
14313419
30036820
27629892
8665466
4404933
14596554
17157389
11000639
28041118
25698220
26197085
7469849
4493304
17905667
1459596
7481059
16860936
17920388
19762504
16820030
9472536
24574176
24458173
4965411
4521258
26910532
30277373
25995535
30787803
7983093
31613083
5647952
25631886
16176920
27141660
29037877
22189019
23949170
20437137
20571269
24348498
11435000
9153835
29502246
4188313
16029209
23352137
40906
8447852
27678329
24851858
7650707
20052918
691222
7178039
14159306
28612730
22294280
30016035
25139851
14841208
15436163
14139875
32227592
29621484
3192490
11744322
1617750
2744254
9002137
14561016
30479834
10390269
25614627
6150109
4147407
10724939
31307391
10822630
797145
7625411
27304218
472668
9037194
4568493
17373760
16633272
6616461
10596654
14579872
10999975
18247198
21448262
14090967
23626852
28003734
448236
2742185
22690317
7898002
1755450
21436390
24329725
9386444
14889688
7332719
28958359
13071376
23681979
16008413
324477
1731799
25879306
18732491
24893923
30442033
9920688
2053400
28106486
24839456
28765193
52590
27110347
25934529
13642731
24028249
8456999
28183816
986735
1253927
16058278
28002589
6546702
16997006
16061667
4961894
19284322
12949946
12746899
21950180
25762690
17225569
9327877
27927274
8811803
22840523
2335547
17571232
8921790
31197478
30219110
2830664
22043441
6225679
17477530
17948916
23041514
10346654
15269120
8617729
27197226
31551272
11940921
4728390
856266
3111721
27848578
29824143
22820839
31154913
15765884
30325417
8413766
22120937
25591727
23730571
17062315
6771651
19842123
6091126
9154037
27137013
20986717
7238107
18817748
10274458
5823377
14423785
15639429
16207849
29166808
25612418
1348587
11972782
12513395
3522123
15924465
32327248
17201841
24985423
22741147
26134948
4733690
17173195
5058622
21963657
3888448
10971189
761196
28338693
20737992
5059511
11462847
10712259
1414730
4393962
27125030
25249111
17746978
25660594
14859261
20337608
13099023
30316465
28538317
15819730
21953865
23429043
9586101
23556894
23395315
5567951
21076325
18403615
16428329
29721016
24346043
11183338
25866780
28191686
16875846
10025733
3644781
10212466
19220812
11799201
19136985
1464436
10389850
29899370
12561571
20176379
24289292
422875
11506181
8252856
6233629
30886972
33728
7161731
2480568
4991699
24773205
26988892
29691155
5244990
3854236
28644358
26797493
15841047
24546904
9806961
26438504
27479163
23565482
17756376
4552933
21727616
24536448
25847053
8753660
15282278
11813780
19180018
29822829
13109210
8219127
31561898
31549986
27532030
18022109
11125259
10934127
19528215
23134655
1046797
10937498
23646772
4097453
16990532
25036126
211323
21875062
8682128
22926229
1837866
28853511
14339463
16117537
9254170
14033273
22063643
17949450
31194571
10960890
30750931
17192807
13177098
16683371
23568308
19741485
30983895
20480605
13030911
8590717
2631465
29439345
29580549
31100647
7029712
30749052
19497580
9775095
20037196
15462200
11730348
18210329
19599341
306189
26543895
26938303
18472285
14246335
19688519
17145346
30273793
17211142
26114499
29069196
18189477
3087703
6710573
22393178
17849140
16081567
14643751
7164400
25553215
31321497
11603067
29744618
10711856
7178962
1188328
4970449
28352860
14567741
27300017
28294621
14323905
15441142
7249783
1326939
16462543
5620959
23520847
4348178
31511665
26170378
22358623
31429882
17728564
26262589
7749427
13828321
23018353
18955836
28051334
31442180
23753223
7567687
31699871
8884989
11316103
19110588
10160432
3201821
243836
11858875
21044837
16140547
2122181
4772406
13439675
15257946
6599295
494051
14479556
3225365
8441813
31729617
23680455
7043825
3244235
24427173
18266988
27209756
27692614
23627228
2885890
18011816
31885167
12589283
31214557
11257864
22010334
1445139
14646984
19736871
12880276
19416013
2700872
22497817
1316693
12945623
778390
3373930
27685821
18383522
12034910
1397988
28485381
2396864
21266837
11668062
32368142
30273343
27467448
12824379
24232062
22786608
22430842
23770885
26212531
29769418
29100880
2273463
24198445
30864554
17035999
22872460
21242902
22245250
21719427
30432764
20893385
14884868
26972602
26287832
25531724
12781628
15764734
19960901
2518722
26627077
16690615
22687345
6041281
4680839
22883538
3604758
32207660
25151424
27160006
23939068
8714555
30726327
20871047
1325985
12765233
27280750
4296614
23300139
1351864
6834559
3460161
30239136
24986727
14190974
10523098
5570822
10262906
24771239
3270286
15464960
20585796
15153357
32293807
2436522
8106762
875696
8934753
11412173
19580451
32067261
6211603
7388569
17961094
26080298
172953
21955095
29072467
29952056
22983560
3602729
17481414
24902770
19716037
19415905
3928068
21385442
5444118
30431528
4185443
20606930
18804736
18149274
10190177
31418111
25991770
29184590
13785245
12501075
5200570
15335464
17249749
15764888
7215616
28496000
29497831
5854479
2115117
25469738
15614224
30570790
19520275
30555510
20974702
30820596
17115369
9130122
20343581
17327189
11626792
21669752
13560335
19876625
24647505
13495588
20776448
16634277
23984020
1593363
30884908
25069264
8119847
21243750
18757058
4504719
26380883
7171675
22730256
4034327
9093045
17548714
12739670
21189679
16583723
11844580
13620597
32278181
646912
1817411
6910436
27383750
29512248
3208329
2243759
11156810
22001569
19183084
21382951
2058337
29107099
9641158
9455788
3615128
27352868
11585382
14264463
25490137
1222212
5181542
26928240
23536948
4108573
4038672
7569082
19939125
14341250
14946768
28511327
5753163
7938746
3702107
25139990
21499020
13696761
18694258
25407441
23086813
25709568
11741793
25092550
25491970
17921872
1013988
24984248
5006313
10363170
9082921
31051898
13318847
4216551
26033150
15967866
19803030
22187423
28255896
23917799
8588087
10151604
24809220
16246755
22073309
22495347
9589314
28581579
26243530
28618272
13665648
30484264
217598
29453504
27222144
3651304
12915559
23140819
15901326
6444416
187905
8009952
8162329
494562
16903521
3845727
23345553
28375232
16742918
18104292
2252161
27974914
23711878
2313873
6657441
25981730
31885399
16604625
18059513
28249267
28400674
19845727
6405702
32199876
16537944
4081325
20239979
6471143
26096496
11034956
30772087
32183343
23596432
7460184
9639010
21018290
19592810
5241261
29266652
24401586
30025996
32428289
21317473
873730
6062056
25686399
7922217
3636132
20693951
30703787
21843564
31834381
3307782
5467959
11959897
10066801
10474830
12348605
11332639
26403153
19928525
26455485
25687915
2578141
20357374
4397749
27385221
30824807
10848847
32471946
6227695
32295848
26366233
31264657
25441514
5569506
4992447
9708430
14282569
24493153
30539587
19519187
19874483
28874564
27483130
2754874
1877744
19705259
28053663
20510736
3858820
17350383
6098111
21290165
10826503
25166150
29182485
30546858
27740694
14186582
6105713
10596620
6854334
23940309
26272210
15733083
23776938
12989295
14802426
30396965
7762252
4808604
24526057
17119609
26996820
10921453
10334794
17000590
15846439
10703279
14412625
15058656
9667462
13421961
24597681
12769646
29915457
18139485
24441145
20287655
7332247
17798987
16814411
26754834
163371
13282915
930657
29013556
8370625
13137404
5870907
23132644
10301785
16748186
9928396
13139812
27565015
2775097
2587965
3931365
1035817
990664
26094557
29387816
19140087
9601778
23962084
12771384
13950819
9785740
3473244
16210996
17635616
3531496
25824177
6783398
8055872
23426836
23142648
17727982
5979201
24756304
16347829
29651974
21673172
10296881
13695429
26777232
1739279
1597301
10326808
4138002
17484160
19636361
8569314
6368703
28140960
14176344
9298140
30229824
27783707
3085329
26020402
10852218
27965625
2397341
19274332
25961473
20591217
1529926
4523734
8817228
3083131
6050948
19100127
30529523
8557602
12098128
16450423
30091278
16603142
26324030
31202271
14259039
23985402
30026552
29560564
1054718
18882638
9356392
7353003
20075071
7609705
23623061
24067886
5147734
17439707
20887988
21437738
11773989
30936796
30962787
22207102
8187191
29983347
7001999
14079100
14099906
31128569
22616394
2032589
2344103
5482210
4319300
17188476
22930684
11143914
23347753
26191715
1951149
1746687
16219943
28497185
2461970
9326936
6323480
19343579
5665718
22441193
22964952
22056888
25893187
4123022
15205103
26598092
19027022
11507013
27096289
15210899
28784466
17134183
856871
20789210
15041527
25665387
26330723
29228969
12336346
21601066
13115354
5943965
2428299
10036588
22173705
18751974
3661218
16372288
28868628
19242413
32181589
21985511
9995367
31785096
20729583
6841672
31991804
3816123
15212548
9962105
17497610
7995256
2092656
7681484
26948487
21446141
13329041
4729657
19257197
6392381
22316349
3078766
19403843
19309907
9518952
5801416
22373347
20052388
19824282
6883116
12390628
396493
4399510
3153695
32283293
16913459
24119125
25173280
21952096
7217292
7869449
9816125
16680351
16280098
26842444
22218830
2188944
10080241
18046891
16178431
22622121
6150023
29193397
13602426
29426561
25100146
21610717
15490231
10805342
19427789
5627188
9236933
603201
23119634
11524571
10253594
30594946
16901833
17303831
12135971
26170523
24079352
18607264
26951522
17234736
19905785
7315520
18500514
23091703
15040450
22618617
9019695
9213463
4093250
27625292
13936330
17438386
2182927
13006625
1568409
18824588
18141137
30202363
25983189
25014689
30256321
25439764
18458975
23221310
25714479
29162290
2362583
9988198
31191480
22779584
31224223
29304083
27908653
31515480
17215590
5826986
18525366
17027985
27767134
22288447
25442365
4073287
15869976
15848340
27355489
6999629
28474982
25616449
3089624
543425
9699296
7035010
32215286
24930268
24002309
18869863
30460811
12073000
14397558
5030979
30504513
2852325
15232075
22081667
12990113
3331186
10549853
28726920
24075621
26837429
6418471
12737607
9207799
12013929
23006941
4882622
7053587
31075139
15917153
28544614
818140
20402611
15522702
16489005
26959458
11929309
4472304
28573414
17202069
14688815
22288905
8422846
22352212
15044470
11531814
19896776
11745566
19346006
22308449
14481596
17629630
30038125
25364249
7468759
8103923
27565385
21455470
10998974
30256999
31148125
13021912
19962718
25933154
3593392
12016700
1529626
30360823
25417072
6284509
8779223
24826604
10388016
34614
5599018
3298904
24675808
30078328
407551
4859958
27903907
24750930
13304453
21934201
30288865
18503290
29594950
29798387
22797346
1120643
13437863
5214971
9428520
7946017
27547110
8866152
19089629
27735118
21581600
590468
31530075
11888190
22371168
7089112
7848807
8010690
6034935
22959432
2174421
11290204
24045505
5969705
26952066
27291164
24829252
3634060
28195945
31617889
19504106
17582375
24182124
8635427
13301444
3705949
21346389
32301993
19774553
18499161
31838625
12836991
13852883
24440963
7182965
17504059
4197759
17379375
5836269
27234732
31403928
28694717
19971720
32387924
16774036
26461588
2238801
25701364
16619955
10613570
10579346
14012260
7424513
23619757
19779039
13489452
16421397
2847227
3606949
10081144
7789860
7397662
8797608
31982406
23386786
22293591
11667790
12596610
18465448
9631553
10406593
2159586
15064262
29143715
802703
23562673
9841633
24115232
18265599
5751276
6332639
19449590
26723222
26425062
10341942
16931812
13026084
9483835
27547368
28699288
1283536
11441037
19644458
18994018
20314616
10790176
6971724
2036237
2190016
16305862
30200873
13752879
4500464
27135172
19302081
9177472
5297074
7233939
20926175
1959591
11518055
12397578
12251230
9791410
16542559
858107
21874445
16816797
8200299
19249913
9054830
17923101
23616422
8854282
15165875
21421960
11743742
23155863
7468947
20927138
14948980
3065701
30084381
30956575
24981680
15211724
23884879
6481065
28205884
11672179
22198361
1726645
28345019
11393123
23550548
32215763
28291391
5768114
10905549
22767199
28123492
200548
2757225
5338043
254122
27643595
17096595
23306605
8206883
7546827
26476340
19625987
10574022
14872656
7071696
21644197
22639423
15356282
16772704
29622821
15817161
10805238
13809680
31762839
18735315
17782434
24453796
5524192
13278205
10705001
23153555
25929030
32436427
10747213
23875031
12581100
19436712
12693350
29320266
24214478
29462806
14747265
12554291
24563408
24723234
27348997
4871492
25506603
32029122
5967466
15813140
19687905
27703505
31660829
7309042
13211123
7647811
13748795
18004219
22982757
13902157
12406342
5197581
19855327
26944083
11181681
18894417
30855817
18864127
14573000
11660187
4899397
22514032
20838877
22835498
2360213
27809876
31394027
12837044
15484799
10753962
19785894
12378862
17635964
24013018
29193830
30840487
20298636
2990220
5597877
20928758
26536831
21095842
26505901
4104492
28578267
27951137
4321416
19195630
13964729
27692551
26454892
17697482
23297400
25519002
23931472
22013170
15468659
20640065
25541151
3105936
28751581
31406458
18818615
19285478
6857964
29347191
25242610
2513460
8943390
20135618
26912857
22432339
25007575
31044765
2926657
12526219
17129989
12262448
25230738
31900830
4395151
4079472
26256011
1284230
10050343
3291407
32105601
12362722
24378485
29768276
19920904
9466103
24548494
21961425
29676451
7488085
20403801
5106992
8090604
22144634
27618043
31501675
22649263
12481356
17058358
26297792
22929064
20862742
7867297
24294848
5644818
3110920
26519129
22964604
1668630
831203
11402923
5480907
24931819
14912382
5219781
1103061
15423235
17060409
1557624
24569459
2541063
1402748
13122531
12222512
2638953
15136687
14443317
31985054
25185875
31829198
18430495
1777797
15217924
4756376
30265720
15170215
1442290
28831508
11561681
31821305
8389384
32124124
261126
26972340
2632729
23792955
32035438
23343777
14519345
3298457
14590509
25952134
1907377
30475845
30269196
3143900
25584395
18247701
16698140
26551659
16611274
13674119
4002078
3191291
3314086
4577793
3608533
5254568
20442124
15071140
31560179
17050627
29491395
12101753
30570485
14922535
9273610
31880562
8753267
24200794
1391080
19748247
28172939
31253478
8035031
12021494
22079342
31522737
4780009
3024021
22549581
16563565
10360033
2567867
32072758
1203100
19769252
21027394
9327971
6535079
21213328
22602008
22113724
14568860
2828143
31179924
6169267
20706399
30489482
24638603
28517855
5771184
11713216
19295027
9174136
9002295
10385067
22198903
8973156
20706444
28297571
23125296
16980808
12300515
18432197
14188946
24365129
13234173
32304066
19215964
16911355
6644468
22917446
23423801
11543174
14611745
3834023
14020665
24678544
24718298
16068969
12366410
29087049
2710920
8909959
22608816
3172721
22168624
26391332
