#N=7300
4878419
40767950
15827487
31150891
34674499
44650212
38176094
43261050
37950188
52849198
19748545
31678141
19808802
1652203
20585972
13664991
2536082
39788213
25282422
33682137
23297580
41733264
21215643
30844681
38624745
684706
18352356
36840748
47781796
12947838
51307135
27017529
21977058
40350883
8858404
44703450
6700024
1210504
23512505
22155654
33040395
33979950
11092169
22027419
14999729
49971368
4266176
38027554
32374241
36839159
12466493
45742900
3108519
36414545
28375933
17667604
6192911
21288125
38823614
36647875
6854388
26839859
18159124
30563609
33650859
23531508
21190945
37834371
21460110
5416163
26947093
26896584
34863828
14410801
17761243
46145784
17597127
20717018
25561060
39921342
49614247
45225557
33250575
1324523
30221634
7087807
48017599
38718644
14433737
27867363
18488751
29580779
46479001
10511224
9372664
11700096
2071398
31658390
26770885
10447134
23842335
12536292
9135341
4601652
50103675
12927832
20584724
46849394
40276380
33625504
6670767
48289724
30887531
26162767
22480533
44792990
8537678
20150236
36113501
736566
50561970
7977526
36091723
50662513
24323434
31004275
812818
44914265
23699662
14234593
1311793
35124291
31606226
12091116
37306929
19137888
25941453
2842828
40178627
45276656
2737972
33798000
41692799
1978149
33508697
2330297
8679489
7801112
38761874
44019583
33818452
53189458
36944093
5087447
12443302
32699170
23188221
39868226
43602472
4458979
51801976
5104284
51107363
12468337
39439664
34464101
32249262
49838406
15988463
6380627
3583857
16643431
289303
1956109
46588661
41591193
16858423
33833515
43156269
38862417
7075490
28731004
3339763
20128530
51072835
25865077
42386699
34612850
3949857
1091794
6641616
39333639
34838229
16643262
49392684
42891259
34359245
25868635
46254549
52635033
6091324
17511355
39228379
27871718
38387687
12755146
51724925
31286007
42641633
14425264
51406262
2830567
46831778
46648295
31031832
16459985
21915219
3888512
27971233
33789827
19543566
43288355
5824562
45236971
51457626
23524049
12520318
50897821
19777311
28743193
29290261
47393214
32413669
26473233
45320402
22985288
39287122
37299661
49053353
39811065
36767095
4757967
40972344
30371792
40616683
27143320
4372360
41415393
228554
566486
43848873
27596595
7714337
51474122
48600261
16443412
3746738
37067125
37491168
41557705
12213132
2817028
17956420
25311989
3069719
8020741
27221935
15359664
16416173
6888993
14722329
6395303
33314893
13829024
41883040
52491291
42798374
19689481
13450128
25921959
46142150
8258359
48169943
7154532
47727383
11533136
32242245
15479034
40737601
34674140
39484893
40191143
15630916
25819287
13973662
3593663
44894568
36216550
637335
25904478
42747709
16776912
17802263
34113602
40204259
38077167
39041163
16876414
26837332
21075377
46925625
1581225
13820976
36636807
28202288
32248349
39969143
13451713
45167750
16430066
34926831
29549213
42101089
27920861
34214720
46930720
2956327
18990090
46758842
53034032
8102215
8634106
45746262
48898705
10956047
23327845
11239835
33849394
39124398
41139715
23138008
10288818
26668938
34862628
12551271
30634182
2964207
23539077
47698491
31502144
43502585
7005970
48624494
48460370
24964534
15224630
171878
19095904
26771483
718343
23171378
28377118
13561667
22418417
37658870
30396653
37493448
39273729
26594994
44719187
14470777
41565381
51027548
11918363
47782028
4895802
36225692
40635672
49210101
40692521
36167651
48332216
35331437
33399864
10882099
21752237
4336755
52743536
11808134
14277972
3040283
752961
44008249
36455015
38214970
51675142
19685267
8657868
40686560
38319613
46981640
2552413
9666961
8725353
44866280
23029964
8975702
11416779
4468021
16761492
5361084
2767786
37450117
29462807
44946717
11428564
25827711
5942390
12296859
11055173
23559724
19875269
15827992
45623107
16769747
45440709
26872190
50539263
14966229
727753
44536260
849894
26859742
39926997
15633259
33449500
18561943
8097817
6055695
17583842
32601376
45071885
11111070
26021553
3635096
1597934
15015312
30656145
35672667
45711591
48517182
31226618
18989130
23677283
34634525
35404093
46358088
42028045
6003002
14116334
43041620
4609263
1100243
46700243
37248662
7535441
43277413
978101
44670050
30157419
6472772
6579822
41436789
25396744
26889849
42152560
19215268
38477330
35428964
4446049
26722461
24839899
12475701
52758645
46492804
8490088
29401091
32241754
14870033
1393739
28899699
49631378
20650602
46854803
19306438
52154169
32039000
13119994
47795329
38090228
4604238
50249637
48863582
52574230
22065084
4296126
22607204
14769219
11754869
10589065
7853956
43137424
47520704
19869221
23357554
30134658
46910056
28007351
3342055
18528656
49916746
35334897
46208548
37670042
30699411
6186444
20242447
47238773
24399364
13429300
5110253
5320009
44068161
7161063
45850634
7295865
45831258
12018139
22798871
21907446
32241970
3868343
19779870
17386046
26249166
48640204
26792603
44265008
47264214
21297159
25610109
12246704
20519094
2615711
33311202
36750639
35077081
6813147
4722126
34962963
38534747
13832798
28642984
36772296
14619806
33832495
380602
23923812
48949778
34814136
18011184
14855924
30909178
24429667
6477051
51157767
17259598
5495444
18654899
50901117
16661673
38878006
48109111
52942064
20828631
26498055
32028512
15997726
37452009
44179329
6319979
1762451
15096600
48100490
36391694
43985995
766325
34740075
21796236
34093854
3904958
46871518
24262481
48925020
23053677
981607
32502868
35532089
4717379
33066894
2792006
17009610
33932983
21611056
20913551
4830905
42336047
3732791
9677747
35689558
44966336
27393098
18660757
24400606
9927772
17535227
38073367
35846080
46718725
28214719
9831373
24153547
23817841
39164482
16422152
3405195
49554229
52725975
32740083
3591377
15017519
34470951
49386059
29102078
48448618
33064368
48443159
6646489
12056456
51458258
32912408
36449338
33348934
17009138
39617240
27371693
39990111
9858648
26014707
22565178
20280486
39840500
7731395
20412645
42900254
16986178
39838721
8556459
302063
51559132
7495318
39205442
1905941
32205299
49832528
41802129
21007912
50274902
42907689
44780727
33992932
15903270
50122098
5977241
46192635
45642200
17240594
17424933
5461770
2057815
30717391
53157841
50230247
44035218
49747533
50227403
32567723
41569590
16944748
14386622
12246798
44463628
5256522
29277421
11197387
52847627
52184440
45400794
32165578
42888027
10542236
43899299
23000636
20363506
4620255
44651310
40180430
15182779
39997543
5593929
5117569
2565781
3410308
15886452
27351103
24061551
33282654
18181101
45206400
25771121
25013708
52142985
49149848
21582504
30382982
19086594
20682049
25180021
50742165
41556280
19887391
6062338
1872651
47522935
33473076
42727477
4653766
34586501
10065210
25369
18067229
5114725
28504679
48522366
35893798
9170002
32145152
23395141
9051001
46353415
45794882
3431204
21760003
30063254
900455
21086568
37518038
32415770
5292630
7273434
2277236
41538065
25879263
28318783
42869168
52176576
32662267
20512005
32402880
20834093
24810691
22834863
22510927
35218285
16377214
28382265
119001
39081737
46773868
5619797
40477020
15731628
2530749
16557043
45835217
21774686
31677546
46128212
46022142
17044566
34684172
43132062
14552504
42876295
48946517
38240771
19773696
27711782
48991314
25451624
51613166
5476014
6457649
10012270
35099284
46469086
50782006
47789205
14488325
31042240
18972656
23919977
39070020
34046064
763105
52997006
44926153
14632979
27327648
18773688
2492062
45097877
47475546
45485342
38986207
21234735
42539458
10205680
45272224
6108907
18993975
41600896
23666731
29162172
28403872
40600080
31980760
19739766
44700157
6451956
45262221
38216593
23156872
39363015
5003519
39420126
41552966
42036073
28024525
51403379
24588143
10296721
21995278
42124419
2945884
28780527
45136119
52314159
44501705
3671328
51615784
5715411
13197024
36356652
13065019
8664106
11783531
25528804
43651154
22367172
36585085
21782814
33213074
37026746
13693657
32141055
27279209
6033194
17447930
17727804
29408101
51637333
23234445
46504752
50278300
19805334
162429
41464791
16581982
1379901
6357912
15259132
45940393
4532918
40456729
40826216
34186560
42706360
42233719
37751948
42444099
15441947
8089157
16955627
25631145
23544070
14693125
25435012
29915094
34984206
10376967
52076957
1359032
3429111
8935930
24697117
3223351
52072529
50990487
1322850
8729509
1824994
43976011
20997784
39519966
13633977
51882498
12318220
262261
42675380
29662791
41372080
5694409
428694
2262502
196133
46918977
48882528
30941653
47011746
49508781
6947856
43141027
29951916
205759
26037009
42880238
1900501
43343020
49165493
26520448
3615332
15595028
46225642
38288895
43085354
13371716
9207117
35945429
28063790
52864579
29234097
39109578
5498276
6799718
22553583
38428089
15790839
52663747
39877404
3870718
19556865
6742097
32987626
2955286
51595259
35983990
47004746
44553662
2321295
33570465
49468415
18616438
41683283
32853925
29081778
7139925
1191534
9632539
22594940
42244213
9959909
38317986
32439603
20360188
44298880
23179836
14434292
27803728
48990490
33135307
24173093
32485187
8436838
50293637
9240541
22925205
33662695
29317889
48375248
36994858
7770790
32498097
42824661
50426966
47545999
35332846
428592
28120930
15556238
37566955
9804610
42889722
47309107
25143374
21809504
32378760
43362955
34588986
3630635
16505303
40582077
43053065
39128254
38801634
16630942
49096261
43723566
49957838
21547099
31760758
10053805
26517433
38242099
23375422
12591980
35308676
19776608
16151638
18316320
25956517
6141456
544843
21080218
30813955
35070420
3104126
28748125
26857651
47296910
29751178
46550658
17664051
26422123
5915601
10961675
19963105
27549162
11962808
2497640
10913274
46808660
39968383
13925452
18817031
19482422
49730343
32875964
47110092
10010182
17771477
20759907
28617502
18764424
33859700
17949438
24096377
9097217
52286947
33596994
45516467
19212663
3228664
6702375
6459018
31656440
52288868
33349073
16635888
34327757
31702865
50277822
43875237
36369569
17485110
1824675
25662330
39720160
15104487
42233793
50566289
14890661
2783815
26551672
10551655
24762483
18952491
43789384
16870751
48957892
46251937
38814091
28637252
24862225
23587116
42283554
15020552
17961111
1646207
35531674
43742521
48623297
32792712
4644169
26590847
46938559
40010189
36718538
5037479
16097434
2043585
24014617
20222614
31311333
23482788
20052272
7891732
23284600
50827447
47230268
36204248
37273320
31110583
2237306
9841673
5626004
40637347
48662486
27508591
6312911
2738962
1691959
37916058
1737761
17923981
43162310
41901080
39796363
50558560
34312862
11758428
24022253
16415437
170342
23419601
198188
22514825
29835072
2963960
29437735
16119685
33966942
27431646
25484579
14889960
14469188
31407414
34324435
8517131
41700240
21686854
1001201
52941587
10637356
29010290
31417619
45893750
7588217
43921543
26536307
33781033
11588086
602652
16217248
46829125
9468136
50524229
46367091
13715387
22287019
2006089
6518714
19076982
28846066
47367166
49739133
21835665
5590781
12637581
7515929
42048654
26933106
41164520
21523968
33917214
21422072
3379684
19357443
27097185
32333457
41817262
33447393
33932569
7018124
18983020
462034
49042750
44120818
6954609
23080281
3210037
42333631
12441549
38511457
7010401
41776384
37101552
14319735
32715736
1588082
35525018
20524686
46305893
19742448
34027892
14559771
10208495
24336228
46713790
9533400
14284495
34799138
14464373
49354143
11265375
44035810
9391033
41846076
40910781
17910978
10638732
33872188
35323230
39838773
1409905
8574274
24944256
51397078
32084718
12191049
8572190
15782570
39786795
47629730
25417560
25575272
21135982
675095
25935340
11914651
48359028
18220353
39417371
39602171
2556716
22709299
19008637
44770056
47090952
7038593
35877749
39973568
48345891
42632564
14894517
3302828
29779556
12753207
5418494
16302148
41577863
30116069
6248617
30095131
26493748
40626073
52929932
25104938
5606068
7714987
41670889
24640464
31547245
32591680
36477142
11076661
28908348
11970044
24775914
23000992
27866310
9128793
25079051
45043063
12853007
18024918
13767941
29361016
40348953
44476034
25937139
11482731
3622321
34796153
30455200
17272417
35020004
45214945
52607658
50139213
45341351
9079209
4046930
20470583
3683331
24507098
2184355
21790964
53277342
31530729
13805549
36113248
49565787
7054133
31275122
52665600
46849574
38465516
3423877
28866221
40853712
7024593
34317532
2233512
15659757
1123862
33838368
38170792
15757202
43528449
46092283
40754375
21279485
32829832
18286228
51065976
40403365
39827235
7985415
17164094
35254943
6751416
20721734
12783794
29378168
46099606
49241723
17983352
13495412
12282891
10432297
1213807
7248444
49077278
21685145
30778965
38656661
43599919
7962117
44176436
22248964
13262450
22468147
39387118
8310075
47632602
43080560
23239270
4572292
17117607
49732361
22471148
46546857
27912128
16832072
11394815
48487802
52842440
23434663
12281604
5034447
14645020
32818663
45643088
10420617
31375226
38700456
10363833
37234563
47989668
21708289
52035454
20835983
28125545
12190166
38360806
43060310
41846561
42680518
51274752
23860751
37703841
5639076
51035649
32714327
33163241
3843760
36206198
10401600
8789643
48636550
28564968
20108011
1443437
22826240
56784
10024271
44000789
4539152
1082717
43037293
9466351
39845288
35765178
38355236
39517214
11563896
7669166
17985809
4976677
45635676
41998711
4989514
41649444
47191889
12391737
38645249
48344117
3453256
35126633
4565240
47193113
21622336
20051227
44709167
32115452
11401240
24825162
16847104
10956408
14527429
7272115
24401116
16211682
24201282
46569678
21531404
6587219
15323491
45160707
15870771
19869839
48096822
8481385
18887803
14731380
8938481
3518616
43778877
9550144
29387905
37804014
18367554
5390492
8649987
35767613
15268348
16328439
10297732
25458597
39845293
51605748
36360834
31121439
10563886
17614063
47129795
45544306
6600056
11337259
50353886
23272994
16865644
33365442
52832905
15369187
24242504
15271945
27420712
5974862
7066198
39881021
45037635
35889942
43412145
8205155
25469880
5693359
29773147
11981985
42387764
24607461
3635469
18746771
53165253
34193189
26897615
51676143
48480421
52500671
47761616
16988443
23730090
1496456
25006546
154567
41238476
18267641
8205747
3423299
30110836
24466257
49758877
36832480
10420061
312393
31722009
13487895
16595596
5165686
24230124
23640993
40615817
38615889
7732764
1489110
39002769
43570553
3914527
31491977
28770581
8858767
7865505
39459131
13547981
6738905
7832428
408784
4040413
37029491
6954423
9161964
14046195
49446484
5110471
12815774
52890406
26556323
5141378
8838211
33723478
38904236
31791837
39126707
52903121
17452212
13458191
23394399
30683580
10939368
23626472
5195058
48600787
17010208
47510311
29022804
18582099
24092938
46744362
48168450
22983295
10797940
4051493
17114029
12439686
31844149
7674396
44052195
8716453
19527143
46219983
47886772
1884723
14339625
41552124
45392329
2652240
18402431
53057928
25488522
15628582
22499872
26858356
19577982
51718109
23417373
51452051
23703650
1109642
35946422
6710564
5869266
51648255
25497345
25323241
37561100
39011304
41437254
13715820
14119682
33526027
31880358
22218256
9782395
27570993
23149693
45624402
30453719
2773849
46441663
14513774
11934207
24071764
3440983
37299540
43898067
22307730
15505628
32876693
48530377
37588168
34503220
49719634
29970763
2369649
37175988
39728888
24891622
23794834
35125463
45191427
23743632
20192973
14952171
33331601
50407275
36259452
15066347
31823553
6723249
22369899
11072791
27924668
49347305
34423253
21793912
26904982
27067354
47091069
51663474
14694350
23501013
48017179
28427254
6125483
30768028
29264761
4603425
48873804
51202
14932490
46122864
6295639
38959307
31982720
18265254
34467330
29536202
45986448
20750762
47972190
42196203
29939538
6130756
38325931
7355899
43876452
28531509
28256612
39473663
19529902
39557097
17375530
33132759
15046101
1522058
35184225
29213559
42960936
2750940
47045564
45146792
14140144
41320385
4491977
18330125
41452415
29600176
50737621
19673853
44101224
41841434
19753879
22583639
31427913
9794422
48272896
20286396
24885214
41989516
22098133
39687144
40394604
15853472
51238535
39122542
27734731
48316893
51341604
13697752
4494404
5725178
40654815
11693626
15751578
44065410
20882505
21778561
38788952
24779794
15803582
21517585
10413521
9959457
43484352
27025124
792816
6283380
51478264
38488071
17478520
6244660
4332216
17155669
4002349
18805250
41070939
14036979
6416096
45616426
26332938
46090778
43263601
12473013
44101122
9856625
5276457
11986319
21858587
33154975
14366273
21727733
31323233
52562006
9166641
53084580
28836861
15594745
4688468
7827211
50039463
16206458
18125919
1410574
29374731
43255371
12389154
48744514
40994042
13615318
18236433
29743533
17873264
49290584
7196555
32114803
41288038
41295091
50910047
130854
1831742
30977876
12561092
47412262
39608753
46861896
10989719
36893258
34728891
4365617
42991293
11222496
40121728
28160548
42311420
33920218
2261329
14657444
46391689
27134117
11625662
22235850
22546977
39048462
8002545
35075073
50378365
41157184
39463349
35815779
3453370
7709481
44659124
18989196
52306150
18599103
28016613
22507710
47191966
39390003
17533890
30714352
38084684
6201509
25899219
27653976
3412137
44300821
18915390
40039447
4587139
25867200
14233304
3355512
4553705
20135362
48901725
14562586
297420
31753868
7040263
37754175
24576939
41943629
6856191
45682048
40580746
41916610
4973819
32361221
17188927
11332381
4815133
10430708
18672980
50772006
24622194
32546299
39713682
46338190
25806142
17115235
37197103
9981550
7743787
43281120
35721550
33031465
23405931
15833246
23060536
34270243
46781591
48068500
1362883
18229582
40708229
8219524
40611291
46931439
27546088
6758219
8543009
23216736
1692121
2010288
11058324
31574005
6740157
22598446
25024695
31708200
25255056
47205983
27550001
43885931
35758797
19888303
9970929
5019296
38225264
44165645
32907360
28552009
7360271
9026966
46791899
9660397
33963437
33853072
982037
20212960
20949705
22416328
12158411
23408117
48560132
41749879
22432917
44205565
13226998
31108713
4158199
50542734
11447186
23545305
33915002
46623109
34953040
34978892
25401937
9673254
36805374
39764001
50933719
50989874
28353530
12938827
24561968
29634085
12903367
47739318
8054548
13425196
27146197
23698533
975200
4354567
44406488
44614205
2640973
31857873
35545135
33902895
16627732
18114077
41882266
52226110
21221172
25279786
14057126
1521543
27913144
39105501
11410471
37994892
42311514
14603052
35460
30112651
21579537
15361779
20593121
37646016
12449996
22791630
48465654
25534603
17597202
12548615
24952678
22028079
15230141
17431057
7904237
33575230
50182906
16602480
762591
35583237
13250249
28241626
5994680
43208253
50083987
12691027
37959432
12198863
46313516
557289
25403138
37223522
2911783
51091492
5063970
2799000
21078036
51800647
16465533
48859124
50608474
7521621
30007450
50828520
20538152
44591758
32812639
30483277
19235838
41694574
45472165
23331997
31447639
46593654
5248821
478731
19667511
53285751
2679333
24973602
13529114
27601647
48043160
15996390
30013456
6553324
39623468
41392521
17075780
8943912
18851674
53069955
2867076
1299300
33899489
43344876
25355919
7001672
894720
11787449
26130543
52168512
18083175
46852516
26926142
21136679
51089398
10577517
2350244
28367687
46104051
50822724
50878192
41489836
29662923
4504543
5361151
46563164
22540847
17295826
21960443
17552374
35054074
12812201
45116989
42781424
5043763
29452078
50044738
2016209
46994275
32568027
25242369
12830104
49053119
32232233
34670043
38605319
33647074
4817520
30779496
4614215
37043409
8967256
52012292
36389759
35253697
3948933
40486329
4988473
51415360
9148242
41608993
45562651
7768437
15664911
8620294
3027554
51631412
17476711
45947448
50047779
52688517
8893744
47333669
26331408
14468767
29852523
7825822
29032859
36947720
37695848
21775532
653650
27003560
10656966
11787038
30265224
5823574
31338086
16669480
5852709
1379805
41827690
52825965
20624491
33207108
44433584
26253715
1583633
18078194
37053704
2714109
26357109
10308585
17481146
34389193
38725909
8788411
23419975
23140935
52177678
26575896
11118566
42156612
50028337
4833392
33738953
29479351
15854472
29958281
44015399
6316745
49928923
24504189
8392381
10254384
31623475
42238997
42490011
14753131
7604693
42628727
1116571
7851524
24872677
24576343
10969218
31468582
9900734
12727686
12022369
10021065
29837560
22168782
24301267
36432593
4862527
3780671
38753953
9537727
49202967
35394818
51214365
2268146
46170715
35326992
21054373
32753952
34634304
53151285
13636560
53043170
33639658
29830228
50172306
9287703
14675609
51531533
19446213
15763276
52063735
5737195
1603406
9288575
33189862
20520596
50968641
48614801
23751313
19242743
27496970
9528428
42514104
15887373
34503773
29300371
692688
21193089
19117391
50764743
35395234
37096333
2870863
24351955
31038227
14524381
5725098
52202334
15351406
29592626
30043478
5368767
25837333
34372811
11609934
37865062
50059284
47609506
37001439
30106492
30018640
11609597
28314656
29097341
15194685
13310684
10182979
19101553
1681463
51194667
10487487
11043279
21941714
4230090
34510465
32125894
52462976
29422473
38042463
25866247
3755292
48960668
47048833
3855879
197135
17290429
16747231
35836399
33474474
25391841
1791836
921299
12298520
15003972
34797969
11976739
27512829
28161921
24497674
43928185
29252953
6257397
29822814
5699428
5057114
20971600
47373431
26596729
41550788
42371796
32107414
15783021
11357140
45642012
40398649
33534344
52989563
44645390
34044563
32553175
28976929
2671472
35296938
321781
3374751
6636048
40769066
36874645
52198968
18240277
29988978
39437133
1200282
24734822
11615997
47633994
32710813
20885243
10372923
41651375
46898263
2349010
28674372
31112797
45942450
11636867
15373389
36319996
31552069
31373090
50546238
28655148
15180329
28660890
28726324
19790107
23610689
22528788
22769274
28645443
32923603
5254156
43704744
22739897
45314010
44020755
37261071
6943045
27276981
8023913
28860611
15785466
25580169
32921113
31623015
25506062
33374798
37290300
39063759
2896921
32076369
37768956
15812432
48680223
20933809
6197535
12904440
48255247
5488793
17515118
824307
10183705
13230147
52973990
38768827
964571
32627382
45120766
47256043
11491514
51617353
11823105
46059
74107
52836316
10216323
39732304
46361485
5213931
17178411
40374490
52569754
16835147
25498504
51659391
25968563
708742
48679323
10024547
48595089
20168578
1140318
24704879
28149184
20346608
9531669
22882137
21135867
46793414
35432938
27329063
51543246
28160398
5713343
29515412
6474831
5002392
22553893
5986994
21817785
16226872
30759594
16793971
6750192
24789762
2980067
15944016
5403654
44394353
24767837
39773818
45309395
34083711
31056817
5267047
15094348
31911864
40739200
47096805
48540169
23156147
37499328
37911442
21685567
710951
6961519
487836
52358216
22210629
44401009
5023814
9476680
5969831
13813904
44096177
19386108
27759323
7059787
34803445
52374958
43974127
8717000
2635955
34872970
52434954
33701456
21287544
52545304
33466660
25481085
26512335
1470580
52671985
30949923
37081339
1642736
634498
25260436
47334402
12733949
38431178
7093518
34554112
2467331
39344581
52919998
37872664
44557974
32259269
26086444
49739003
9101156
25455655
38108108
13585426
15773257
234795
11690067
26032969
31996080
26099101
48852413
33562850
51029249
46199033
27704511
7598335
41190550
40119259
2834491
47353446
51847455
21038937
50807723
17884667
48076608
20660729
11786220
48108972
23158112
16514397
27514502
11399338
9682398
37873313
1895358
43030289
37412324
38880967
46354165
51723231
44243461
18536988
21741947
43430914
20892091
40875253
20647452
47127105
4155412
50969162
12429331
33962787
26252330
30146994
6098447
15851244
13386224
11155431
36478077
27642382
6831999
5524797
9503980
35825718
460989
32188000
12559731
38979093
10521114
27817177
45864892
812547
13528505
50040303
38667070
27054987
36719841
38851898
34697774
39366233
24716832
51455946
27864340
26284693
32644377
10826624
48546776
1627450
4323432
30953280
18138402
40179890
5063808
46489589
23265986
30655504
21666885
38032555
8997809
9708567
30172280
49114590
31319086
39763519
13320462
15698779
45647214
13237215
14135066
52415437
11501893
51722140
34695176
32921323
46911526
31016927
22386800
17593496
36779049
17433543
41773079
40822422
16913903
43581913
24822703
1117039
21657695
27841926
7860274
13173219
47563090
43698762
51677736
15620306
9999913
15966854
1563713
46521778
1735322
15702927
33603868
47754179
20694221
3678249
10534523
45201638
10121485
4953257
44994025
49246628
519639
51481167
31883326
31680472
21924217
50270778
46546766
24368084
33568836
17451513
30669092
31942784
49582457
51594490
29940201
16768136
14231532
39150787
28801517
23154752
10892313
45809227
37219656
44666192
46846765
5581265
207613
14164858
20317226
46802859
33246910
38012776
45440558
34902549
38423707
13439741
16701942
29095253
9582600
17509660
37042664
48248211
17886191
48697929
37362957
44079414
3850226
44366781
44142082
52165899
39225097
35399730
52252463
47521998
44458579
48565515
1147647
22578363
50091557
35594450
17245909
51634362
52879070
32000816
18200607
9328454
19740749
15075889
7936196
14624390
15507077
4228343
10885253
27096777
7441310
8879784
15820940
4974328
5141684
24625959
15797044
7586706
44231152
3686948
46374351
21880216
51763959
18843198
21216062
14340803
51888989
38535093
33433755
43550616
28143675
19008325
17275865
5116359
15452420
19591461
19622744
41700301
12670641
2005469
11275837
2466982
3738099
7078589
5060891
13438586
33684808
12110096
14502356
22350936
21096598
43414761
16547762
16763
36127818
35970969
34197049
8338372
26275026
30309037
42158359
23027315
3555905
13568012
38783616
42925728
6920820
33500883
30424464
10203659
14150978
20080856
50696091
43589514
26683782
8834403
52226230
11333871
6897106
40261204
21686782
21079835
23170551
49750401
34993323
27789445
9695943
3888011
35353622
19131319
42636740
28590347
37533700
29803786
6647191
21166341
12501264
50007162
19349905
26227216
28681176
23851464
46687075
4455295
44653285
15349910
17820904
27848634
5530697
39107272
17090653
41109990
1970120
11264713
40054458
31105311
45725824
6448232
30424880
6763275
34887619
12832953
37826763
32250967
17302522
9930030
17700044
2157656
37209594
11382048
32830142
24225881
32488180
31337164
2517999
32688259
25702821
32003633
10757980
33594316
53020760
21709548
1055531
24154809
18828890
33606226
680431
38962548
24850613
17591927
38110121
18520260
48820432
43780341
30434531
31028474
26010437
6317995
38501123
12983713
32183869
1492977
37591490
15683529
21517951
23804367
21930278
45398506
48156481
42338433
32538784
28865951
18764265
36622914
23474378
33156343
8755613
36378505
16736035
22213961
22061496
10213387
3969336
33675565
17769904
24116536
8410959
13026724
43307735
37008145
44565832
16500339
49148635
29670731
9636859
29409445
28937886
32881846
12859722
35174138
39457776
11799478
5391572
1491530
27867301
40385874
32303915
2425259
14317009
22406256
18244625
4269538
8327091
49026409
41148214
4743180
34098801
40576423
37634501
42691004
41149511
14895101
22747088
19739190
732844
45928622
32433331
9647356
46714071
1060243
45666174
559852
53105786
18295699
38361224
25442041
41952473
9897659
37470635
25931078
29962773
38391824
16411325
3583910
30811216
16455399
20398680
7291405
52716913
38623008
19943915
37293929
30045864
45992075
3189466
6969096
52504552
31373088
33154791
8747825
17128066
27370475
31372237
27663745
45516834
28463564
3855014
16021395
49108495
14962419
9519753
26378862
23464216
15839534
52358839
39403418
32912095
50949281
40637491
31306592
24460751
43125449
49988070
23076768
9371131
25106379
42987914
43756726
14245022
5784316
46549197
42754322
51027249
18792281
39692339
29495439
32645070
42182596
6501642
38613241
7381810
9563826
43193632
53234407
52101048
1409557
52055928
17489111
42372138
50802043
34608522
1383983
49637925
24881691
33378854
18904406
26744965
53087206
13091137
24780701
23930675
43640524
18945591
21531810
2030819
50799744
38877405
47321830
50684393
50227816
11303216
23321012
26636387
41784075
1178478
50495545
28211028
17137493
36170589
40988154
1164117
25610439
21295130
46617127
14020333
49465257
21696876
1964264
45040139
38624222
21718718
2398865
41609705
37319456
35944405
7998990
115350
41939590
51902221
43246989
39475037
22809142
22142534
45314450
29456654
53214594
14324956
40512875
15973376
10560150
19693024
23720599
27473714
41003482
24920251
12056069
20308726
52246263
33535547
42641273
50304518
282870
19744461
49494323
37204105
9888423
9386769
10158362
18348160
44976687
36988063
47450588
46642489
38101549
30989494
4827387
53124826
19648414
20819850
45542778
36376437
47863151
14683956
15417645
20694756
41847597
31810522
30957453
17825352
49136285
22896812
810195
16368765
25739645
40107553
27045743
44830264
33583691
42343908
24187573
51624199
52176515
32344701
4408708
860331
27224688
37297538
7582048
36561978
26246700
30858822
36842400
27168395
26126360
36897123
5620910
39905852
51847846
23944249
17015157
48651128
13040775
29876251
42613023
34199382
6523862
37991835
36526298
35249493
6051001
45132873
9809097
13909791
21003621
20401171
46568284
43952711
26934446
30013227
15603186
52368305
20616070
53235277
37431093
2104115
932885
34966662
38774303
3196718
26787082
40428907
6038104
32131393
23352389
20504796
50963085
24564369
47824442
44683426
41324004
8024818
40012860
42697927
20631508
30340910
9350333
16555057
44233133
27856141
25280765
31541517
30820820
18511954
52302392
2464430
16619813
51026168
24063188
51635397
13042221
47945689
17076518
1416916
34458309
14671627
25970355
22163266
52413974
2393230
4670566
14509685
40683311
25555557
33347593
19960059
1991385
50667801
44564293
12691616
50325322
6768810
32529126
28356390
1892141
1276223
47574851
34158024
577554
45291108
34558879
27508913
29370988
18288498
28736562
28178651
15547654
39460732
17492700
497896
30883528
48288618
34452092
20723252
23564172
51853401
28685767
42589770
342479
37795482
33452490
37852540
4876669
47136511
49955148
36907726
16582277
2283743
52889146
42242250
15920120
32153989
52062351
1192337
2740844
5159438
26569559
30933365
8577204
22494083
19335805
10160275
40608053
35888692
45327486
34264403
51510922
6773892
9137279
31663548
32918813
2199587
41187393
37142552
30554233
47671405
53192189
43513636
2247231
36618765
43469899
14727783
29413144
46902913
43796387
40981088
12465841
4075476
11597560
51706930
51059638
52620722
34006398
6343650
261377
1147201
41010732
35730982
27145080
22821300
43766156
11659869
40818963
9399596
37240364
2924205
8017781
32457032
43737
40809449
7205620
49856987
24221397
4315664
50320680
2314518
29383527
14048912
22189446
28150447
33584140
7309595
14952951
32859197
34506527
17820396
43175730
18189432
45254827
15485210
51175946
34366560
43593114
37894758
17265423
20666940
2880468
36381941
25251411
19360359
16588052
18773564
15419915
37790487
44105746
52155375
33415072
1233080
33754773
30763459
29081104
16608551
26093069
50422556
5567075
16317095
25855569
27690519
36187095
10888267
41065705
13281188
32984745
22926174
50897898
34173483
48705529
52693718
19793889
22361455
3940444
32087566
43841427
16554540
4375414
42872666
34284210
18535221
41325585
33029830
4670389
31948548
11041476
25659582
24566987
31166556
33420001
30850910
2508422
38789515
31193523
18139530
15673291
14694870
27510646
14087788
14379594
42227682
48753274
3589931
31810029
3269511
27712151
968761
51443939
1723801
17430689
1254379
29748440
9377036
21988354
32300808
23265169
49048528
8123189
9599685
44541742
10514094
52947387
37658893
23116224
32382261
6512492
17469111
315276
38572965
18624515
26673271
10417652
8077369
29167780
46724876
5115573
41871958
52711681
50189560
41148970
8053652
48439634
50737633
39401868
42113435
40061226
29549092
4506786
13492703
25825906
6882849
40687871
20565126
47030008
5647113
47950593
21229528
14728204
26932006
28155312
26430753
50795491
32866385
2961796
3179430
47303196
8216014
722988
7251635
17633534
6294945
21941785
6326199
10676406
25736383
37606648
42452131
3723186
13507545
26094833
5260780
29026449
35040758
25904533
25800480
6802517
21018587
46364217
4181058
45310123
11172535
23468957
47616061
1446796
48035783
2456441
2645168
6466088
10311651
38599851
27190943
48908539
12089010
22009551
21514276
22013197
39982711
32240905
51752406
364704
6937683
48529856
3225969
28238241
20769554
48609872
18505066
44882073
51075289
34002102
50984063
9725739
28723174
7753227
14685236
4163302
45434791
33218926
48448754
30576721
26510841
5181391
43277871
43365813
51200449
5156979
23550792
2211614
41186830
19106158
50428735
31989443
43643910
7906098
25616782
29177482
13418190
386572
47188011
41349550
5278928
5824443
10924110
40443480
15608437
50639919
9004549
30741678
6708085
43267362
3182458
52318636
23154551
38120892
19815021
11582442
33143758
4444633
5072879
9197386
44635857
5116244
22256269
14466428
10371516
41113818
35279472
25358641
48397645
3957175
46309048
34009057
43506007
29457800
31438930
750367
43931834
19027188
43442828
7679449
35996419
18351567
32503615
27455716
20860742
15370388
6509563
23946371
28982385
15840243
2824725
46053037
48034729
50316059
32476957
896483
8599781
31322297
32339594
14388588
29624777
32734856
2570126
5349247
38815966
12411742
10597540
52135993
52204377
25091261
44349443
24424311
13374433
17133227
20946153
50204371
2271611
6552927
37005254
52102956
21095515
21682275
13576080
47138246
4309885
1154660
21846890
47501194
17581128
15488346
11818461
24275530
9802497
6041992
48041708
2563581
29380974
38796280
7786549
27780066
27600436
27216216
3478157
16460062
30745224
14393226
29082725
3458655
38747413
15322979
1120483
43130878
33255998
12421420
25291356
10098691
52747141
22242152
35682733
46595599
21569456
21660077
45407431
23122524
29951019
25129036
48067033
1600907
11195844
33860334
24301909
27023981
12354600
4968539
3260945
27286568
44819422
13759746
18221780
11500142
51240590
41989063
17839522
23157306
28847888
18932812
43589567
6151542
16556303
14022655
17071776
51736933
44999059
20278395
28345492
44233719
13933192
14206699
30588999
55470
37389341
35216977
39646644
951640
29322726
42791199
9064788
33319279
15809157
29522718
9544228
28083283
29024783
52196711
48741348
22696346
18260116
29566912
42369767
18109371
38197205
50083382
39275049
16648948
22228811
30022401
29528328
13877721
45990966
48662023
29582435
52321309
21777859
50145446
45176853
49293448
42865650
32832071
39658659
41015875
16381543
10637517
48515544
22212044
49820203
35058044
33616580
150745
44659708
8169993
48007930
37431865
27854571
9252648
40410621
24234697
53205043
34156306
37585287
46959658
26884164
48610598
23028064
41658020
7279796
12344782
25518396
1849775
32334136
29021142
8383938
10053106
14107315
13457500
41885465
12263064
43688337
41330195
21316424
23111451
33605423
38755282
50311245
19503481
25221214
22137923
39939411
6245385
7272142
4858297
39815201
1109752
41330802
10683282
16139623
21313629
33300647
49787255
9349444
38164637
14913826
48216439
21457642
17727859
23059164
16438877
44236641
36460494
23608380
35851143
41973815
14101941
13534068
44056930
48737679
34859436
14865781
35081113
19720185
22045998
16817496
45015527
853736
35900781
30672636
19642369
11964184
11019617
34873429
14423006
32590603
13069575
25157274
20902373
26781218
2482278
46120498
24269106
10370287
9506439
38200683
51206886
34537871
47848240
29191149
13656566
15139251
8703391
18263617
43878267
21192261
50090324
14342890
34501368
23936596
35536627
38058941
13424786
47602623
37687461
42555733
11688230
39578358
38558604
28071876
18395720
7995599
52497667
1952031
12453402
44142177
43642443
37899345
20881305
32708989
36371366
48682950
40434593
40801130
37346901
45418984
2574501
26153728
32096264
49732428
26395418
3817611
371479
24159054
35914393
13992711
19880737
36906355
21182638
30563004
44747818
32327296
11425805
8355490
11599589
43727666
23260872
26817062
1527979
41371964
45564396
11453843
27219656
10899217
38226629
11193173
13322720
6132073
15641917
44162261
49360949
2236364
21193219
2262376
4278317
52298039
46100074
5201340
8042145
4738949
19137199
36392328
36611315
36871748
978226
38072527
42199687
51062517
34542667
43364136
30035915
50548787
26517215
16026483
13460105
32094556
48841257
22450460
25944733
13405553
22969042
9692180
13841655
22185180
9452302
14960584
6849501
3954732
39354142
24939818
21417635
51439059
51297710
51828789
47962062
19089318
3529860
52125551
21026601
53167488
32730529
14009432
52972290
47712660
20475227
44299646
22033430
35435704
52771419
32136161
15447505
16667469
239877
52171072
31219287
21381178
28896443
35199684
35827098
41205084
42815717
22878847
3476997
32208392
10892535
49126512
51352717
3652373
35278630
22900777
16078806
38307870
46824206
8672644
41562837
923131
44818228
5780877
35871806
51987557
31896284
32450042
38738183
48032308
23274629
11903210
38844081
40981360
45673968
28831859
321694
10607325
27869919
23524094
50029283
7240162
13847882
28451940
3457175
12854367
45250179
7406161
50035034
8494682
33028025
35781960
34224933
46120671
27174594
3421764
29132982
53037585
9175413
42718581
9188226
35583270
19519243
25895830
3253273
35066643
961939
30087601
29751650
20629757
9676212
21577343
19666595
993514
52375370
49341014
16109334
36755497
43551745
30136681
43443358
40197355
8607366
30803169
32871297
27427010
10129958
39704402
6442965
26882144
39082946
52466005
48213605
37742600
24933891
26455673
21198601
49505791
36294997
8174307
16846769
8682697
38375582
23615582
767788
15619873
5789269
1856261
9195747
19237998
21529315
28523796
23209665
50353965
20673211
46456896
36867652
52421423
16505064
7266961
47842148
1340345
43415722
21757932
32427607
44601708
6044284
13024293
32659022
27612299
38972334
46521188
23798517
22755709
33709920
52201528
22307734
2434879
33616947
33961951
49318333
40348958
7850585
30042770
13486313
37425397
29951832
45484299
20462882
31048326
33024848
41967824
38086347
14697621
15713648
19403314
11942686
31721985
27341960
2021441
19697390
32100233
28694876
24886990
447975
31275041
18584581
41635783
6406547
9151596
41994974
35159171
26862645
39598797
90937
37175623
32846122
14787114
12459450
47668667
46251980
34210835
26254176
18683033
2754935
37281663
7944962
9921245
27908203
48531727
42500174
48100400
47535866
50709836
6302409
12102192
24868494
25316592
15524417
40420984
35578952
2396176
35068234
5570630
22636283
38593824
24716172
1061063
37708742
47422224
21414490
43452555
31455900
42262514
26621679
46123691
25257068
12703235
36594679
33097804
16879469
45080339
41797991
51317282
41724950
50159426
49867776
37737510
43027641
13128241
21236358
45891929
48933502
49764410
50028067
37458827
16768690
30583949
32936574
10139795
31849932
32441977
16830876
38622210
32889054
13918443
25412619
45449265
11707374
7397948
44589814
34735796
19238997
7522173
1449506
3987439
23015392
36739535
32384760
13019320
33368347
24761949
11747470
27358283
48879328
19444118
4522253
22512503
14617624
494596
46598919
46517723
15436531
18796041
29093198
40729790
18094677
18014671
16743059
46145187
4042558
52951249
33286290
15251558
37796781
17999972
24892680
25879680
19254795
23506419
1271849
21893672
29172621
45593353
22836029
42250433
20710101
19911265
45087192
21389902
38348066
43686486
33308133
43880350
701364
11078527
39870339
41123098
29855721
17081811
12858897
42081001
31038075
31169926
43648878
27800709
14628784
17269869
24607831
50651124
47623798
24852105
14941251
2805796
40766860
2924764
50453242
52610200
34853200
1400706
3965377
10351323
42985122
22229606
4010011
28751874
34512807
38672136
28264201
3658327
39333736
50862580
14315731
19120974
16541141
26379009
3192878
17267661
22936072
15639334
51593481
44818002
37375246
12016486
5642555
4040267
37245173
11646143
11238430
40385484
27589192
35025772
6341312
30116856
3600407
34511484
487673
46738087
52628400
46575229
5226204
36096370
34321439
41226723
15928096
15157088
19326545
3437152
18964181
31408070
31554089
2170601
1769054
49218586
28061314
9880020
8685445
12743297
37346951
29502659
34044172
50762337
47308973
25119828
45512790
10152320
51056693
7202445
4105490
16532030
28137398
17289482
36051881
19164351
37783786
12490944
49482907
41208475
41056672
16793580
45522624
51509111
27399288
45179035
3126748
31201625
25823069
32472786
31989125
2468222
35483687
8924344
21133155
53040260
43236744
38310345
21930438
50408270
32355047
40106008
33770150
8973047
48679305
23560937
22971444
49865311
40607881
48572935
48975852
42837561
42684292
16227196
10975970
12081271
19355966
23943963
15096107
39238455
50279100
23064781
34625068
51617036
34861208
36112810
31109822
46118475
5955298
35114431
16638120
39265608
44716704
10209213
1885211
52103995
52126664
43572118
16773067
13653928
5888643
48632264
47745199
46486629
50161231
2915615
12868772
33407511
26954864
45321327
20496995
51952065
41493574
14395865
36390822
42032734
30157512
11878999
45363962
35863299
43687728
6428907
37380397
8496317
27256157
11603094
51214536
1066343
277082
37314412
19198729
12692015
51761033
7423191
49501465
16753720
29250752
20837446
28794124
28292800
19711361
6101130
31444851
52750840
37528354
24511823
12552380
47584214
21481272
1528662
14366510
51075019
32462751
41660911
10571782
42073422
11326012
29783732
35157615
3468675
38843379
27659146
32364159
50890921
31462440
28664019
41249597
16841560
17009693
38576602
50137950
20250521
37746385
22816636
2792067
5827747
18914159
26907326
49101312
39579862
22355912
25995600
40503237
43679330
30334899
49961659
22799415
23740945
6823960
7498469
24394517
41242459
12080313
3700140
9641324
30504488
27537934
18556603
19993611
12642779
16713825
43204922
17458454
31918637
3902477
45058350
10016436
48507906
4551414
38989320
52366626
31966583
48950702
6425186
36763523
6593954
5731305
15300946
15230036
18871502
11301763
36577985
31601134
34865826
29452207
6968329
26394485
30778762
17726386
30078690
48474326
38085188
39302445
41573712
37785809
24568180
3100543
40200724
49431281
25874832
43328619
8535047
11086668
4950355
16577488
21462577
7247526
40149804
19882790
31942052
40560369
29725938
7125778
40516413
24354948
14557052
5125551
49605796
51478045
48814806
44066246
22784222
299379
30617873
1066776
50875086
28426900
30515712
12755713
3489841
30671772
38378264
45247559
42914092
50992830
29717685
17463394
28595475
52879436
43446853
24816274
15927564
21254598
8452333
51274469
28039153
32252616
9600746
21423158
28693823
48515427
29331981
37601054
18597902
2190973
23841064
712980
24937059
53133941
27667449
11532282
3641288
3269042
31413482
25450697
22397355
30128250
43190150
19662809
52835480
22192255
32247548
33826703
46505446
45373326
41673723
22499602
3558793
30258927
45381178
6976377
29917525
27141008
13759989
33768530
30543915
39880732
26335531
13404776
49492653
24398407
49292409
31480591
34161688
1285231
51434156
18618154
46466379
20997895
40705261
34892384
44860418
40164223
45442981
24005843
4408139
11414796
30408425
12466024
341402
34123778
46506388
12032603
49887094
27169258
7432998
33022746
43678079
1937124
33285976
33895670
6120326
48007178
49220044
31427142
23992461
30436260
31202893
27457603
45311086
541038
42739404
20854574
51639692
49911793
9481026
7825723
11073394
12168254
19249637
41598799
37526685
19337130
20483213
32747955
52664788
5495874
53026771
25666017
11700406
38568799
37965626
27983185
39898325
18783784
224249
12418466
1008782
30661855
601806
24456512
18074955
46117612
27257156
6407576
38838399
50602773
41866087
38648203
27931570
53202508
36999194
20662338
35845951
30870947
33011185
42882378
47085469
14457972
40990392
52890830
14554082
35065450
27758936
27479859
17775002
22852394
27700267
29842271
28470508
7774195
13082964
11667379
23162821
29944384
17831490
16073803
38554811
4547187
17532617
7269232
17356557
6128247
40941154
8847180
37075479
34436820
1891986
10078247
15787498
5924941
25131894
40364224
17290448
20790149
15663199
3816339
10265494
19926072
16759307
32686737
494981
52312189
9719497
7089018
44679574
29167911
14424794
31285579
40480631
11404369
35501687
24392984
38226377
22387941
6955194
26997232
18649322
49257046
829961
28713275
4518101
20225352
40584632
29357717
26408263
49027128
40347033
30868757
35314699
17737119
38850848
46695964
23516223
49725195
8547831
29277603
41977281
18904033
11667500
31971254
26467993
13113745
17437790
11229145
3738619
10988149
42050879
5819654
7332552
33894609
4012251
28450384
9700697
44847505
4894292
48829507
29596037
22609914
7901517
4502342
10104504
5009261
38148133
10122228
7747914
5527406
17610103
10006026
45726041
51843755
14533464
31122455
25258734
6449641
22468267
51208966
19539205
8156269
17691011
48055776
40077520
12454746
23556092
30044799
15251468
51457987
40927990
25093694
12505410
18775863
19644210
15865884
50551348
48504334
45802126
51031888
28974974
34939956
11356170
14603585
42468629
8083822
24537796
27339769
2794044
14311998
49401562
40657037
37252358
5236265
24499684
25916329
50493279
41271713
5000417
43447775
38952577
22152126
21333092
49929527
37398124
24429877
39237367
52809461
35412968
10862169
2269325
14371389
8354935
3272348
5949397
15128860
21173386
10225798
47111815
31310616
46233249
44165297
32040961
11336028
8032987
36517972
36799520
7045504
2319136
36138291
37998291
4906658
38044003
12786823
26575768
472271
42306910
44258805
50540136
36925187
18390842
14880585
24305599
46516075
35388963
49013600
37190654
5746378
33166158
2946518
52559656
34897220
36132310
48812990
43710117
987483
34198836
661229
38220822
13296085
13977896
41095076
31620891
165339
23769914
51490571
3222136
21265331
41751571
51543159
12619587
25164768
32781623
28582000
9325421
45526193
31731050
34244136
6476723
14152545
35987816
19630274
44477104
35144827
30497762
43048888
31940270
20902750
2566941
13009354
50848803
13812556
33208770
49303929
12826811
2504583
25622608
4968978
8645743
16586803
18761536
53211196
15839346
3139038
12734557
44254894
39049470
17578505
14139927
2730057
22965442
842989
42422513
1428216
19088165
9595011
3075554
18930916
39227556
42044385
48974193
1544874
16869353
30704187
39564928
7857833
47148840
9035805
39497443
24608156
16631064
31506106
40476639
40758061
33263177
48446053
30114967
36319413
10496671
13296938
13597545
21537225
50928432
32827501
14236270
157249
39541064
30204777
39130332
37682682
25175032
18270006
15269946
24895127
36845347
46412731
21650391
38424292
8288349
23874945
37421518
29163004
14126537
7914193
10643094
50233765
542989
16818028
22721868
42249446
31542115
49943652
23184563
13364790
9170045
37321494
14316918
1858381
5029745
20860326
38296344
279905
50598267
38030824
3244736
51711056
38124382
13659054
16886382
32415345
25632016
45390932
18519910
17182773
7371204
9708673
27511897
27467152
38565914
41951824
19064883
34060933
3367214
39153070
52337872
7311664
32291749
46746593
32735646
4749840
39435667
265519
12918777
52177212
53196443
5469289
50708281
21592644
41317039
40669059
13895435
8449243
38019728
24694845
5554484
33194053
24432760
1443680
24285876
20388589
1178217
33201814
35013061
49345551
6861321
5591279
27866018
43425517
23194534
48353735
7714671
3142063
359077
7449487
1468931
47487407
33325859
25922830
7697209
32867796
2649330
5084198
18778367
4825675
16145693
4110803
24791784
4044170
265463
44374063
38665529
5122667
26340493
45305390
37363140
32609413
51570354
48685892
35710846
20052471
47994658
16148791
1673132
22045279
27413629
44719709
39790197
458062
39157108
18496619
29973037
51113656
42228506
14667563
33323892
12101522
19728948
49591330
34552250
11026403
18033569
9243746
36933136
47021081
47025037
41967249
12782175
31517883
16574842
19562054
18379339
25949379
42025163
26127031
51428690
42839175
21446209
21293578
39658634
41333453
45441722
15305474
17789764
46010591
10822223
52906170
46722881
8702545
31557761
41192112
43266876
40186097
15508710
48255888
50122514
31390762
25392406
9103728
13138544
43915464
30826892
8135915
43694297
15069596
20564430
30135112
19064149
33402757
45025464
24353160
23543689
52721132
4483251
34057202
15171318
18003286
21348409
5530769
34609277
7255272
25683402
48300989
5947190
1555
38747089
3612393
18252218
50650551
31566837
20886236
16104775
31640904
40861486
13559185
49295448
40451673
993256
10594597
25742676
45594333
19869909
42776487
37549813
2363573
12708793
9640549
36684009
29976745
49020976
2191896
17191689
41565454
25437508
18218405
35039338
41386539
25335557
50655983
50429384
53215933
49198359
2545590
51519065
409813
28449537
1294458
30592605
8688923
44014689
36256190
23928128
17506336
45951302
43792872
34853172
51905656
29793182
50375721
28668664
7455521
45927997
14856892
6526116
37340969
46172849
266963
6840763
41293232
17341232
47883794
17580476
48788546
27386054
50224607
23107209
35644221
10569770
10220023
644403
26508353
6188495
33425257
51826772
47335647
13999689
361059
23236992
22337661
20331332
29695380
16813013
8587027
21974043
22142761
30500206
4879617
36215732
12246970
39596364
37726295
36381348
20645869
25681337
7625440
39654837
28770794
34999818
53235026
19915135
20509147
43855189
12142849
19425567
14059320
39982262
7545636
49203335
9425220
21408256
11744305
7721336
47960252
47260430
32978034
1810637
18253235
18573253
14373045
45039231
34834103
12044958
28755907
34281033
12794151
25915623
2303419
24739266
30374278
9379836
7772286
1083580
45679477
41334196
27763539
34029594
30557042
2020988
37459030
1703884
26738004
33657483
43916911
8743222
29007195
14404781
3321200
42387613
52912759
2328087
16283324
553070
15134415
18723892
31977613
41344885
11424953
8807191
16966980
29290698
16990360
35611699
42493650
27533491
10777154
41626158
49860564
28853158
28572985
19685155
26960582
33878390
4650288
29512130
21305629
2503190
30665630
993113
26104289
52359689
3077280
13443040
37749065
27079530
7298939
39054030
40261513
35424255
45106831
34645282
40087049
5340477
40718153
16751099
46846535
35213997
13053173
30175409
17776184
10578202
15034866
13332060
12572761
18030706
14730107
20312516
29688902
31595942
13799441
12661249
30494232
45171358
6144101
51985036
40108018
41048292
9830807
21499838
11220814
39766354
47217130
39219558
27667551
21387764
3697926
16671126
33321421
18358579
15140543
20327732
51295442
12887768
51891953
8143853
41631805
36424166
22396682
32911261
16985318
37801692
6517148
47682805
5063340
34269417
42154229
34491788
29827478
23354454
27572709
25291257
12098803
41712974
35521632
26880033
41356344
1222955
1530583
28877297
36236745
18136383
21725779
43151589
24545963
15467787
39037171
24604152
35322456
478598
42277721
22592514
32738352
25537731
5528576
23861553
4441939
18799775
6919079
4536221
11255651
39149735
5653233
1102378
356630
50182285
25349450
28362655
18276210
52567809
7151517
46375157
9474027
22141600
19998026
53231812
33435331
1152180
51500040
28613550
21030247
16739989
32947546
8876799
21095792
40018802
32826082
15789325
7544124
21059344
14766596
26036881
1386712
24644557
44926537
25283976
31906074
26071642
37094745
41074662
5687388
893525
42260739
9532216
41996270
34729454
17615379
20705389
33411933
50643659
48956005
28037056
11527805
46218745
45224326
21190075
32474678
11766737
1022729
50680852
35556240
43412040
34400345
29392736
8622090
18854895
4072839
44121413
36267861
36201220
14697531
49445173
28070864
7531285
7800445
21290881
1317520
36145329
25039384
21258485
1709461
2737260
36102731
43627731
29627675
49341196
20167346
35083827
29500498
10900689
32164115
22047112
50673558
15545450
25319897
17790678
51760642
21161619
45307489
2706296
24013964
7166246
4238335
6779983
6213764
40828724
12135104
49232644
50319476
38185732
38445754
11371731
42283194
40051536
23460385
47833849
35724306
25150264
2919712
23336994
29400740
32502273
50017215
32882879
17074808
4158278
41656798
11647953
13031263
38141243
14351569
33117589
952482
16699611
10528486
26154729
6392856
27239373
10786890
38947745
49192538
14277826
41201347
47739346
20210837
14193728
44914137
28270920
49039525
39591048
26609779
49807862
15427464
45858937
7109689
21310463
7010623
3515555
13179991
49087282
53072369
50941959
38472711
43971362
10306755
36579114
15367839
36618719
47220444
12392671
51036399
17336800
47356990
42891226
2825209
7823525
18444204
21206697
1661141
15115271
40047191
49924451
42698172
47407002
38848314
19477742
24014080
27096949
19616795
15528033
10614571
9101007
40635203
1893597
28603523
42861645
5242278
18858775
38872321
29883644
18325682
24028781
14511590
39533465
24447022
50792121
22045992
19212541
34449506
5026691
25707099
45930190
11076136
39104038
39276530
27634973
53150948
8486046
16482378
10515788
44066439
24604582
49671093
51063559
12534927
25628355
19872932
28648635
533093
30727148
31255661
47965826
52871760
32893078
33371081
5234480
16342615
17019301
9389050
4402924
9834162
39893062
6653660
52614772
1836697
46674091
11152595
42635160
33593216
7761403
30018304
46292880
12069655
24042737
47074235
53059901
40978870
5029392
13276581
21740875
31145389
14246191
14594745
10230886
16550463
16351780
11729038
27823299
23068746
22785988
51039264
10509391
649972
29153178
4055784
12491538
13080875
19274799
28500464
40590337
48981749
21859174
15102253
28183363
52237476
4638450
39783319
19237995
27174004
14913998
7146130
36798110
50985729
51532966
51791849
4610772
9166641
42233051
30074035
28442963
22136016
21886086
22337214
4042042
31955911
38070986
53164682
41664147
23583051
6641290
25488084
20798385
22911699
26347410
41690045
32999481
30754447
40752929
27975473
6259501
17218269
8903164
38296262
8968564
4959932
25442406
27826737
49897287
35980642
24071557
6105749
33977582
5813783
37556229
20050968
43581765
30371542
46523392
16176063
2784666
52903199
15024281
32398341
43202219
11476571
16820723
20907616
40378554
39418268
19072308
21253240
24133313
19826840
28737464
34431828
24236254
5345371
3755180
43791538
2003060
34141381
37723128
13926614
15522019
23068295
42701185
43289310
27586876
46910194
1151781
39559933
9700980
19431318
31461226
38178211
40271626
46576064
17718915
19125314
15284955
52535469
8399383
42991486
11474194
39275701
30676647
33734717
3342311
38787408
21952017
41366447
18619362
14654833
40399038
25522710
48771419
49080992
42137528
3910551
37209214
50894072
8098707
40696377
48333301
768769
36342904
21146312
31291109
18473447
26609538
41467078
3654881
22413683
12314838
46913086
51816997
7772847
11782699
15265865
36051654
7297184
16851017
46386652
19173415
7201654
52558791
7454475
11871778
7127064
49101844
49802837
18444378
23213546
20237081
27186989
38651269
17869456
10420381
43114032
14818566
4195855
45035847
10031796
39770295
20425599
35130387
36551132
40894802
20369123
14298456
42955002
41413770
25532971
9711469
27602547
48619877
8025333
27526240
31242549
41972687
41771906
45449364
44547390
37852278
2367625
32650216
48827237
3050890
6224526
13961793
4786770
17715561
40493856
44075018
3219163
32820797
30644871
38136283
13823408
32245354
4649093
33243533
29694830
30203095
17569744
15959915
33260935
19342647
39044334
39083186
13308905
3919628
43081739
27780782
4908648
52606735
26425689
34865444
51554121
4392573
42641545
29885361
30380006
7673059
29313754
18372880
34880997
14283125
49370798
33869876
2550524
27735999
15673789
29618523
12825767
14110704
30205582
47467750
6033742
35124706
11885055
1411731
14894588
43765004
1355092
23333205
1052614
37916724
8107507
37552368
27302568
50852094
16455214
12007125
26082062
15030629
38175691
16894729
11732601
37518406
18196087
26222002
14910232
17446692
15296549
34531626
8076962
48370877
35582694
20505619
36113726
21410052
56638
44851384
5305997
32611977
15225698
32673854
10614155
26429021
36980762
31179051
40653640
1424585
43005043
9187333
19181636
657285
51988643
38800600
22608174
16633002
26809061
33668606
9369730
20215673
52238933
40861343
12257151
30056250
36332589
7145950
31987662
20734662
29625686
41805752
37881430
4680284
11576700
48608713
1658989
35556177
41464009
31466307
51416557
42347758
26372298
33671037
31339111
35355641
27875147
4823176
23146880
22476996
34719674
21798388
23842130
38066290
20412362
20994809
13952196
31481535
30810265
6065518
52026841
40829009
46112659
5156324
18904903
29310524
7144704
39366291
23227
52406252
5094008
17745520
26892254
44306658
21679498
42399543
28092369
5398151
23393502
1348492
14518474
12536992
17269633
2847321
39997702
42220828
43474545
7886677
48628303
5864863
29126468
46870516
37807714
16802135
51301621
32828612
29287297
8028453
34272283
35567708
41397605
29960959
11949629
376319
16214289
16281347
34889649
26743877
6763285
26740118
53252467
11671153
25829290
28338806
28546385
32111025
9476133
203288
47933818
1757786
37230758
12324333
11452503
4979102
3398446
5866774
14439937
47009589
35804457
4311324
39501687
3614893
13746669
48958283
34660279
5354020
9518062
8149530
26781410
10975740
910828
40797269
52298377
47008266
34746280
44226704
37467207
7718347
16262531
51493093
6188891
48135264
24809495
21469337
43829165
9678857
23352318
26012221
23391510
48073171
6448262
43833405
38128223
24276257
2033827
26510748
31862611
51832323
23122310
1867749
27850972
7192562
6050989
8071672
25424667
27027933
27964173
39264115
17413064
37300876
42567206
603162
4306098
15130637
51407019
33700552
39577348
44452756
19563959
32848106
9944948
35462006
4393184
11617475
45703647
3491505
19272046
45878470
39864959
15929748
49106761
19779299
50941504
48196664
49281108
39450553
25498477
6546904
12580516
32693510
32994778
27436569
2486143
39779155
28843290
6954263
14136593
22612849
34507808
53275561
44338530
51617474
5641967
16785287
8229037
15708785
32800154
19225906
50061710
20085660
18278244
16793704
39671800
27374559
22698187
5327811
26870036
8688575
26842127
38433948
30207366
9099230
51883279
48821881
25642562
22114049
41620064
30034640
47447928
36180335
47633594
43436850
5982044
5816790
53158742
4886739
18937076
12714494
947661
49151613
33703861
44193686
47385518
50227597
504523
29893219
47659292
4319696
31771210
17742897
39840670
34675486
52630277
45652838
23085424
11491530
43839729
5439729
35691047
4011078
46081899
4410410
43568109
1095305
40169715
40444247
19822685
38959071
32300634
10043976
1766095
52649873
6282770
33375907
2568304
12068435
51412010
29916395
17769027
12979331
18402621
10071439
11590062
3732354
1813109
33529303
29090483
39828651
12647831
47164245
29616577
7580201
33414304
19007470
50446228
1210644
8143613
9778709
53076584
32940762
19644814
21680189
50081568
47504336
35253897
41825518
47589409
1026286
27397382
7697587
1389269
30553875
24141938
47234368
27931871
15274458
36765079
51099847
26095682
20951238
13749941
10609107
10423973
32203660
10863857
3261126
17307668
44376459
43423895
31396395
52032803
41314087
39716292
24139658
53204928
50111219
14428135
39891821
52927017
50133508
52729258
23328510
2622003
8867480
26352896
46005633
5062384
15813841
37349906
31370182
10527265
50719890
53035251
23046455
30779599
35661006
13127232
39201274
45633657
17993416
44970104
27893144
41399160
5488681
9711523
29196714
13067810
33468236
3046171
45482115
47511505
6455385
12859222
25789979
19688703
10539055
24539334
26982203
5286576
2513624
31624932
3364418
35823898
33257853
9919223
44868326
43317350
11017424
10114778
33624121
29884256
2075030
18181621
28086054
8304479
45416896
42034151
20875696
1840339
49880787
48506501
37605133
40056682
2320166
17134253
45996501
21136087
22025710
11240879
17805766
35863335
51657080
46735196
44245573
43230504
52191800
50637156
25576837
34423168
8039748
15442499
17681810
9654159
41938334
1935511
40718784
43576557
45443364
41542804
33408814
25707713
46186334
20470880
47350182
50357688
48398544
34755622
3330321
2045983
28757408
24360571
44907763
8426576
47833397
46898417
33537275
33652239
42597408
10134337
16741358
14269197
42677774
31629907
22225376
51651778
9782147
15059588
26051350
19735651
11240077
12937934
31647532
49118647
41245945
28478167
47027366
46352561
21881822
48143359
10428221
20330832
29817175
13892953
44062910
30064765
4301009
39286545
16910881
44211819
20746564
995058
7927429
44315996
21847760
23049396
25600428
43336497
3819510
28997024
3971727
15411431
40865597
19052972
17974889
48183385
6596345
52174008
35924340
17434598
34209792
12418875
45441531
53042410
9591944
4776364
29037492
29262798
18539981
15915823
36284390
45604177
32437299
38168034
18715568
31801264
19229885
12487011
1958376
4291687
4015035
802363
50726543
45972213
12456627
19090882
12259045
42451747
33847823
23505464
41166676
50340991
18710539
40665166
39888526
33619147
39526384
13121669
46268409
42109413
52652132
51406357
26888608
636035
34821756
22112165
45726495
14938198
8471976
1156013
22738753
11332823
41635736
47519269
33713167
39178489
1126666
4637189
17168679
52680441
20678533
501510
10452464
38381393
1138782
26766857
3234346
13300579
29643145
48152052
15220804
52016097
32468209
4776443
24083149
19883558
13640188
44570482
8083052
13022761
28693886
28509485
46793264
18340855
46392602
44959586
22009810
17619834
37248656
16667169
42227977
35587141
15246336
36975608
51030655
3721810
13007320
8372294
51369776
30917049
31567451
26327969
43816556
12584650
7019863
32802668
27684114
16501035
31760204
32863568
19519498
10353030
51290492
1833678
49621046
44656376
23594538
21226249
28681858
17545123
1420833
5252369
37846487
27408133
39851896
5251967
5642035
51263879
45978452
40925415
2984101
18982801
19308106
11013888
784144
43808829
16926072
48110547
50271538
21407173
50746685
33569428
29905593
6634115
47412749
28394797
15974518
6049415
19805416
39313097
32988636
43186308
34574082
48478128
21766098
41878017
12563516
18006621
48279778
26995651
21617309
7853821
18198656
44672886
47377817
21847206
46827292
48808899
50653863
16702110
7385188
6706176
2040287
1510795
43949598
41363334
24472989
45835030
42234387
45792716
4739015
37800509
21420210
45986065
35914611
3759476
9481847
1451473
12272920
3019563
24680602
46118032
13766005
12235058
51135595
14452525
24483344
30125182
41423711
6541293
30545431
21758001
16046579
13966954
30327807
51404568
52418947
47853882
41096015
20317486
24372506
27926558
1885898
17660734
52387826
50346746
7370164
6462284
30060872
19444889
42543559
28329152
48272438
15197088
41041714
21010413
26318815
33825659
15463359
35549318
43784715
16578477
44720195
17932012
30721615
51647534
10308553
47985069
23481376
29053065
18431588
6711772
44712341
4829153
26174178
45925542
36169482
3808882
17208726
17615327
24462452
43230079
40577439
43145633
42168273
23099663
21430662
6653105
43330945
52174883
44119124
25852703
1740469
8956269
7623459
36026547
28166158
50429097
29553481
32653212
37630724
29486043
49711203
14670407
37833280
38248903
28716816
18554154
32636431
43152256
46211497
50490428
16945413
33361383
37598579
51398776
33058719
22545780
15823982
17478242
13028020
51046463
18229244
34887531
34080112
26367971
6473065
11396554
12798372
15951046
52115618
38843925
44942764
27345907
1837199
19279125
5612472
1448168
41516266
35436003
26206842
12850114
28775457
18836638
16186272
15052799
35574793
31464085
25401367
33951128
52538999
31430490
16966351
7744881
28414466
22683558
13569598
43812020
28454545
43128056
24298283
24769710
52890333
25663638
21733435
16272639
46936468
39350078
28531326
28666152
22544154
7370204
12547450
13722658
52435454
38012187
5535039
1623665
32215087
47260878
16984777
44794118
18899632
47572794
47465283
486054
10112621
39615151
19513736
3684834
6121331
51924646
18919883
36617694
47900779
51556966
3624921
18270316
16805924
21161122
32002310
8821495
24108359
27825263
24071227
50811789
21680708
27447770
37928888
40710970
44244854
38585592
13212442
18413578
53780
23733740
34262318
6427786
49377428
20879091
648559
22793638
19907475
20652918
48876381
29630462
34751042
35753799
2151614
7984428
50342764
20060654
633876
26586571
22028163
12507065
28766508
34259738
36492916
15226904
43382136
25831276
38531812
42768703
34867
46915994
43529921
13383227
21662835
42467398
16855224
33285641
27207258
43567013
1785484
29006189
43362456
26766613
38701036
35380961
7350552
39639801
13916099
4010419
13703670
41058426
29304149
13539604
6761210
26545248
29985092
613433
25796409
7499426
15122389
39941641
25253159
1062523
12411610
4260802
15260140
26578212
47383765
14084676
204557
28308872
43595154
7981495
35299669
14944842
37348470
19223740
41819739
26147674
43879879
164066
34297215
2758901
36844513
6147777
16632447
38369274
1374651
39144768
35536268
14059866
43413639
36875965
1685991
39123399
10167038
17059071
26373654
34958501
23779523
8106670
8892810
28650312
39806634
16075929
26415104
11200796
28633862
4249280
7734066
3714584
16609554
44033046
2010062
14358846
4773126
30777679
18716614
3198393
11614737
51950304
28257482
4290239
26708927
37916921
28633353
44382146
46569549
34150592
26065690
11012819
37473645
46106882
2235207
28605838
3325674
38049432
19350337
24919278
40929727
16991021
17588130
18134315
39259920
24522384
11525840
17458340
19162942
20056311
