#N=7800
35281336
35888190
56522088
48186741
55671310
4481105
58689378
34097057
29296117
35144718
27358460
27831632
25976695
39869477
35507731
11343189
2563993
20351054
47942805
19090305
36847397
47572429
55296260
34063500
40388994
31373267
492501
15490087
58566827
28632446
7238239
47934596
59140494
52040983
7580976
39657865
36024988
23544660
6738597
19548098
9168023
5572596
53163901
32717119
37305484
15156677
42323998
44313689
1587270
18453988
24634046
2783897
7183435
42006606
33570998
24898907
33646440
50783669
8251847
10632231
48415566
16037257
58437232
19482628
16015994
44876317
32919268
34560503
14376637
19249614
27224198
55374518
29107113
56090837
51233122
53831796
13569407
23870009
19679643
59643373
11270553
711053
48136513
368141
26443778
870942
34730672
23014209
20451715
10298203
31118613
28932938
21263
13560915
4646973
42295492
30499680
13669653
25419918
37925733
50982502
31973361
4141396
54198931
42521430
45446725
34152153
32849647
30683069
37052203
29590473
28986024
35107275
4509182
44561083
3429569
41259228
24432469
9979209
9602390
10276940
17557698
42369577
36649384
1144847
51817321
34959187
10657560
23527152
54286557
33784337
14867184
7535544
37618284
20046778
27755396
32847269
57939951
3259174
1697045
20028540
43164904
2508554
31677706
24089955
20128613
11533973
49740450
32239142
53261512
28072814
52551169
34496463
51392257
1690197
51327288
28290169
41512631
37713224
26743580
3994625
14249665
55660407
58703762
22854628
41030441
24496222
31150224
55995023
20934271
17272103
49190835
37158561
463554
20143732
35189506
48729472
37196075
21667636
58611587
36848661
37520557
50860972
44009176
41185701
39101180
31697676
1546588
55601618
41547172
31923174
6130864
9478650
32713579
34207540
52544405
45875418
21645564
31961733
24887801
1859322
16808549
29047103
1969055
30657696
1031270
13521869
50957886
347414
44987080
25834227
53679486
14418469
11759792
30395113
39639113
1583174
8234117
48547028
49470754
32068522
17293207
32763325
17774245
4921774
30645589
38666285
20987617
37869854
15153184
13924311
60730268
4234466
28015833
49287187
40539811
683856
47458403
43207271
7507929
48652224
14074435
41367986
35619357
28260231
40244608
9175697
31036034
37005596
49337434
16707428
14294276
12371433
20201349
58031574
44774157
10859347
41596714
25146919
37979587
10918717
46748479
11443081
42618269
27331977
19912396
15416152
54015928
59646180
29132836
45063557
31116480
3897817
19206990
26443659
15307809
3239012
38761877
14328606
22711320
36966000
14589692
35186316
46520890
9342002
34518473
19627238
33719761
30677996
57322054
26536506
47224062
19416502
52370685
27202117
34156050
39189830
4366929
27035984
46613313
25235019
25856566
4672820
6673620
34051591
48521783
979203
41367693
19879490
17822527
5608617
8528723
5247690
18751455
26893652
36462242
3840477
41228797
25266867
1537547
37905552
35005822
20021945
46100453
31264468
40918801
25203679
10660129
39971910
1179417
41940493
18561399
9888588
16991038
23778030
53523899
46725906
43996677
53842689
29434379
30658450
4940774
42475072
29625449
14910978
3748467
29278987
20386542
3323245
51101046
42355603
9888712
21824966
39943145
38980387
38687952
946890
24024261
29559637
21410511
9374442
24949454
12866982
35288302
49188746
40621353
60521211
35375139
31421840
6145526
47799308
19116614
50869797
56810218
346461
55364437
425222
57101555
38870940
11518145
47359693
20496071
31748326
1220627
38996254
14956125
9128314
58459993
32733432
22693796
26627142
34926141
54684322
51169242
35607092
13813607
27283126
11619297
5659444
30388839
16115730
51829091
18770152
13588973
56384995
22168520
16493497
6990690
27825475
36458481
40609820
3382677
42339818
16792201
52932314
59459875
306306
4518131
49916463
58647292
28849475
36297901
60159050
58954328
41969729
42071408
26237775
57734287
56343567
14670354
11618687
20610370
13527708
14685245
57935477
49394305
12426658
58958629
45304484
24442797
12202276
23817619
11290364
963555
34569507
5657794
27627025
2499015
36508657
13618562
16571855
48818761
12411784
36171255
32716552
45075443
3811453
29651034
3359212
35733197
1142646
57773443
41598507
24973404
20342199
59816848
4089821
48823862
3999965
39570478
31236046
11238721
50088112
5632570
34176531
50154105
29989138
14008462
4010773
5773509
1206778
59324214
16102208
46259955
32359801
21149131
41716230
47001870
28508388
24509383
12218302
55092856
37431243
42621660
20883582
50441951
13060495
43442957
17587816
53601245
7565978
25603476
55985803
18017620
54567046
20168069
46143331
42299241
30885297
23610173
50511302
33870436
26964412
13036690
4543725
3441544
53480744
35290460
34783568
52339146
47918141
30436643
34209273
5072905
47644777
56364239
32854135
20299251
53960592
10067953
15699054
50388359
49960044
35817734
32714290
12267804
7366384
40616771
52627940
57854862
57485762
55558225
29326711
41606481
20395946
48176879
29497977
19225211
5455932
22430537
18129872
42845236
43631867
38685035
33058770
27345526
20487260
40869795
22683810
3572233
39031523
40721321
17674069
37692239
28451350
10181132
20479865
10351523
43971010
15153328
46611763
33962893
35162278
60073446
12108504
1170735
42720947
7067439
1095339
23450697
39638671
58368451
9786465
34369954
18197775
10272588
22745329
16915027
1838272
42802490
3981777
1339283
12269971
25576550
17212374
36183439
45133736
23410149
42663374
10008116
58914664
47378318
21854389
33991543
17352499
23124678
75396
37353863
46352382
21650502
13664231
23352330
40170675
17597490
11624625
1282748
8434315
40782840
31016863
498989
30532519
39245228
2210522
55010145
41282815
11885838
54360066
35125619
43419099
13368669
48993728
24923120
30025818
16813324
33916147
58922250
55695910
57348508
23689631
23000051
42319827
14150354
11727705
56971540
9163175
49765399
31105886
7935326
10250321
9855248
16372080
54445987
16046026
8408297
18733692
24240808
29306739
59075010
46971892
36579592
44182851
32180404
51846974
50027182
40041028
55491253
35232619
32695858
33112293
27622890
11272346
3431900
4987179
40885920
25865653
1227848
39515078
39334251
9646859
34727947
54649223
7963783
53795908
52645218
39941558
20498682
38108917
10810760
32975772
14791487
2816231
54995670
10222989
57195721
14794563
25428782
40462573
25693341
39507125
29680393
40719324
49310039
56489861
3759330
1370842
47371403
9664602
22870743
45525029
1683076
59855653
20087617
28862225
33297226
32619914
47214411
5606523
23317430
26078142
38820102
22652111
6460510
40201107
45634208
34816761
7184834
4005270
10782180
45814018
51037087
52114146
36959994
47939197
9118458
12178341
57423713
1846373
7981525
41938704
43521025
33660852
26558427
5551316
60571428
45774315
9302484
21136268
27626422
18748932
37701245
59458996
37857904
32483750
51099886
59712551
42118194
22210817
13808184
19508035
26937637
21181503
42995688
42865265
8599097
25355697
4196816
33568621
19165349
53244287
15380277
56053321
33929424
59707725
57088833
39435160
18147893
51393553
1518636
29007427
41731029
5217495
26442723
38985354
51205556
28889068
3147979
22610159
13356793
53466682
55435961
44912372
30666019
35723603
56752062
35870476
6190348
11792529
36271957
42035642
19314863
16512553
59804489
12577877
59643445
23778893
56000136
49980467
9662524
57141142
20648317
20829288
32935552
15637267
53920988
28595397
15532275
10521298
46097812
47368035
40884276
19712357
6243923
55635543
47616868
44959533
17682132
24994707
10561279
19759404
43071154
24820598
35792722
54109208
35501355
9662977
14116369
59698995
47415763
6916849
42289203
5011049
45831914
4340155
18188605
43399690
581197
47087854
48560636
44469068
41124112
46088733
32935490
22124391
37953411
22622161
52481866
16006341
7166
3824294
2050295
7045558
50159244
44213357
58076452
54725974
23087215
7199520
17409792
60488327
40008549
56032660
4906057
2432224
3758958
31940752
55679055
16952130
5963742
2471902
11533578
37083334
8135322
28396941
48566138
40030682
40698608
5901184
13956046
11045220
14505050
36760551
9809107
13516883
21126142
50876931
37316182
41522502
46114585
40300745
55582270
37576325
52273702
33805305
25676783
4890440
44060623
53207152
23502165
47804022
12420193
43976637
6600808
47028254
5781946
42664954
26074636
29653388
52236135
56119109
1236113
988167
15634409
37855790
55124315
58527254
22845959
15099049
46780233
8538260
48867044
39860577
29983155
4626874
7828295
51393244
42228276
57096602
58870572
40365529
41203213
26231940
56278304
24775855
20953618
36968559
51268820
48879141
46500888
8491580
58568313
24220324
6703852
36030768
33093444
58108879
29830634
14307698
27072006
6919655
57478719
1483782
32032282
57513524
23238599
11571693
53362673
19946360
33977002
32638632
2170837
34510971
23361935
19309745
34347036
50998091
8551284
20852
51150829
22280564
1787727
22537544
9210493
27518587
24283747
18785745
31036872
22910979
35752593
43671837
53810987
18048808
39085184
38544202
4150851
21375852
56518305
38807653
35859135
60306032
9276697
43701093
163934
51287458
28842074
52409797
60687263
47110721
59073125
28613284
31153684
35109141
16337410
51264748
14565328
19456381
1116765
48205036
48023606
35787398
22670266
15266785
13897956
17709332
42865897
26183199
3600329
57052274
29530956
52998043
17385709
36912853
14859018
26677751
51440196
42571354
54176673
32073978
34040650
42047597
30359487
58812549
38627426
14964642
7391595
27200293
32272776
26169368
43618382
32756821
21889441
4960934
51324501
5798370
32192615
3897236
14735856
11442287
57750178
53458103
38139025
8791571
3556270
51211278
51424692
37449830
26614317
12129075
19798104
36068101
21503784
15394844
51420954
11427133
43531867
42062227
1665523
17599568
4279927
56741061
60355933
34174684
51691933
47427265
51902515
20750328
25070672
22117753
34143263
48958606
7145445
5011360
36290493
26946441
24596960
39295616
17651726
51386217
8708904
4403260
45487148
10076651
32702978
9358727
27845222
25932299
55865913
23848076
36167248
30945244
5049128
12928668
43112169
30941604
40440206
47868375
47447066
36952066
14972308
47215516
30751726
41039005
41254400
57834878
9294715
52134357
30586712
31332079
5899069
16715865
32540283
36128421
315042
6770678
32416427
22080759
7848664
24920669
18798948
41322193
5916687
53031137
33328462
13327407
44334539
21571753
32896066
18315163
6200340
52856917
5961115
51840462
49827903
7203656
45331778
56886250
46235288
13870847
59631797
30610649
34484436
25769604
21795606
39074284
17005627
25579371
21365423
45450084
37087595
26607812
7993731
53429281
8696598
29840322
59354955
44102988
33455025
58962763
12354048
33283492
21112627
16841072
6508683
53781654
21808368
31460931
15338066
33708252
58310024
33862192
26898655
56250153
26847590
14299848
35792473
50479157
49331777
55597612
55539966
44498315
17911213
38993409
12157939
43517224
14468910
392192
49832553
171533
55933748
56352976
26774809
28170974
13116317
35887753
56527201
6183729
52074521
42315874
6809597
20143484
7014602
30682420
20457680
55292047
25808072
41034862
13022803
4833462
55770012
16546557
50423989
35233990
42608112
11765747
11768283
14297377
23382057
54319578
52320338
27762774
480271
8970669
50567387
25016201
1896845
14211326
60214133
50014650
35301272
55050791
60525805
30646169
22957960
40262819
60352856
20974610
3348463
57316247
33333087
20536021
34778445
56741855
41549320
46394348
6467302
36372319
40900653
56459284
11082918
43349669
56119000
54387684
25157437
36356061
25642069
30805809
39750055
5163342
7572458
22738715
50176443
20262986
49216927
1983350
54997969
3036609
48481524
896054
40621415
55514846
57910315
6467710
50274552
23260613
23577308
10848019
25289401
58390985
18423897
35618848
36275845
19762939
28745615
12435241
57446006
20478727
41316964
35094953
33910512
48149473
52445402
48193093
44188631
46180318
14341826
54101914
23255195
11050291
21909353
52237318
5240293
34649702
974014
57510146
58811213
26026324
10507735
7754166
40198753
59500958
6873232
41924217
41240547
26350501
50041891
40434666
47408215
54007492
733163
46557420
22044455
6265084
33851267
50926717
22925123
21375148
50276174
49941491
23893611
48099652
8506915
8570148
54762102
35787691
4246023
8300659
3911184
29930390
880933
59114537
36344024
59446345
9965939
805880
39782287
56874400
57785116
18934408
50046650
55308080
12706153
31957738
44179962
30559732
18734156
51907246
58321538
2176522
59518188
15323463
11421162
33559225
22407737
46461443
49960119
35155634
25503339
5636648
11669979
2274589
6392210
35538144
37747671
13931540
21944378
20847878
24911363
2477036
6228255
18088911
29211730
230034
13223582
10356329
33078195
34641246
10472670
241687
8838973
25958963
53755726
25799720
1682719
48092104
39041717
44323471
41569268
23228749
17328051
36971836
43450532
53300671
31677378
16899792
7103790
19467342
32703236
24906064
52188919
5998221
4865329
18855401
27991840
57505950
17967272
50920121
25802273
45353708
7325961
1122865
42359857
5663622
47598004
18199249
24606449
33896580
45079032
22681045
58701831
42950994
5294457
26550740
3440493
12210036
45036557
281338
46202037
44788627
20040735
33333518
56929995
8199380
18971742
55995333
49787289
33453564
43594159
42763021
2993851
1662339
14364862
42244221
59980786
31785037
33960217
1925404
36034750
20211651
17386587
50234704
39510501
11168034
42354183
21242767
44931613
18331543
41080604
12868518
48698633
11841355
14361776
934662
37335704
3601790
12401173
7024268
30459713
41931820
28398159
39673244
20605167
663438
8284003
58055382
56590287
31832179
2622430
3883659
41541150
24302166
7880520
36351347
27076422
24022640
41002164
32063094
30472911
29239248
16590355
5007582
53429265
28843599
49373490
30311436
33982078
49392967
39466110
51626469
39410266
45818334
49472854
23389786
4913151
37291825
12676564
9950240
8374642
57243878
56843140
5189803
58065744
44697881
56189183
55853329
54389730
29846529
33556352
43548941
36649984
48586757
16474093
23117829
12945133
18064135
8928938
43195610
9982701
54487777
2153615
16020480
58988795
30264642
28796835
13046524
47000796
34356300
13947101
3184838
60018134
30228872
27924234
2212415
51148151
44426267
40380589
28924402
54036545
45809596
45158461
31615768
53725236
59249959
32272503
30589524
8081434
15281162
41041994
12045834
13582595
50812587
5307258
3185883
44103847
12524148
17183036
1059569
35178166
1801842
54184218
57805719
39920721
44337967
40755440
40307362
51229723
55410994
1849554
40504390
10167973
46748503
60183266
23135712
8412137
35074954
7631143
14119212
1698567
51069408
24822189
28480325
6708740
10866723
4086459
287889
38185982
15381194
25798965
56296061
22721121
9846251
17050279
60453360
11191857
3428059
56541421
28808946
45243021
15941052
41161125
5115874
56419979
43191924
15504569
55132925
33376387
17401736
7380636
52141856
1604279
13955466
42477478
6420851
51604354
49545266
53412538
60813535
10743686
15952714
39245782
41191375
16738006
31705833
3911938
43222912
19025039
40600369
48487822
58210760
38444687
16052813
50451306
1287053
27899150
58942834
4995901
42074532
33881069
54265170
27747990
56023429
41274726
11015825
31931926
51630820
56885193
37459824
21567752
30392311
17298320
7539949
37279437
34355095
12680794
42235183
12818703
39737893
2155682
50518621
7759454
55241246
48993664
52348473
57131153
46664618
43145377
29654345
32410155
56781254
12990444
34815778
24091503
50483906
33054246
55312103
48146681
26492881
38245117
32111416
11196487
1026838
55699156
13127867
39620004
51866515
40079500
41223696
31978439
25838050
1524957
16250982
16193706
20412659
27286708
27476808
32338076
47204124
16663900
58434378
32689751
23346539
19845144
29619401
20420838
6561365
35150599
16035265
33380007
55301891
37252260
58908621
40330448
21916254
51971980
59236309
19888076
14241450
39698739
15727457
9644343
60035912
7047886
49556899
48914583
40922585
28896520
34743699
14514373
54157362
56672846
21153963
21009313
13283779
55308803
4385573
52104972
58772321
57706618
35311386
33055056
15336006
25020254
41934139
2028178
37730530
37621183
4160619
4597107
58586441
26763183
39011058
29204941
26965302
38743992
14170884
26408211
35579159
56994467
11444023
51231662
43389067
26685161
16623740
40102421
14620094
25602569
34877198
43800878
42370612
10291132
51960918
13307827
5373337
22396569
15951172
33133423
39874743
38237436
44509663
47465112
60637882
18350679
15034057
557091
3164833
36100031
33047801
2431110
13605400
2842475
34607922
21370258
30148679
9104784
23308836
31659217
44071957
24586066
52679961
29062785
4917795
47647962
15440268
51163528
43361826
38553737
49463761
10493244
56523168
26158984
32431055
60080791
33269459
57857640
46432904
733723
22494631
48288938
28663189
53075142
51617410
43586751
16145035
59329463
25872827
59562771
39819257
15009172
19668270
23115612
31706130
32677881
22369748
37726532
1699767
32868582
114181
41388390
56985803
57282378
10973138
53497028
31731500
32535736
35363009
16227578
50994148
48343102
14755141
3160051
36930107
53127948
17713923
17422265
19510205
10863655
57978113
34787258
1386655
47830390
745863
54819599
30978114
7584779
55695963
39234991
54806393
3671804
30415252
3488774
25550878
57361016
18134019
33587534
60465202
5103520
19556050
47834097
11412995
22467194
46286128
19507841
33617742
6850268
38367766
45562948
9476999
10147723
52125008
25490670
34935888
11244697
59963636
52583124
13618386
52024159
26903352
51317619
57044539
51977850
3438368
10046957
57735815
13030499
32115097
12631105
11774137
57928856
19631581
52745155
49689453
39435860
60063689
6138407
58213270
46303655
11521553
2069942
54135449
58963923
26367035
43192765
58466312
26023090
43763385
41224381
13063233
35765503
5122862
46997582
55082036
51247870
56855473
2348322
19339974
35026242
11083136
37952596
26323016
41035722
53521466
794657
60146204
31843647
55456855
13386940
53008207
31481243
54626521
10942684
497611
343945
60269380
35325543
12959857
26081495
36101519
44989264
41523468
32798606
50982110
9977326
49991509
39912844
9348798
60310992
8703225
48971028
45271131
43611972
59813132
39761432
6177803
46759264
39675440
42059225
19600420
60149136
30983632
54282576
29596917
44095682
48224089
52271498
60064025
46894206
45398028
21386526
54847155
49629755
890710
11069265
18712140
7764130
31209619
39301384
15039861
44014867
7241508
5509698
37434169
13053868
18169605
43042192
45242457
58449918
11075593
44241458
30552219
47727951
6058487
56249033
2115269
19413495
6873469
56761112
10130664
13851886
38579429
43777890
49001227
11210193
58783260
58334370
53564270
48034752
32059876
9530162
24664311
55027641
5423706
55231978
46735025
38643301
50050212
1000999
27897699
42271256
38182971
53226799
2856293
4728604
49375564
6194158
27366444
53861584
18181683
27192775
43774273
45452849
3078242
51506858
18485924
10748508
26274494
44034107
41454054
55955849
22190069
48355947
26376228
45704019
5181766
45734026
28829215
25862569
41741642
35510900
39414962
51537979
21934848
57502136
56285774
13597593
6096087
173669
10087311
51652448
24114532
53107415
26966925
10413347
43315977
53375430
30134455
49242259
21844038
53938107
29579620
55409663
43174181
59565816
16874804
58242811
22075997
54158315
47287607
51043663
31659665
42752827
56092206
8337255
8649661
56112104
3510282
15283640
54982751
35903509
24685523
31784798
9791438
52515108
41118893
12157331
31531392
55119961
19662638
45357989
28847539
30853805
38534859
45771371
55573431
41640103
29038816
31872335
40582263
4534780
13035070
23322409
52186779
18063715
22910586
54206022
19212966
46530386
8681729
23197953
26112071
51094029
8749517
15717719
39067329
4082545
53334694
4257016
26272422
6892446
6823130
43916168
54203988
14978369
34816168
23701096
1057839
24504036
36920878
35343467
31271615
55811356
18495436
16064370
59690749
55303814
2767904
56855014
20418315
18427701
32532048
28477965
30110312
4666972
23223026
34810313
38650123
3685860
58273887
439867
13528459
9928374
9100000
30502891
13920529
28395745
4863831
44637986
11316033
41949523
16848031
15207245
56960607
24031623
13296465
20919348
34885499
45180204
24322966
10023963
6401002
27865076
23338551
56140000
44940463
19537166
55460040
38210256
8241014
5589125
52179867
43865568
56847845
59627869
43722673
30122544
35163324
23754309
27789955
56948789
45828916
10900021
19994393
54124872
49986125
47039875
57436383
42945149
38779202
57297891
47525412
29184616
1008226
3801385
679959
6730206
29379765
7114527
4114002
25215446
9581280
10635611
18226508
26725301
42548158
19968363
20416201
57138149
56849007
34973547
55038009
9787657
21753897
33794518
57528490
25124589
8260673
138492
56259737
27678199
13533277
967639
28504656
55118020
53345233
11649045
20699817
4164319
58373248
11562004
25072551
939592
47011067
59098146
24392713
46250009
42042970
46282655
20183753
47061350
31303263
21243490
13099167
14712921
25533845
57389998
29704852
59506088
4688828
12535710
60013543
19255257
8462407
34939224
52501816
49180914
32199411
9137813
58015382
14677268
43474551
44898019
37386880
761057
17055175
38950059
44149869
55821621
33063004
59780264
52045795
16590342
56549646
16549170
3091681
44951370
9944782
17169142
17576158
46273571
22156916
25074319
45677055
20121493
20823426
43364002
9249145
17522143
44586876
13117363
38130389
42713493
27842843
59276822
17451189
40157168
23970667
45209606
21859439
16472662
21314230
35496625
31582274
29681889
24688000
46762540
27375212
42594825
55852227
10585452
596516
2035422
22334505
2313053
10872348
3301283
59617127
14215395
40231755
1873383
3358132
57777181
43345917
5769288
53389767
33081584
36381342
7498005
41978988
47202814
2974001
52472342
28892238
45659735
2306676
42933176
8993925
34873373
41998309
53816805
49090947
16367076
9246687
19033222
21619540
14740565
23909529
57743744
10857263
538187
37451080
15672457
22471026
10264332
48311560
3135374
9186209
50018528
4524004
50346647
18310576
36237880
50165666
46799062
54749422
46356917
19018480
16017121
46622427
43714846
1813729
30057725
55587537
12589735
13207305
24715797
3883302
41454955
20292664
13268419
56990774
45270360
28200897
37419265
1078123
59133033
59451370
19679563
49791565
47209738
180981
32351515
42328458
21892362
45864195
56815914
60574491
54227248
14203392
34648314
48967310
7307607
34934033
48955353
8706432
50675964
4423133
51454884
45304182
53945917
45907522
37655122
1435849
47991478
38807896
42238561
9341468
12241632
37582195
35523663
22964893
57212233
4570933
3596157
22157872
52476947
42612522
44009789
23343551
24979397
17797894
11957
16684788
2341682
1775832
18091549
5371782
29400829
5547362
25732673
52510068
15999657
59687227
20037288
38650010
44649877
22739979
52741419
7360352
59293576
30952730
19368735
35054361
12933986
21823636
57071696
47217009
35716737
44295508
23331594
26378222
15456212
59076126
59433240
57809901
51298616
12544187
40479110
37730762
7631318
44969060
50556393
38189647
33120963
15380922
3992204
37289525
42370017
21788689
48831617
24239215
36102356
15628712
38822665
26556978
46946900
30859801
23885414
27422128
28839295
25095469
27784983
36569925
25861122
46889053
35414404
31651467
22996482
13593663
48014370
30281671
11848097
53259084
52281056
56671439
33850905
43043516
6541520
18130802
3769945
51286518
46256550
27628991
29521813
26046477
2671564
37608385
20104119
16873558
60477145
10352983
17317960
41735931
1155521
12293268
41976184
39904354
44477098
53554811
1745566
12838899
56924229
34100272
19408178
27321152
7373530
15720103
57357184
16095003
32714253
36980955
21764705
38293686
24957427
9997041
24025971
3881619
37971240
27834749
60395599
18741214
9197461
5024692
17843360
40174781
46739783
49261373
56242401
31638199
14714195
28485295
11514333
29603077
26726741
3688075
48887582
52118528
43845851
20376228
12413910
12504179
30107141
29851277
32351328
21075808
32865801
14274835
4326021
19230026
18637287
12614519
18981466
47946294
37208522
47505601
44772381
33185197
52630791
27757106
38207479
45951119
19842166
7826258
59639108
35448214
20682225
46594967
57788231
49425284
51109088
43402634
59076465
9031333
15069089
36160106
34833400
31719388
56477548
9795115
18332173
31530994
54329610
50399479
3173912
22106938
12958422
35098888
55817719
6679672
7914939
30381221
4395623
45233953
47984033
31127754
56583597
50180555
56325880
32469210
8432432
60161367
46417158
22916358
53121547
44189702
40522559
43121898
13387215
24946554
34389118
46856307
28357082
50306285
55524670
46998638
27129220
6278750
27183949
43520111
2284049
41604600
480800
52191483
6733969
58643479
35641875
24114387
59831735
14248125
4135665
46356075
7039820
2227456
43233800
28083262
30802487
33659618
8732779
45454521
57429473
2166446
9415250
60282058
23177064
49245920
19814689
44449110
3994701
3662962
43039310
29016180
52954243
2677322
34633220
43459583
16895357
21393750
38062335
13475660
7208305
19991822
3122274
57880171
32264970
27657795
19350483
3431578
37070146
24649946
54122884
15231028
39829383
21009331
58550982
39567955
45251219
34235340
19493413
53902135
29632332
58445601
12466572
9494660
46621966
13239470
23480861
3419696
14185444
36154126
10353386
28251748
48566853
36304480
56613301
46917004
8671262
55540538
10148695
39922731
2904176
51197165
17520047
261428
36598113
24315642
38158155
9432697
22686620
21887812
41435562
20137672
11823635
60067103
4097411
445881
59894027
48166736
11149923
4017309
48427274
34888907
50562060
19733461
45716830
1072763
36768309
47672145
9879974
37875144
22402684
20726361
14599052
54044406
22943274
27165416
19712634
16270342
46920748
2548948
28147790
42208460
34123874
29461367
18256689
16770676
50135959
13120329
17823075
37101017
32378863
28693812
7255689
49489297
43805153
58884686
9276402
16976778
43353074
49993614
23276092
29198279
58623088
48273636
34331771
6672931
59168282
35247299
6206165
4712288
29265075
16770036
42035384
35436811
40165409
5136359
17031213
31118554
59665080
49969264
29845328
43729567
2972272
9211004
40212894
26828375
33615224
20122789
11784299
14154795
9454139
53926069
55706508
51950156
49945355
17168085
18550379
11699606
24065837
50276130
23516904
11911877
55528241
54982638
36489210
9046854
24394893
27901950
19356839
15935513
4240604
20634323
21600285
36983897
36435781
20090105
33127689
37544042
28752263
36781843
19288288
18343983
3980714
56622036
51483390
56329362
11185860
47197862
49022702
30237573
12831502
47457880
36262667
46481386
30587745
8587260
7773628
8459379
41744959
59562517
12418841
46180320
45038543
1510180
3856208
16975352
52177842
14429459
18255754
28491893
32801129
41589865
45784207
26574965
2679788
4285528
7306660
41788288
34366360
1564822
54814907
27190117
16870135
45759020
56791371
40211978
45765914
9051112
14124151
13648252
14523973
10908660
42324112
46146804
10172339
50266750
16803211
41769562
60551943
55589502
791299
24309777
56993690
41498679
19268305
21731501
48842782
23825451
5056994
25259856
45534687
27139499
49322359
55581771
18076719
47740259
44171440
32117662
12610751
3215491
32164140
47300783
18819934
10140975
47427206
47326390
7798419
40137322
40978263
54325779
59435813
38216234
5041471
35262189
53495898
13526467
16674507
41666539
39130764
56841108
36777497
8036529
9062780
1582100
29493944
46799057
53213121
59039562
60793523
26149969
45235557
40106778
17957189
32333545
2342556
7289884
24431740
32396254
41541510
2762029
49284308
42257236
45560337
9598617
18587682
29912972
35235704
38757012
4889041
49177848
47778328
53279010
39382586
41187337
9208980
49377996
4089147
45146764
13804004
20686745
26276393
12902012
37764222
10667305
25985418
48869916
44671987
21669710
1195559
60124275
18041693
39685691
23669554
33730978
53286527
58754284
43107543
4141469
51818685
12450032
9795261
24674604
44070030
8088203
55181802
42985829
35573991
44242403
36953984
901992
43762524
15609087
5000207
6977919
26835319
22399320
4917969
2631325
3628017
22349869
54538334
2394328
4482777
25755271
51463435
6388670
25019211
48741124
55186208
45227694
29220002
19790671
30332802
19167814
33354213
29023012
24115458
52755612
479879
21344897
56741785
54868218
49613769
684500
2059950
42287606
18771303
43408101
8932992
19317301
35950705
28783063
29854507
58934108
18819672
20805924
12042462
40631518
19521122
53479150
14894892
28135801
47276459
19393403
55892357
41438601
46626745
20854174
56853828
6451662
32571128
13300897
52808268
25409776
42753197
37575463
51438227
17537615
7457396
59073543
7546407
37856598
9963390
9048583
4135257
57111768
1284802
37486926
43820239
9468933
6202691
56341489
33083445
5837857
51690272
53121796
2668386
40175083
49123046
43552930
14483395
25244965
31387701
33316418
52895163
43299195
30118067
53204684
28074820
48524412
49110153
59337825
51804953
31775236
7763781
45571945
13291529
9899481
31284234
48318750
37225489
18448447
22734830
58885263
21253084
29598802
3998749
19955457
25691687
41961694
30248842
42006978
51273416
48928506
21281964
60530479
33307988
60517269
22178144
29576996
57559459
17334917
51574044
6233008
18483706
58704300
32371324
43896393
51597606
12835787
43667533
57263839
15278976
53976029
54886514
19381240
3907114
40960669
7790227
1768322
8771890
42160337
38808627
51582938
33704131
21604696
38352335
21814605
2957809
22926840
56926565
51326451
59691211
53709745
52785298
53510927
25190307
19535536
18312473
55173768
15640424
50531504
20460938
56737737
7312527
13925844
29674625
20222405
50272392
26469891
23799695
18028953
26539818
17203931
31314216
29973139
36730499
33509107
43811653
30554972
24075630
3216820
59381154
24263897
46603051
33249761
53282067
30856540
21978725
28620969
52796442
19742688
43218977
6535094
45146724
5173734
24493453
3204734
57262711
50327051
18013686
6595764
47554738
14650292
59397046
58645109
47001487
24259140
27517090
40594833
32013818
60651734
35537383
26131393
49905443
15746511
29354649
24661098
56983711
2236036
46241993
46261348
53519578
56128856
125253
60025603
8751024
53090016
46031049
7910559
2772313
21447007
8038719
49749630
28488806
53221518
49211632
24490267
53085323
27705357
23141062
5882425
28829903
37874485
14860356
25244345
37686413
45202226
39259106
10722363
27640072
8196750
3379707
54333975
47377831
7875238
13994554
18924078
50317703
42667655
60711841
13862684
11041814
33740814
18621611
3998539
136195
21506274
1349204
4446509
16959067
3350190
9105682
3585558
188072
30498131
46825240
26964050
35645766
49145969
7342656
34146098
39742532
56344469
58423034
28453753
36481149
50250513
37135851
36455019
31625841
45054639
13324686
7043275
33604619
57955337
2649334
13773299
4547207
16082627
13424440
31457122
3162118
39447551
17600318
52147635
55692366
15762884
19621394
19583281
9403436
29921800
36563065
29372392
37946933
26256133
52157902
26130
18624672
10164825
23130333
24582566
11450020
16209349
4393940
37914933
53408130
4650320
348858
52013699
12920509
34816890
13856803
29938096
1838798
19921047
32526241
54192697
24443061
7783207
43860217
58954658
52814868
28390544
38054491
37920802
7631461
60076690
55819411
12125719
59554805
6920983
20188625
52458701
41724833
17827233
37566074
19478043
52569811
26371969
56240509
1066026
51061704
12019369
15495468
26569715
13561599
24743034
10332480
44412017
33891952
33553286
20900167
32977679
38842696
38817801
185004
13589354
18605498
48898428
52777095
7096104
44119764
20445005
14892627
40330403
26097423
29277718
24077535
8747397
54233879
1464751
3654170
42575602
59297771
51592435
34320848
48073196
8934694
37619195
23511850
914273
12794202
165978
32792675
43336955
20212303
30210190
21652260
11509394
4778664
32332090
10287090
21872974
55187583
3698522
16252867
35433638
53967453
40696397
5093227
11658276
3006981
12901736
26338367
29308188
60741354
57541654
24561346
8020421
42908605
41429484
47045212
48380861
40793676
20666098
21684694
8702909
25431526
7403783
19305917
43745691
37984508
6588568
23703719
37837557
10571070
36396471
48424024
42309176
55773029
53031492
3403522
34538793
31083996
29636714
4746842
52720933
14633048
1215474
39898822
12611357
18719421
44462727
26696167
32090766
56074573
14280911
7480605
42525836
30259276
12717349
38125584
18230563
14101111
5390861
7497146
47185507
41463443
56232533
38905654
39317848
21947496
34606808
29791951
57286677
15003666
21614981
30905723
20105304
579666
56276096
46755191
4712268
6471767
12415256
24610161
13548737
2105247
55603257
22483864
30112326
16699851
32734723
28817030
27755604
42851031
12104613
8279853
2145595
34285037
4298846
27609510
43584433
19603142
8176970
26380953
12981974
39118928
35469628
34190114
13951011
7047940
34339935
40942108
53763031
28393621
47930517
51904873
50916535
38903406
50589142
19378908
7027859
7967305
16712417
19475751
40705436
38659577
22064620
53459698
8784217
45535704
19432540
17203479
24704781
47981656
51751326
57715474
43251530
46505301
17933792
33848904
32208523
24029926
11095203
1858158
38317087
9027111
1315731
49621240
49959160
60705450
2666491
48392109
28101869
38892841
15494744
5329351
47958972
37368916
52110771
52420739
38914536
32290885
44375767
45912921
22813739
23329638
57865294
9402626
32380391
54743867
40837313
30350365
46552840
2068092
542426
6779460
19907952
19533895
46954748
19650664
32603580
42697264
32897364
22772518
9017481
57049442
32142194
56378234
59294381
19819885
26128584
11085228
27560759
21046129
6131239
13411113
9032860
3121427
29405313
2030026
26274639
56852834
29807938
39773380
43000141
59932145
20664712
18340901
47770316
22341097
47593300
9831062
33679783
54771536
8713937
31562861
58595062
30405921
30249650
48209152
53099127
5082455
23037602
32233259
30096882
3009812
44845800
7002834
37686789
51476093
51145701
47341260
13852692
30715794
19108668
42742853
12161829
16407228
49671214
37939254
6744927
53661765
19200737
20200535
57016475
57231630
1313211
28469522
38146795
43250808
43255163
38949480
53909186
20027790
48227460
41177661
44246637
54209708
16697133
8429142
55707014
20429907
28232592
31949840
36637578
20785052
11155252
53146189
9662301
56849450
36822129
47384393
14728902
40892721
36970937
46630566
19084834
36986017
46054360
17280928
50181622
23227373
51562021
30815138
54704767
54857753
24480528
53901108
16586307
14350839
41036551
23757174
1875941
25531152
38878201
1575002
11122751
15145802
16324059
41201522
60204161
56769409
28497069
28938337
39891500
18068533
576206
1803906
47644395
22826986
44642520
37450097
47446220
57544269
6334610
18887272
56355059
28213301
12864557
53669134
12474898
15505398
2962586
18384552
14408401
41816011
46090944
48844842
33865255
20394651
12704453
31265823
34961522
28512149
28362131
38087593
31264138
56672833
18001387
10194298
54304380
47938252
49199100
28558948
19272823
57044922
6022715
2685925
15738403
15442771
7950160
12173959
19180610
21986575
33133609
44487173
7950756
25696292
54224002
2599432
3516742
45032305
2903692
57713929
58088011
50612912
20086206
39153453
2368453
48986749
39918811
25745431
28665428
52994179
40619846
34670511
59390132
8663556
12819378
3564444
57102162
46803585
39880351
53617051
14035819
25520929
51103172
23434937
40263163
9191696
60535741
6642814
47784295
31214394
37627723
18934558
48244458
50023071
17318255
55546636
20321320
47764633
3209198
12078530
11687660
31956290
21851133
55825687
12401395
26855793
24524094
21568724
32767766
32443034
2513879
8684495
3341379
59995088
23739197
33620349
22247402
47404960
29855092
46933350
43809936
5688264
19699916
10781435
29701751
48477235
52337438
26326403
54160586
50176522
51067397
16701973
19554895
13078953
31301593
8916283
12171640
10164673
37138458
24083270
29101655
3358791
3028911
30561031
37747686
37174238
21848870
54237666
21678636
24166827
27233434
51112114
54910127
32062681
19283998
21458960
12400262
20244529
36099007
37458613
30621627
56072057
46240381
10638611
18990925
39220533
50701439
48928371
41903019
33779667
39137972
16624236
26451106
26694674
26795774
1593632
33579214
58522043
27004232
49490136
48180314
13254365
31828115
51534780
37746032
17123082
46199954
35781650
50462903
58950563
9301844
19983015
55164745
7019848
38860786
30902555
15401127
16921772
9790399
43362395
7328560
12443297
50668463
42941087
11199073
47197345
35429401
2172691
10341729
31833480
17662021
14729147
36348334
32788646
5334825
20047995
27500180
5333004
44563418
30479887
3785818
2281996
60045843
24262189
9702334
21939014
39195769
32878732
27676824
15430714
53533933
25227474
1244224
21554731
7511686
27109995
54939228
21679534
45350671
56452583
56325147
45713376
27477934
34383951
23372078
1821
54408191
57860294
1547185
60365035
49357658
58447243
53419662
38106828
3150033
37663603
12345803
41848668
58268413
2449350
14186490
50062815
35799401
53057843
27455503
3915765
42599325
59326646
26194388
17720908
47058262
40024808
40424910
27476113
40815761
26351785
16538249
12126768
8502635
22023556
6945373
29334443
12540822
15756059
43844638
22141366
58318804
9896453
45745791
8205597
45573562
21968647
22607312
31883636
10458518
47052471
38561378
42962030
30351997
47009580
38135998
37665762
60049048
14073125
29021477
46772606
35932763
55354693
5181395
58091806
9482734
9272926
3573417
51239457
36360869
33948185
55319189
50113206
43246504
23777143
3681898
13689926
11510129
54478454
11405871
28336489
34784087
9635410
4826031
10769848
47800533
42146486
8644285
31360055
57063976
34506784
59674823
38680957
45871959
13992082
11762001
37166891
51835671
30465233
56760269
47087664
8785294
49625658
3674920
29556578
12267014
28127058
20367667
44013640
19694367
1770461
41594071
42097852
22674878
41603159
2125563
34524091
3166123
34977501
32525232
18383018
6718438
2926353
45002569
26788680
41080025
42136769
59330236
4748007
39763552
7134610
656356
40068716
55442257
36387863
9188911
29093375
8432691
18597206
20503182
56520128
58019197
60830913
58055902
6234399
38437035
27988062
1998859
2866718
46342676
47682492
34220450
58853372
40769942
20949413
28298445
36332018
2373217
52195626
22175264
17778448
30615967
25108494
30879805
26348882
27955172
8675317
8590192
30836176
39501623
20512270
16547839
9028409
40477490
30067840
4235540
53653930
42485387
33239981
29486269
5572917
24996162
31354649
30554927
4437924
36659809
55026433
32240367
45434769
21579658
57906771
47738644
22350698
57993323
40288101
17758689
15202608
30013695
48917923
32371950
48556827
58958394
47320000
4792869
47663561
48422453
49919173
24167661
54996083
8243818
16215232
53941604
20558238
12778453
36368495
51121171
52065041
51530387
35173597
15779738
60068961
60753449
25534156
4592009
34326
28358019
47764380
43670659
42296869
50799530
45891951
43763958
29378446
16981159
33797309
23495899
11509983
41675355
26036042
1054479
48525581
21520392
35656722
48360680
39637026
45678108
15947574
54368915
9545039
53343762
8329195
55476952
60719122
58016138
35751242
17203668
46901151
57804851
15862320
59372912
39504697
46994405
9966648
5882546
5471176
10205567
15543470
10455503
53989774
22599262
44321371
18248514
60806980
50818614
32413106
3351723
54216682
41527426
46039720
14908088
53464640
11153058
37809322
759066
29198600
56870005
19424961
48368240
18300154
29707916
49406263
51705763
41523228
17844694
8422689
13099286
17055794
53784209
26974133
53824873
40715896
11586370
46675409
14698869
14685545
8969292
18152004
57392206
48902787
52970274
56022380
9949186
38071
41779318
42174106
41670361
56653463
50557045
59801977
27434392
6268301
49645182
526686
28423942
788900
15478481
4208766
42154534
13068313
33471376
7149464
44100640
57740825
55789729
14630477
36216953
38990119
26021731
1369826
38953600
10175815
14243061
28615081
37291324
3209468
9700673
42708384
29219071
1532356
28240408
44991318
38684359
48856282
45888206
42298789
37557979
2410168
31577391
53088683
47891287
36570551
12199736
47553775
39607485
16799610
49448747
34847126
36519
15845916
5210378
28422132
51808104
29117206
36998021
55422941
34830397
8168317
14467976
45067754
41771611
58307739
17186725
57225571
29381916
43478038
10721398
45309297
33442495
13090452
40888947
337511
57803067
56240127
58945029
22843972
34846704
33602831
29636748
50538001
42961425
36933172
52264112
57225164
55126810
28829704
59038577
7846256
45320320
35083851
27881029
45386041
28925823
52632300
46504172
44912619
28119156
15714559
4420350
33104983
16127386
45488821
20316096
53042708
39477036
25342197
54047224
2392316
8725019
10787189
59113890
3819874
60729976
23434408
16270200
4524165
1592997
23954726
40805228
60774280
6158027
54172342
59721869
44853205
24513144
48873226
58575882
55854174
60427173
37855143
30872500
42008292
24095398
55813900
59835484
55168333
34700791
503647
4118427
22988758
10897213
35679482
48389675
13449423
39925024
53155474
24558938
1658718
35880312
4716499
19136023
40228436
29659198
28932256
4360936
47582584
49286054
38804351
43065287
36502494
13759745
53982214
43012809
47850679
21113108
16575449
51049906
29795646
50446435
47362559
35439084
15531403
13838071
13317813
49730486
38266306
35358775
37926052
606307
56491876
35897301
8287380
35867500
160227
40486203
44480198
4517297
12783560
25044606
7166686
11573298
44832680
32869105
26437360
57640774
9401075
26969015
21770960
55196563
52998644
51608101
22121270
26640918
36411766
56882652
29888047
55743611
39706900
2028750
10402540
20624376
53820687
28641178
9470915
56482931
27702643
19435592
15434224
19293875
59135539
35137581
45975939
48031907
41551643
17551958
53953427
15044512
52893984
31002860
51158906
26357726
15196335
26078619
57592872
59591768
35259365
45942909
45341071
19082524
27131677
42601362
29237074
58177756
19022148
50875323
41048707
26492381
39223667
59220256
34157937
11103632
11669551
46507594
54918481
26507131
25497974
22950567
42809220
26536258
33890138
25080286
29604854
34528180
8902867
29733576
14250697
34260454
18811232
20823322
50685451
29793922
41662827
39201751
35212662
53369768
29735269
60752065
53174445
46203648
4794317
5733956
17025151
46002421
21009619
31967914
44537911
59801717
7144042
35812547
15015017
60201958
34261032
17954891
20277483
35482414
29005957
11510988
44415004
49857311
40000496
29567312
12664873
49133059
27550095
53384211
18278936
44371622
55957747
47440489
29178496
19631897
2807949
45897238
19548122
22047903
42907485
26808977
2030312
7782084
19635128
57900126
58008088
59618618
7032547
26850108
9151023
39988647
32350493
14847691
55276051
8951049
2017217
38204276
48937736
44018473
58266464
31678448
33276739
54409463
1876151
44121259
83775
41600047
21073365
10822758
38101204
35125401
25257462
4970186
28697610
20856510
8111191
31157979
50467595
27883901
55339616
55143333
2796209
41483056
12830474
17071775
20853314
36922358
58861425
17259287
28825347
3857001
29802297
49995480
54325688
39199718
41131507
7344630
21582455
46787965
3648908
33131018
6427790
4400952
57698996
15623244
49312529
41067290
36658364
56164263
43171305
13856560
60396472
46564435
20629742
54831730
37133963
3594027
26180623
55004424
5540603
39669868
10371314
8686191
26947586
4224670
17617263
55183542
21779334
6535050
58443788
60087957
36272022
8888159
15928423
16631706
39804881
53988267
15979598
40885417
13851404
14690483
54066819
5564742
9430471
35119328
46734719
213152
16137036
47350756
44633109
57694413
30805894
24230257
9152541
32604045
43285336
29165825
14823367
22531378
31103029
49555628
1403146
19640316
48006892
22780157
18735721
17003077
58220476
1289114
47658599
8286662
5260012
37031104
37753636
27300932
18982291
60223964
16420044
37366237
34628475
38486465
5785483
59041850
59868535
40826717
35864290
20753958
16146409
26107740
39211845
11462712
19632349
39462990
18988208
49087428
43483294
17446606
30184479
49933814
14112715
10627495
49456639
56882694
36132425
38369673
28964501
42456055
43679102
38773580
49664367
36426625
57541544
25798767
41261173
39114576
42763920
9756550
42382114
4683697
24559004
17832468
10558117
31384921
56819696
1541602
18902949
11633093
21417504
37640597
477175
18070022
35335070
11086966
27918193
11759983
12774184
51030922
10875301
25336089
60155650
23865599
56005453
18426967
43874848
49588235
14816075
56163836
46037547
42633259
54965581
54014083
39936385
9016515
30565585
45186603
40964099
42102353
29239531
3347481
2305526
50230210
8235442
41658700
16396394
55810885
884682
48278096
51715273
47849702
30170637
59812295
40830752
6417218
3610892
5794624
3550688
51106429
1198255
52863465
2696874
45949066
41532111
55589783
46976030
49303232
34030685
55700230
39796827
39849322
13195652
39570440
51917428
13264558
40774017
28958299
4095612
31958594
18107459
52742978
7018950
41837032
56201403
53119741
20950143
31428077
22679982
29610837
48409555
16089190
29414966
26030705
17056649
53068880
21559097
52115800
27590018
12264976
42504578
18309999
6015506
60771094
59636424
22959129
27252559
8815423
28934453
12192634
43023257
55194041
14625188
32822823
20886889
24773326
30439759
52179307
1102134
6590791
195870
40462463
59872542
55269700
4471607
43864462
43562474
27377734
27694835
27363632
24333083
42573485
19513576
1139990
51602148
8064612
12108288
15059925
44715780
34580413
15651059
28284047
34307152
50691863
2383064
47631196
41754804
23848967
9227048
39563285
25641863
23849784
35990856
34091693
29790839
56017487
34253240
16198842
21128264
45961351
7850055
41276705
9054950
29532577
49871703
54625836
24188833
38367876
60248867
34515346
273261
43882809
25900983
4759569
8937059
39374097
38404147
20275132
16290717
3460877
3572429
9633783
12142558
58896982
17922065
13591996
52972836
6375502
26432400
40691559
36906401
57241092
52245003
15269115
5343744
11503827
55216970
7757099
56178227
34449670
8614363
56353693
34945750
4610498
45279035
6745539
41166993
53026883
16702703
6656934
9401932
23599060
9795330
59390562
5924146
29630176
5243209
12281277
30309102
30031308
6530169
39720899
9140960
40741176
20892146
58426645
34249213
38850912
17226349
60664535
17587533
22087478
29158271
28200211
24283506
53092153
8126449
34510058
868562
53943644
14945217
10851371
17674914
59088768
11390965
11726482
60161074
36051902
23834721
8671816
38973961
26628993
18828753
11554316
24575576
124846
59283909
34424679
21263379
13222484
49589877
7470935
58643972
54989731
20073762
7857061
9467203
15022806
19564841
8100804
36268729
34780062
60300407
24032045
59767695
54262677
5975374
8732870
15161554
58045728
50683064
27419645
20137030
18703906
31194020
50990897
57785081
3305037
2918415
31876057
15418512
12683758
48237174
8030523
45522528
5050956
49132220
1366398
39594077
45624780
8640398
30320297
53935981
24121343
36140284
51034825
39101123
8769646
36973419
5825522
37908698
50062771
57065625
48069747
39842439
45972596
5316094
25909023
48726526
8318270
44478884
25471602
28001231
43186218
19738304
1399742
26296879
3507440
10809613
27357393
9772411
2602668
12263625
2901156
45860221
27370638
32145018
51359214
49784562
47750649
9599897
7922564
10220331
11093029
42753653
13933416
58086071
57837825
60353753
41338537
59240653
1292666
5733298
44685102
16889338
34314476
51430130
17023099
11818642
8206944
33177381
6871255
35666061
45732988
49679752
12584620
56509689
45234370
41759316
41861998
55613931
59346869
26008912
14370528
13846959
2999441
32503277
34831147
16680785
59061086
35605239
14555551
2486941
50342435
54094973
17949852
40579447
466797
44685719
4947387
51464497
48284393
36115117
23081441
7306912
4445382
31665304
14647691
7704052
43252448
33936699
59327015
45499909
41093084
42707252
57939426
47158657
34282191
60065909
2125234
13817757
3346416
39384192
45377089
27846601
53628175
34104134
35632060
27925914
57241326
29672271
28383055
59061094
31669735
9499750
10742834
14824943
6496469
59634605
27300650
58592540
53683616
16619763
5644096
12018040
8425061
58713518
45033423
38548047
13963104
41664656
29280669
54423429
3839629
11272955
53054541
43785874
37702809
5959789
60382860
16263845
16086149
36966918
48318260
34928405
3003281
30031842
5607905
8743930
5950989
10680887
52948444
41665576
8194702
7770578
27824618
48800628
1994026
21452380
9267378
20379676
55908639
18007714
19452501
20893756
52493760
47094752
1486627
21438964
7957253
41499554
28785585
41997745
33963637
36370031
29320499
55099352
24080853
55767019
16635487
25125413
2486185
45177865
13840958
38317688
23860165
24455851
39533250
60537964
44467354
52099665
19010788
35014883
44437568
51281363
37490742
31054796
39137498
20827073
53493379
26799509
7535917
10499167
30760858
39704286
30372790
52477094
38463865
59795441
53280833
50381235
11284455
43092111
39401313
7468720
59624439
42245815
40828497
48273586
41527176
9452471
25745710
28569426
15607753
31466385
12143864
16663669
38401417
12337989
31374769
237824
14122264
28671631
40966378
39123765
1240421
49500963
60036262
6166242
48510986
28272335
10979922
21899347
44307673
57995498
27480224
29434466
718639
49459639
40611489
12957750
11928331
55119326
34509174
59784085
11148580
17889488
3372512
38163593
59055726
2703138
20111447
53922113
27431210
9549027
58011117
13157792
989977
49847540
13269933
26611638
44804662
13824425
55259124
32956820
14520471
56944199
49662978
48600890
37531308
3575776
57372189
12984246
1214357
34703299
13655185
33824988
19673763
669374
36135759
23217226
36111929
10562419
56750997
32357031
8559050
26247190
17971472
35218340
5042877
60285509
50276128
29931455
17387567
16398538
44133843
26759581
19412891
3330814
9312314
42630674
2361418
40752503
60169062
46312983
15029535
31069423
15772841
57296538
25397446
25573340
27306230
21838511
2003369
48587420
32469172
52264324
21204312
18525964
3025825
54035036
42897942
33877589
46637612
51467986
57825648
58886642
35530880
55705830
969395
29399811
43301613
34972049
25722968
47183252
30540142
18572998
5671977
8283114
29990308
21642548
23569970
57642424
7452952
28662659
45466720
13943208
49238499
46092890
36468023
48071849
7397424
9513568
36891942
5834583
34020719
20203431
57917247
6131069
12404217
44920960
3676843
14201974
4431907
7149970
41511275
40340640
6666302
2113041
2796757
51271498
14189596
55747312
30259316
54349745
58347774
60213831
38315186
1166649
38695466
45038067
11179907
1562841
36332850
34772124
26840950
27889650
25882826
12996286
20537838
59042244
40489053
57366874
51614313
43014880
18567280
39398233
55627496
16234805
48763446
7889446
39095795
38763465
58239538
30885486
34118172
57181125
21518365
54117119
8070355
37132625
8705217
55331397
53645505
26526813
8889297
13844663
7351811
27680583
51430847
24010965
25511544
15557786
38799594
12216079
48227385
20416088
8718400
47738050
56062624
28083593
28573521
26293922
4645293
1058413
9367120
40841053
6354382
45225741
45411902
13578958
1570733
262016
46442100
57884454
19175002
60132328
41337430
1424459
2169038
35873061
46051372
31379078
28170402
36467118
3497679
489334
25193465
41474808
37248142
47852315
23438300
27515108
16926801
24644241
12787644
24981380
13512764
53615424
898620
2393498
27976859
22609892
41927015
4393384
16547024
35834155
15206902
23547982
16213088
31629961
7702659
27667866
45965012
45764680
11273653
22862872
42164806
56264764
36120121
9733034
30925513
59634060
32811076
10029034
29215090
20012221
24082759
11119266
25638565
57212342
21306483
41667088
6062868
6092860
7270095
11082654
37704680
44416941
15845323
6628835
3748562
40861592
16394213
23102140
3599874
33932502
4826364
32431772
43422864
37326062
55845571
20896479
48502583
12798855
46786276
36179437
55213657
45794031
50652783
2055090
51149473
33297236
52480605
13063827
47311794
23693155
56077332
31075845
58751992
53907345
8318234
41486423
37261718
545324
36359389
32008102
51349639
46423916
37426202
22526385
6907092
43046716
53033817
12323146
36508812
992244
46366654
10402179
12728171
35439160
10414485
38085646
46825443
46871063
17826496
16235949
25781164
20253600
40841223
17265568
16645626
25856523
23210647
5253616
10035685
8019086
12665513
28823254
39516824
55219487
48416182
55423947
24621516
52041572
44880105
26106633
6347686
10927494
60827694
35482525
6697329
42467036
20259150
30589494
21089899
15656509
36234726
26599208
21691586
33068313
12138534
11392010
15820838
33275174
10671715
42052432
29342263
18286027
59330686
2176490
48681583
14458222
10543841
59354884
45693886
33952611
44202553
31705162
22313778
36444271
15223375
36947836
39460749
22686254
55194769
55330692
12048535
3166413
32544287
10299576
35331088
39703360
720295
52692020
22016524
10469301
805358
27165773
30444445
44872464
52472649
50166700
47687950
37431231
33235944
13988724
29722446
7758281
34565400
46205943
15067135
53377121
42593068
44970058
28721332
52028355
40870017
1748959
46758939
53680928
9579281
43479069
35770449
8334607
9130273
55690752
40864857
16772895
53616737
59201358
15268126
15041418
16930756
33699226
25792398
43561275
58346938
1600116
10774759
42028279
3612875
30937077
42739402
51404713
4100041
45055985
23353029
5272702
53009679
21363483
35994092
19328287
52432408
59003310
28309751
53197379
2074015
42503499
1504769
38575319
60354215
60492514
7332632
52293095
36192289
42275895
32786516
34402271
58827242
40677683
17372490
13048162
44920649
15767030
46135297
16910951
52886307
1989545
30118611
51765005
29771076
55914395
51858537
60075030
56929295
46646252
8936222
24338696
232897
19935869
49326300
26144733
24300224
43980351
19506579
19873631
44288654
52948834
35113394
45779079
13840646
1605460
27752866
46093311
23720724
44145752
47632341
1121301
51142083
53127830
60746469
30536046
17068713
5212284
8382420
32590599
3656967
49840354
53936010
53011778
56475645
5345949
6638154
4426593
60531697
45481359
2843849
16593188
57191800
33507934
18026213
46670949
56808350
1690727
59300971
40683035
11087281
55344512
1214833
20606037
54142730
55534185
40237239
45318115
19638930
19382067
39494589
29568802
11448321
48590061
46373624
52049052
23737865
40080409
19666357
1182121
6373171
48259529
59406975
10520851
55623198
34419099
48209979
16125314
51443446
3956459
39468202
8564857
19285395
24604262
59292412
8824615
53978867
20855171
5823525
50910129
26017359
8988141
44035179
20239270
42935809
24376828
50466308
22555744
51790850
50330442
20698760
56692321
53476331
24987876
41234485
39497884
1059266
44253520
55580726
122201
2754677
32947553
28196059
10460780
31465395
38437240
21084702
3068738
12921425
14918997
24958563
23861701
26892333
37741963
30612963
38463678
51509592
18219479
19940597
55938530
57694111
56550885
15457836
32062060
42012223
57820966
44757159
19020678
41498843
40716785
32766142
10377510
1482158
50598820
7459690
46480270
25515815
6165705
57033789
7143337
48866665
48056600
54088739
6512268
47072372
30477097
18523081
56411063
21365368
24229713
58564307
25632051
14538662
36560484
48144902
41075158
16322122
22123986
47094536
49204946
39234627
43007323
21001432
33925502
43166618
1293985
50286481
36456091
36222653
8977189
31978212
42354397
19067841
23611641
6072800
8744922
27195342
12376981
15930369
56573318
27774664
22003823
38327149
52387118
20238361
44104529
12064234
46040790
43729360
4087213
28203514
23392738
17924318
37791060
44479021
6710527
25911333
59392905
22561492
54708257
7992961
26450183
54365210
28406531
57256300
54535820
53654554
31462024
2685930
54766547
18246169
36227547
19849074
12306233
40322883
35037572
375169
7977021
17837276
38420234
47002895
8496067
39753718
29297404
11879727
3169729
2232648
50126690
8643556
56951309
18426659
58510043
30033884
60669391
35591978
43877889
9093502
59728008
13215855
27298384
53001085
24023548
13988276
45651503
11931064
50429475
35283909
40878548
39897740
9341209
16750129
35789104
14699953
36583989
27064756
40676651
12609785
6121339
31700030
10973514
45001038
18597269
22918065
4239608
8819501
36703970
30662033
60718732
24810536
7275920
31393720
7349582
12092484
42482415
28451206
31892517
10531735
44026313
42212032
22192249
12724869
41006141
8724347
52946916
42057816
39027030
8976620
1636271
40043915
31186374
6139061
58845043
27861380
4297708
34417575
8940770
11893434
23386113
47408624
35544566
56023437
6994918
57821990
41039968
31950680
2508506
7764098
6423099
49385057
19289503
13467901
20617954
59788326
48620931
1213907
40421545
17066728
38630247
13580823
42038872
3324994
19924966
24427468
18920610
53244274
11031462
40455760
55272482
46286290
58497319
56646190
14983469
35884238
12557096
51359483
43611194
32047062
6558207
53795198
28767103
20341178
43770584
37487659
37450394
49637816
23423661
44924335
35867856
35305253
11739469
35695017
45244385
27520693
13396006
57388464
58811793
43668785
42798441
16709904
31302821
22613081
44089094
42547600
10356657
59433647
2044887
50655997
3279959
47057030
28108227
9363057
974397
12216380
14063998
10609672
13769960
48958409
33184865
18256452
50900869
45058777
22299011
5939534
47632513
30567221
32673635
60185502
30449577
38268973
33460811
49595222
30340037
2739060
58586325
38624274
56153688
15827858
40631382
12000515
3326244
33975460
13382672
51204726
59286421
25945589
38264807
13597121
58897541
6209701
56797441
2204947
15509877
52571791
34105899
48287012
18201257
12488275
44808304
41694355
7928936
30721751
9092510
52555764
25508985
42758467
16076504
1396785
12501614
6655922
16701456
12961519
53612652
48277083
31023532
45689300
27888049
50138719
35723293
56692594
8783437
22309263
47022661
28062865
52454146
39701237
21562321
37346903
4559338
14086553
50685458
16213173
23296378
45257657
54562872
24112200
30256853
9420582
2778942
17623708
31966884
29264373
21600
7923352
20389034
59808426
28049620
32035455
59438895
31497643
27753546
41560572
30695118
7321424
6500544
15107243
53225512
25559381
4745057
49186166
8873787
23511414
40573915
17267791
15000804
2385902
21333257
30716758
38293699
52438183
17602108
24043532
8875339
19136787
58797346
6437192
369531
14635590
4281909
17878323
802525
38515735
35060028
33671487
14935913
59864776
10362186
22122959
16685594
60157257
26695864
9689609
8510610
38188012
56774535
45124047
24932204
47818688
13114650
32333780
43562844
16548933
26086187
20521760
18767256
1405368
2155282
574821
13833065
44689788
43658295
27971038
23579822
54118866
23309301
10896567
43179182
29128543
56267096
25079598
8890258
49347852
13755075
24226564
31339421
8955846
50093010
10682037
22339457
14649329
6247593
23041084
58621678
42764432
36450090
36276048
48412304
18305495
17756526
3945639
21109966
7623042
22745350
30766868
10939683
12264371
15469472
18099584
38321897
25002856
29408136
45503695
18008431
22882841
53057168
38740996
4700002
35443680
4434444
60138374
16867652
24323162
4674606
40429242
55192129
18144595
18519522
1710276
15279141
10133484
60123903
8426711
14766972
10480978
15297396
53680100
52866088
8550228
6775061
53658203
6994425
6525294
53286527
58191049
36266452
35697101
34306552
5401628
18576028
40951283
12707380
55362024
48054647
4613624
21909720
53481852
20949067
8386038
20509987
6852430
13450125
49642925
11212928
40010486
18454891
24830780
46905038
60047885
1555803
18333380
18455289
27726990
49182456
35673039
41968110
48948437
17121073
54195269
10777861
24054005
10980249
26177369
51535916
55412795
44504558
13523682
51055478
14096637
13019526
31707063
13723114
52363253
49271646
4465761
53945448
19247007
23274977
46655271
59676209
52752427
48074538
865862
3842493
234019
18551966
48612841
38170575
53907069
43215020
2684105
51441702
34491068
42512812
38012234
4357317
48491534
18587769
19348415
373522
39579887
519029
27340966
59257805
30024639
42030785
25373790
38494411
49446163
59420734
58810347
6153546
47840519
397509
16069652
40987057
25484898
5397821
53570083
20548979
26807565
39094907
13429468
30133751
54861279
37508077
3092514
5361623
39847883
36912999
33872557
41162082
49418004
3393794
33884015
52370229
53424622
26793056
40524065
536229
29663828
15656450
50923895
6853461
35752611
10671831
48256975
23019532
57513870
32558788
7119511
14757427
45073629
36761392
27041236
6743267
58500195
45103129
32329067
16769414
48334996
48562375
7278067
57887776
28892786
25174572
29929776
52888393
15212841
24867615
10452335
22810367
40743839
58335677
19436487
30816692
13997961
33781800
15900021
55
48325160
31198120
48556191
56413975
39101198
21720
35254201
59814394
57608134
44606693
9491347
8530833
37753202
187108
46041612
36844393
28045344
5062161
42436058
53242475
44963777
31040272
3373880
28010760
44337715
3738300
33000284
32081519
3540253
45541902
12283865
52751186
52936923
48534471
39243387
58210418
21337199
51487509
50323047
6320913
24937103
27387852
41412834
18992422
51065378
40979451
55248336
35642870
20938385
29479399
49868595
35036630
4786169
17719193
13094088
12256196
198047
48298383
37881267
29712681
53444980
24589394
31591412
12810118
45280885
48595879
7887371
33099899
44634018
41018808
25748080
24028294
55246088
433383
24584087
15422508
38124679
43852549
46614276
46741756
42776843
50233015
40026154
53369974
35604759
25635706
53298543
31325367
12937016
13291872
16204882
58718475
40148510
43835534
23006360
30264599
22045473
27708564
7351819
20605724
3856333
25314697
60284208
39823580
41232317
59655151
29648233
52222924
1075706
14464874
24799214
50246870
14628256
32474061
18155043
4279392
30782302
40006671
33204098
33142155
33983363
33209349
35712115
27967524
39873673
56137797
40996393
1439749
41935844
42877123
21161516
42956367
2165992
18712670
10175347
7093006
58579445
33266972
45507323
11668837
60676619
53165154
50175439
28432477
19775372
38988373
31915295
15723760
24106921
18078362
58270041
24099451
54175676
58497932
47811132
56517537
32285566
58959271
41118234
17063090
40711130
20532459
32781020
13156599
20973226
55831989
22425684
4154219
33430354
53182170
40417012
32244142
51473395
29270679
14600795
22135225
32965065
31920546
18293719
7469
24742686
17855722
37128320
15741752
26212366
49691862
15399303
33306089
18248140
20585774
45122071
45638144
17642846
37789032
51570916
34902619
22401635
48167128
42660821
1186212
1708775
11146333
35726960
47421783
14389226
43520250
3841505
32957596
25261472
18521610
23719150
9000934
52483357
48276458
342449
53746278
31443722
12897141
49024019
51533610
21026541
7333039
54907228
823840
33471010
21487401
10325411
39299036
46458353
31514488
26299253
33210606
14840719
10290323
823889
42271631
18258777
46159896
9238445
34344151
26878253
36282693
8658484
16820692
34916349
5528921
4722259
58833725
9954213
59774593
57466383
20202701
52785643
51503440
8582042
12255587
35869049
39650923
12999783
31331360
16673769
34092543
32386716
51492702
52871546
15503994
33033186
1998239
37365256
51879366
25685667
28141174
19449956
21213176
12098433
36922625
13658320
23871280
1367342
50591513
6988950
24046556
29704272
58613669
33718003
29771119
60095805
4537689
22977154
57830854
59784644
44104681
42060997
34966335
18459516
8116919
38978739
60077433
37152573
9224082
32429410
22556103
34126353
610944
25638469
49067154
53638895
23906808
16882330
56244400
38970854
27298895
51168553
60773153
59357865
29180314
6793965
20348564
5593046
39712474
15769856
42901922
43728778
33944078
56827597
37305696
31804347
47838270
45731636
32680082
54021342
31818465
15001247
45899200
25895663
1731661
32184824
58234496
3019566
7667048
5075847
39037702
28781031
21988239
11222800
39009301
41670881
27921491
4578707
23531125
14067309
60749392
4157937
24506694
2139730
27072940
52414061
17207878
54656928
13913171
35762448
8122142
24006415
13269586
13714375
28501168
16795707
42601389
53158649
42905478
39726018
1171220
45898514
50611731
59240972
44141310
52514206
18139756
31937795
22752929
37456800
7644228
58609662
37924998
32932634
3015465
51339626
56584503
60369044
46534786
50746756
22492861
55247768
13588860
14557492
50036600
36182520
34730230
20958984
9231040
57846965
49954288
20853862
19840817
16181137
41101216
12203515
29761277
41522956
24293567
43066881
17615415
53635207
55594196
4668985
37188132
21570035
4804840
23921359
37876182
52127019
37157896
7935369
23294781
38246341
40667263
47161228
45035092
55806879
31844697
6460791
56089760
33773150
40592646
7637302
4503473
60418261
5993561
47534397
41991154
49581973
5556297
12946430
16447075
34024161
17947758
31350386
44533854
13517822
47603464
48024426
46915851
16995167
28108107
55057166
11294862
2943997
15316531
56657914
60557119
58911548
26708146
5696070
29269677
41014386
19727354
35892689
36510720
17251588
41978100
29044723
33134898
32372137
13082285
3180302
7573920
4429936
44586922
14593041
45525585
48691910
19916318
52698685
5700305
25164110
39740635
33560562
21310491
35328597
29949768
54861049
29641870
3777372
4052328
11460601
22587279
2475766
54754590
7465996
44956691
27689575
34046051
48038209
42881830
26735962
19433380
53820880
19744352
13978625
55516723
10910512
42991604
12835821
31041663
51063357
3853619
22495651
3610794
45373056
5686726
44256008
8052333
36264882
42030094
19660175
35629624
15121283
18359076
45148628
52343559
15002094
45647746
25393701
46688442
49900951
6991610
5454755
16387769
26917452
49910635
60764515
40708850
52768248
8982202
26629624
47452563
37404177
16808925
38278399
55404336
48345458
2225914
6475770
635258
44992424
1301099
8564609
23617724
21440594
60340883
45033471
47237266
13830407
18402091
41233687
51596795
58997772
34467734
34546868
47048603
57982388
51782313
32162839
23399297
32418026
9820699
27257777
83454
47387081
36052485
6172177
47710200
18073491
5174671
10154261
21374699
58784119
9063727
57507867
35043329
3754087
44714993
6003579
23073613
20244320
24849566
35133540
11949169
55408960
43604555
32969377
52666703
37447900
22342139
56981521
32334572
23273619
52045293
11994889
17760494
17978993
997506
37555938
14782405
25314166
1090534
42790446
23740790
23393253
12792874
47123362
41520475
24470673
60077627
6023686
26378764
48364220
52368985
39819793
2742256
24240268
28710850
56525183
5113328
59908521
23019841
20339682
23596738
34066299
29080996
41044556
21280201
54606954
36465404
32831960
1573376
56620895
29997571
55541041
42712779
6405814
47885736
53580401
16175522
29797020
14494702
47398972
45621963
46212330
29192555
25140687
19126939
29642330
51588954
45613647
54395395
49793543
9342299
43392183
30869711
35314042
4579152
6531854
53033578
58768123
2834388
24955948
13908116
41675370
7655305
7215990
51070293
36172328
39085699
47700164
2258670
47205985
18206416
20481276
27085391
17633838
52475347
52436906
54170549
19879024
36271347
11003212
37007445
34868258
38813031
24337856
364077
24734642
3697466
46161243
2103619
40082632
17300643
6692125
8688689
50406591
47053905
21453742
51997271
52719715
29493747
42617395
20120594
18656191
46929543
53572098
24303290
50679935
16165559
43167336
43711580
19486702
33030182
12669588
52587794
32162001
20640390
15042835
22631023
42538447
28860600
56251495
49477556
45817666
38561834
5318560
16492932
55174191
52799996
9379876
50682733
10837556
56527853
27388497
55192902
14333220
55490152
60059567
6968355
57518857
10137154
49125605
27738909
868181
52869199
37544959
27614591
57025557
4265848
27219529
11144504
1126547
35773273
1402608
47408346
44227644
13358565
7113056
22575070
41962440
31775637
23294236
34568267
60278245
32738345
13216948
25448478
58811296
49922413
18682751
47863561
9268973
57096407
8277563
52177203
13927255
51362724
395062
3124664
3139301
9529868
27825509
32641814
9629242
48884044
40295290
39736187
50319739
54261032
60120835
25477785
50421006
51395892
39434932
34829767
34767050
24134535
6765727
29031348
58737053
40509958
57669610
17931770
412764
17754840
9025753
28886203
48223423
8948807
36139156
49421100
60740627
39781466
53186525
48816669
16647918
4117871
40455353
42925566
3840026
8724943
4126466
15591239
16628841
15300397
46147652
23819315
44321096
45179383
50285351
40805283
40097194
39914770
26989630
50450174
48455031
18160559
53587048
59642323
9048180
57197690
14318188
30007571
41217161
6312266
8361316
34562352
277844
31730410
56882713
6332400
52936102
49666070
48367200
10893139
49902915
968269
34373965
3515813
5082189
10370581
13815652
7730632
9543351
8829071
14946739
49652709
27195991
57229359
2567747
57964223
34064142
8005922
21646255
6654809
6034421
55554520
56603253
12029057
39634308
7216643
36888814
42042963
60603156
47398931
55442788
46387102
56726080
24003383
7783773
15435170
18910843
23070194
10867506
20730643
60556694
18557381
4328574
30071769
41248830
55401825
36317967
27409333
20055114
26931736
10891557
12088977
15920211
49386609
35980244
58431346
25537101
50329883
4683788
14216054
8756464
31439404
56686941
41290910
5092540
45553580
22651276
16263812
23353501
53150126
34485682
30484924
56232165
9766749
54593803
13839497
53430324
9386231
16517776
26049749
29095138
40428561
36948734
18328866
41933121
3733973
10991169
11321047
59657032
52167998
18369113
28305554
26346864
11133361
36723247
6912341
40283692
48424764
60701744
53708577
15001574
24718933
36731122
42392668
35260039
45207572
15405334
27380575
59214707
55012828
49941016
28849884
59335441
51298374
25421310
30612073
4916942
19663172
53791935
49435091
25821134
25319365
9665920
37518136
49773282
6382096
25134211
47415116
33423189
35982811
35061068
33448907
7542507
52363551
26987334
7879464
4076478
39316119
56363173
48448435
56517388
59482643
3428574
46806981
3625044
5758137
37660139
34405465
11925651
46556182
57852783
6386611
36386084
3283824
12383925
20441779
33798907
7235013
30437661
18057895
46523917
43537517
6461573
60503044
5530685
5754827
30439905
34551656
43638732
57720531
45019861
27794020
13101211
15754050
9146841
48143193
11916099
51943958
37392682
5539040
28253711
54568959
54842687
34027917
48408531
23232525
50844119
33824625
21551097
4983756
11596321
46860874
38006832
18790359
48146752
31819030
41039709
33559375
7615408
15844712
1862932
29265811
36730791
43881632
21921564
18042884
10750510
6377058
41773859
907336
29619967
12309407
6160428
31610162
44023799
32667518
1681428
3103975
40311917
53613837
27816925
53645963
16797735
6187802
56674264
32670990
42287234
25194996
49780056
39189598
58037535
18821301
25427860
18687907
51214734
15544505
