#N=5400
26389740
3921583
27021308
14697977
26498969
27762784
14133984
1712337
14852231
27659717
7346674
23853171
4673889
24433352
20038280
536801
28570930
12047040
3846664
19033222
14779505
9340542
24989516
9503738
25977257
24298165
15851076
13872420
13110992
5944296
2231528
1335337
25386190
28418524
563993
24786632
12910553
5277842
23525664
20159060
12629401
1716897
22618466
4137088
25022423
26794815
15493711
9537708
26427536
13309697
12847280
5275767
12523286
19494926
22812663
1748411
830746
28710354
11640891
1419229
9718107
2973005
771343
599558
5151545
14089726
1260968
21911494
21808441
11452341
16344169
27295888
5854475
14627226
17803378
5128288
367279
20987589
15494003
10795343
786410
12155929
11623105
10774875
18664180
12905883
19267520
18215092
8635821
27471461
647886
9118549
26981461
15841618
18142165
2043626
11084860
8612202
24370900
13316128
5597866
1716942
9492510
19529761
3903521
15619363
8437860
18731937
9844753
22141649
17975813
19171536
22651750
17520796
20667356
19252663
4270062
10599634
17567206
28677272
490000
3609843
9779959
14581409
23560333
28333538
6832727
26928732
3014336
22653957
3823618
4871679
16616996
12676721
735475
14331585
24578185
15456212
756124
19833218
28649900
19258591
27664181
3399087
13250734
28871297
20489032
23556366
10109633
3600937
8540887
4712166
9209511
249996
7748682
25791601
25319202
2982344
12748688
27302657
6036961
20306898
22939779
2285410
6902111
14439263
13575461
4744967
5609887
301107
21329038
14894387
24811432
17596459
1713630
18854369
18761663
16888095
4659053
24201042
23551427
8290890
26123485
2221484
4090795
23569912
2686487
27176545
15748958
21601791
23166453
3751551
3048361
27304091
7513524
2157143
27632951
2917928
12575930
19875501
23453251
22536154
2824331
5957063
27994796
13985536
3838890
13364196
12140243
25528163
16881131
10973516
4200095
21357148
28694998
6074251
7820954
10244697
22813667
11997407
8197004
14665937
15041602
891217
18474715
4595596
18741214
7757449
8624678
8843351
6694744
7139761
23701358
7642370
2118173
4274174
1845293
26274302
25643066
1166726
21328068
14327558
11438519
27285845
13536193
8093874
2064158
14627122
20851268
26951305
26115806
7305786
14994797
10446006
11310004
10717265
14774493
28701437
19866280
20288491
3945568
28212375
23825163
9070758
5797077
23807447
7791109
19482141
4946234
959081
18888208
23202224
19594940
22148220
14865260
28069072
16402607
23076429
17671317
3189056
1600082
5313374
14799357
4277531
14475088
1412142
20010986
13289576
14399443
20813905
15266903
13678384
12058872
17716
1279649
15474936
18861213
25635602
593933
10904010
167716
15543563
27140539
20685869
24549188
10592406
41328
2857125
21476346
2001517
17549700
26482552
9641861
13387215
13426546
19989086
5816273
28357082
16826248
19524634
27558608
15249187
12398735
25743937
29120079
4804048
4524577
26760777
15111460
3853945
12923472
8641848
20154376
6191706
10288114
11335637
18276061
27199812
14467426
24153795
11163231
4162485
2699580
18812775
26374516
14229465
21966413
5095214
19602049
1577060
7125899
1814671
15289109
7594687
10862934
2359301
8496163
19474206
13837305
25273186
12859570
25535341
27513735
27622314
17075646
12248303
15671786
23282266
5680154
10304941
11097789
21510457
25751544
17630116
15649937
10922876
13430991
20389353
27129316
7430952
15447952
28691213
9755312
2573382
17902099
10192302
7325571
2026551
6614636
17461965
26919452
4040831
8459694
15265431
1594102
22953381
25371724
5366845
12184477
2973272
3356971
12271248
5860520
14828668
23002700
14064159
2597134
6000039
4941401
27598104
26835641
2518144
432688
18366584
24407811
15875547
3577666
19023607
4267100
21377379
27805845
11654021
2446729
4309888
8697282
25387258
10768904
12042025
20813448
18716803
26272753
17688304
8072123
10599936
1875108
17002661
27926333
4159031
8324399
2423257
27165416
27272631
7270333
3360715
14788918
24187779
11608447
1003862
10021337
11416654
18930650
23495957
21760313
25023047
22700985
15458832
4573809
10855675
14929273
3125144
10644680
5316391
5456770
9873037
11833604
26876078
8678262
25503076
6153615
10211768
24312924
13448275
2127287
1886129
20912269
13785056
3810016
18995368
876787
15685381
18816341
12711177
19598546
25105056
20449238
11845310
529559
20252240
210995
9612881
26828375
19575217
22642788
26544268
1194775
5134103
10366036
27626494
1190151
21865341
26888056
12070369
11339581
7145806
27236114
1916900
2551843
6928210
18982602
6969184
25246835
12514860
21421940
26556811
24575497
19000573
11634314
9720252
22583865
9795779
16130094
19087682
8024016
7152259
5821805
2728282
3943951
17660696
19542013
7923357
169334
9385823
3637829
9422680
23397538
9951478
1737873
24742659
10841375
6467742
14707245
17493599
17099363
21224942
14922497
4498819
15220282
1838535
22750159
3496183
20575338
8977834
2909451
5295734
22011883
17321110
1989843
14824169
7134935
28959765
4285528
19906655
15148286
22846352
7684807
27814880
28270104
24430132
28838989
12151351
8171953
12285877
2571102
2244118
24808235
13083961
10908660
11724099
66772
13772325
586732
4923178
5769526
4391915
22109465
25991289
28989750
20993654
10538641
16388281
13811479
242751
1865422
6136981
13379823
12414675
17779465
5762326
5901753
6196686
9580249
24731410
16637643
8290715
20495459
13084135
2660763
15939910
780941
13947169
26806373
14998391
1617287
8938238
23365741
1115811
5096222
12601468
7182175
10295890
4166433
7674498
5666503
18610747
7161090
7617496
25316497
11582779
25342078
29133919
18719043
20093109
23039526
3553508
5629952
4555548
1946768
7517168
18293538
14942551
12329882
7511709
10436225
501476
3842016
10764273
12737210
23960333
27238610
28667678
23432962
14715687
19316982
27209007
12097825
24738312
1078993
25342579
11667311
5248969
24897968
4809109
4106730
18483977
1606740
16916359
15422011
16164218
24347287
425403
23309901
1471979
3669692
18475527
16924267
9041684
12685664
13229533
19330946
2166497
28154271
15027529
21421437
23738671
26130014
15915246
2714575
24990025
19248186
25661776
19945813
6413990
3202369
5993946
3061966
14602523
21729072
4640182
11657892
22875308
15559285
23637949
3351287
23788009
5789863
22498309
8514313
162741
14235263
4303416
28708636
23219174
7701090
5506190
10667670
1139988
15470635
6212799
23847787
12834196
12102981
3595441
22155599
17759847
13424875
27581784
21748206
28013765
7884472
17179944
9167594
20931277
17848086
10012979
4917269
24430697
8263046
23014472
614106
9819663
15405901
23202445
12551504
6561102
8839130
4454871
25255777
2636439
12913393
20252346
19838597
13146708
8974141
23733816
25171642
14571110
9340886
4568262
8489745
16113195
18135433
17958190
5657582
22577390
20553508
706372
23816591
27603383
7608571
25375236
16071734
8844799
4006889
26900208
108899
6202691
20701478
5003431
11957842
18570260
921779
14908356
17135067
23563031
14392929
20603380
24884940
22387692
5236404
9335130
99187
24718044
26564682
23754784
17564374
22110126
22257802
17244929
1175223
27923773
11011921
18331527
27539474
26964198
6198729
24265469
13048424
20934793
22885227
15853061
20238768
6518748
515427
25691687
17481666
10808812
15366976
5193384
22288504
28481936
11930448
24307979
25957245
23258131
1496982
319444
20934903
23494030
6233008
12003696
384298
2851298
1776372
22077580
13915774
4067511
20183816
15998938
696025
16366479
4981208
23707081
7840657
8510189
29128286
1931855
17680309
5688615
22422937
16784100
2524691
17832318
12454571
25637800
21126803
25966527
23246437
8931206
23109732
22185285
29030899
26270294
18095524
16512436
1893764
16720411
3371485
22620912
11017730
24952520
8525821
15274593
13382370
24712377
19989881
23439670
8668919
19699783
3163924
23394194
23133104
24850466
15509089
5291618
21194938
12195597
2856795
1061152
27863883
15643013
4089760
2162037
24376530
20178688
13140950
27236427
5702681
7578966
14095091
14546711
1213723
12973445
24444713
19102701
5687031
19093673
20275746
14434726
15370254
26277034
7885104
17841486
22459103
22117067
2434823
20133785
13491715
6017357
26131393
15345419
20426484
2714647
18181088
15943677
14476006
5561984
13141336
9959545
25168818
19925220
8905573
11271023
26089989
5351040
17630530
20412306
22526994
23158713
6549622
26688769
22621505
4571612
5050237
2325318
8625352
15221040
23162393
16949870
4394448
13060319
26324332
23286381
7042216
12619104
2802341
23320036
28356742
12019691
1053971
13897794
22995232
3554533
12444068
5677683
1627621
23631818
13862684
14641800
19340782
20781585
21638532
20296187
25106260
18989197
27126500
10479057
470166
28905649
19785539
10268068
6018103
13705228
20484040
2525754
3065937
19942651
22266065
4102521
18184459
16303013
1453726
6961123
20730487
7615825
20975000
16145822
23094610
11884674
22163269
28204596
24835325
2649334
11973262
14627203
8162605
17024426
9497093
19362099
22887545
6080310
8587602
3492349
282865
541389
28223265
28123416
20561766
5963052
21452370
866910
14376100
22997901
15146124
4584665
3324790
9090326
23142554
24050015
16209349
19513934
5874908
10208122
13290304
24108836
23933685
17960507
23296882
3416782
418070
9038770
24601020
8046213
23232659
20123025
27943199
22260213
25474621
19694856
10390526
27614470
14880786
9791435
9316685
24859373
245686
8434775
22040977
3628619
7818681
24804802
25027205
10926072
5078011
24489797
811954
10160477
7186011
3901685
26779338
11175432
4609686
23281570
9263015
972446
13451979
27051917
1513261
27020152
23617645
19402666
18297784
8824988
28349323
19685485
2818396
25777068
616094
16039750
26564990
26052610
9370365
537408
28917693
24077535
6947360
15713844
2184713
14814153
18095574
3497768
1912417
22440815
28633166
1014672
28619186
15591828
3434272
914169
27525942
14792657
9856918
27772300
24810167
2572255
19069391
15938647
28372079
22527060
25472960
26027582
15938492
14452830
12393622
2847423
11536396
21293208
26778270
27846946
12901736
14458334
22828178
19701320
22981630
13041338
26740401
17348590
6869460
7445190
9860826
28913643
8786065
7284662
8702909
8871520
22163752
15345906
19625688
2344497
6588568
663703
3277533
13091069
2916434
9903989
5229153
2493025
8391472
1963510
5018767
12003991
20636705
9786840
22120920
5633039
24975452
8938784
26291339
25919393
17462700
2576164
20210733
29074546
14280911
12160578
18405833
19819255
8757338
8605558
17870538
12301074
16550844
12177119
26665490
423409
1512517
3265643
16277832
25547482
10486805
24391928
8686646
15003666
3614963
2825709
27305276
17859634
20636085
23715175
24512235
7191729
17455254
8050155
10668713
13265230
3403240
28603849
20752292
15259839
21214715
24496994
14795584
5771008
10664601
23399847
13305578
5125036
21938839
10689479
6504410
24643140
20776965
5860936
6501964
4558904
11349625
3590101
12150974
3087929
6259921
16462080
25683017
22993598
23450489
11224864
11316513
17303402
7389134
15058872
19267829
5087281
13832393
20555738
21625431
5539565
20264583
21419673
17424201
26455699
19072515
643473
7784750
5861635
23671312
21715438
11211505
27065271
16133755
24848895
25368488
2069897
11815165
14458153
11677085
6147087
3835730
15061216
16839148
21105428
1226479
27872092
12621850
8292828
19094730
19009333
6918938
22968884
21150733
16780728
8314523
13210880
24935737
4872887
13453705
15409616
24385257
15522611
20500358
14063858
2677303
10910335
19552813
5668078
10622422
15419444
18467940
1533877
13834736
7770631
8483577
11737226
8777361
22772518
20177464
14929421
16662175
19298211
14654361
7939852
10648565
22245211
18560750
9526121
28451205
27091095
13712833
10321399
12845307
9590023
13314619
15812800
287912
4133369
16360139
27892120
1584707
340883
22210301
20901085
28153270
14871060
20719763
12651515
24913918
19682828
275060
27525897
8649646
21569150
18539103
1122444
12597581
10273230
14616863
18129806
14245787
4122810
26166781
15836082
28105685
9181250
28612661
1555793
2548662
5662830
5681819
28647198
20151188
7339241
18984897
15501755
8760716
19840510
12376455
16191596
11033182
26669485
8986794
26330777
27775144
27069447
5309155
23627776
25187444
137627
10766600
27569706
5177125
6629105
6026996
26549892
6632588
22949831
14677549
21865039
4315217
17146153
9662301
4649433
17382099
28304388
21928874
11372695
27610903
4510545
7204801
3505980
28054342
720922
21021621
4147368
1882003
23975103
2504750
26777739
24120503
22941070
11186284
26590809
29156518
12237166
1515916
3571123
8278188
16334971
12202738
28825784
28924054
161488
1524134
6009404
19497060
17418329
22971469
13748497
5616204
6483879
11644359
23906973
17642493
15850093
20446193
4264265
29014601
27527256
5235029
16333268
22944553
28109119
25074893
25585394
22762553
3984520
20528386
27415979
16570918
1684823
16945224
22914650
9824429
13265805
1841510
24552138
11802125
16487589
2104137
512805
18001387
24954267
22264355
13378228
5639067
22078938
17832811
2324906
4582703
6285911
20418376
16162733
24150141
10733947
23860583
24506574
16573603
8487137
10470755
22816268
10663969
3679419
10716714
14432292
1463680
14513921
22448000
932894
27646203
25113446
7408451
23426734
8958773
185416
24705417
3314161
7139809
1190474
710105
7223544
939345
9684429
21462151
28803567
23320345
5017020
14035819
12560909
26983169
25594911
1743128
25391677
2215739
25362794
21144293
19334361
16027719
26494555
22684443
23023044
5798247
26026610
27881317
5644612
11849182
13158517
21407631
29076266
251129
20185676
14921394
1295778
15524085
6088705
14767748
403009
7193852
7244483
461355
20395066
23379172
5540335
4247384
1684953
9335075
13453313
25809918
11808249
10339882
15461408
24301728
18957209
14177428
4366374
3040556
1576491
12907387
1221954
14154872
17758926
4661591
27636263
5331605
4764650
17698428
7523264
29101655
15958786
2668886
24081021
16147682
21694219
15008835
9597646
23838610
26686826
3113431
29152085
6310096
20542673
1283980
9578927
5560227
2244511
20618988
1818602
16581620
13952036
25720364
15678609
2070894
18700516
28741410
26968342
4822996
1739642
23657953
23824208
28971105
10134668
27875761
25353610
16659183
17482009
6484215
13490100
10020304
1374332
27868104
15534744
4626020
17843044
18119940
3741625
14822892
25470526
24061813
903010
1524716
7019848
5740774
4262553
3521094
27001768
3310389
28962363
1928537
13523284
25108448
22421070
12279060
37326
18869395
21972658
7461705
23913458
14781997
13289135
25908313
28828635
26574804
19687970
3020152
11452989
27643387
13919881
23945810
17041965
13965811
26422163
22302329
7899007
19755739
3718731
14716804
8590679
3853915
8667468
1244224
14714696
3551675
9109977
11379195
13759512
7190661
23332571
27165146
15113363
5517905
25023917
15452056
15121815
10848158
18260272
16667179
244996
18757645
16327222
23899636
6066803
25469999
18583598
11985778
808634
18668391
6049336
7346455
7942794
23919368
10937822
3335500
8595738
1919316
17206625
15754367
10880873
7458240
20944803
18464881
19556091
14175759
26351785
17258211
246735
28662627
19143532
5505361
2334416
9660798
5316038
12884600
24661365
18718782
5936442
12265754
10725596
933542
25568633
4607294
15323630
9018506
4932450
22001372
9842018
28551960
23969564
21575992
6705724
6769044
21273097
21101455
3572598
16492733
27274679
23901375
15971785
9482734
18992897
8253390
14159434
5400831
6948158
2039185
7993185
23806474
15857121
24921877
14769913
16550127
18478418
12125833
28336489
24344066
16835382
17426026
11489810
17200520
19106470
14764270
22000021
23583939
22986776
27634798
520947
17791945
23712053
26521970
14126875
3235640
1305232
12120249
26567647
1945259
4985638
1874883
9036561
28466995
25247034
21447654
17373638
23294353
24450452
554037
2497830
28794863
17123131
25885541
14004074
14326106
20937494
23525223
23062991
23998406
22726320
21962553
22468644
10119987
25216738
20810201
5827994
18163548
7134610
14336338
22068698
24482219
5787850
16748908
11093357
1952681
26157203
6463175
10440096
14459164
12590907
24575865
4434362
2797024
4948046
19638852
10066690
15742663
19602478
1100438
20333337
2249907
15549390
1658443
4291993
7053190
13675591
10295231
14898424
1455966
8548488
5319790
13388862
3835169
9395279
4630181
10316159
1341613
23032269
4667806
28828376
28597457
19627819
13955511
11533909
18365384
18839949
8966252
14212901
6996144
4354622
18674894
27117915
27299775
6786427
12800337
21314766
12219624
1746743
9578634
6870679
4713319
14728086
8758680
12322584
8053666
10757913
24451928
20476813
13238387
14199988
14872865
17063548
1262434
13919137
2567657
22956058
11843804
23415204
14341582
9038230
25018423
11888467
3961152
5985009
13370377
11053594
1379706
5348945
26193425
13654123
27272000
11194309
25477995
16804342
17030657
16736854
26679527
10251940
5603948
14978414
2581127
19757302
14495890
26269952
2075333
27116029
8614476
2805574
17200356
21256690
23880652
8676988
27678090
22067559
23408877
26825007
3663744
6529158
7236946
14999115
17336129
111231
23323653
8741141
19284816
25582291
11132906
1344687
26474388
15006646
482523
5471176
7325543
6183436
17655475
28429759
28719247
6161361
26888498
27326943
22738600
1813093
4071685
19656658
8047389
16879719
19588061
17824629
18353030
25929289
10479037
27398563
28789991
16544937
26768236
17940129
28267904
25286260
19665738
21003211
26484678
13102662
6619276
8055785
6624190
11494114
20344836
20195879
2226336
25075405
12898832
21885517
12569278
16351967
18872171
19382761
17330263
12462347
26149167
9758042
26299299
23094101
630327
493435
17437033
1481975
27434392
26068268
17605157
25366651
14383935
18428893
6478472
13928737
6514523
15588312
28071353
24429432
26100622
9500819
2149700
15350439
21816921
11990092
28181705
6409824
22393594
26375796
15323048
3055066
27931290
15449438
24460642
28308352
2219044
10172340
2680393
20871315
11684332
28336265
18888179
19258773
1557943
20050161
15017385
888666
8291265
18570533
22279732
393756
6487473
19319609
16328735
15407096
18756499
1805909
9890351
8982102
17248080
18677185
26558000
28782939
13230393
14288302
25627959
10507730
17291583
22307703
20786711
21585560
16421896
27998019
4241388
669277
1402470
15250426
7768935
7897508
12083060
2960123
13225022
9883952
19366685
14522826
5516745
28577972
3361403
20373166
11584103
17625142
5446792
12269698
21958554
21526238
15800294
22123831
18881020
24866024
5885807
11592266
17344171
15752618
16239123
7794537
22060343
22664962
3167366
4808812
13476061
21002683
2397013
27862196
4367206
9592288
804997
3947154
16993869
4539836
4569948
28474406
14470163
2724128
15272979
28994724
2645218
20094271
16238023
26092328
7521852
19293190
24513144
28353209
12495850
22734162
4627170
6895105
27992476
968258
21215374
14773866
16635476
11608300
16700773
19223627
21758420
15068736
28537206
17679464
19229674
20649395
2845001
14635439
78910
24338709
2400275
24516466
2215992
15748408
1579184
27132219
25600915
20582557
23726039
24404319
13545261
22462487
14839732
2862184
13492783
28410649
27233093
16215424
19009881
20435612
19846422
22882531
24999063
26691386
4478037
23397809
20570485
7666293
1878738
23526020
11766290
15811867
22937281
23047349
19307494
28960203
3406180
20000170
7037296
1263552
9564587
326651
27773279
5232658
4789091
26437360
9400768
25601056
25529003
14930925
24596550
11958610
8048068
1601253
6120901
25971745
11162645
15848040
14703577
15226872
588738
7522516
25664374
12780653
19641169
18110899
21922907
2142628
10435583
25514220
21453849
23135503
24697560
1335919
24991891
27151611
19711932
13273418
1004505
3213966
6882857
12638871
5837709
11236324
19598609
19432862
911741
14739348
4902875
7181061
18722499
6611660
17041347
26357050
20017746
7142115
7675315
25568688
28652355
6103655
19620234
20117930
27303613
16349524
427562
11718473
26147106
16497965
6390561
7169209
26536258
14450108
22200262
15564847
29128157
23662836
4173561
22890681
14820424
27451216
8943289
21525450
15753915
28702807
18681734
13252633
7649761
20375235
24752029
8534425
26763618
22074285
9333942
15585139
19362419
13089597
5327912
18977896
19121708
10744028
3772522
614985
14481951
17341001
1034860
6237476
8842412
24685921
3590966
22454975
11697301
9400483
21647290
21304857
21053045
17110074
7304179
17918911
22771618
2677743
28360484
11178478
2711866
15047919
10257227
19188097
23127890
13387459
4848948
8150297
25422077
5235096
28740125
27048050
8498588
24312515
21450085
5191012
12988620
23350484
807684
9196019
7151012
4537216
3644252
21937709
23498456
4626435
18718428
1236714
18769452
2956138
921251
12683770
21080030
15673342
3982723
4621167
17125383
18417427
8570172
17177602
25896508
23231185
5597964
3307576
11323895
27259602
4383328
22596176
5843045
25430469
5551767
14373304
29002336
17821391
3219280
11905316
15016984
15762290
315462
6085682
679683
4051484
27504622
6102436
27707960
4368870
25210996
29107781
21680920
14498988
1223212
12232506
11907289
7498363
28084249
7531294
21416557
26916435
17044409
20629742
15231708
6533950
11154024
6740593
2804407
6260565
11589854
8931302
4726180
15067553
26544636
23737248
5503524
12779325
28855016
17403754
11847951
10712007
17528143
9448413
2591699
22884850
13308258
23179570
4885381
19971389
9290460
786815
11684727
10510458
28279293
27294689
22533118
23697033
24310740
23033105
1534385
15325875
1190241
28952508
9564029
13765310
13685806
6903345
931374
18143009
29035611
21203113
8120308
13446868
25300156
27375705
7643043
12140444
13889109
4098566
8286662
27940003
20471098
3193612
6780915
4582259
2983949
28660014
11806222
27788440
11486438
20545452
5761846
6228506
15266702
21464258
12833936
14346372
7027735
27691837
10022700
5232317
25062958
28708179
24607400
2803285
13486595
3544477
3853782
4752681
12787469
23896624
10802662
5532412
209663
26084477
21936038
23159085
17173576
10064345
22026593
24061507
5278750
3101163
22554570
19723904
14436523
14302100
4323672
20598993
21432454
118096
9784917
22259672
15221584
21062923
17753078
27537489
9560583
9117159
23110020
7255056
23686961
13878186
2399949
25014154
8910901
1515267
19936066
11915644
4785594
18925430
1506936
14714847
7468214
27056045
5043806
22997531
11673221
4205576
10814075
17976356
14056513
7525569
4506594
16844096
11502340
27439494
4427468
2305526
14590199
28035409
23658682
17476381
23770860
884682
5078088
26155258
25889673
1010636
52281
19230748
11457216
3610892
28474615
13630684
5026397
838230
12183456
22856866
19309064
22092081
13469762
16015992
25183229
25030676
2060201
9196814
12849295
24355635
26610420
15917392
4264549
22773999
12398293
26775603
22958585
4067452
26102976
6658925
8356995
25601390
9559708
16630107
17388070
17279959
20250803
11329532
10689167
8894949
28190679
22096647
26068853
17599086
13955790
5629989
1824955
6864567
1389968
15735477
20091085
3836421
3519099
25452522
28975415
27134416
672626
5943234
14514032
19305161
15902792
20886889
8213320
21439750
25539305
24862112
6590791
11355853
1942428
17752521
1629671
10591592
26944431
10082437
5417705
25894798
23043596
4893053
15933483
26713548
1859952
13442138
22824581
24348258
24779896
12675755
12620384
171040
8844017
22787144
11091841
23623043
14151159
2154782
14848958
3827025
12563258
7641845
28529757
20510837
9611665
10350809
23977462
19853208
16198842
19328227
9961315
25490048
21836675
21294920
22692542
6671695
7465817
10148826
11727874
24608856
22635313
18993241
7882773
14380975
27439560
8937059
8774084
10324133
8395099
26010688
23260844
21212422
16833755
7822522
15336949
8562031
23311967
23452810
28695468
9512369
26651552
17826396
21601081
15164980
13829103
12543716
24103822
12016962
6317087
11538207
6369656
8254338
20713682
28105715
24410465
6759000
19345534
1566971
5866864
16342678
9176933
5081896
24679047
27075298
13670555
21044140
27830139
3443172
25961259
10869072
17071288
1130146
22800868
27860940
20221159
1812141
6226628
2209188
24450880
16866324
19984526
26227517
2647448
3598256
8760181
22843494
892136
21806431
21550038
19588542
20823632
905210
20571342
3634907
18048734
29030958
13886456
16961066
15531885
14474687
6871779
8013923
10068987
20988727
21634312
7655545
25324836
8163879
11384663
27383364
3862450
6029844
7110910
8963954
21509694
16113751
20097031
107169
982799
20644828
17820775
17188724
1660050
20700385
8552026
1087668
3142647
18215344
28892862
26321537
4405699
15043053
15539612
21217017
24823891
3114006
25430882
16745047
23105004
24158394
9916028
24058496
3323724
20157160
7670498
21402525
15130952
28612203
11446394
12954075
18984778
26280391
27440273
19375957
7201312
9140257
1354807
5981111
13809644
3493382
425499
12348683
9022737
12425605
14589710
26882419
27972578
20076063
6829018
28206509
10478244
18918869
6031572
11081200
5026208
8218296
28759706
2176876
9627425
3969578
4317377
18412395
8722653
7943589
18021150
1220201
24490614
16664999
24359187
20264536
23630646
17159894
16562548
11300318
13613028
23673648
20053401
28926070
9597819
6713724
11818511
18200619
13892661
26973277
1125069
2849331
17394445
24790128
16663074
10018605
24406925
15177363
391245
26306027
12612976
20159726
24824590
23029652
22194354
7199292
3701988
1973902
3546866
22048901
10050492
13846959
3719403
2983251
6751133
10200775
21981063
14005235
17075550
686904
28382406
5494942
4989832
26179415
19186777
1485711
9627360
16904473
2564386
28195095
1481437
8386899
27125373
17625297
19327664
9864026
3652426
456662
10726984
18859907
7973072
7067241
25899401
22678629
10162188
21905899
22285226
10937733
4426403
1224182
24857072
21006566
15468165
3504121
16552055
21085879
28081325
10592266
15423035
12981062
1069722
2659715
7862810
6904921
3616445
8514575
17940616
13952520
21643591
3659743
11764081
4098018
26065054
3993502
393403
18028030
7123069
10704618
15240662
2223412
4559591
21352951
4454510
13185861
4582797
5959789
5662844
4743837
28326119
2406894
5118252
12968376
28203271
18151809
7767879
18823926
16030985
14280873
2188439
17545573
6754690
7770578
3704615
26840599
15674008
8492360
2787368
4899657
24948601
23047712
16572477
20533731
6413728
27654722
26326592
28998961
25597246
22059524
28785585
15357743
3363624
5770018
5200496
9379345
2120824
22647007
16635487
27645412
7526183
23577861
13840958
27877667
10900145
14015830
24053231
417925
2347333
8899657
7130755
4414870
6277558
7721330
13010714
6574768
2057475
4267067
213375
10239503
18695900
12659141
28960821
23144280
22452768
1357064
21903859
3635413
15120823
11861200
13804454
27612092
2321290
18628703
3824436
125794
11668496
15153574
22447171
27092464
21425674
28569426
10207730
18506365
5663854
8743647
6361392
20977973
4374742
6357809
82257
24711620
19366374
27603757
1240421
8460929
15396242
28846233
18990960
6312306
9539910
13979325
23787656
2195495
6960207
7474437
6838624
3379607
12531475
23037746
6528308
2919309
12549145
1464083
1788546
3489456
23172479
3583
20895716
8823123
16151436
20442076
23471199
549018
1851089
20357764
18629970
27887511
8949897
5011634
11684650
7344415
7019118
5956793
14160446
22384175
24102963
12960879
26011300
28415741
132174
5064224
19934337
27863264
26255180
1784963
11753741
14349356
2655722
19257215
14511925
15602417
18590987
21917010
11079049
21927154
1051441
13618336
16202860
1605482
16796091
24531432
11987544
3438518
11013831
1199566
25532876
14490797
2472279
10590649
8481403
20232486
7969045
7792948
16109522
1549397
17932815
21656527
28997432
16213306
666228
11398490
4523368
15467408
10509143
16264288
5724293
28605960
15625820
10475003
18777939
13357572
13517600
10787977
7065643
15326609
17530862
4585800
6009393
11399793
2621604
19492030
4122964
25223223
19020134
23612996
1711966
20523084
20990299
7242516
11689937
4002395
19692922
7062655
28546689
11063184
638468
14052865
9828021
21071822
26117404
26793536
6291929
16994566
12060690
21283418
9317216
6131069
1964196
5320938
7276829
25361957
471896
9669969
23511257
17300624
21426271
13273024
27636722
6631478
16709595
4627282
23419281
8629738
25227762
14493824
1235163
8726646
17095462
1838059
14779893
9122838
14732846
3812086
26480925
5929621
8962795
3996277
17657814
5762240
4849042
26766861
20654275
1974846
7047272
10238232
8467477
14794793
25723430
23009440
2015772
26883432
8559520
8925457
26198150
16501116
26558363
28557104
12750328
7972624
16265214
611381
1445488
27606800
24009291
22484647
17431807
3200555
17950810
20050954
3911540
21677771
19719589
10416042
22667370
11056054
3318377
14618038
2422595
17643572
4093493
11893890
685282
21218405
11527094
26801046
22554363
18585739
12291890
12138946
25330711
7461988
5762091
26924416
10174993
10452310
23337412
16184428
28449015
25433040
331365
12299073
28170402
27467109
7097665
8049331
8633459
14834806
168119
9332280
16958290
12035089
366795
3044237
17467617
22101356
4152730
10415416
12058603
23633477
6376855
17209869
26446996
14113355
3587004
12794139
806870
16707947
15853063
16149942
26422639
20827831
24004983
9764644
18833650
21422860
26684787
18104754
16680091
17293031
8965484
13914053
13371046
26229015
17695082
7052201
10042752
9679254
4038561
13652309
26346481
11067075
13622865
13652857
2950059
5682631
15744651
13816928
19445309
13828807
10948534
6301568
1994181
2582123
12239858
19532470
23546344
9391756
27942845
2766038
22725559
11896470
15022546
6318845
16186263
26819403
3013640
15194018
12492773
11775061
29443
2337198
26920590
26743809
16711781
18293132
15397323
1915844
21671969
2787315
1478199
8366411
23221711
1265286
26999355
2848101
20749626
10423880
15826198
16046375
6547067
16406714
14513782
17363144
22108780
992244
14326629
10042154
4808149
28959150
14014471
2445635
14785418
27431033
11346486
14795937
25781164
2253582
19241219
13305557
8725604
19016488
170631
20373610
9675660
6219049
5825478
4703251
3876813
28579485
20336168
18343924
13101508
13521537
21840089
12066626
14987670
14527480
25187683
2362513
3817305
5387013
20259150
29149482
1649869
27896479
24714718
2119180
12331552
19028306
2778500
17511995
9340828
12755157
4191705
4972409
2342236
6405994
3170658
4336464
5121550
25618205
25663835
1034882
27693868
7312609
5682518
12625157
353749
9444244
11263364
3827824
22540718
11166246
4434764
28690690
5208500
5686412
18144255
23979558
28491053
19183343
13320290
23171994
56495
16589286
20605325
27165773
1284444
6712454
7832629
4086668
16727912
18351226
14155939
15068711
25762435
25398274
20165368
25685926
5707101
97117
28553061
23010029
24761321
27908352
190008
10388943
25158935
28120913
10659268
5319059
8770422
15534579
21370243
2050723
15304842
13892871
8976717
16001350
8788116
18641404
19090730
1659201
11392366
7561239
13706918
18880084
9334747
20068250
26292866
11857072
23299372
644708
22820021
4015951
21552992
20032671
28889676
9483450
8994065
13928264
2752390
25523273
229737
7477372
22234007
28463492
5104755
19495314
15714195
25932490
26052612
1173065
17112284
11315857
27386493
12442242
21747219
26637676
15572453
25648157
7840626
8926995
27055292
21590924
4286276
12069541
11038606
4604986
6731060
2274366
13698527
24435019
3289266
926245
21176192
2738692
2392871
27135841
12246277
4184704
8820205
4380329
2946573
23473617
18728639
748817
15673364
25259062
8440623
6645458
27752866
5053277
4640719
14985751
10552318
28841290
24142056
27567815
20066460
11456041
17788675
12772281
22062402
550574
17336949
23200352
9295990
17011742
18315635
7865948
1238131
14506589
14811690
21001331
26603827
12273152
11111768
9027906
26666197
22190921
20808314
2410689
23660960
23763004
9647269
12144504
8774830
12686015
28582715
7294179
8197214
17238101
14238907
28022051
20414584
19128781
23688291
1430042
15773611
3809046
11857832
28200376
6706337
21342113
28693137
7219495
14766955
18080848
7023167
13899082
27689962
26205310
21923420
11516456
14988174
15764829
2365364
20284226
23292376
11344614
11858846
9335163
25983517
24270127
23137335
8628116
3355170
19879245
8375785
6376810
15906284
19675720
18310813
18290417
25378733
10612289
196327
867873
9194460
9977858
10779237
16173506
860710
24962166
27954667
13507523
11276028
20180751
8425379
13957212
4164671
16748720
5001403
6998975
10558531
22061664
252331
15781934
3972961
7503640
6869572
16419442
13100562
7698524
18094089
24510860
1417829
9022044
8892211
22180955
9117148
4620646
17378840
6156761
13686137
26577491
5082144
26478817
5659653
10480234
8955809
26325697
24993764
1743314
6746644
23936597
18088703
11552266
8912362
6357094
23563079
28331049
27485353
17749703
25084270
9072045
15618649
27200450
29064897
23075140
4802114
21763961
20094509
9604924
1074617
16367321
10561411
13405485
7166582
8493957
14646470
26016070
9222626
1057167
2458186
24354379
4667809
11731608
6792762
28544889
26835317
24616951
22050354
18413308
20934629
27043821
9167148
11347084
22398335
26104511
21784205
14000765
20689344
3727188
28203514
6472707
28004314
20871029
27919015
10310513
28431332
3232877
13201458
14028248
15192933
9530152
7205191
24086495
14056292
11335812
6494535
8422008
22485897
24166534
9246160
9587545
23449060
1866212
18722879
8397570
5415167
18057017
14957252
3860210
4882874
26136060
7713693
7337375
21599698
14329712
15912630
4046658
6843519
3671305
25626631
9910012
24633861
25029380
17591960
24437859
7653490
11488002
28335849
12898352
19521048
26183522
9668240
15051490
25611046
19469437
12243893
20358531
2817717
17981193
14950092
16349074
23339937
22543982
20584746
7196614
26289767
12241324
7580027
26093508
27001020
597251
21478053
18999577
7019464
6103957
25262010
13558713
10770529
20955902
22033686
4469558
572476
9002378
21611171
5252515
16651720
13066275
24212014
5272218
13444831
21566111
24924328
5786897
15057789
27146997
28776587
196259
4043879
25786351
23419029
26805018
12381361
5017670
22897567
22620752
24493429
4306108
10328601
25104545
20383426
2674882
1661962
24479962
21510659
27348471
29004077
1023076
18425019
21449477
9507890
7657934
6508322
16580906
24973885
14861530
12746692
2990236
24740806
6398861
13404990
8044933
3907451
18920610
9684241
18591459
1935725
18192459
2726257
26457294
13086157
25063465
10324223
22277067
14279460
10131157
27727026
26358174
20675186
10767085
14941155
11730559
1487623
10450367
22637789
21983649
8924299
6347830
18745247
6339446
21294985
23644381
27520693
14475993
6628459
20651783
5508775
4638431
23909876
6822793
16133071
19969091
427579
18996641
13353615
6724860
18615972
16959941
11417019
27748202
28083037
23294363
7896344
8663975
20329643
16289959
3238402
2584852
3856420
24260867
7978754
6818992
6659496
25672484
8967217
20793602
15545482
17489557
7308935
3940785
6395214
15940005
25419051
12506293
19184244
25553675
24467842
9671344
7680479
6926230
9495432
9062636
2964720
20766386
5425572
17744790
2077113
8137536
13409673
26197428
7244945
1109845
27011776
15025894
10127002
10281235
3128241
1248271
11094342
20528931
7681735
12692496
25915762
18668950
17198452
28316474
7516770
17541612
175912
17421418
3961510
7532620
3637063
4023505
18689273
26448037
23138692
23843260
892591
1943402
17989227
11022625
20142843
6374114
1541227
27682306
28346894
11759310
22726537
17205421
23773170
7816359
14297619
16402862
11152180
28816841
28140562
8898927
3223676
11446867
13784354
18741580
18003348
6349027
28848388
13649588
25555445
10838864
24657608
8673541
10960559
11615113
9481398
21620538
7187221
8585492
23759344
785046
17146141
4553751
21711377
26173883
15467754
14640779
7065875
2253252
15236739
16693695
13918148
13642097
22603520
7435327
8696766
23157335
28757158
18009524
7795555
16881904
29038306
13042495
17995718
18500022
23231466
895906
16664768
6402175
10242926
19205593
27037245
9775833
7889572
7070598
19108007
13214502
28564041
19532181
7138679
1594642
12893750
6482821
23748905
28606186
26641745
19847243
5005354
11875253
7774793
23913061
17689761
10538283
18971029
17099812
20638829
16829291
9456555
26619176
27328506
467093
959595
9610220
19827826
23835071
7666558
18379401
6075822
16612973
25442006
19459433
25809312
13447565
9001077
3901662
13244406
4410065
1716024
10252294
23345493
26396510
23745606
589949
8703029
20945313
26446832
23179653
8304360
8989462
25659581
7361859
28602842
25088100
1943662
1448425
7402822
9857160
11740969
5419964
19963661
11994441
10458356
21907650
203159
23394586
20989212
2992112
10224573
4479515
5310262
12399117
17693481
21603868
22106693
4326951
12640952
17457370
26680073
19746076
28350195
19375056
5418197
27154417
17685277
21246502
8511031
20786433
8697074
28906529
24121608
27216012
11791282
5867345
19722013
16014622
2813587
16509697
26841850
16629031
15946035
2509969
19452425
3010104
8962916
23452898
25610454
22054877
7910749
7305016
14327878
1195778
20493354
2975270
8286960
15702419
2193002
27568078
15468400
10641063
17115246
7897837
7493999
14580235
21857333
22015890
18332772
15344557
563662
13975455
26336607
2579505
22707054
14803101
25363226
5711613
5185723
18305437
7726999
6714971
5615237
996182
11712393
23594510
19585842
28682458
234019
20711940
10452831
7570562
3147064
2535011
4844079
4281683
15051038
6512776
21452228
4357317
7811525
16787732
20428402
11533505
25179855
6639014
28420953
7057788
27144615
27630753
2333774
25534391
13806152
11180728
10570341
1833510
23360491
17677477
18229626
11467031
17564876
7917820
21530058
17668955
6287548
17134878
11989456
10693721
27861252
23468070
2732489
15081594
20767878
3432962
12272553
18122066
27457975
19593775
4724014
1610224
13824600
20313046
14964050
1616216
6623812
11696439
12763885
11893459
112600
10311806
19096974
18699496
20433847
23198754
5679499
14397402
18433627
17681387
7961231
2423231
2700192
18103102
2809041
21449387
5134988
11482352
13398052
25847751
24572750
3214543
5449748
12208384
3332808
3267611
18012332
23890354
11583838
21255654
21956486
216679
19037959
14701795
13019997
24840020
4765127
17158113
6436170
5653970
14981195
8661704
28774191
54380
12968114
20486690
8051335
27250813
5713177
28987084
10041576
12364365
18685310
2182137
23356053
8602455
20843774
15560253
1933868
1010733
2217694
26058266
6000257
13001514
28740243
25021885
18403850
28271158
2176918
26934467
24843355
4570389
14497164
8287501
21163046
4520876
4417086
27027827
6852810
12152387
29105349
7859439
18168313
10082855
10498364
26599375
6668587
9476615
2986132
23839178
13814050
18376181
26478024
10138373
13401239
19272660
22844967
20629383
22231378
16410104
2080877
16555854
12567344
28779863
22673989
12938794
26828067
11068274
16726053
28153372
23144075
19022494
16164650
10372512
3414268
1021749
13256817
1632984
14466139
13769952
16164729
3675677
23778517
7205364
6096981
21931856
15844857
25238438
18548506
5675524
22646335
21264590
12685439
28788551
1951796
11605715
15016316
27834696
17084200
26863560
1632295
2415136
15608226
15142901
26275696
20584859
5359184
28646866
14628256
434036
8795009
8959365
16382270
1846661
10164082
28822119
3383350
10169333
2592103
16087491
11793659
23017785
8956368
1079724
3415809
3277101
23681515
6956331
15845974
4312638
11255334
5292969
5299441
13826942
28587292
26788831
5956603
4925148
9495430
24472466
2855341
6948348
27955284
6363726
17266886
18798324
26230016
6099433
27535674
27537894
7131123
357509
9245550
5679267
6558210
15263053
16591127
9012451
24860998
196579
28173198
16231967
5865678
26474185
7870339
23662144
6936975
10644138
20873382
21350657
15320757
15295190
8485037
27960535
9293710
11167452
20422650
17495697
28128311
16821739
18292344
1451856
22959300
12786072
18248140
26705759
19562056
6038122
28802829
8629031
23490902
20502587
8361628
1007109
9180784
26386202
2788762
14746319
14126956
24381767
2509193
16520223
6001479
26477586
26341459
10601588
12199142
3600911
28363354
26676454
23022440
5506272
12363717
15057115
22384017
1853592
16706505
10933025
11707220
27103817
19070978
12127367
965377
779001
27378348
23594466
12259246
26370571
1880699
16410308
8023861
5191608
19338764
24559892
14278443
12384122
11398234
14682689
9738471
12500656
3956311
26768900
12282256
153698
17154185
1094566
19306373
18762689
10665622
18383428
15782014
7935551
13909020
6530911
17679756
19811352
21713767
14652513
18346709
15492666
26231544
12623970
20073166
25758217
2805232
18399329
2645651
17701153
369951
1773146
218400
3802613
28418289
831264
10007326
27551497
19588945
19726520
21784250
21533646
23277982
9251102
19415796
23257669
13977145
21830818
1464642
25024676
17580969
24526314
24579501
19276902
9818738
20477411
23112566
14264080
18029378
19676079
7126326
15370913
21318433
28547137
12598861
866792
10402320
9084381
24570822
16858874
25608538
12533147
2117850
20313
24433958
16388553
21793027
18112470
4249848
24901904
19248750
27464068
14707576
22905664
25324337
14358233
21251608
22240061
25941328
2658464
17161221
7739190
21575627
20451641
18144817
3514480
24259545
12347021
12635844
12037675
14741024
25588225
6902764
14889298
26190862
6321487
12138704
26051124
17667295
24749356
28997902
15146660
2139730
19152918
1654056
21887851
17576905
18593144
23882415
18202138
29046413
25869581
18754373
18061147
14995670
24601371
20038637
1865444
26765998
5851193
23938485
29011727
18200938
581277
21554168
139738
7457767
6192923
15856796
21324210
22609626
9844984
13492604
28215455
20379588
1864487
16809011
28534768
18706731
27172834
28607766
628840
517485
12956577
27182511
13130226
16638948
3831017
7086960
26914272
6453830
13000782
26261133
18061200
22283511
15361245
13442942
15293558
2386872
24815387
26635180
23554171
8268971
11628117
1050018
21004821
1961330
18796177
29087003
18077891
26655349
5294763
2606330
16547260
15121203
12995067
24846841
18884677
16180762
12889752
653138
17552630
19877272
543462
4618258
25793528
12974373
7431130
7461952
26796276
16546416
15007063
22504153
6067725
28470362
11413842
21077819
13043440
10944403
13435814
5115134
10108089
8977134
8414838
10503994
25396527
15617880
11957088
18231539
27788133
11816055
109676
12934372
12887319
6372663
15990703
18331575
15338098
20044714
21614890
4292123
122265
5340276
733885
14149907
15426921
19273014
26445580
26731881
836313
4458679
25860297
28764096
12740608
11600533
17350480
25968563
16989748
141033
18121862
4497334
17732310
12540588
15747244
23715745
20194566
25105989
25876686
689548
9566023
5918188
22361813
4775933
19073355
10620872
16864328
7498615
18436700
11630474
871583
20035793
10521646
3903338
11413616
5575620
23770786
6853021
7846700
2135987
1212298
24384849
17910091
12820140
11149596
19801256
26999060
9148592
5183540
9602071
7487736
23593664
5648408
11740941
17071606
11574740
10987746
24037428
25430607
17204482
1108828
26128246
8622177
23749600
9292553
23364170
26888921
11278372
24444298
2265426
13385897
7195732
13235253
16912410
14981081
20804579
14617715
7040562
1660856
393451
22757238
14550369
6522058
23233669
19556770
11837753
4947708
12586839
22928600
28462362
8582305
25322804
6479266
14418008
26020680
16817756
17723447
14267069
27052476
6892139
18190174
25633488
21374652
11234248
2294694
26744094
19143723
3867838
13443325
5914061
12674968
28683570
24153600
23844306
7929535
25773506
18069154
24448922
4004533
16409371
11626669
12967872
28462124
18821511
25854562
11753611
18925281
474881
14880470
1418987
14677488
6955925
12982368
13434133
21250526
17230431
13300769
2873236
20352871
3563329
10920462
17990663
10397609
17183669
24578727
2284188
21768972
1659783
12822252
9840236
6750821
21965159
16273311
16708513
18699805
25379680
15676716
17506293
4600968
7924544
7240194
20046930
14865400
24911938
133364
8020864
26037560
28541014
21112775
21165783
22325721
12540367
12215511
26916996
24574698
22918944
18621936
1572310
13712536
9660668
22726925
19202309
22068928
20053632
19835371
1193512
10422286
7752172
29069674
13714038
22219145
1131831
19913566
25648111
28034378
19555925
16068090
23675352
6215293
27375982
8950272
14212299
17125670
8100142
27098635
12645961
9206407
8961268
8005386
13313802
6395315
21476868
18170513
10518990
9631345
12083199
20087414
25868249
14693028
27937842
12604047
15374608
2257454
19161216
28383596
23162601
13340632
17852108
4368653
10806569
29053887
19653705
5917239
4479709
28053735
18137367
4640575
14696180
21369528
5332092
24303290
14679899
11845523
6087313
19591577
2566671
26550172
21309572
2907776
18121994
25680388
22602832
16151013
27058428
5820584
10531488
8437522
21337638
7601796
3518523
23692904
24574178
20759971
16939873
18642708
13357555
25927840
28468484
19552891
25493203
12290144
7859550
24248323
9278851
8697142
17085580
28818896
8428178
24789185
9464945
20774556
17425535
6425822
5619525
8264480
3286521
21733266
23722574
16448308
12187619
11918553
6753031
24735044
7402416
9815608
19334225
12608238
19238211
16178339
1336915
20048455
3011293
28322409
7162743
28423531
268964
21456396
8997525
6457196
26167225
21842698
15155031
27964629
3139301
2689833
3345481
5641787
28349222
11804021
9695277
6256150
23319712
15740997
5400819
13597752
9380972
3155886
914897
28349757
13167046
2174506
12885712
22551338
17697019
4509922
9069579
22971768
14092746
16314828
10105740
17006170
18703397
2108772
24619148
16301088
3500612
20701461
25106511
11736646
7287884
12757855
855331
28525534
6360025
2244933
2326429
10191216
19148840
27900392
5107618
9419283
3281062
27179365
3125332
23885252
19577177
21914752
2509602
15890150
16415006
26800543
21547023
2402308
27768160
3917686
9998152
10567541
3057151
1992230
10881315
7922350
6397829
27770399
15842679
14972384
12256093
3586038
23887172
28533132
14262904
7088254
6293951
8555811
7602188
10370581
21375649
22490601
24303320
4869060
13146702
14012698
17835957
17629337
11207731
6844193
19664110
8005922
28846227
24294802
24754401
1914491
10883246
10229020
15514305
12256641
9888787
12882962
18483135
16798918
11882755
5707093
28646066
25083370
5983736
3915162
4870836
6150163
28147474
10290622
5836678
24677366
21608542
10991764
16768802
3201808
7157966
24529309
2055096
26931736
13411556
4168955
15560186
27786605
340233
2631343
12577081
22249869
19803782
12776042
6956427
15959385
18526931
24730904
20212534
28993574
23731263
13383788
313485
3470108
7485655
24004914
26712139
18406733
3833798
21399494
19950287
9386231
11117753
16689715
1015124
4428525
3828722
12928843
4853098
26053939
1631135
28961040
4937016
22647972
23409111
11385523
24906852
18693358
19803216
25632321
18323663
9904729
24701708
5468571
24721545
18238923
20171116
5312645
17260021
23607568
29085316
3260572
27174682
25492802
12860993
6889855
28735428
25738359
941282
5052058
21116923
8143164
5551929
12355068
26901121
23519328
10385882
18078106
19173269
28702062
19734188
12855092
14343184
6462785
4101030
19408900
19782477
25723549
5387330
13999449
15236461
22396088
9203154
9928400
25917375
16282635
5948573
13326944
23425011
21958118
28660130
27565430
45618
836175
20772760
27626590
4346059
10843821
27503919
25121752
14358877
2914977
27557637
13737859
5483883
7537481
14021570
5783028
130662
1794816
23599870
24111635
25638714
22080520
3979827
2234005
11661199
2794030
13826814
14663156
11556074
27823955
6792669
1579029
15293691
9928939
122671
27187882
15288519
14232516
26724116
19424593
26591095
9663729
28876289
28860856
7406819
1870328
986733
5179028
24119678
1519350
9775382
23404709
62895
1185797
7210765
15801618
10041531
15162860
7870486
9977044
2173837
15667305
20259933
6909384
23800421
15050156
463766
14667500
16801422
6703961
9351879
16533814
2256910
27005961
17517697
2227791
25714226
18270958
14207220
714968
20260030
8589585
5837518
13421278
9947841
21207906
26734706
64486
