#N=1700
2273808
241255
2584139
1936258
1544852
2036844
1270214
697895
2040780
1355874
2463602
1012977
2635103
1885603
1737606
234826
901393
2282740
560543
1289771
2842353
2278753
1165635
798861
1060809
1333908
2570698
1634082
1194565
1707778
1337633
550455
1799308
760200
666044
846957
208969
127245
1337199
1027803
1610772
790904
2378277
2400277
1197115
2344867
2777189
2501622
2543293
1171791
124136
2256396
1430849
44632
1331069
2316728
352248
862920
509353
644110
121375
577433
2774412
952351
551231
538799
2612664
2071167
1619379
546295
1752432
2100496
2696695
246314
2725994
1585493
2691575
1605397
2377486
286896
2843848
292409
1138232
2217027
2582385
468149
1807374
2598139
741545
2821921
759699
2059025
26202
2235613
1229687
1582970
2022326
2066369
531640
2408884
952506
1506117
2477408
1111201
444740
1333501
2310913
2617584
1651550
2085076
2251570
839726
812930
670083
409652
197151
2616605
1875454
1838440
1785426
118622
1414087
829337
1546138
426192
2266224
1264235
2716348
1113863
1915523
2821477
54209
1274282
1356811
1903194
930062
2571952
225837
578919
1024728
1485051
1581486
642979
615779
1156384
1637104
1248712
1044084
1969737
424353
956088
1462485
1200800
1666019
281903
599845
1152360
2451617
2784872
1272559
641241
1677570
1041016
557125
1674860
1890262
351143
1760129
1630787
1887433
594654
869271
638007
2108781
2257068
112300
2557368
1037264
300900
507252
2113554
2180070
1180581
813860
726564
933192
704974
2769802
1810376
1320206
231542
297020
215615
2253660
205982
127636
259475
1353710
1378379
974420
1462331
1588779
1715109
525706
2441414
1432709
2701401
2050116
1813711
1223736
2429576
1299694
1666411
460294
321791
846762
2012816
2274768
2538260
1726261
1317496
1080788
91038
300884
2207090
1742273
1639257
2387960
104284
2505
2149312
936625
2037366
282399
927211
391298
2508999
1690569
2723445
514017
2660231
1969282
1190808
819648
1337479
937023
1198503
499460
1170177
1670377
1635223
1229516
1976603
1451671
1551628
32035
1850894
1636752
238648
2057660
1068044
2079818
222318
1646068
876306
2126643
770758
1994982
2133244
754163
2426115
1840583
844708
466689
2724051
838018
2656847
2418127
1967143
153566
2796679
396457
2567889
1944568
2490778
2804876
2683388
2683235
781613
1261736
2048246
2311977
1203512
985676
1088215
1771324
2883400
16595
2671773
505566
122360
1959425
2006533
6689
699843
305923
1973781
2716186
2724354
1570686
475677
852111
795680
2865919
2364086
20448
2023263
1634557
847893
1572542
58224
1062570
1436667
2535093
1205182
1071620
2202457
2590739
2784235
712348
1389034
328576
1472487
1913514
922909
873658
684475
615999
2453413
1872243
775006
712664
1590930
988137
842655
729529
2062555
663626
1789238
2888229
348780
626036
70292
365047
545541
1504444
1390290
1490109
1201705
2668564
2342767
2578425
2295667
598828
1229039
519815
1523151
1915138
2730994
1740749
494217
2889775
2760010
861401
2028487
391934
2043197
2277232
527751
1163201
2817937
2873734
293400
1455849
2077662
1945433
302739
1611727
2250248
1726185
372897
1743938
1562291
1775852
1965678
2416806
891727
2885308
1420921
54123
2083645
2522817
861288
2368076
1708204
2641256
77087
879996
2349296
544018
1082706
1574993
1008976
1237967
1153109
465935
2798091
1679460
1451735
506309
376799
1699950
2881166
2035486
1097030
2183276
995885
1050508
801663
2001009
2082836
2605570
814613
1322937
2503893
828208
291960
2635975
10194
987208
2637948
57644
421883
543041
1542782
2576555
2117106
2291782
1515566
2854690
515144
1231314
602920
910794
1252505
46522
1381613
2097782
2070578
1298999
1186396
759899
101676
199309
1030977
80823
1030919
2407658
210932
165455
778229
2094907
1404863
735329
1528840
2141001
1273894
2365322
1776637
284252
2251770
2707256
191713
556398
2419182
2044724
1078850
82614
911385
1310679
1197322
1199992
2618923
233758
2058391
1726224
82796
1078368
1842334
1006026
1650593
42900
778971
2366768
2564340
2053519
364363
1202547
326456
2172287
92538
1695372
500979
1036990
2580454
2336567
1133339
2871077
1988198
2814299
1581757
1176469
2031601
892698
363866
1192928
96795
1966771
2530681
1799433
439959
2173826
368561
1615453
2215309
1361793
1939968
1294982
1110009
1521085
1884213
2158454
2217824
1054412
2793652
2812283
561274
1421945
1289320
1024633
995603
901963
812603
1051578
1008808
1287096
1552248
1187363
1739717
356854
1430872
1714507
171422
1896769
2565486
1133232
464689
418883
2300769
2054460
2406166
1042706
2254803
2508447
493138
1584611
1522963
2639547
639247
600261
212030
2834025
2783156
2628413
2389331
2711446
2650285
1408298
2646491
25209
185432
2424104
2251927
2141095
1644985
2359508
1722464
1513134
902717
1470968
12562
110624
549568
670192
985484
743592
1158269
1135606
2640421
695223
707106
473618
444694
284615
191033
1193938
64954
2625075
1222866
222387
876188
1147243
992024
2782420
631536
344755
1456790
251495
1500572
1004998
1134305
2232371
2228045
2695977
2401924
2739879
1206076
675951
641405
2166803
250529
422490
495490
2353662
219661
455958
2861073
55472
1961792
75623
2333268
983768
728611
860174
1538535
592946
1734184
664697
2007191
2371107
1666954
1328329
2720448
2378167
1702805
1938878
2098473
1929274
425422
218915
1671312
786868
415734
252437
2595495
377093
1384167
2785450
825110
1190929
2449917
1685999
2548139
348570
2015991
873838
1475756
2465982
1887744
891766
2540660
2178787
2515525
994475
492599
2876437
1726361
1879558
257962
2741460
16085
1631780
1294279
251546
1971176
2700046
2654889
406143
548437
2242016
1745695
2314252
2560009
1674301
1975720
2652914
1876095
583989
2815323
2811862
1266242
1759090
1899093
2741994
2158115
1503041
2618475
2087807
2076378
1729087
1447181
2867445
2550605
1484234
486657
1777938
2364513
625778
1550448
1337091
2572008
71394
338531
2797096
2688207
1391731
2727592
2167138
2420653
1269137
1125674
1414249
2490976
608957
123519
283213
2529569
1102292
640626
2098933
2068483
175852
2380788
985572
2222626
73784
227489
1240327
943771
1691959
998560
2877818
486092
2049706
69503
733974
1861079
1671360
1254369
1006403
1668162
729622
1503635
2207763
969388
1911227
2745493
430636
2136715
677679
2608146
1295815
1056131
2307003
758083
982299
2232919
1638436
454672
1168859
1418772
1838854
2808314
2642119
401532
1501049
2582510
1067580
3198
737652
2605674
2563304
2650234
2482409
2352271
751657
2877418
2280719
712490
840900
2511548
514048
537732
73832
74084
2222553
740532
1276965
432569
1505818
1250545
1666653
1650227
1307265
272514
2223953
1497851
1844858
1351907
542799
977419
123265
211033
2111482
2707897
284457
39167
2036518
2659171
411347
516072
2650621
439964
1418085
2436205
1900024
2002889
2124715
26420
1655916
68496
2833281
1394139
2316275
22318
1317657
1084950
1167957
867439
1441547
544671
1968843
518274
139480
2285220
671379
515287
2517820
1733350
221455
184288
1987988
427321
1429940
2518102
311490
1873604
346972
2269123
83139
261777
642222
133867
289387
1444229
1957267
450218
2533404
836190
2001502
1136178
618096
2786529
2736896
2514194
2657400
2040934
293832
2333532
2635363
7039
1644349
2572791
328735
2659242
2171130
932368
1790465
85195
1839806
162177
185294
2300899
1279505
2729170
1800826
1121077
1551622
1610130
218094
2104974
1289283
993902
342033
908866
2220362
323868
2295572
499698
902088
275477
2568304
2088013
401661
2286368
868777
2298839
1982563
1841192
2789902
2641813
1772673
559030
500072
158428
1177548
403601
1115887
2549554
533752
2327098
1975845
380417
1663541
18165
1716200
1720664
2524686
2020095
821394
1704076
2763816
494841
1219236
1205728
516710
1917585
2398938
2443656
281424
2443777
2141740
1614244
2484387
309376
2145447
1730900
2759850
1678790
573708
153335
663557
2170585
1767122
155781
383479
2586106
1112175
1033515
2146279
539458
484840
1770993
2868131
2191651
1696790
963055
1849066
168066
301915
1557181
172294
2045269
2571703
753487
439527
679561
1157192
2819420
1015233
1506029
1489118
720680
1787106
2071017
1933607
2452870
439827
572716
548675
588191
561328
1396094
287108
2117981
555490
1741629
661140
504790
208677
1359552
2088383
2308808
1818646
1892142
2486296
723013
2554329
2754069
1543206
507458
2608924
2308102
1677074
2437142
1844095
1573796
1904194
64541
11388
2255487
513988
1546253
1053509
1435480
1669746
50700
1745857
2404493
1306407
789869
2643812
196241
35417
1095633
2440719
2835133
2282713
2046871
145145
2125105
1720385
171782
676912
316183
532947
1779554
1562407
2751613
2653459
1568041
1414883
1968509
2766508
1002808
2792529
2368158
1847199
955987
2650682
1110166
967357
1548179
645523
90285
1915826
606753
2689988
157608
326486
2863364
1448192
1617107
2741740
1787359
1643776
671335
2229001
207271
1549635
684950
1691534
412074
2278886
611254
2045610
2049446
2607477
737033
2878631
1315408
677547
877071
2522354
251675
503203
1758218
280267
2716625
1812321
1812285
334528
2550834
186235
2070405
2661264
1436505
2224605
1756956
1405737
1137561
1508970
1080280
1256465
229439
1106683
1521482
2060816
1504973
272390
2214465
1683055
425872
373868
764136
184313
889484
158801
1570888
2382096
2151488
1626049
1367029
102474
1639731
2735801
904308
243673
1087044
247986
325457
2771097
1279530
186501
2837888
1271529
2704616
1461997
2736352
2711919
2736519
1840597
918919
241558
2587289
605334
1716331
1610294
1110219
2834839
1227972
2049014
2876319
1521229
2088167
1608963
1861661
656322
2808216
1205948
2071361
351861
146113
8001
371886
1375891
1638083
2882698
1615478
1108660
1792999
2707866
2356213
526490
1628133
1189900
2598021
1771493
382321
1951206
2848521
2596744
173752
1480261
2762473
1431844
1690747
655713
1687867
2456355
1272740
2063360
2869975
1660223
1472823
592094
2863319
529423
1302603
2010518
1642447
1479414
1079733
1379218
818469
2746641
807579
646815
2025878
675578
1990359
1581164
47176
1631908
2679515
2106760
2846883
2337298
2485879
2514507
2689286
2502518
803442
2490786
1899810
943400
2179492
852800
1989882
2713190
930785
476134
873850
1435998
571639
384559
720763
132001
1546457
657618
841307
571355
1791650
1043321
1887931
555122
2723787
332376
2538013
2873362
1923970
198500
815613
2750043
311294
1047009
2056424
2569208
134920
1513747
2052245
2384788
2794496
489291
715235
652543
1728102
276049
2393600
1188007
1755969
2687986
1573425
1236528
1209535
1555555
907110
63330
1298406
2552418
2057749
2276833
2777207
2658604
693619
632087
1124994
755581
729868
640132
1609252
1562954
1882458
2354858
1864094
652090
1148944
540095
1410081
2595614
2504582
519440
1691356
230775
542323
1359109
470053
1457598
895582
2124479
2665212
2502050
1583214
2145120
1533610
150942
115124
697767
2036330
2056915
1647675
2144394
2588860
1443273
1205914
1536904
2132010
1656235
925514
890641
1117163
2486712
190022
332247
2650723
1974726
463527
1448480
1682387
1496438
541264
520092
968440
1645177
2242901
1048748
1004613
948210
1940093
2781937
2570960
417307
938480
1264861
2201264
2652585
611390
1241369
751977
1328803
913524
784916
48894
1318201
2758721
1415147
292339
2069995
907216
1375200
527997
1998993
1380097
132597
640564
1294691
1998656
1112677
1480155
1735691
1843457
1306099
1106044
1388801
653471
1172800
1900607
2385493
540750
179966
1492814
2698228
916196
1523747
1025862
901631
720836
2020045
1754902
2011128
208008
608305
1358429
85406
1023942
2417888
27440
475870
2159221
386961
629647
667561
652627
146149
2378194
1370884
844955
1933546
892679
945427
2366676
2859067
1672366
227470
1015816
1895817
2036729
1599709
2024942
1146597
865604
122602
2474363
2043447
270870
760977
258667
2530480
2736224
1704565
2624335
483498
1179367
2171744
2404100
657553
478205
2789528
2669775
923612
2163062
2352111
2056156
2879455
1080741
2306108
83780
890132
947010
1902340
1775140
1712157
64636
1713386
1784780
630391
914754
1444103
119050
2252726
525197
665496
1182304
734719
1693538
2504572
1090684
2444594
839371
317664
1970362
2386513
1484275
2640049
2795675
190609
1572003
1071440
2217898
2124853
2050609
61754
140282
2537151
798631
340677
724246
1764934
1131810
2343555
1283327
3383
1861958
1567732
2746941
2138945
1878106
773020
687137
1342859
1936295
2220313
2480839
1293665
1280951
1724234
862712
2550055
2123737
2156144
2197476
2616364
2366028
2689605
1812904
2136603
2311773
1270692
481607
1128427
694501
2605595
359348
2613014
2792532
2186826
1664713
535246
1726726
1356824
1964926
855534
1152267
756604
430953
1620897
2490498
1809474
565484
2610279
3020
2397872
803459
229425
590737
755117
1654995
1183346
576191
978918
981983
971488
2703064
1062523
1161205
2470191
460100
307889
1673226
1084096
204557
1208322
424581
2421371
1369012
1724384
1268318
93123
2019359
1057613
2019725
2663596
1807134
48342
1464431
2297392
391831
888982
414267
2494703
1165855
2809461
23188
445778
815328
853316
796965
2478909
103331
677809
659515
886092
52214
1590198
1365958
1275889
2595026
210705
963399
2458669
2353384
2184287
1199165
2612648
2759417
788353
1883125
787128
2826033
707712
2684420
720077
2207037
2059872
2538814
1226420
962890
332061
1819394
2320145
625594
2172223
2623040
1666326
1885172
1155253
525394
349262
960226
1669113
1259504
2630737
2527776
623716
729523
1972289
1065226
1388317
992709
2105956
