#N=5900
20329562
17223233
23391025
28003312
25508977
27030067
263759
10572056
25830326
5135536
31650597
33968072
34389655
11234572
4623658
5798817
11091666
29457071
3908666
4111084
6446414
20700665
25320635
10068550
23077802
15119352
1768180
960157
23257156
3475440
16938238
27136251
15787843
31170959
17003139
14936921
25273327
29938224
13731460
15935841
29629468
20416024
29344413
17854424
142906
34050175
1890151
6980581
23010657
7281587
2864036
31187865
21696450
34274870
8300369
11381231
26672197
22366327
8095506
30930906
11761184
20577280
34206698
850922
29971218
11138502
25279047
9337486
308755
28125437
21401429
11775044
9536704
19367825
5227858
17235912
11039518
18682151
28190132
26632792
20395138
3399167
22887496
34388806
7602673
10007629
3285725
19814877
34678730
22328226
20797795
10910262
25416063
23068196
34455462
20633732
10829747
31963611
22746058
12607298
7852319
26107190
30620773
27110793
8328307
21355708
23855780
8480312
33097013
14054551
3745296
10079919
30606495
2143453
31103081
11861382
34212486
5031085
23090669
23768468
31722164
32539600
528386
28855917
1502035
26565438
21961261
22296036
24111292
20712454
6060112
4815113
7042469
9265064
27328599
23921582
12332282
33874816
4735016
23017094
18258057
25675430
3050425
8008698
2740967
15335581
23580714
34517605
8118922
25361070
12503668
26939834
20301151
32846536
6894656
14016000
2454145
25322394
5499510
8559765
13669985
31605048
1560100
7194474
21006369
28263784
8450152
24125189
4880344
13869586
9230254
10249359
12198049
11788431
8501571
27106950
7216659
33029644
11277523
15989089
29133506
3730718
20045178
6285151
30392391
5645849
32590077
17967967
11652408
8704462
31073252
30549098
34672266
8106317
22817909
31691181
12647026
29390566
4158520
29440986
25745124
32251824
25821374
9164685
4571771
10281928
15829427
15301157
27969725
31620391
30753912
22848355
8148328
14399329
8505075
12424424
18067027
13149200
10968302
15913311
32915784
22966935
31804776
27054671
19532878
28237343
27532661
18016040
27719029
30790284
3619612
5844025
27680053
4803032
28145259
13344201
17122204
8282623
19357246
29194956
23472063
16354583
14343280
19797491
20405888
19429461
25529709
2153716
4307003
22811368
8182121
5861113
27507644
3567433
34332011
1516837
24591901
20815964
14396428
21875004
3110231
22890166
12508767
3599438
22490829
19862636
28796955
12000834
8884147
27076250
14851676
27748158
20022281
29723820
29077783
18252172
4386044
2718341
18045182
33255891
19377311
28688275
30412689
25990806
13785532
13516047
21930410
2716897
6969319
15579849
33439824
34320794
399337
27456132
9612483
34563582
242075
25794292
31959159
5209575
7053969
19937857
33480376
1770109
14601361
15623028
24280577
5940154
18151031
24166907
2843201
28196505
14902743
16896642
28133983
332221
30620315
30424148
28160661
7458526
15180512
5983692
24708310
645756
16477643
7891778
26678009
19106086
18740323
12021302
30612787
29357446
29410082
17857347
12299533
8661207
32281998
113669
27170540
14028112
33337751
20756560
24136109
14570522
10349913
21783422
6981560
23161789
15243636
11440555
17560216
14534756
24316050
6080118
32851334
21445143
23961456
14656707
12566886
13456463
6684807
12755440
17057913
20748875
20385350
1449450
5564254
7517472
25659506
6413979
24702004
18767229
34480234
26426273
31662548
21998125
6539786
19614592
29675160
708880
21934506
743684
5757008
26944493
16928662
18194627
32951844
34578580
32045487
34621447
31208551
20745932
27180091
4872049
15184621
2131464
10599945
23223861
6889054
6892276
6743746
22349318
11178268
12482109
19886487
12047956
16396552
29904493
21753672
18195061
19025458
29800014
18625023
22372382
18066236
17160083
10222727
33140398
3370028
11299554
7441356
15600088
5561311
14312213
29082105
16034347
30052410
27781255
16480115
19349737
19787595
29071638
26536418
23203898
20159144
24791994
25104285
22275077
10879035
16027245
34380039
20726663
997364
1464939
12149654
19735838
3053641
22996760
14962628
11843527
5738243
27939144
10591570
13600551
19069803
25374436
34364233
34776260
32067247
11482063
16886906
31393698
8912494
1744423
32909614
21957653
13912959
33150626
22705039
14225958
15029881
32915100
8577009
16071526
22484885
13226481
28846797
26020115
17258516
21833485
1251956
16211279
8869340
20027135
14046319
8367130
17380776
12145755
7152939
673549
2569569
15142483
33294084
11028428
22641465
23832575
23326201
23760588
18120745
13863526
29722536
23031942
10430214
19424114
22034730
31274771
20041552
31086898
14031744
25120824
12964145
16034822
2164960
24575797
26719945
25974150
25287778
16707227
33649773
26820457
2189465
26351142
27311019
33535096
11775813
22954464
5711830
9462675
18111638
29898804
3433311
10298422
997211
13965444
34192563
15021419
6506613
29730729
18122753
32806923
12219449
12461935
13388464
11000811
34098020
34086305
16397964
33277321
14517762
7298631
23583025
3464370
3838914
4356555
27823266
2313138
28916412
10623027
30102951
7813216
28901592
24277868
179445
10049379
31532418
28535421
20972252
32583278
6774865
5660818
8682045
1218638
13173916
14112160
18676434
24894285
19568543
33172919
33767883
316978
3459717
19226470
10451104
25599363
34323730
6463825
7020188
10366782
16531435
29898669
31707358
8115799
16819037
6454025
23887128
33759141
21760556
15311434
13164819
29629814
27296903
29379886
6615791
12353217
18617204
20313515
25936403
8515151
29713202
3804998
24675874
1933940
19712741
28060866
18579175
23956948
24742391
1195105
2733011
32489223
13079632
25253333
8302258
17869897
8767056
8575694
20594322
26940743
12088117
7858520
23014022
4207272
26268
21112277
21226815
34175640
25410314
11394991
18649277
17042848
18902258
31425009
7428352
30565793
27392062
17384070
10487523
16326754
22925474
1553265
24186965
19283321
16486277
34536565
21349162
16636314
20561163
1999388
28000307
31954432
31905839
1901745
17790458
24734216
30511964
33905411
15526362
32441053
27302733
11297855
33688083
23146466
28106534
24854283
9341856
328893
18532182
33007845
26949790
27715740
19876989
13723987
22007746
34659964
3238987
19349774
12709593
12680318
28977137
26098562
3427560
7171623
30273369
18695048
9207853
22144498
6602677
4228507
22826557
28229854
7264907
32907387
3068196
27777641
30395687
11144011
8189104
25626443
13130856
2489388
29781581
9290612
34558587
2657971
21950370
14632256
14446224
10684618
9252757
21805514
19898779
19542513
22037356
8128871
1355956
4979346
34127942
2446410
21037187
13992757
25161658
14297267
2511699
26734185
19588536
4769244
22086742
29773303
19918449
27913831
2740802
27123609
22150242
9189916
12285334
529338
5379499
27450711
14859426
13783831
23841744
11769908
7450143
17058010
8810930
33719547
18752160
9398771
12094752
30813506
11481057
33237474
29518732
21816042
28721030
24625234
8924381
28982911
27032500
27604841
5763589
17624473
4101861
10884490
3810417
19644623
20479913
26405669
27682554
27163105
30407275
30857321
2958977
8540596
33115851
23485746
10888381
12012240
21991300
13667279
25368361
24475016
28590030
4893497
2155247
34548120
32402735
5393127
12482908
33481614
23502979
18952685
13814055
19267239
25214578
1478335
16035656
17390395
30808395
31635234
24204127
11130264
21815056
3546818
21725802
21103611
1494446
32031102
21453880
32326285
9150836
20474864
11583355
18115497
7300763
31572120
11328797
22994707
16700149
28340224
19667559
28309327
17811694
1599306
3231582
31897770
5479941
19210423
27996268
8941716
33893764
9920895
24214463
711445
2052372
13768287
23723318
28051748
12143852
979016
20742930
15108925
2437686
14821235
6786700
19116057
4135557
17798574
27400735
12464408
34602117
18068253
25077745
9987510
30929365
18831160
3901502
31348226
9390246
18075373
19537254
22445905
31942110
34519763
11798128
32884211
25698021
22744302
7308818
31844928
22614916
29995282
8322225
18131630
34759265
23798126
15788908
26481150
7270044
9332482
11460250
13878192
21948888
6246585
6086008
23654726
33514501
20636130
11810971
21754342
10206849
9091078
10647776
23131486
32895328
13127413
25575393
28663094
129385
1387123
12786288
4483286
30046018
19334100
26416309
32351702
5791668
6456426
4284485
17465439
11457181
5213665
7792184
22367749
7542085
20259879
11843755
1023745
10429280
26793480
11106565
11148950
11005751
21593950
32366093
28305821
12998028
13451856
5140392
30456100
30224693
28262189
2140564
21767903
2806018
9223469
28067216
12399816
29809246
33880821
9673255
23899433
32481581
22342305
34597581
30591927
33904186
19860276
13990766
34090331
5051315
13586202
2856444
17509931
8595922
8177823
12429015
17351928
7300750
951789
17579122
32530377
25456171
27727096
28510687
14479789
14224224
28996396
26800148
29983400
25472826
22140950
24111853
25963241
12511706
14737305
5864746
34623856
4072547
404564
20497473
22351385
4990280
18752208
29154503
26053994
877072
740811
23846393
33653961
10305619
24662027
4019689
239968
2766458
34324292
11753228
19050825
27597157
4659197
5871547
23583172
9629244
9374548
20098495
1961437
34738345
5460182
14126383
16531163
19487870
25818852
17270469
13746287
17875135
17677277
26281188
26106699
25245193
33994366
29634272
34139237
11159155
28578985
23296741
18525634
6727135
7094030
13179278
4013985
19103540
31307000
3484677
31741393
33519791
3901898
22645055
18207182
20782313
12381118
23334281
29815170
7943716
34403192
22275099
26578437
27242085
16360409
20546014
15179543
12098797
1055286
10842496
27443522
21851850
16202711
5346356
26786737
12064077
5945865
24602895
22172148
21860796
23656365
9096338
15312609
17929586
10263937
29682902
15040729
28510988
13004675
7540071
16175280
31234694
29988277
30106010
1326128
28335199
19490727
4337047
19465275
3277023
29449786
11360752
19138700
28212221
23474078
2183842
24701930
18895070
946529
2339396
6548187
29800366
22905987
9703294
2888857
5826536
5941812
31574245
12335708
16579982
1625380
10142856
19172152
1653078
10615283
31799082
32943510
5477290
9697262
8104523
18948323
25311152
22696675
16954858
3510291
4579008
25310899
11626120
1610469
30029751
3506995
31654894
26911509
17079451
3761481
30198199
17564414
13435417
19212451
2192852
21481416
34782303
23601160
22183071
27593156
5137992
11365406
24838987
10602554
19196111
20217848
1993465
11064447
7381253
15717546
26694172
27042126
30091149
32192711
4765576
3118242
21237545
17156998
20786896
23588624
14399651
10985748
15371562
26764002
19240149
2665278
34108346
31262734
18463168
81251
26827755
18609025
26979296
4621139
8609089
32205251
2100181
10349506
19180276
4412714
20436398
18575047
22276550
16236492
218752
11682164
17141347
21722508
2757347
9801148
8217061
22445650
15819186
1969870
16729243
12051002
19012111
34027094
28508565
23927729
31985543
22206616
34073523
29584046
2520958
33069584
2288561
21761053
24723109
24678815
16946165
28273492
18356295
34667972
33905146
2569831
8924817
7340199
13505446
15121698
18055548
30320778
29789994
27841771
17767759
6775735
7616023
29894383
26115138
6301949
13927793
2401497
19685658
1003939
16559071
4833491
8346475
1683332
28888475
20523203
6322520
17088194
29178347
5050049
25743155
15828533
23874386
17876705
13358237
17994669
9405291
14287364
1816605
12277844
20225748
11946963
15470598
1314074
5230176
23713640
21426291
12923853
9916013
4115753
27467465
4139324
10755017
11896858
30170813
11800281
15418443
1272471
15418625
2613399
5249250
31940037
2470296
29953304
8471414
33880874
5441650
21201034
28871617
13943228
31617247
18911673
6716787
26566959
3961370
27116323
3061213
17310538
20266389
5776689
28170736
4834193
8778512
23028323
31288416
18161928
20455242
12805044
20096807
18288589
143103
10105947
23468623
27473009
13775240
11343967
29082844
26308422
13657374
34033530
7226441
5050288
4213889
3674051
12769332
21460832
6849934
21358111
23949803
4695782
21071763
29216000
8355778
25426585
26646668
7746958
22138707
2166653
1925526
9990860
18893553
31553682
31140708
1388242
22463752
22276818
21760180
29859315
8345567
8607086
29819641
27625977
16354543
17563058
31634117
15484808
32321030
26227739
286347
18807390
31150005
30455179
2569332
24682407
27361465
24480015
5821431
12147847
7346686
29255432
13660152
17505311
33163517
32937477
14438063
27414438
13931251
13153094
24113261
4793177
16326130
1520169
30801860
869735
20052028
29479965
15198460
2777226
19151321
28714756
16238058
6467598
3093714
2162904
18860975
4477203
6396914
639586
33297696
24651376
20165502
4796262
27140835
5749079
19006226
1284969
3301177
33211660
20900551
22593092
32874905
15456395
16278141
25395482
9744861
6538388
10328643
21293705
21349169
12683723
14884628
3338740
22416623
33426511
30575990
7484975
5989508
16555539
4547670
17765019
21584127
14416423
9863623
25855866
2447902
20604566
4458005
4781672
24410342
5444156
30388537
7479422
5711533
9739753
15066839
12524743
9262805
21718507
30482663
18010429
25077101
16268118
7572750
4195234
27437003
14020451
27010892
12298076
19044999
14204834
7901396
30538262
11968521
24069058
21397861
21739817
20267811
33823850
33276722
16930920
34542623
20648784
16486170
17260377
24550535
17421919
16852081
26062377
31451407
3478131
10437679
10145453
23641116
28362300
1257929
4402513
19049039
12806058
4396680
23316738
2236312
7905925
33213987
25038705
3801247
22384012
12536681
27410478
23354813
12627938
24518336
17282246
30908250
23137838
24481883
33298159
20780513
2637535
15624698
21305954
3910602
16885379
32961111
8502189
33386848
23261872
5833
30542302
10569745
20564342
14176337
1271194
28178265
10829975
12502024
464356
23102786
34718744
2892141
6072567
5793275
25454085
16873950
32420092
2357325
11107933
17673461
34284560
22800520
33549319
12418430
30218414
7572118
33772826
32569943
26918133
12692126
14251492
16365964
33372138
27196078
27419949
23579171
16977495
22537190
1856867
32382215
6293805
18189054
1511643
24008617
8183184
23096759
29839604
14746631
2882766
12381000
8197728
11129716
27392106
15240787
2719191
21722058
4727571
21080699
18318451
10552169
14129989
11129001
13019602
9792967
34292170
4882759
10985890
19405280
5506971
18477813
30870572
17095188
10005870
13224885
18242600
28246554
9477579
6722189
30622489
15826637
9062481
27766942
8410525
5670048
34586803
16448492
27477194
28985403
31024297
7189450
21606154
4337021
11646832
8136842
22880664
14886889
23449375
27318077
23344709
23221783
32545530
17645687
22926175
16569316
27820893
783997
21697652
28460942
21733295
26929134
7416112
3392433
27990140
26772033
13002854
29674986
9497782
20287744
31452836
26687276
30352619
13469311
5529944
20833529
8761054
19636174
15615767
227592
18846134
5699022
295608
15976214
13898381
11405764
18945251
34169951
3124288
29578518
10308416
18340862
33748995
15454080
14463165
22388740
6537837
27525111
22295737
6884093
14008712
17983525
10420918
33592676
28781844
9967357
29291349
8533462
790040
9916744
34741984
2869920
15874228
12963431
21104549
14538430
32355062
24176734
13125121
19593427
19903110
29664337
3877697
11360255
32989829
21748055
24166590
34463745
2779984
4312212
20536762
15226037
24011681
24527148
28374914
20248382
9177317
8638191
8601478
32730121
28852517
11042139
5838957
25409385
15418370
31737816
1413309
12761635
28347211
7534371
15715730
8542855
31484508
6203228
11267251
22599671
18968071
19854378
3190569
11627534
15110531
20083201
21661124
27836886
15349831
9000309
11646904
11257197
14595675
21632926
16154749
3443132
30433770
32984729
23996076
26730321
27464192
17952524
31855906
19804356
10859864
33586088
32085604
32958424
22045158
15486460
19409101
31414123
4743847
7180955
24776411
11347232
4733370
1924401
16189982
28166221
29214635
14087564
19176034
416129
15272743
7243607
14257057
27777035
5520536
30117138
29684416
7659836
7092660
22343405
22528752
12711440
11540930
5862730
2812909
14704622
10742613
1491732
6637712
28206615
26521172
12115596
19230837
11377150
7519767
2102417
33063773
18062092
22888408
1196013
20969073
22305709
1723071
8213505
32902620
21934287
23024478
31414598
19941085
18454807
10802475
5929608
33972118
31646309
19193704
1321177
32140497
17345998
33854147
29332116
8975778
15144022
28669416
6392006
2386963
24267676
3287596
21131346
21166606
582699
34282943
12755567
13476675
3862371
9262614
25561609
1993202
28643258
20612123
3275063
19292689
3229753
21545904
32650941
23579399
1847706
26350617
2808380
8370220
18710125
24736287
26657359
2020645
4401740
27177996
16065618
3101070
2704897
21658404
32484625
11179610
19684158
27566540
22725067
1869169
15429357
29023073
33528140
33424155
6645956
16539159
21451749
14460355
19698198
30373911
10034604
17551072
31714079
12882094
16522862
5953066
20334546
23552949
20765028
1300670
24473099
18480800
29500032
15598874
26047833
4918085
23264544
17814989
12137182
17775580
27224617
6078789
22377117
16988980
11972406
26995602
31650962
15151425
28499337
26220713
22733418
31962511
1028210
25761013
27357549
17043500
9261625
19033876
23153437
26357814
30684226
32947812
27242968
13845533
27144330
8232844
27590904
5488964
14663959
30131980
30208464
10235636
28916383
19455102
20148019
20894568
22569851
29503836
16491593
31346827
14456089
31782406
4604962
8058297
5762974
8323673
28700063
6977397
12423237
25015626
33924847
16838693
5803481
8273709
21064630
10918952
17642472
21532510
10090501
4428322
1215597
16947
24897618
32095402
31695252
14717770
28476562
26033025
15047747
19519188
26741865
30471379
15283017
20354876
14168234
22859164
19974023
27758024
7862551
30394545
19212145
14914724
19847650
18958116
25441238
23605706
828451
13214150
20316913
10073553
3604291
28003783
3131696
10179847
3618840
29735814
23743610
33030960
23364746
8649955
28309758
30460576
16303144
16497440
380853
10483797
14996613
24389479
8545879
17021414
34620482
24327616
24283487
31051944
18129664
12227088
3288793
25564899
33683445
16386717
31015444
28234445
24384943
32279470
10509824
29471467
6371067
4357241
4721202
27714171
27156811
11812317
30079723
29892934
25574414
64961
26011505
32785200
24578998
19028264
27547928
27642124
6197951
1319985
27763151
16638352
13353643
10975662
18623042
29522587
26811775
33545974
6988207
18987062
25908403
6152582
24750265
2730483
1274017
16982472
21708034
32073878
10311490
19278348
27955015
27599215
34369551
6983241
5237272
21010460
2093898
15491529
34688974
13633186
22776342
6051075
32825311
7904643
18973888
19887068
22534380
31898300
31711158
835624
29046798
12441505
28952152
31841380
5096036
4010139
6670982
26503273
4118863
6785861
19718798
10235360
22361943
13359090
28962930
13819330
10395073
12534299
16788773
28637899
15617875
14871699
21887188
12938243
20180263
11149175
12249497
10962342
26925088
19269653
6693473
32015419
31419056
14205599
14433984
2666350
34701277
23958707
6784474
17957090
19233919
30433295
5346017
32616200
27037604
5692216
31840557
16567175
31726425
1917074
30824298
2679632
29501437
1599
688746
33291508
8297673
17053431
4268869
29719670
11924183
16561461
6845021
28752706
14314322
25285277
19955462
6007773
28798375
424766
1874659
21427719
3395691
23727387
24849230
34544015
8775792
29923483
20552878
29046792
31299225
30822699
1990886
20283515
15777512
7708902
29022639
13388004
5129247
11780995
22874648
17981478
26320725
16369745
32870831
8306549
20560489
19530696
4133114
7370656
31839076
2220858
20652076
3661676
14951595
29735747
13991137
14539001
22697845
24540180
27055906
11015709
4308772
18355571
26070877
2389508
26653241
6505230
25323357
21957770
20270270
6504903
9184234
18014176
19882843
13340135
4173434
13189833
11765206
25985843
10792166
17440986
22079264
25726330
24480540
412594
7037902
24260957
11556682
11682136
9494994
32773921
9018419
1919264
15775917
8829232
11876152
4695471
21044961
18818453
2037122
26329681
10695647
30654100
13840742
6693010
25648515
2261178
2397666
29134221
27980165
9139423
27770446
21666670
18688428
219583
12929499
19429353
4029549
13592761
26737303
7575729
6261590
189187
14116699
11080446
22594272
27867699
26731935
18788867
32196393
30266610
12488939
4002637
5005584
843149
28368930
31324295
9091014
17331830
25437362
6313495
25260996
27550863
32810758
23332662
20263620
34146738
16765636
20527407
31404758
26548116
17532617
29991145
1668501
21059001
8422097
27878992
19744893
20538912
6299928
28193755
25261026
909375
34517295
8491290
26562136
300686
29960520
26851106
26880834
32696499
32386324
26001921
31360830
33474021
30640612
34546214
26815567
25027521
27068377
1413612
14143201
31283617
10832634
8599510
25387694
11956772
21579064
15624725
30087887
29464139
28486461
16769735
9157240
23480194
2604357
34521031
8229853
32074021
18538368
878913
25409256
33722304
19434896
31624616
6658453
5613091
31551424
25401955
147906
30594761
14654565
5543691
29969509
33685862
11094032
9762969
16678886
26924926
21948264
2581737
9570485
5006267
3428964
9446209
15250341
5340337
5246249
31424527
30738352
8889651
16254018
28594641
27063851
3085390
24146779
5330085
29538772
956663
10975
29414216
24698838
15778704
29259659
20206540
17006976
8242693
11888292
3360735
6618026
16941997
33962774
124276
13829512
22162214
28273547
7899401
9411986
20430185
15170509
2143711
16635801
2432213
28521449
10997351
32430206
23190115
5319110
124556
331412
19042272
24228143
4492298
33581729
10280552
8318248
13646241
25698254
19019881
28281548
6493750
27186072
1064146
6660729
5930111
12750228
31916949
27538893
7268275
3794384
2001881
32505850
5638449
28885595
29404920
29751828
32305649
22858703
21086838
34780001
30649114
20270544
13947591
30984051
9199074
8655885
13371953
9438279
19204503
26643810
16480988
34643022
21255961
23123919
33627368
2464804
29555540
28122565
25537012
33646013
22229521
31999874
27174516
34770209
31389947
6546217
8664990
21599235
16283176
816294
20832409
34475064
335056
5291706
17612098
34570795
13524968
10801730
17030878
19371482
29461436
17430655
25089241
8054742
28378380
5504802
11737793
19983114
29966631
17610725
30545083
22269313
24683514
20628299
15368805
9790711
14336628
7848696
766826
16618113
24554824
4804289
16862966
24647849
15840325
30883955
6803503
28963487
5413880
23673810
18355828
10670280
23862276
8848024
31126950
32468853
10348172
28937069
13511617
31770904
17000798
9916784
30974095
14892802
30365258
31593696
9023885
32528516
7367458
20036124
34565148
34716976
23773965
10052598
7107932
21686839
14733660
7203280
34681245
29553601
34621535
33581391
14353331
26203423
33309853
2189880
8220822
2650855
1199857
3594833
24870396
26181582
14361526
34190400
5868917
21910329
13489823
23797762
32773369
7460483
31072160
13776136
16872630
26160713
30128938
23978239
11079180
19990060
7391746
25173441
4463856
8418111
271538
1427036
7246187
30658998
25063610
4625988
1854046
33901863
13306894
25489996
20312665
16524784
9964163
6144741
23946961
6029340
16799189
8260819
25397853
28985034
18457198
16967978
15081532
34212465
16586493
20715740
4789789
33783635
24901903
27110407
25245511
4422541
437013
26693786
18068538
25971748
15392681
437636
2852783
31592111
15525833
3431510
16651409
28008409
13419139
15686142
4705074
22624156
24613621
8429875
13903501
8318320
381485
18439379
29422676
6876444
30623837
1752969
32611711
20479362
26673393
33361726
10427590
9275266
564690
6894487
12382550
18610571
19721804
34231274
4204287
11591011
14085958
965267
23303335
25604983
15146108
31085200
8720655
16295301
32121976
19537709
13705645
17578628
22625543
16933292
33148321
10144475
9889577
34059986
34125359
6661713
32797035
3533102
31702717
6027706
21982684
12961277
3669870
32204380
9408902
3239020
23097676
23290975
9892746
16291722
6147914
33660807
23036810
23992947
26663243
3806934
20985753
20845939
19240308
12481068
31117302
33898335
92702
3227864
1262951
19855843
33842584
16032915
16360419
18741440
2357836
13851891
3552374
430849
33180290
10191514
17419861
6805954
17143061
11041939
17328499
6228554
31071151
8493462
3007194
5817304
19376627
32578272
13802224
20151973
1651951
27889438
32635384
15046860
28268868
20040036
3495424
15101144
13675079
26582114
15189065
26000573
15481602
17434447
17820989
26374336
17122040
30451509
13551042
178092
4044375
32908624
3221360
25253847
23926835
29312510
16088667
34034655
30926320
20722786
22326590
21415092
34430571
12595348
11551436
13167724
6364957
986896
23985665
11748093
11100512
21828205
32253171
13180852
24385994
11443067
2086880
16943947
26407133
4716005
21030319
13600529
8981788
8718851
9165180
24702181
33196190
30175881
11708065
33584815
21102216
9731242
9863655
10526433
30303978
34638127
13255645
18690451
24696385
2157460
14304922
21993247
32252211
10073690
357558
7442047
19845934
32180876
19987215
2070190
30544217
12311467
4435349
8353194
10332662
3062885
12994116
23684962
33147252
1976823
23721160
34649369
3500851
34109116
32080789
11613527
9941742
11098185
4385528
26776725
28788837
28304819
10899275
14073750
25037757
2986682
22264832
7039330
25710246
31749335
32444841
11454609
1978805
25446051
30169078
10721287
4725634
280879
34773803
33307884
33285973
13685630
26642167
15960911
24167374
20982604
7227998
7238604
6382935
10890710
5141036
14715086
27340649
7912592
26618919
7262012
12086437
14589084
33478077
3519222
29770529
6998790
5359118
15331105
20720417
29888199
10757485
30301338
1804907
10351758
30739303
6588648
13591843
5659563
8732912
16928770
3863255
31147289
2097568
26477849
7623648
32038444
12169754
9342222
19899742
12029834
8593936
32640802
8892142
26479286
22233691
3703010
21088374
10280920
4573620
14492666
17346877
24479313
34372035
19289846
31569916
14343326
32665736
31473073
25869895
12395624
4094788
12195406
12787226
28942711
3571681
22355013
1402288
139920
748286
22068941
27211279
6188237
10407110
5189132
5390912
1216357
33939390
30669295
27744043
4167894
4194217
22130618
27719398
9292295
21434111
24170430
12547017
20270112
16641871
2938075
23681985
9962078
8623725
14505800
16804009
3431761
10870313
14143348
31812228
29370050
925416
11285733
797325
33264340
6059742
33605204
8282315
19035082
15738664
29687012
11258497
29711923
696507
27622555
20818865
25237586
7528559
33682529
20661714
6679793
29124350
33249771
17231656
29265551
27709074
26734247
30503120
16310264
2481518
9790081
17836311
2471077
5225991
2002121
24982025
21834661
7130126
2668889
31850172
20836742
18254091
18445943
32966645
10268922
9357582
11209922
28649459
848766
4558179
11485529
13521724
23932386
5540697
14570995
22836018
11398810
24252729
20713039
33283954
10440
4564090
5097775
12299053
7464917
29681996
11576721
24794489
10366971
8488385
2667815
22680098
7985169
9088361
11020308
5693050
8508816
6651743
6427515
22137043
4699380
5944832
23024315
1096368
18215473
25128267
2122978
2188443
13505875
5412535
17449764
11784974
21172760
10225780
722332
17480428
8578610
27161923
11390260
22496874
503215
28389455
923375
26365706
24653132
28442152
34075535
21181774
1952363
24556270
23186314
3603012
11802946
21969635
23046976
16027030
885978
31520444
19548680
1720901
19049776
31297571
11062642
27765918
25720757
32443996
30163755
20891737
26658708
17810805
10837085
33021097
27809910
7291224
27100172
3471358
26489788
33592852
22069046
33159352
2016910
25290266
4629622
30585917
21083657
26336533
20551937
33975078
1734253
12324696
14731846
15357445
29650401
13428646
21675750
4829020
5785288
12352950
10054652
17711198
14074482
3545860
29994512
13602138
4875023
28317320
16212312
17404023
20839528
20852367
17793316
6240994
4206608
13103090
10033980
21918580
13865866
32300828
8506818
21186809
17484296
1303199
17755282
24821381
31716945
9322800
29584369
12147677
22352055
30582378
22526687
24545930
22744424
1677191
32199827
11544587
7477792
19433532
34420708
14598534
16645759
28763813
31017015
17098029
34047225
1806739
2675348
27489057
14816532
7203618
27505114
16736502
28469842
8432482
30047013
19569267
11044332
23075577
24430991
32616125
7837954
20849495
27156104
463423
18272986
2029881
11933880
27689258
2787773
29730482
18391520
34357731
29526589
18473862
3686266
30631754
11063794
19545317
24057530
22153617
2807363
19072632
21499490
8900575
21461737
31045022
19211863
13238207
4501209
3581496
29533608
31448117
26650096
14389809
23339544
25393729
34052109
6276985
9297738
27313630
24277480
23991245
19935050
22968421
31483655
18950950
6574224
23720178
16737954
29058484
24727714
28716789
32420896
14528054
13762299
8223529
15807399
15630367
7778186
7863093
1004987
15143798
8108573
25329954
4411287
6326145
16095991
30812066
6073092
9380079
7378579
1309058
16581177
984100
16394197
7763477
2212996
12325741
23066051
12094752
31447589
34273246
4218076
24197367
33530656
22205519
24518930
7944306
14625380
27444389
23828107
34558621
34806098
1782427
9233963
32482809
24326640
30789498
23433486
4764033
27608903
6394479
19724862
8817700
33581104
28142043
8771013
14191831
15688153
12866391
31950263
31323809
742590
16822558
23752024
14849936
7580139
31884542
18926200
4140346
16711878
22045679
25324658
26396875
1529374
2518051
9049323
19562607
3180595
17039007
19849172
8054788
7623376
15656406
24120274
8652859
12453890
30714622
6315155
8437931
1387387
15127705
7571785
20702654
33316006
26677483
19997323
3439793
4436250
31690521
2889275
14388589
20516305
22806606
17347552
6040354
23411043
26820317
34523436
19199394
33489218
28266352
18744515
23044104
27276103
17479239
26411290
4015959
18590821
25997451
24939733
15494734
16621700
4967889
24778918
19139799
11504819
23116803
550518
14121247
437802
14892669
31851038
3739537
23469150
14600822
6326919
28285236
17404686
30330670
454879
10445114
990249
1265276
31442814
12523730
33698419
413839
3149813
27169674
9375751
9235430
14789403
21555488
17536657
1662115
18589281
32193572
11942587
20467849
6343796
31508265
15497106
17250215
21486205
29993915
32006137
10806249
27830357
6959572
29340421
33999604
3075886
12540105
26450445
20292561
33447504
30602332
25848088
17987970
12380271
22630264
26508774
13127288
27039794
20153085
13793115
32931432
15113362
15244322
29044330
23903582
34095647
9576777
20054079
10679956
2163558
14310151
16275829
28640754
27957272
6063902
31622746
17593326
3166188
30658114
29254474
4723120
18222061
27291411
26289197
34062984
19664057
30429275
23407760
18181948
29113310
33358793
27960689
26019781
5222262
19467553
3849503
23415691
7413219
29817514
29214128
32406392
10426466
34285514
21091595
10363946
2897714
964632
12412439
22516654
1699639
26036650
13243924
18969078
7627353
30669922
34728811
1482109
25389552
14122553
14294846
3093529
28136531
8493136
11433864
16616572
1317920
32915576
18275150
9816827
8654634
29738615
578383
62519
20651386
20126963
22025094
4454646
23338580
10449376
9272730
17540562
18409296
6647589
8313854
6145244
29353957
9869843
11260849
11559608
20796023
29875297
26469666
11519958
7175216
13328288
22415009
26311093
13524528
23346536
33312031
8592115
33160816
4525007
2111012
5460325
31598384
839304
29991917
29871605
26850080
26698728
9226708
12264052
1367218
22517597
18957982
17794349
23883821
5459139
19899943
33349652
22700081
13141378
13178536
4937709
23877347
33878474
17072649
4932413
14259307
18050609
30554690
16964076
7736624
1271707
10278409
25800366
8799225
27366776
9908483
14586028
14595095
10782697
17379657
18382870
33443777
13498843
21967993
14607756
6832644
6758565
20171116
7025958
24074031
14110062
11938647
8208520
8882753
33832041
9187724
32105231
34387572
18546568
6685667
6009845
16546069
6985219
5155469
29023197
12771681
23199372
21279958
31022226
12148921
3880814
31224878
8099607
30739785
15209428
29246641
23880273
17494534
30134640
19160898
5129097
5227309
12916607
23094383
11587523
23518056
14714742
14683150
17641312
2000499
23774035
854376
22332873
29023539
6029683
31816826
16559456
11050451
17399144
23870934
4049313
32024616
5279036
2926553
30933099
32524894
33922001
4719375
1629023
14170917
6244291
16844714
28449787
24208552
32453228
20977960
29950330
12714243
14982702
16786936
3741213
29560496
18898280
14589634
12464083
29789233
14417681
16762108
31074725
9448115
18591898
25196347
1091517
7564143
3814553
26213723
20159457
9014670
22548671
8857896
20531131
16845740
8465073
7471827
18331808
9002570
30068845
2426980
8973030
20232206
32698657
13225166
17096413
13182634
171952
30511976
33524509
4969566
22243797
5878378
32430184
291341
10645380
33761382
11478273
29609884
27738639
11301561
23293539
5702931
392822
13059304
22587518
23536090
1476569
15904828
29540
33910225
28611911
19821451
3135793
19516023
13053213
10658024
3731712
19275973
32341765
27646131
31422970
11216042
19306585
33478803
23623069
15845497
6022743
176712
6316344
11299293
10908738
34307822
17925414
930319
846321
6682690
23506550
26449931
11366503
4281675
30774432
9095888
6768238
16551356
5047897
28587241
13126259
10895582
11926590
10389309
32413133
32754167
22402974
3461088
16719646
23446357
9529152
18797036
24077974
30892110
28183880
34052006
33461500
11242723
1497356
33279978
30126188
8488460
30485500
2270615
21587024
3486661
28121578
12990997
3425097
18225902
5924237
26810537
13292450
13982423
22796335
28952045
5298107
23030204
18005522
32732611
34178383
13447043
25423157
14099555
21504197
6204743
21818235
24255109
5190122
27818897
2794477
27855573
10975023
16262425
33032624
8596027
61564
33969263
7066760
11424560
4933452
26751815
28087789
8413992
32757903
23839718
210108
7375497
23661822
4558479
31383041
9342414
16016433
8482000
16354907
21322674
1014620
28809339
21460632
12144550
6107460
21342053
18896535
2378996
5464446
23136948
1529267
23447005
18299397
15124946
7410358
31329461
18067498
4248071
32277470
25382406
24251483
30461630
66043
3582994
23352047
22901041
27797508
18767345
7467379
11619154
23935629
12943657
22701879
118578
17321602
27802051
5141193
19833174
849729
16827442
28911137
21214322
5300232
21779937
21131034
3162287
33861991
27495093
4070175
1815840
14579949
20668489
7109582
11975003
10595487
28658289
4697247
5441939
29641717
29333723
23727276
23817051
19695642
18973415
29787386
21562014
26952322
12387337
14995624
14445408
790796
7131200
24156874
2137945
22727947
28445942
23165699
21309737
2178729
18211687
29516259
2604946
34146589
2524880
7277755
5153547
33826573
34247112
5788250
29898253
9638081
28827447
28839665
22207214
26831094
6663635
6566390
12506914
860127
7864424
14362120
22726438
19213254
30520933
13782246
25491797
15530799
4954012
26603479
34383784
8138685
16254964
30137192
28993041
3508308
31914231
23438884
28001907
24609030
1034390
1058587
11504454
1996353
11439616
15640824
14324180
29877094
22775553
22218380
12943690
12724757
18651188
8944191
28531458
4253720
32901821
22961905
15957016
20888914
10348514
4246592
13955644
2010242
22296547
29627744
10316402
31378788
11668080
26943319
2368162
33848038
24428972
30673631
22482173
5636109
16938857
16179387
16933404
10050796
27640779
28073086
19003300
14397468
115957
29643140
12370291
1276492
1876976
11710424
6933270
8338272
6023631
8401487
15767426
25727760
17959664
18183084
18274211
12630043
26587934
6504532
629450
8056449
13734773
6302786
12776292
6888061
12612195
23670319
15121083
13243310
17220714
13433747
2027177
22913052
17029749
24733454
29153223
28348705
5686792
22605370
16644433
15105872
14515409
32394343
31527136
5329621
15668736
11769679
12000592
7795071
27579760
29136665
30090158
30920299
17764178
23915974
15840564
34178885
30523191
25760923
11216133
18381249
31213998
1367310
28569829
23491045
8310247
30621440
11704272
25390921
8089960
8323676
7652323
9185788
16725607
19757457
28139030
31947252
8263506
6937514
12514914
20733047
636072
6174184
4343321
18395294
17466369
24889642
12226338
12141942
29356926
33922409
24621421
31796540
17130650
22021976
11786773
17729327
22531480
27454182
17738598
22977759
26408070
22704867
15856759
8851942
757537
10465101
19432337
22340459
30375029
30414317
16389726
17050779
23517815
14263680
30242542
5324427
19606303
13113930
11594108
21633973
6055345
26673032
20009766
34211324
23564083
8406178
24064315
34363721
25119699
29843732
31194587
17556128
11210916
5391657
24229605
13227078
4163659
13091607
30024320
2587835
6896502
26199633
21618238
7456974
18730964
17128612
17803906
22045917
31132171
8994663
25697793
6654022
27182536
11603588
34220595
24010362
18096480
29030584
27242721
31637157
7896402
25802930
28136524
32793838
25301585
401584
7276345
25649411
30268692
3824686
15779598
34249529
31542256
4489625
24463068
31495048
10070028
8809243
31158124
24478149
5885714
14094205
31317015
3172173
17580695
29263598
20841228
10532909
21134181
1439791
3500633
9912565
24574932
16998525
14781079
34462175
4942893
3451659
9869812
30829164
31166018
553559
9786460
47208
18493184
4917411
336923
20401880
26997116
6327505
17234721
2713540
20587096
26127003
6404532
7047786
8129417
19401437
31105863
11221616
938446
21312109
19205073
24922758
12055632
11329420
13855948
8923730
7095642
33389840
21042703
20382395
16870375
28942636
34520286
22164891
12730295
18083005
27240746
13547162
9813996
25917718
20382595
13539310
7261172
21813095
15510
31717801
7726577
9793754
16090130
10825689
33330064
7875653
330395
3131901
4233778
15276109
11954614
10786833
16519465
26910068
9935696
18779071
5475927
5700867
29734146
23256720
8269009
1323027
27974567
20348272
7920132
33379501
13523800
10353372
14086518
14295343
4891257
20974475
11273691
8214477
10495293
30198162
3641875
19864287
15250874
17520531
22830231
19854547
24924724
32550395
10697727
4234829
13118511
6292793
32241859
17674705
30092154
11994323
17476482
29405067
6824472
32376761
19292983
34038458
29535702
17185629
3021652
31486780
10479182
5149115
4572602
14704593
14947288
10194930
21107643
19469914
16669394
14353423
9156820
20689894
8695469
4404933
30876558
19517393
11010640
9511121
198222
687086
5169851
9173308
34185671
31669601
2841059
26180940
20280392
22122508
30780034
32682537
26914178
19848176
14275414
18451259
17670536
30287374
28335537
30827807
10313094
20053087
5657953
4751886
13886923
13251663
17467880
10629023
19319171
34397141
4341270
15098501
25385003
32383838
6332249
32078318
11389209
4792137
30210907
22407856
30018331
10931858
7670709
8462919
26251226
18798041
14189309
21652730
19974280
32356037
25169854
5561208
6166164
16479877
11357593
27331487
28742493
7144326
6287753
28294257
9012138
30841020
32839838
17380272
20994629
1540112
1867411
13054940
33657394
8542634
14737147
21555412
8754219
23682669
18347197
4598496
33633762
16643273
20556463
3676658
26189873
8689976
18277201
2908264
11810971
28286854
21043734
448236
32942189
34330321
19528005
15705453
9846391
31299726
4776447
7939689
2692719
17398363
22391380
12101981
34598416
25864479
27281802
28229309
14122494
1703924
18852034
19220690
25263401
11866486
20209457
12545195
20952592
24800348
16674531
11362735
19418252
10787000
4993817
17236736
24483930
23038280
192592
1906702
28607007
11451670
9621896
14664324
17609948
31336902
19630180
30442694
1005571
25577878
9377275
29711805
11250524
6985548
33821233
1981792
14987481
30219110
30680665
33663443
29455682
5887531
6368918
2181516
10376657
6029124
6307730
22577228
29241273
23550922
16358393
3206269
28651723
2358581
29844145
11240841
19594917
18125888
21065419
6103767
3590940
2391727
30700572
33342319
16071653
3602123
6111128
16134039
24837015
14056720
16558111
16537752
19584461
24413380
30683787
22609430
11597852
17566808
30292422
15298590
18972786
3263398
8172124
6674468
6837251
981843
24985423
13491150
14534948
18673692
10213195
5058622
10393660
27098449
27231191
24011201
2838695
16127995
23649514
32372850
29282260
26954732
20663965
31785032
2079114
13116979
16390595
31109262
22667609
27029024
7126466
12298317
20499734
31263868
16499046
28156102
21256896
30385318
3277954
9476325
32353618
7188333
1901018
10456046
13523340
366782
361687
5275846
21655736
31504783
972470
21570815
14139203
7546986
15394437
5779853
25259370
24171572
13246382
10369292
30602877
34746185
19872858
27153633
10006972
20923729
14141733
11780570
32841700
20163208
31648894
11161158
28474993
1534236
10094359
8247494
13521047
3666904
28376962
24158508
6629166
28235485
6176378
32432937
17097617
15296452
16607057
4153664
17642282
2573784
14570021
27522831
24739213
33759129
13011899
22299989
22892030
18052112
4205263
10944128
26498216
30114657
1066799
20227499
12086776
6427454
14680533
13436126
21111325
24215064
17982130
9006229
11137868
14953513
5089466
2207538
32464171
14033273
24393644
24929452
12644572
15620892
14510931
26512811
10867099
19033374
7358311
1211488
26363897
8900607
33950915
6270717
7291467
29449346
29620553
33460651
9389716
14539055
19527583
12105096
13077196
27102204
27990350
8930329
17299343
25866193
12623895
31608306
25462288
32846339
10418520
10205348
4753793
19551144
19154499
33729198
27479478
33267705
2070573
20093180
1609140
4501569
723751
32714403
9323216
15081497
13933068
32094621
1461859
16498966
8188332
28220454
9802861
26197744
20380021
9764624
403905
3851143
21189785
15256940
28092546
14940963
25860849
29908182
26881666
9960381
31658625
31459885
31658565
21642591
19369429
27778324
29988354
9715840
18781335
1302182
2883224
21507689
13169874
32124993
6696105
16800589
7840432
24111824
25793839
16528878
23384839
9220551
34642185
30322409
13469678
22257950
22869298
5164054
33059558
19495368
13111816
34089621
12090456
27953828
26464237
33727175
8996989
17949758
6832616
21347232
12205894
29641819
4075170
31179286
24284560
6657868
15080337
15385141
726984
5836873
5960280
17136017
30560874
1647820
31526698
8305623
24008393
3373930
16125825
23043524
7404911
19967989
7625383
2436868
18956838
32588066
16158145
11723344
29817451
1264383
17272062
15836609
29430846
21490889
5362534
8899419
5930883
9243464
33498447
7664554
10086000
4312460
9682906
22255251
12449428
28152768
16253385
964868
20042605
30967836
4681727
29041630
25084738
33920905
21088723
31307081
2770615
4157348
29261283
13980841
6643538
19854759
34547662
20531426
15560006
30929071
34284560
33076330
23231051
29185987
22055234
22640750
15936618
16340139
6001865
11484560
8110162
9359136
20356728
25810976
5883098
5570822
7952907
17851243
31150290
6194961
2045798
12863360
32323810
9406523
3506766
10185699
4294753
27692177
10320453
6557262
31771607
5098572
11021096
590301
2512955
5715095
5902470
4452058
32303564
31452730
15201418
6372773
3476037
14785906
17858069
12105442
33304120
25831532
15805445
18286930
32754739
27449276
33430181
22138111
5111770
10624590
34675246
21811078
30730571
29295468
19609753
20444892
2585617
5306001
29497831
22134483
32295119
9259741
13324227
25930790
17240279
415512
23324705
26180596
5555373
16100123
20373584
15017190
27886794
12429756
8930336
10616627
22337506
22805591
11536452
7374279
14704020
29453365
26274911
34359265
26709850
14303752
25757062
4524721
7820883
9501676
8810256
6364328
16093049
12908714
26679672
25869683
18933726
7224582
29880599
25348184
12286916
32017415
30160441
6533753
24902251
10198332
23153762
4226813
8101571
16893087
5172954
4418341
26817102
11971159
32675790
22185129
6482869
16255385
30524465
25530141
17482214
30711543
3758243
14296952
18048575
8718676
30799085
17659129
19011253
21936771
19261330
5753163
31188751
19962109
18189991
9939024
2096761
30334262
23127445
27756816
14149572
28011796
6552552
4631972
29561876
5683991
15734251
5026315
33583172
34622923
21771898
27258849
1926554
19113154
18307868
24463032
24517424
32935900
33207800
13258090
14821607
34109222
11636758
10513313
17865348
11929316
21621579
33223532
5448275
29925650
21204264
9517600
22523507
24942148
12971308
24535561
6910820
15921328
18064418
30397910
21959955
26732330
33024567
12273522
29405731
9445555
26065233
522920
18114293
23172165
25694918
28381881
16243874
34517443
23701734
8715402
30554628
15769516
12019268
30740676
31475730
20335703
20619878
32797946
18031328
31859981
6471143
586497
18034960
26142088
32183343
9686433
21400186
23579012
21018290
28882811
26141263
26966654
33711589
13805998
6928291
25987476
28753734
31602058
28036402
7932218
31506135
34623952
19103787
26493565
34194385
33487784
26377962
23569898
26326803
17444831
3088607
4402642
3213154
8348527
28815489
32677918
23478143
27327375
32247750
18125223
19244809
1598850
9301949
31797700
9125851
10136234
22024661
20821516
24169510
28222450
23638431
5012570
24503154
9689590
24189190
10624486
31234568
8933131
9744877
11187747
3495262
18813667
34470740
29418824
19680384
1488114
430167
29426507
32156153
19912486
32896861
11520696
16546586
33975716
33846625
23114336
10040311
28612212
31993085
19156940
3719296
3212427
4896967
3142254
2528608
15256058
879609
20046821
29511456
15004797
790593
8886439
33943283
32982626
28988657
14327464
4141961
15327682
31339647
20635457
27439487
33731146
1747657
28242250
13198991
5234413
15194838
25693372
24892916
28780658
3523559
24650629
24757406
24450909
2262645
17291788
9818189
9948398
8519814
20625017
5135101
2617968
3971369
19615819
28840665
2924560
17797817
7580091
11961782
21682088
8151386
23270823
9795741
31323245
2310998
22315620
15151498
21224181
11433399
24315874
28096839
13882650
22387984
31539205
3896306
16387833
8771974
24003173
28886884
29975433
5917234
20329282
8587304
1046808
1818002
10524160
15036365
20189316
34238706
23500960
11886347
11638142
20959825
11553708
5435332
5160404
10882221
25645625
27937343
21624335
26001477
20631221
34059931
30073737
22767231
14703133
22310950
2870128
7349525
8557602
21388129
4870425
18511280
32873145
10084030
5702273
359041
26345406
32376555
22600564
26614722
332639
30276396
5063006
24745074
14599708
12033062
24067886
23717735
31379709
11637991
30737740
32673991
19356798
7762787
19897103
31427195
13753348
16292000
2479100
14119908
12588571
29596396
2072593
32514104
7812211
32209305
12568478
34540685
32043916
16397754
21551715
34471153
15676688
27839945
677187
25691973
4726940
1693481
17053582
33515719
27091194
22974953
12776888
12003190
18083026
3605103
28948095
23707026
27777016
31766292
1310901
14884468
21784184
28746876
9209212
8081527
165389
30980724
12988969
21646349
721066
17785357
33793966
14058302
12376590
33793707
32711978
6021222
9412288
28888630
10002417
4351590
28965513
33245372
17865096
18449587
34711675
31991804
22396125
12892548
9982107
31447613
5675256
13702657
28581486
13038488
19166145
13329041
30259658
19277199
22662384
10736351
5408767
24073846
5419910
30428955
24381418
3823348
20092392
29134285
34733117
830632
21296495
34589513
33343698
20683293
30863462
21819127
11273282
15022099
7217292
31089451
2866126
16710354
18610099
15252445
17588831
34698947
14740243
8786893
13868432
22662125
29390027
33863400
34502428
1596562
34410149
19320720
3900232
8525346
7837790
24217191
2296935
613202
27799638
11524571
33483597
5104949
14601835
14993832
12155973
14580524
12479352
11687268
33931524
7984739
24585789
32875524
20830515
16151705
3470453
4078619
22969698
27793465
34263251
4445294
32506331
15148389
11482929
3756628
6228411
7224588
20491140
25582365
26013192
22694689
20996323
18489765
27758977
21310
2514479
24542292
4722587
28568200
21911480
25129587
21964225
8434084
18668657
6015482
17255594
10486988
4625368
7787989
30097135
8378448
27772366
18013289
8919977
4258341
18075489
4719633
5284983
32606452
28659629
7523427
19009299
20975012
15975286
27290272
19372310
32829867
2630812
14403001
30677562
2740982
30534516
5212329
15252077
8181669
1390113
33541191
15199854
31056921
14825624
1347432
34268472
12777611
34747801
28273931
23046945
9542624
133591
21835143
13597153
7684616
26358142
15792614
1602702
7219006
24659460
4969309
2152304
23963417
7942071
14728819
22298906
22352847
3822215
5784472
27791816
29216780
18715567
3116007
31598450
26121600
1409632
30068128
13804253
14468763
17403925
25285389
30755472
27258976
30287002
21878126
6081914
8402722
25943155
31443393
5066701
24769630
21100825
11497072
1664511
20399225
10906604
5778019
18634618
33489023
21878906
24675808
32428331
16667553
25779962
25603909
1580933
11014456
12664202
23328865
18523292
24954950
29808388
8877346
10440647
11147866
30744972
9448522
3336020
25247112
34416155
28379630
23105119
701600
590468
19960078
25838193
1491168
18709114
28768811
1060691
29284940
22969433
6824422
4350206
14765505
12939706
13062069
27301165
22519253
17594064
9645946
3777889
7924108
12942375
992125
31885432
29571447
33915954
9766391
2141993
33714555
27789162
27218627
33746994
23172887
1250964
21142969
24504063
13497761
5799377
29046270
24934734
8203928
28694717
15361723
11537927
14494040
19541592
6918805
18741364
9669956
31513572
26859350
112262
7444515
25959759
22119041
27429454
201399
16787229
33806953
24041148
28689862
25967663
1867611
22742410
11826790
15343592
30267794
12636614
32405450
351553
33646597
20739588
3464262
19893718
28692708
30562677
9871636
10215234
15955600
33631280
13332643
899591
12803222
14825062
15021946
5331812
17696087
233838
22907368
7839290
22173537
30021039
3404458
21334020
27284617
34000177
7011728
29916241
13800017
11665862
20960877
13752879
16120466
31785173
10022081
18477474
14607077
313943
20956178
4319595
20828058
33317582
9951232
7471410
21202561
14788108
17234445
9856797
12870302
16959916
4434832
24913104
2736422
4214282
3585877
21441962
9463746
30155867
33028951
47138
19618983
23985705
27804385
21716579
6441682
33781725
21594882
34361069
14295885
11712183
29178363
13356648
12115020
29973125
14310552
11345764
25991393
24348116
29495552
22767199
14223494
220550
21327226
5368046
18824123
32313598
12486598
9416608
10536884
33116832
31126341
21975990
17544023
28832660
121697
30964201
8749426
33956286
5182705
25012824
34407164
34015239
23119683
24842843
28055319
24772437
5923799
3224194
34198209
29275002
25513559
32929034
16206428
13087215
16955035
33481102
21776714
3443353
13100268
12634480
15572809
26367267
21854293
10653409
20083234
25048999
25781495
18546603
34359123
5977467
1893140
33637908
30033506
22420833
18919043
24831125
14647815
11458798
1784221
25342761
2332160
12426344
5237585
17535327
15384087
13511682
9644420
33215821
11944131
21543001
25590188
4919399
6284033
20878881
8945501
25610218
25499877
19804028
5917048
24794802
10753962
3545894
14718864
29275968
7773018
31533832
12310490
13378640
33200225
24167878
9368762
19606834
21115844
26535904
31964494
16978267
25641138
22911419
7625633
7024731
4522554
28784893
20047485
4747401
30189005
23951474
19693170
24778662
9050066
2371154
10075937
5551581
19846462
7258619
16965478
18467965
22407193
22952613
28083465
13593391
27125621
17642858
22452341
4137576
894766
33126661
33426221
7879992
7652451
13650740
11050833
34585154
22669475
30906012
19864232
5410343
14901408
6585601
14702724
3498485
6598279
26890905
23396104
1378497
19661427
18086452
14458086
8813802
30636993
10440607
15214637
22988044
6011678
13399266
5521356
17088361
14737796
9039067
20902746
7877298
15054852
14954821
14720921
17259131
16004604
13278631
14781206
11402923
24060909
22621820
14912382
5219781
31303065
29383239
21730412
10847625
22259460
28091066
17672751
31722535
28502516
25888958
17466688
23733318
22735057
20555876
20259201
6860498
18057801
5947925
27966377
32605722
33760218
1442290
26551512
4601681
13291308
26969386
20564128
18841128
15392342
9602730
7562956
20455440
7123779
28449346
17248460
14610511
23662137
15857380
14255847
4769198
3153901
20984399
27547703
5138144
26571661
14311276
13704122
20262080
31071295
26524087
30127796
29158536
12224569
34392127
8111140
29260181
840630
10961398
541757
19010489
26552538
13923611
27280566
27323268
28860796
1391080
24428251
18892939
12703479
17345034
12031495
22089343
29222739
2500013
26244023
6309581
7313568
21990036
14207871
1912758
3563104
19809256
21047396
7037974
22815083
21223329
17982010
5903727
19218861
21428147
26539924
34039270
9136402
25889486
26968604
9967856
12761187
7083217
30935031
25424137
22932296
33605069
19918907
22913158
29996445
28327574
16175297
5400810
7690518
18472201
4938949
31335130
31804174
34634067
23865965
16911355
2004468
20627449
14173804
9253177
12291745
24724024
7070666
33978546
13128299
9148973
3106412
22147051
18960921
32139962
29578817
24092725
3608624
26401333
