#N=6700
20434955
15621513
18482479
26075015
17273675
31421603
23832865
4012081
40937377
18886892
39012004
22249606
19482978
21611056
43223550
41050903
19756045
3192785
34877747
35689558
33406332
26853092
35460757
26750601
34587766
33795221
18113363
18506074
43288718
124718
34761370
32013541
43237839
24714477
2242150
6025193
35374227
4945973
9890078
11451371
37057515
17400948
23916056
23322076
39508612
32794365
6173156
28956488
14676454
788255
37882401
44309332
29918927
39319137
8637238
16081692
28160104
17988645
28634705
11275177
39430481
2810493
29771391
37212645
34230251
42186178
33788716
16686456
5542059
37379130
32425315
13735439
15545937
28775292
9912520
10552124
18117911
5384901
28727687
8020723
8522929
43453265
35672093
13837235
3922632
28302194
25100588
16884927
16211765
18587812
19157387
2217835
13470243
32475214
41077530
10307395
29407719
41299587
21914741
36696621
14596793
41303624
41476520
42647414
10657381
4527619
26714437
2860788
34515573
22928023
10002230
32339295
39530633
133499
26390248
24691306
12090429
6512776
42617541
13993929
5117569
24335774
6030306
40816449
40721096
37431544
33282654
37601099
19466394
25501118
32873702
9602979
23409842
29712501
15932977
7796593
14902047
41440015
30512158
2176278
28287391
2632331
43602648
7602927
32933070
19877472
26963765
42986501
1395207
11045367
727223
1954721
28504679
6252363
7533794
3119997
17965150
545136
42380998
9863414
39744877
3161201
38560003
15613249
14810454
12146562
14938036
12725769
13152624
20643427
41117232
13448064
14589262
16488776
25529162
34836570
18482265
8681998
35022878
37094087
27430689
39364860
39310927
18148282
33177214
44642259
5629000
8101735
43343861
39219797
8957012
24131628
33240748
19177041
675213
2084685
36647539
31948210
9262138
44594561
6054165
17392056
25572502
17406292
42896512
9610764
44703693
19041779
26141309
33311618
42673160
2046007
6187646
32322269
12519282
17839079
38951999
11299204
36798324
19212233
43632650
34669972
16220015
31156063
20183103
13617004
30476148
36942978
18657645
29523683
19022059
33537873
19385545
8725338
10356200
23854733
28359456
4155675
14022219
16858902
27123972
10350891
34416726
26002168
31023870
1220078
25930755
19739766
5320155
39781953
2992218
12476587
14486869
2603011
38333516
28130125
32612960
38606066
10684519
22773372
10138138
10296721
15945273
33184413
25255883
6200525
2596113
4264154
21921703
3671328
20095776
38775405
24217022
33196648
37725013
11284104
33553524
31038803
9511148
30497169
25295084
38042808
19033072
31246744
7643652
37381051
10209206
2603187
28467928
387798
6828099
14607326
22694439
9744748
30588299
13755329
21932422
43814786
21821978
20799899
17107907
31789129
1050392
12932918
37296725
6686210
39426556
3056355
5743718
9121941
11464097
31701941
30399156
19305622
13801138
42694065
8913123
2585007
40665089
6624202
15346960
34736951
28909027
8939110
25465927
24427114
36823351
1132523
19470479
34922850
19749507
4174989
32146004
32017782
11159962
27003970
942492
23068215
36482259
11695378
23612786
29812076
10664402
25358691
10392499
11216131
2028976
39942522
24891648
43581739
15368775
6407850
9271024
4481913
17005759
17097003
42610235
1900501
26273017
15295490
40430447
25385325
37905027
42795635
23838890
25745348
35411712
34137114
44345429
44323784
38684577
43144096
19419577
44338272
23329715
8103578
23978084
40990839
24573746
11247397
34310714
10886862
34292092
29827622
44415280
15105258
35713987
27314745
44013656
38541293
22280464
35288413
1546435
4923279
7383922
34591777
26289920
28741529
40342538
38854934
24904207
31999905
12577980
4079599
20360188
27228877
28419832
5494286
44333725
6450484
21845306
4483092
4125183
19186833
39003636
17100535
8745203
42062695
42687882
8725243
36994858
10120785
20668090
11844659
16286960
16295994
31902839
25088586
41490923
1106233
26276954
20824608
11639717
30239104
13313367
7629502
20548753
14732948
28538981
39850633
2325301
40312074
3133057
24678249
10441630
41830942
12066254
37673561
5067837
32567097
25710753
17913799
31487426
4372096
17595420
28851974
12458671
30796606
43701633
20666315
34356517
33691451
274840
4010215
2453951
43470420
16744122
25588121
12407646
33116908
29481175
15300653
22634044
6192116
5375595
10421669
36763105
24389158
11962808
24807639
38733272
21338657
318378
2635451
29567026
24452415
30040342
29445957
41330090
10010182
20391475
23109902
31237500
1694421
24919694
14519431
23826374
28517215
40996946
41996994
3246464
16052659
2688658
12212374
14319012
25876438
43348862
4719066
30545887
28277752
17252860
36097820
29425232
13519564
17485110
37774670
28012325
20030159
9054482
10983788
16426283
11460654
35843809
9481669
15521648
41292480
18412485
26719381
25270751
17707887
32071935
35924090
39387247
21702221
6517113
2363546
40220552
15071110
32356206
32101667
43742521
3733296
18612710
29304163
23160840
35108552
28720188
17028537
41257477
35247429
12793580
6944614
33592607
39441330
28722784
33692268
16021729
704598
39537446
27000261
15974241
3133314
22170577
29787301
26371670
36336003
14897341
882484
16218590
28622910
13488957
7201958
18226057
21157759
583975
6132303
38741076
31126360
41888557
34312862
39308423
18242251
15875431
44790340
23419601
28018186
39044822
26675068
22383958
29167732
4829684
31076941
21651644
30724575
14889960
25489186
20117413
31164431
25047128
1780232
10396853
37221199
44271584
4857354
20070284
14347616
9133746
4428213
29471538
23646306
11201031
39408084
39712651
32747245
43399118
34398133
5634228
9877090
21845384
36197018
7516088
11758710
16186981
33816059
10607162
21379129
38095659
11100780
20767578
32715929
2398649
43193100
9914515
29923968
33377208
15642070
22529679
30377441
38117183
34953455
21587255
16107387
33662566
42968119
27113017
33522028
12552749
7090811
40014603
2850274
20010037
11353629
1151548
32461452
40610401
44396382
611551
5379729
1465731
15228078
15565014
17364682
9815892
39162446
157889
2999767
15178488
32466225
1553786
14773396
38944489
23509137
33884371
37794139
30415370
12785805
31161026
2466074
31970775
28660973
1698726
25202185
15633229
39298767
31849901
27994272
35694251
23037074
34704716
28991049
5412186
21292569
17206793
44469726
16747557
5345265
1445981
405092
31175336
22934649
25779026
1150350
30747368
13862165
44286713
27949295
18468631
2500053
38420949
6768590
13027744
53560
31005885
25292558
3604516
8812827
38179556
6703202
10388487
13412147
4547856
43486062
42198612
4625128
43023745
9106065
19059929
16164932
19516067
30024986
29840882
4680460
39407239
40451674
33047135
41786660
34418347
11700041
27125909
31130989
13416305
25388787
41339045
22193058
32003002
34554915
36077940
17531009
39808947
4556026
8867136
44812728
462317
25856147
30455200
19622412
34479998
33924944
23977651
7599207
28271348
34279209
9286926
42510579
6033326
21347094
7424351
40940959
35937336
39390723
27445545
36113248
38275786
6784130
31005119
7235593
32399569
24285514
8663873
39886219
4093708
20664589
14357528
18493506
29029750
34183856
33298362
26880791
43307197
34588443
43202282
23414369
21009482
32829832
35086228
2745968
23063359
5687229
13495414
44714089
1114937
20661415
42761730
23803792
12038162
6719604
43461721
37403350
12955406
25652884
18292291
23253803
29288440
17827273
30085145
2148958
35766660
43599919
21332110
12656428
13578961
10372449
33218142
11027114
2530073
22162599
34140554
23239270
4572292
30487600
1952359
22201145
1386853
36042125
25232072
19524812
31417799
10572437
11874659
34591603
41254445
465018
38058659
19903082
26950614
31375226
18470449
15873832
22784558
10959661
24328287
40205447
605976
11055542
14540161
24180804
17590307
41306555
14050511
20024747
29100747
3563835
41859074
19515641
4624326
7423235
413753
41716197
6971593
11409641
34186545
14114963
11168005
6683433
39086234
11076782
1354268
7510788
29199146
20232712
3117285
6036344
25665286
21315173
38355236
10887207
2893893
35219161
12205807
10486676
23055674
2348706
43829510
27199439
19101888
561730
38105243
33894112
293252
37746631
37895237
27503112
12682330
91223
5329165
31575446
19531237
18775157
42047104
15926401
39457426
26692113
12571109
7541679
18421280
40789676
43571400
37297218
12163487
2620701
4310767
33509835
28136818
36031380
26747797
22861377
268478
358612
40888876
17680141
17827901
37804014
14937547
18760485
25449987
24207609
34418343
41258436
24207731
8118591
3355292
31915747
8270833
16671434
1623880
26014063
21389789
33714299
25750051
16307252
19373884
5932988
44415639
5275441
35762902
26389185
26862502
20241938
27420712
3084861
40396195
36721017
5117627
35619939
29232143
21845151
44889878
19063352
37903144
37181985
44737759
24337458
23055467
27146771
32935246
5563182
37917613
42736137
14340415
12580663
16781614
14098442
15060087
18026453
16066540
8284564
43858474
23777640
24735744
28353296
35620835
4776256
7488874
28162477
35620061
2932391
28832008
7707893
19215594
13565686
6890118
17590988
29055813
10255885
26882759
35089110
36112768
18100550
25954523
241972
42410577
36408762
35685503
44429124
19057980
37178901
21202421
8268778
25810406
19959488
20864422
221958
14046195
4556483
44220470
20675768
21370398
15266322
38471375
39278207
22163474
41524234
28361830
38856704
19033118
8782209
1898187
28634395
13343574
27199362
9446470
35635054
17350782
36160203
15990303
3552801
4132094
1242933
32294357
25588448
5913292
16307939
891489
31024028
20839686
28954148
27094394
26982192
30756449
41837142
3679977
28196771
15254716
19579621
29722117
28052323
33092236
12352426
19187925
22598521
9848580
10939868
12408351
13797980
32028108
14747370
8912045
23433647
40219641
15986418
17460559
19779265
40358254
16827342
41583235
31511095
35851300
30147253
16065815
2559678
19346025
28990357
36128255
32092394
24140986
17369691
8864398
10493715
2503846
1011656
2953770
33704200
23801761
42550982
42539536
1358061
19417729
37815627
43626688
20440376
20518165
633217
15849631
1610759
18629643
11435982
8208880
33291622
3564827
31965459
11321424
32143632
42502972
11522164
15991595
13647271
7629445
616342
303545
6453246
22099896
5292789
36054665
15207299
23133252
4723909
40274975
43867354
10061062
42993471
42244345
11671006
19657175
42067250
31055480
30228022
634754
21133422
14733798
16311196
34352488
37452861
8915637
21619301
3892719
15375253
6107326
1176198
23406446
39900757
8052182
44546198
27049537
31330756
12585925
24155899
32316448
42171505
39276610
36043656
16099895
177095
25505527
27082754
34196096
9922058
15494224
29213559
31670935
22170938
7395559
5496787
33560142
38430384
15511975
40370121
29622408
3860170
30777617
16513849
12851219
21611427
24723872
2893638
36667909
15304421
22532890
33926392
18835209
39099515
10538129
33907142
3634600
15583469
11588530
4982536
15904724
30976887
14581600
18937748
26264397
13855175
34874813
30843621
1571576
4415405
9592504
13108558
35898951
1929789
29443578
9957581
29833519
9419451
18014349
40395117
34122813
28323376
23388263
29818068
28228515
39844660
15082211
36305664
37332346
18265244
35290937
41856977
42366091
726425
28952936
40310776
12283599
23223008
21251117
26116619
13406454
426315
21318581
18704970
16986271
12787727
36833232
27092003
20186639
27344574
17006854
4304744
37748462
21197204
7499457
29576451
40165915
34470568
1014727
40365370
20789154
34564512
12904041
2055314
26096427
43383529
11823259
23820581
9816553
20824802
4798037
32355085
28330045
8530854
26761739
27547869
37491089
2252258
2848749
15881894
27249713
33463251
34458888
935610
25921290
10682490
28561724
44690545
13681413
11340216
27461329
11497440
1231685
7174113
27885656
2275846
33566975
35888458
19022543
15115069
30148358
41157184
5593346
38435777
8693366
24509481
24699120
21609194
12656145
7039099
19076607
19077703
7541961
16539998
17263887
18884345
34654677
17221507
17229216
2183973
2872131
13050816
21265385
36609440
18497138
36887198
28143303
11215506
43393701
22755360
9521723
36602582
25227417
25973866
6500257
31974173
4616935
10423621
40186188
31232043
37150739
2536608
1813815
26311216
19538922
42380
1655129
32470704
7112976
41832000
18572189
3916292
39443679
29268187
8466136
45232
31147098
43041544
1693782
6791119
35181544
21201458
22865925
38143245
14120530
33730237
29441585
11038493
18162883
37649580
29418228
10839522
20651287
1771435
24656087
31958219
30583005
42366731
6662114
40850284
2388321
34194003
40340157
39398446
35774690
3078193
36005051
24355978
7860000
18145925
21578795
41928299
7080928
26789289
1465260
40735638
15567354
36682006
26510266
86960
9761892
20410392
31073436
33583069
8842031
19942957
18059704
27386321
39978409
17358112
510127
7879876
36072913
30025563
41046996
11418712
40108194
10622726
2777183
3585301
11064997
32443107
40463039
3998890
11221935
9673254
14225372
8243993
19683714
6099873
13903525
21068824
4331961
3894079
15523365
19109311
24854548
38355193
26876194
32098533
26175200
15374565
4486480
24654201
27570970
23187870
1405129
36522893
44447730
15224076
8012263
7066106
21221172
30789785
27427119
40631542
27643141
8125499
39230469
43504891
39421513
2773045
5545459
30112651
23929532
14821773
37123118
37646016
12179993
11501629
20375653
39174599
25457196
26188611
16012672
35938078
23630141
31071053
21274230
30145223
38892905
22112479
17292588
18243231
40800244
19301620
39054674
29028251
13593986
29221024
37959432
9308862
23733514
28377287
30643134
31173517
2641780
25621489
10033963
10658994
23698034
31840643
15925527
34409119
2558469
29831620
7427448
31138519
37068149
44051752
12852635
13413274
18965835
35644569
16842158
11771993
5707633
9833650
35958820
41938725
5487509
2345745
16319329
30213598
18499107
5021645
13903154
29636386
1923455
23083321
39623468
26942516
22045773
30983908
26981671
16309951
30417071
1029297
11049484
23654875
25085916
14861666
34224717
44847443
22700536
7008508
20703173
1422509
4346140
26376675
25619395
12927512
21500239
11297684
9074044
33752721
3098190
35709834
34902919
12634540
38691148
1403160
44850846
5735822
38220437
25952374
42914068
6762196
13596981
33841418
27083759
17892074
29814731
27216209
24144270
21278026
2662367
31980099
20693115
29072229
42530037
7085311
41507068
32637518
8199494
18254211
36503403
28117251
34672286
33499758
12673695
25718926
836324
18898472
475354
31458241
5118992
9072650
24568437
40594908
41680288
44757551
31401405
8536705
17317441
29817772
38238512
11243739
27103662
6371404
25218762
9892519
43775817
23252857
33787716
17735844
21235526
3003645
15443556
1716960
25427034
38665224
25243572
14268083
13779479
36292705
6889804
2177685
5045963
17464487
1957103
33143583
20203710
1583633
15188193
6073702
2714109
31867108
23678578
17211143
249187
1965905
13758404
26039973
39670932
23547671
39945889
19518566
22466611
21668333
21363389
11158951
17649344
26604467
7378279
4365394
31246742
27078918
37874182
16792381
34914378
373470
10718989
14130007
36523124
20974686
20048725
23156567
24381521
21712673
41106340
19099215
44838575
35100734
23747684
20152366
1081059
18277556
35808778
4071260
41672589
32412522
3780671
13283950
40247726
17952962
4144813
14454361
29818141
37500712
43726992
20784370
1503947
34634304
38971283
13366557
41483166
35989653
26940227
5282305
14527699
6005606
40241532
24686209
26783274
43123729
21997189
34663400
14258568
41049856
290589
28388639
37054797
23481310
1902737
18556964
25788422
11534102
15617370
9033770
28760365
9092688
26703088
33027390
30804739
40635230
31316331
36200860
21461954
13698221
2694374
27495091
24112333
34771404
40342621
29773475
21628761
25837333
34372811
30759929
3995059
21699280
19249502
11261433
35346488
35258636
2939594
16754652
20427338
6524682
27220683
40622975
15941549
23721459
39364660
32257480
19173276
10381710
26270086
31620464
34475889
12812971
32042471
31992458
5906243
14505287
40290665
35758832
14605874
5437131
11510427
30387227
24006392
21644467
8321838
18591836
14831298
34068513
34423970
17457963
28236733
41152825
38911916
21337670
4548183
28982950
5987394
32442812
13559422
13457114
37231594
2483430
6906728
10300783
36591794
15037411
37553014
27617134
17012005
29108648
19084339
27519560
22065388
5414556
6813169
11906926
21821467
35026935
5831780
30924746
23436048
6899063
36604642
9928965
15350276
9758971
8187128
37420280
32864819
11075991
44203987
26930811
3545237
29522918
10401370
1738259
35679007
8444365
8532795
34382446
44696861
6433383
13469991
2922062
28483089
16676235
6075146
28550322
11590887
36586318
39210105
6270683
36438787
19609270
39395438
15583597
21784153
34764738
30869894
5934008
7530754
14681069
9293040
1806978
38733912
39610606
38095465
38950162
1401105
39753012
13676055
41774798
22840295
41683757
41736917
37586368
42738949
7142429
34230218
42973805
147530
12364434
11765246
13618790
42715118
42284301
29603703
15850145
27233984
16188825
34294568
43377377
13600758
7336035
8601513
37437351
30973100
35996054
25274107
4516308
9676317
16882299
37691482
30143928
36598409
34594488
41009750
44655145
44648499
14629384
31208559
31418741
14539317
7134546
28905088
19628572
15050317
13414878
19209178
28746608
40241668
19722133
34775863
21053408
21252936
10259060
12163244
19220392
19083336
1155408
11714827
24422390
25173891
3096993
26787778
29596865
27599590
19143966
6210186
13229758
90066
24074013
2513653
32564346
29737830
8253810
419394
31193710
10826810
44377046
31624345
11951860
43359198
24516803
8890164
39686144
28829325
3771436
7505565
39550947
20871518
8617833
35288213
33230627
13151004
7643812
23386679
14369831
19053900
27026174
10716105
5179321
31989784
31913444
32144951
43434121
42317000
38585950
37222965
43764951
38671449
7107542
40715297
41326654
33341079
42772329
32180579
26931979
27789919
36541333
4262734
25294492
33120430
27644401
9843948
43671174
26243513
34014106
41307327
13874578
32689991
23692662
10687971
26209264
34486444
38449002
6211155
36205650
37568102
30115423
40703254
42234795
11420064
42832969
9146075
6409100
14982410
33292847
22669245
40149028
41074504
21508334
15450544
34339257
39054489
13483443
40017448
12368934
38977716
17614664
3186607
6480727
34096219
17128970
19998108
35934395
38534500
13749333
40392397
40223308
18695358
42760286
25852320
5010964
20614159
20743229
21393456
12486983
29871944
1160911
17462084
6735247
20107446
1967101
31975410
19449154
12159328
22402783
9182327
32496989
28408446
23711238
24136219
35815425
16248070
43902376
40431999
35964793
39943976
35285712
14370988
6447994
14909726
5109090
21271109
8127176
28524886
20232545
32678500
15900297
18707066
15494983
19649838
38311892
34697774
2336226
10266827
17315940
38884338
23124689
1124369
30246622
226768
17887444
40273427
25173278
3958400
42799888
21593805
26259582
20375985
2025497
30066885
6782550
14237805
1038564
13102277
12624589
39179080
17183517
41140460
18048774
25687210
10077211
28045065
10145434
8341889
32032139
8955170
1401315
15661521
28126926
27626796
19943491
13929044
42363540
41233073
15352419
22423902
12331908
41082697
6357035
32677693
21791921
38570273
1613215
44403086
40808761
9137730
21130305
29149908
23826848
34893710
15541776
1735322
40902927
38843864
44594175
9134217
25718245
18664520
33371631
6961481
30153257
16364018
43466626
19939637
28901165
11923322
8830467
24544215
19290776
12676763
23828078
22278835
42651513
30129086
23272781
4422453
22964483
23890196
13608132
22091526
38880784
14351512
39684749
24532309
5889219
25929655
13416187
18756764
33401263
17007613
8384856
2977220
32352854
24306904
3872770
42010551
37522547
41043705
38369738
41901942
14915251
31352593
36659655
30992659
44818204
37036186
28467922
872956
29899412
36910220
27296778
7112075
1225893
13755094
3879722
32022456
30181992
41298575
3135508
23187643
22308360
21731553
43994450
27995904
31674358
7719066
3640812
40510606
26128454
44670746
42895887
21576192
31424390
37277070
40178338
43945247
7136773
29211303
11229779
15550937
35684327
13541684
40885953
6857038
21226702
7471148
28886948
6994349
18990215
26293956
24083194
31966057
27710796
29038984
24355091
36053753
26480613
41513668
35268319
42205862
13246356
43272418
19051455
25132743
30140297
3730635
32715468
36475837
38416977
42578095
12318585
21590888
29968583
33414805
22860091
14232353
33370934
40246593
20564756
24677759
36236761
32697811
7610965
36547044
2558370
20495024
38439034
21928352
28267311
36885902
15918007
33003614
5895721
15320820
30070876
38554461
10203659
27790974
16920852
16826088
12609512
23793781
36384398
15736229
43870
20267099
31321198
1456775
4009832
25520546
9830393
37343318
30139440
32005942
42998010
18283619
29881314
39206733
6010345
40153698
23753781
597186
40586339
12231261
5117161
2279902
14397209
31031171
15181461
38017072
18095291
41763284
23749910
8880898
22068632
36240696
16257267
5800652
29279983
4320115
33034706
22714452
39235308
11855821
39778229
41444878
12273274
34617616
15452951
43066759
37220960
11522520
40370026
31070037
35487653
11739591
24752041
21270138
12935880
18308178
14267161
1977993
12458252
25162815
37513632
16267979
44614314
4700752
10419547
6565530
9974807
21178885
27826224
42680431
44472547
5160612
25991927
6860116
35050257
3930431
40350334
43804524
13688468
28630435
6317995
6981115
43693712
6443863
7002976
3721487
43503527
26757947
9354362
41080273
25438502
25576479
5848432
38048783
39615946
26894262
16392907
12184377
21596339
22665612
16688504
30376031
7763956
22061496
4163382
28899333
27895563
11719899
37486529
44360954
29826724
37527733
44868139
32735825
7830336
17898630
32020726
40076855
1319444
28667883
35231841
32279720
23614134
16607771
14419476
27431568
42951524
38617296
40385874
28873908
7665255
39517009
18976249
23754624
31819533
30097084
29066405
21188210
26783176
44848796
37146416
34744500
22460997
26969509
715099
5407082
16579186
3352842
42498615
6693325
42707350
18624070
17860243
33836167
11309847
13455781
31935695
6841216
30952040
38522466
9897659
28800632
461075
26532766
32341819
10631323
3313907
21871210
21695395
36928677
15151399
10176907
26793001
17053914
3153923
35015857
562068
2649460
43189094
23874545
33723083
1634783
77822
42058063
1900472
42122232
27393742
31066829
41833557
39805009
38061391
21018494
34112414
34719753
23218858
3234209
26589529
4038831
44373411
4282088
2899276
42987486
44676585
29430744
9255446
38158063
36716764
14341124
13816378
34317911
23796722
36555021
44624312
40499192
14664321
8487243
37942276
25242334
37895439
20815063
5692595
3341638
35453237
23641804
893823
11943627
41404400
15071041
1139554
1385925
42149105
11122133
33732040
6518521
37603981
32567922
24341685
2398852
35434403
14914958
27347200
20951131
21890700
28900668
40210517
27075588
15481805
9890813
19549739
27317401
30251827
19704391
2447814
16273209
19891005
23476383
10804073
40018474
10575537
27671022
5307486
35630583
18408152
1164117
19830437
35205129
34787120
2190326
12705253
7246871
37914259
36100133
18394215
32468713
13418863
30319704
289449
33054404
24528987
44735348
24869587
6742217
37466987
16625032
5469136
24762532
5664445
20786651
27474588
19834955
9262870
4143369
15800146
28093024
4030598
10403711
15263476
27540249
9166068
14258721
26506257
5445546
22681269
32964512
24942864
25254460
43444318
444101
948417
17786769
7268361
1008154
38926682
5468055
10960587
29572486
34941545
30719491
4287381
16094819
41688410
26059846
112771
5396435
5593148
14143950
1237643
1004755
38687593
3720521
36467452
31195345
18156283
42316810
34410195
24498762
17069642
25657548
38065741
44830264
16513688
39453907
34937568
9354196
15416511
17894696
18048704
11610326
26684682
23117536
15982048
36291975
20466698
30858822
41812393
4588393
20346358
42407122
2190903
255847
23217839
31804243
41675151
31311122
18010768
1516247
31323022
17129379
9143860
43501834
2656295
7159492
16800996
17042872
28959092
41459786
28863615
39821169
40518279
35282708
40304439
30013227
32133183
15878304
3276064
44295271
40051091
12854110
11952883
15276661
41124298
36796718
6557075
40158904
44878100
881388
37262388
25474789
14473084
1984367
19464438
30503424
15854001
12994811
25832858
34027924
941507
38470907
37170331
10505052
40803126
24426134
19500763
25491512
13480814
35311954
32342388
24774429
16619813
20046166
1483186
965394
29572218
5675686
2896516
12166911
31298305
28041620
6010351
21623260
23783967
44123227
4670566
19479678
12053304
25015551
41747593
28090056
35321382
5507797
35894290
15311614
10945320
29078809
38039125
33596386
18692141
12296221
16054843
8418018
28127549
33461101
42958879
10168907
12030982
12508496
6156560
2438645
4257653
44430725
16952694
41957890
24833523
17308616
22622085
28853249
34584170
29003396
37085767
20009768
39452478
6815480
22162489
15002535
10386668
18506504
10305143
3037723
21822273
27483743
10349140
10722242
21430119
23213983
4012346
9592337
8250843
44269437
23139552
44843364
19597202
44534079
19335805
40870274
20378046
38508690
36657483
14574402
34440919
23033886
42737279
17213543
41318813
41309586
4697392
112545
41574231
27711401
30342184
3863631
43707225
24788758
6709895
11837782
14963139
4632910
24106386
1061080
17435834
23495474
25507559
23616929
16919632
18480716
41866392
5803644
41721371
6387197
9490724
9990976
26605074
39081294
12516151
33969868
37388956
14639592
14660362
30474200
21657777
43207027
42043737
31869443
9825618
2076985
32621397
6665659
24850677
38264513
20443521
38708906
44229442
44680444
19404138
3879588
14412945
35479195
33966521
31730395
17435724
15299431
42364826
37525206
39345939
42766560
12073106
6914756
30635416
9106936
33320464
27441935
33381408
32730352
44138047
40813560
14879909
32010485
23875739
23795371
38925071
20653078
19304768
33113454
23031099
21578544
14803068
27572551
10807071
18667090
34255569
24800518
13607093
44488267
18215700
32431183
4894744
2966170
11247893
3193481
20615528
38243713
28193889
30221449
17850443
12127562
9701421
35974538
37975414
3222661
42144204
43465218
35275580
35379825
18310385
40348548
10771473
33789579
38206983
30896553
5059997
27420903
44238419
18829511
39593523
15249529
21183290
39354864
27240643
10657781
19889593
28047680
20393270
8829927
20520028
19529505
19042148
6478760
31483935
32163797
5600682
6764378
17918433
39817032
24608352
29410807
39795166
17528520
21493182
3549680
24311735
23884087
32717380
28988890
42536222
37892260
25662487
3289109
19465271
44082964
35154512
3823266
7527651
38517365
34677779
6804868
32935571
24531952
38531679
24719557
7008964
10673650
19809627
33397627
21866
44733433
681224
29009086
38106786
35262696
8485900
40212846
26237866
39715121
40980003
39247113
11190589
26469524
5788198
15642005
36555312
34290747
14035487
38376384
5581794
2909427
13163190
8216014
17522988
20621628
42563531
11264938
10651784
19966195
32716402
8666380
6626646
3072129
20523186
35547541
9024830
13660780
36886443
31880754
28524531
14510479
26222515
40438585
34804213
9151051
39260118
35832529
28708953
11126060
17976793
42255781
30276439
30195163
3306084
43911651
9969844
15360936
23438536
39639005
13339548
29644273
33033195
8732706
31700899
6862405
36314699
14797677
22789850
22375964
5658239
25739547
17359867
9835063
38832068
36625284
25332099
28134058
17855736
31343172
18503222
25435231
31713297
31254789
12988919
25598749
13236715
15220840
2021387
31447864
6605809
42260443
35596975
26170790
10071608
9666822
21726156
13938734
9139438
34703904
5016097
33476776
31797480
18388183
22156565
10698010
18769548
38878928
2394436
30074105
37283476
32138434
5209912
6114548
10781674
42658080
23577361
19442452
1378630
42304546
40740890
25325020
24952435
18693753
4444633
41022874
527383
24675853
1686237
13316263
2906424
24281515
4083811
21099470
44508636
28167638
1067174
26349044
39249053
15146003
17627793
31168927
14120360
7441833
27427188
28992823
41279449
18926416
23591563
20943611
10115710
14810737
20880387
28819562
18166369
17422381
32100237
24864721
14533029
22294723
1996051
26696955
17426480
13569774
20032296
18159592
33808586
23574772
1484851
8080125
38679244
10185959
3741739
30017538
3815985
1264371
5401260
13099438
1574306
1544426
63224
26186149
41534368
41111607
34372925
30955249
40542952
9805514
15632270
32726075
4868243
26079878
6664659
44156889
24651189
34111125
9438341
25728460
29785529
28952492
41991987
8661706
44023575
40130969
24616278
35606547
44580066
41510435
13036214
20278157
4900058
41495219
36703225
3342719
568654
24567411
15322979
580477
42590872
27205993
26061416
5601355
1428688
10207135
27482148
43812730
4325596
18139449
21390074
13887423
22582518
1861018
21699029
8417028
40440903
27995844
22570333
24301909
29373976
9194596
21228533
39210940
40926564
4899414
32909741
37641778
19630139
25770587
19409061
36989517
25777304
8617881
15772808
40159560
5881539
2106298
22422655
28091774
40446932
19529056
37078395
14165490
43963716
38593186
30736696
16138994
36275468
6139336
40726976
27816637
5921633
9092719
6301198
3284786
30159275
7139154
18232717
20294223
44883283
3554780
21216709
23271345
2736342
6430109
17736905
22679766
6549367
40547200
35903380
19045042
13218941
36138810
21082395
20588322
2317717
17360959
20302019
1222431
37871304
24397857
21515439
2636847
23823445
36815645
29942070
2628652
7145872
7441537
43967514
14375538
38472038
7550200
43188041
24946577
44770743
22079706
24429987
25157925
20091859
44654571
42852648
37520620
26584692
41375036
286303
1095286
24379656
40794163
17360593
27998057
38228013
29589795
17584778
13958392
29669773
15264133
3551139
30423934
6623099
36417314
16077498
13525461
433057
21108335
38170191
12376418
39641448
24665417
27195278
27461240
10833478
39131213
29997917
25489406
16995380
4382141
21388294
34035199
40219751
32660799
10413279
24269620
37573623
2320645
10407253
36899439
1404633
12023825
14346436
37987639
28747857
39859164
13008870
32946640
19120488
6268374
30071141
4943808
13831938
32954066
35116924
22997673
14899432
25615776
4101111
27850182
1815991
33617496
16385520
8713730
32740777
8092634
13862367
674183
38569612
43273429
22553003
1070595
20929569
19377272
17742369
40691217
13502276
6740496
40529100
6940280
37326437
34770676
14716885
28487866
10818233
9501148
18896562
31939251
16563385
15373616
4228262
37992261
38530320
8292885
39741364
32066593
7176623
15478939
15774781
30262617
15107459
3175731
28218227
25128353
43528597
11001873
37815718
44215597
7067660
43412025
37113396
1602171
23952442
42869338
9591304
23768983
30591364
3522946
20474589
23461124
14496896
33588977
35904498
6463727
1116262
24262425
9055412
14567606
371479
12599050
2044390
27632707
42190736
17216354
32202636
44203000
41587814
32057293
44755802
5465489
19459583
31897659
36900868
37837060
12277974
43721959
3294393
44783840
26679650
24539213
32446627
8033169
32472715
11642072
35061915
24202257
23890946
41346363
12523216
10392373
15298315
29718037
40320072
35641336
13282141
37798943
44337199
36122325
5361310
5621743
6218222
26512523
19619685
30832510
34542667
12384134
9805908
16408781
12337213
18646481
29720099
20804555
17861255
8270458
25404727
38605553
11679041
6262173
18811648
27695179
14962301
17310579
9199496
40174730
36194138
22049817
32437633
31479055
22667703
23738788
30892059
13039313
36859857
7235550
21026601
10897485
37700522
36049428
24342283
36422659
785226
21449641
33053428
24145703
41481418
11906154
12557504
21637462
36189872
1501069
11259283
12441172
26006442
32039680
7737097
4715083
37035715
8698845
586996
9628390
24532531
23656509
36902712
25962372
7188629
22630774
24208803
1277863
35264202
2892642
41022831
14293124
24858224
13910874
4351798
12607555
20606283
3820035
10378179
16512300
20384628
16873203
4704075
21291359
39893966
36691853
41781688
27407325
21819914
14584088
10379278
43460160
16467880
14271938
39407170
43564366
25020172
21316160
5145033
13734678
15688019
27111957
2704925
12250668
38194592
531763
39882977
41747584
28325408
31158577
11808224
43983270
21869238
5665823
17163272
12486641
14871938
27197600
9791646
23249755
43006209
40997341
41706591
17793514
26905367
18091009
38419333
11285494
43281742
15686676
3793353
3437351
33807366
2173162
10021292
41337009
9859955
8724400
22702959
29232139
2052939
43796002
19583598
9382596
35683886
34855673
40348596
29275784
21844992
13684306
19196764
25212694
6855574
23615582
17027782
15619873
19699268
15496257
255741
32607991
26769311
39273791
31069659
30123958
37203208
1296892
11397649
18281417
44325062
23796958
2412141
37560343
875716
29617926
6687601
44061702
5774281
26664289
10079020
41522298
44482333
40471183
948512
36125702
41569914
1531525
8127732
24744878
33616947
5871950
1538331
34298953
2070583
29772767
18726309
11685391
1861831
25254292
8632875
44418319
15684842
10447816
23636342
39357615
23843645
24913313
33982682
9141983
27071957
7261437
33337386
1120231
36554870
44306988
27997970
16825036
12804579
2255781
23206547
36971594
41454968
9419165
15572644
28038793
27910935
31125618
40706116
39987114
9569449
35838660
20781977
13980828
31494172
43613030
5374933
14701661
35494957
26721245
13458198
25951725
8360168
33920398
10775862
19729834
31502409
25742188
38508490
13486585
43344415
6550981
21398950
13416174
26398231
22100627
24986278
32813822
21556168
42521057
11968736
33242222
4344487
14822548
8605895
16792511
881673
23543689
38897064
9543231
11124676
24427801
7939463
33520335
2417989
22687275
18874945
10779424
27287774
31957508
36977636
29928241
17806351
36951923
26083497
38474409
38198060
20118821
13608686
33203947
38176570
34799789
17399927
32441977
13940875
29952207
15549048
36228442
5182612
14469263
39257369
15257942
22009812
22905789
7408990
29292166
40289502
31807437
11455388
42249534
6914757
37679314
41498344
24221943
36407464
43618277
17629323
4994113
26832252
16462498
8567619
5734592
20858913
32337721
9656529
15366034
17533194
1079785
34624674
34814671
30113052
9115180
612551
30371247
27506288
20491554
17836777
42929969
24892680
11429675
38404790
20346415
1271849
35533668
6592619
31413351
16786024
38820426
34080094
13861260
33257185
21119899
40968064
43146480
7568127
1340344
25631361
27608524
8620334
18273093
26965720
44631806
26498893
25010998
5298069
22229920
40488874
44060703
42178779
42199866
10157826
2871122
13753795
7512099
11511244
5425794
34986858
2924764
5563241
12960195
17783197
35000706
6315372
32391319
17515119
24849604
37610011
121867
642804
1642129
36664201
39608322
39333736
41922574
22175725
43780968
24941141
43179009
33902877
39307657
28446071
40299328
29013479
8328001
17415242
8586479
44752554
14790262
22795168
8216136
44298424
23045478
10249186
26355769
39671309
10156852
16970400
28731482
8347667
43578083
7198393
32395227
10196197
33206369
16981433
23886717
9878091
23287085
7496538
31257150
10294178
20118069
22884086
13190599
1229048
40278580
30681312
29300018
8145439
37403291
42856950
17942655
28264170
92334
2148969
10939826
39462785
18282317
14296689
20842441
26145486
18882025
8177394
31199481
16091877
38584349
9153779
23510942
12992906
32268469
1136664
41993580
11652621
20259106
27399288
16819031
24896741
30931622
31333068
35092784
9139120
35528216
15793686
17324344
43173151
21520252
34296738
18620344
29790432
33068264
12665046
39836005
2790148
14483046
14809302
37470936
25591442
21775310
15137878
8652927
20615848
25767558
14594291
32487190
33015966
34121267
30375964
34693958
14556101
33458453
19299098
36704777
37245066
31927035
20681206
24552806
36619821
1228474
5955298
34844428
30278116
35835601
25026703
10209213
26545205
37923993
15096657
9702115
38813063
27023921
38948637
25782259
30405193
18126625
2111226
35975609
12328766
41807511
15394860
22741325
33866988
32262064
16023571
5455859
32960815
19452732
18597508
39428994
8603958
7773298
9817725
20068903
9290396
24756311
32766156
16843090
36764531
25726337
8407079
5794404
41508728
20822012
23671032
32083185
43451460
5193716
20580749
34477442
704123
28022797
44371355
28411129
36954850
41460839
31748352
38421822
3612374
10824210
29611269
26188656
36136503
22715015
32192748
30100907
32881781
44693420
8436011
23733727
29107610
25238668
27013372
2189143
15024153
11240916
11502436
8974018
4489593
30211553
27759688
9946595
35957948
2910515
34316378
36186629
30612065
13687741
1574153
15077319
12341308
44549855
38885909
6035596
34723235
32389329
21664896
1911654
8349410
20850944
34373955
26918467
10214515
15772456
28340307
6050135
6751323
18944484
18867931
32196599
39143606
17612772
13283818
37424920
17188451
20628636
34612476
8298346
1346433
39567900
21081411
43959313
9826620
6496580
29260701
25575181
16803519
813952
5191299
26320944
3400029
18601499
36231760
41817981
9021132
9395823
32072205
12208325
17454479
38908759
11676381
1718686
424321
37545182
2812444
1653704
12045803
32698177
24870536
39930721
29741280
14584831
14698612
21905040
27346662
21210349
13147481
35372576
35067524
31479801
27742784
6472049
9580367
26835937
9745776
34466408
29594944
30817046
38185545
15735793
31248038
11784799
43796243
36424218
25499379
7767868
14436769
17005083
2956897
10285705
17995709
599840
24891770
38378264
8757558
36864087
31032826
26557681
393391
28595475
21899434
906847
41616274
12767560
34894594
16582330
33934463
13859151
37222609
26400746
9593151
39713821
31175421
28791975
14751049
1257896
4810971
4151063
36662975
2357057
30283936
24507445
36732282
25681284
109038
19853478
36470695
2437351
4658247
37140145
24632802
1895474
10902254
17797543
16486697
21035443
17013322
7533717
41919600
42398789
32878925
25691177
17726372
29917525
23981004
10599985
2248522
2453914
11520728
12155529
10514775
4602652
24398407
9642404
34100589
42561688
15195230
36984151
15458150
40416374
26237891
6835258
23062377
27520412
784221
8952980
24005843
12268133
19544793
16228423
17436017
2961400
39363774
7126386
20432603
21527090
43969258
34982993
29592739
6918075
32647123
38525972
8155664
19490319
39337175
34770039
19867138
12432457
10746259
8622891
10117597
36371080
6051037
14109397
3514568
26169689
27061788
541020
32485717
16583393
14518249
10309631
27418797
17836684
8047129
23103211
29587951
29814783
2335870
35956768
36416012
5920404
44078798
18275625
44513182
19668318
24023780
11244247
39968461
12028780
2571854
33661800
32856512
17534949
31937610
40627149
31337573
10478395
30912772
22176086
26818196
41571566
2262502
41969187
25902334
15885947
13530941
38521184
31052371
41305467
36767971
18140387
43950824
17174080
31905446
33268935
24589858
11995000
8672392
43960261
24062269
22690506
1724190
29882964
31087377
14222815
9714377
9161487
21313799
26994807
12677184
22502610
15669232
31266556
28438246
32271151
22487176
17115475
39406813
12911984
35008244
12357491
31124941
10681889
37474223
19910446
17360142
18283197
25586332
23635487
42236071
39069306
29256730
25154975
12932187
14689490
37799017
27609571
34137904
36464790
11325575
26300629
38954364
21051682
1542979
4086371
30517938
9575192
26997232
27049322
26677044
17089955
19773269
3978095
30975347
11954625
31977715
31378256
20937127
31407027
39268757
9844696
26137119
7330840
32245959
22976217
18205187
38987827
9047596
7837275
35164027
27927494
17521249
34867993
35423744
36857788
21979140
3468616
27788149
2670877
39652
15462549
31004608
582244
16890380
37250692
35907499
38224289
36999500
3856031
5269908
24701517
15252337
40814503
26779254
38148133
6692221
10367912
41477401
26010103
35206026
296034
37393750
25553462
5652452
24718728
9069639
19308263
3428964
5089200
16556269
37111009
36225769
31407517
9564745
23556092
37904793
32051468
25717981
12297983
33493694
9345406
35575863
21994205
26885882
16411342
34324332
25572119
20051886
33944967
26269953
2416164
39533582
5438622
16483822
23997790
21289764
41634040
2751994
3971555
6517031
22802353
27546264
12669677
31156325
22403278
35491711
18370410
43447775
16372575
21612120
4263089
27349525
11928121
32559874
38967364
41249457
38032966
44192166
10399322
39301386
13594931
30822343
8299392
29038859
12503383
21245796
10081808
27880609
17603242
21315292
31500955
36536028
5142986
22067967
5549515
23845504
19119136
41648290
31948286
26676651
9683999
9356816
26035762
8332265
39416909
32428798
30850135
36385181
23360835
17230580
23765593
29446072
18318960
31943597
11720651
22276375
41296155
33656517
41269655
25957214
16172306
9432988
23750113
26187483
2948831
8791226
29550819
30096085
24727891
15355070
640889
39005335
14829908
31260564
22372131
40685329
1831563
6383155
12619587
38804764
43801621
36711997
17725421
33696186
28301043
22954135
25896721
8102540
10247810
24600267
2207101
34874824
44137758
14958887
34290265
17742746
21716936
6959349
22218796
30612556
38178763
7033926
9396804
19034580
22192601
15988976
28065741
7916800
7471535
13561191
21079342
2869035
1174553
32424887
7799465
20198503
5469924
38950055
5895439
20262987
25352510
32138215
38238160
26395011
30895552
27330916
33177551
35994380
6434187
15184870
13979352
19144183
22494925
38297829
35858839
14275801
8517441
7268150
24491058
42256101
12386638
26308056
32723171
25866051
26954963
13739411
7066664
30096938
13597545
18647224
19678427
43847499
38896264
10907244
30871061
32554772
13660329
17992681
22015028
32180005
37579945
13335123
28175344
982724
29780388
21354289
27438344
3914941
39771513
43073003
2296530
24174187
44243094
18983760
11562987
41748025
141866
33309440
3182111
7403646
17404561
1534783
5740038
6341492
42136916
12878379
10539744
26370325
18066337
8679905
41658261
29360821
28444736
6821055
18434381
18629047
19236377
29255341
39272012
8360925
43719910
28202771
12611200
40148669
18841894
15907148
38565914
30391820
15904879
39300929
39317209
11063069
4287867
37751660
40691749
15766591
32465643
1859839
22365664
33595516
17888770
34837206
10926440
2579288
25238278
26832640
24247036
3639052
30425432
11069241
40639726
41224842
2124477
41594053
1582755
26103674
37655869
36918586
28728212
4841810
35013061
1565549
15261321
33411277
5286016
31595510
31054528
36523728
21624670
25182059
22669076
15309481
9598928
21747401
15985853
14362826
41297209
13177795
7889326
26854191
1708364
43935674
32405687
20910803
41591784
9554169
42265463
32814059
1905525
27162663
34470490
39255385
33933133
21319412
40010350
6415889
9970840
5872469
13854652
43968789
15583131
38575276
44213629
32889702
25340192
2808057
44127101
7206618
4233031
8843653
39338505
25687561
2343890
22851517
16298941
1541325
412244
7866399
43233569
303740
30883131
13151078
44135036
27517244
4112172
34137881
30214838
10892051
35179339
20169377
44645161
20347029
5998683
34169172
26416202
18133574
36228627
35283448
5521714
23435471
6499763
9250587
2152220
38456165
15202873
8432542
3197757
37762105
14636869
22846091
1058705
3365887
1802506
2760755
42192406
30873721
43848543
10045461
11136891
7595909
6934293
3239589
31584428
32755110
35594146
36022755
5375459
12793156
28783685
41161128
21283251
5697198
31701315
31373279
35258408
22330769
31449273
18005267
36703400
11270982
13807184
35951550
43717082
8582386
3802213
24910545
19736830
29016233
40764769
660902
20901482
19069184
12535444
40451673
20143251
15564590
2670
9104332
36399906
23086486
9459812
27563573
15328791
9370546
44814006
10016741
23280970
12941891
41851683
38405450
5207501
42878399
32149337
18806537
33735557
19675981
21799377
19075927
878351
21695585
25779059
25339810
36579534
34624455
33212603
11038918
24054685
21806185
37298121
8836333
521295
37742867
20403167
42965650
23743177
24635715
5818659
29765520
497990
36626885
6256113
31290964
9142842
5236956
34660761
7423229
11561230
103792
30950469
20428542
30006052
36044605
37017208
18304215
10569770
4170018
11394398
15218352
14048489
44445255
26086766
2445646
13999689
33421053
37146991
38867658
16901325
6845375
16273007
14097026
27484042
38672758
41520204
1719613
38565727
34556969
14126361
28786289
7751341
39795864
28301335
4465436
25474835
25610790
6909817
33005019
27775129
11839144
26785186
11602843
30445565
30319314
2952255
12785632
9283327
23065216
15358251
2804299
24251333
22490249
10230423
18528029
37760632
6963234
32483252
2543038
19569228
11984098
484954
3285904
14321029
40344146
42445620
30123417
35489261
32724273
6219832
16172286
26283580
34119473
1414188
10423533
13799587
24777040
35080982
6479028
43703884
37758002
30227476
43376905
22383218
3267189
30934778
27981194
25047607
13262754
2058084
16283324
42553070
42684410
43383886
29087612
4854884
2484947
16667185
19316975
6440693
16990360
7521698
8623647
13083486
21527149
12996151
7320558
25963157
42212981
13905153
37980580
8138384
26960287
12442127
32055624
15873183
10435623
25923110
8764283
15599685
41917276
10553039
6229057
37829525
40898939
5184027
23191510
40934254
44566825
11795277
42707047
41560475
23648150
33281096
43416528
40453993
15673171
38305406
25636178
26838196
31834866
18302053
20972761
3850704
39660104
6132514
7108900
39725939
21659435
43101245
2134228
41741351
14544101
1045030
14638015
37618285
43160804
4159832
35880808
3006350
33037128
2189551
35797548
20847758
17607925
5111122
7581415
26488576
6470540
97725
5865435
20747762
23531949
7603847
41631805
44824166
22126679
1661256
30355311
17571685
28557144
38742799
27103336
14579416
2774227
3241783
1737477
40154454
16012705
33691257
12098803
4952970
29471627
23450026
13266343
28772950
43530583
247290
13386740
23376379
21455776
43151589
24005957
23597784
30367168
32734149
7232455
42208595
10757713
36502513
35358350
13977727
35968572
23861553
12841939
7509774
32119079
12936221
28055651
11059734
41873231
26302378
36576628
38352278
24809444
5782653
15386209
12917804
23681514
15125152
37024022
35511593
5548021
36161809
16365328
25812174
14740036
8383543
6850245
41669986
38187542
11496797
1135788
28458798
29396075
37559318
24344124
21059344
8716591
39406874
12136707
41174554
39146535
30793975
22966068
11891640
19754739
37914658
13547382
25823522
2340731
862213
19146265
17389448
14185372
745385
18961928
10723651
15086002
33007049
33297798
9728744
19754323
1230071
4114674
8336730
28842727
22590851
1686237
12432038
260339
26232732
10972085
27254895
3802836
29941411
35997858
38821218
28337527
12685169
44330858
29841284
24330442
18400880
43317520
41115322
30549383
23608480
15079454
5357258
13252726
32067727
43267671
4181192
17277345
26413824
6650493
16410688
15094112
13107106
39113554
17895445
22429896
25920675
28910637
9871618
39257484
16076289
32143961
43386244
26008328
25929978
31413764
20868720
25505097
12472640
18799468
17955725
10355753
27901728
44633189
9071534
14790382
16853847
35184300
38520257
11319712
31196988
14950735
34852268
35567210
13192878
33874808
12558278
24316792
5597948
15381258
40761241
27721562
43867584
11972480
5139607
38078481
11704724
39722853
7549372
2116887
35787741
18212536
38937820
13111346
27779342
11540834
13923725
5534135
41640913
23569522
14121045
40519778
1757857
977459
23008932
26529687
21040460
34830621
28445552
15529986
9167274
21552361
22581955
43442704
37921357
10306755
30529109
9587837
41588712
26990437
832667
22676395
28086795
27396986
36841221
22245207
7553522
35244204
29066691
1121135
14575265
5907185
10274446
20118170
24827000
33068312
35737736
43164075
18426946
44546792
37838032
10614571
28521005
12275199
12913595
28333520
6371644
41192273
1518769
18912317
43793643
18325682
23488775
5841587
19843464
1597017
30832117
44085988
13432539
23159505
35736690
39347095
25970186
22096134
22034035
19316526
7404966
36080945
5326042
7812375
16025787
18326433
35354577
37841086
5903555
9374923
19578350
25112928
42288631
28083088
33077143
30715655
36135819
21891758
12663071
13411077
33054478
7672612
8349298
11739045
34842920
6404155
17313060
6653660
7454768
23606690
6754083
44482592
20055158
24653210
10111398
15838302
12422877
25979654
18262735
18444228
4739893
29148863
29689386
4336575
29600869
11185385
10816184
22724742
26490880
4990459
5061779
14079033
10483293
39598743
39315985
28189259
43839388
31359971
37553178
625777
3551532
26990874
27134793
41870457
12230333
29021745
35229167
31632250
14003361
26767473
26408443
403317
44437995
18504001
31173992
6876127
22348105
5825725
17662963
12411847
32160767
3116636
19653049
27184034
33412956
7956014
35526082
35977210
20572039
3325904
18380985
44224676
7524141
43003049
6641290
25488084
15018383
8461694
42877407
13600044
27219479
7904442
6882926
30325468
33809496
25348266
34103164
9936258
11318559
7309927
30412399
4976732
7357281
4460634
29311553
42325747
25037576
24963778
17596225
14000963
40691764
13031536
37583386
26926058
27984666
35833196
20264277
1418339
26132216
27736565
44370718
34547612
11748547
19188261
41112304
23873238
6793307
19556837
17177460
6341827
37606247
18715364
20555180
9921535
24313059
42001375
17493121
11036613
29162015
42218290
14071178
6529306
29936871
1750190
6661780
19329926
9700980
30181313
39591223
29238205
8751618
17946057
31088908
32765310
12394954
21555467
44349378
451480
19604191
36115697
30676647
27684712
39292306
16207406
30082014
13276446
12839360
20164832
34619036
22632709
12281418
12320988
44757526
3370545
36939211
14134068
24628704
18116375
14193295
14408765
35802898
20876309
5551103
9533441
26069532
4707074
39604876
8233681
14664833
29573080
34476991
7232841
42492698
26015860
41021647
9917182
16311011
35096651
7883414
15061648
15528784
1674473
20271778
23387058
23631841
18822835
37594373
2983539
19967078
38206987
1621262
26269456
32460377
844029
14818566
17835851
27695841
10031796
11410291
195592
31970383
8461131
3864795
25339116
2468449
5924995
2033768
38902964
12331467
43862541
39679871
29795326
15696233
39102543
30682686
13411902
36509358
44277387
1362277
38587623
43400211
777232
11450890
14624526
10801789
4786770
6425560
20263849
15715014
2949160
41220797
44284867
43646282
35593401
23305348
1219086
38483529
40714828
44113094
20189742
20929908
38230928
44002641
2284330
2593185
24058900
12049625
42811736
38530777
38238645
27136732
28775684
34865444
6664120
962566
28191540
26725357
41130001
23933053
9083747
4192878
43280997
13743119
35190796
41999873
27480521
1995993
18293787
12548520
43535766
13840701
18645578
35637743
19943741
35124706
42325051
23181724
11464581
15675003
9755092
3373201
20472612
20576718
44327505
17592364
4722566
41912088
10405209
36937122
25542056
40230629
6655683
38934725
31152599
25958402
23706086
14932001
3350228
42106686
31556543
661623
38786961
28410873
38202692
34415618
16423725
26650048
13426631
8091380
32855992
26831975
3935697
40533848
15854151
40069017
44840756
5439045
9133632
15064581
23045039
31497332
1841630
25587282
15228639
16220598
22608174
19253000
21029059
2688604
3319725
3145670
7348932
4371342
11987148
4316244
13752587
1095945
31447656
31484657
4155683
29975745
3741424
1520280
33346693
3178706
23698985
29776175
27284007
22526301
5986550
42347758
9032292
30511033
2979107
40865640
32845140
12683170
8696875
10646989
40229673
43838384
28812123
40686288
28272356
3654803
10522189
19921531
41830263
39125512
20506833
40289003
34282652
38216318
15474896
3570518
20784700
38826285
16553224
29826250
13494008
20365518
32132250
13056653
35319494
27949538
24932365
22198151
17343497
9748492
19488467
37196986
8329627
25157320
22927699
8350825
6714541
16286677
37068299
39194860
42496461
27180515
17577707
30712134
17431618
21538611
31907295
35848451
25332277
41077707
35347600
38090956
22699624
41836313
33014289
13121343
3369641
15183873
40363285
17800112
39072465
39221148
14269286
44868803
11206379
6641022
8936127
5173281
11443817
9887783
14380753
11784327
2512497
40929097
36458440
19236767
33859935
35719588
38154452
32131322
11141683
31164888
5076666
9578281
31230272
10594016
17648059
30459529
21001408
38795738
3530826
31857263
20778369
7628264
28696275
43686698
40087205
43938345
35682529
37313091
138886
11105257
12979488
20929331
7069161
738851
25972316
39382214
17341505
44643164
19818255
1563402
37588217
32136251
29583822
770742
34482609
23742322
19692303
26797746
10780969
40792562
3160988
21981671
5194660
29647931
8004169
2774114
36563059
17340872
17097203
16863156
4036095
12240636
39847015
5340548
28287347
18982753
19563959
15778103
7054947
32572005
9633180
36817475
42543643
5841500
18732040
448463
5724953
23789742
23636758
33689298
28361502
11166657
6741102
2420546
30738473
28316897
23330511
12463503
13304777
4856567
21906141
36349148
28843290
20864262
30666590
5272843
11927806
24645554
43798524
15127473
27681963
41445281
10849035
34858780
37770147
32595899
21701706
16925656
40318240
5233700
19711796
18704556
25318185
16077806
23980035
11038570
15012120
18473944
35447362
14609229
20903277
1041879
5682558
16334047
1700056
43674636
44017921
41690334
41853592
40006843
41932039
30476784
41328735
15906737
13157074
20844491
37167659
9231605
42103861
21613684
24805516
41287591
39614522
7043214
38719286
43159692
20481209
402891
42460668
34405483
1690271
42222831
36995423
44551524
9969726
4899723
1821044
4011078
37411896
4140407
43568109
26025302
17319710
20484243
16392678
41579069
23630631
15553975
29316090
38469871
19652763
10525902
2568304
34108431
31452006
38316395
699024
23729326
43602621
37891437
42300061
39682349
32253105
24859300
42730479
5958648
12377828
35334238
42986570
4150194
24474298
15847466
2396223
20630642
41743613
838703
5026579
30050761
33554813
18790188
35901566
30434333
23963896
1905510
33409407
486280
32367375
7697587
26319266
41573873
43291933
10204361
41841870
26294456
5245071
159841
625679
991234
10859940
27139104
1753970
3843656
18993854
39211121
8367662
4456451
12173890
31126392
31802796
40774081
39716292
26759656
41914927
16241216
14428135
25711819
19057014
35683503
2059255
8878505
44622003
16997477
42612890
34445629
18432377
4253837
34189902
11140175
44127265
44669885
8145250
196450
33129594
7301002
27037231
22131271
17543656
9053410
36300101
5043139
43749155
16238676
12331521
8966707
34837803
16398233
16416164
2942109
35951501
22715379
3919216
2939974
36218700
38359053
37909327
7292202
5016573
27173618
2994925
36694415
4303890
38497849
18049220
10998323
34647347
10747421
23484771
5264117
10194255
12825025
37601619
27546048
19054474
33586889
30204144
31895694
18100333
38590786
36676494
25775126
31386679
10450163
2684248
28926498
26106080
10735709
41950878
5975759
15633328
9387077
18645195
38195568
3850502
7301799
25167153
22146830
553165
10659746
12552498
20301808
31424152
41668331
34995505
32048781
15486556
36503358
32872801
29978807
44857708
26226330
23090878
2460181
21997684
36838540
31865621
20130321
32755982
25327401
32220565
22327761
5536575
11343396
13028414
19357273
44402234
14507407
9594331
25141358
16889195
8537768
22959904
44265372
26181775
43382147
36829581
23161349
36535651
44300071
6887929
42397527
4228646
23905939
8248160
1867362
4082558
44191821
25563357
10428221
19790826
20877169
2062946
23832903
4594762
43411008
2526541
19260876
35271813
1056563
39835054
10277424
27245993
24467758
199391
3020426
6846496
37419510
9037020
31791725
40071425
20635590
26912966
40014885
19823381
8946340
21194006
38544338
17164595
42339789
1128874
33611524
16282406
3541939
21306361
22987487
902794
1469978
24315823
24994389
11464171
15367296
10078033
24225567
17621262
7669881
31637006
12708371
35001686
26055031
42532360
56540
812209
17966626
18820879
26169044
36671745
16507817
37415463
21206672
18820983
35240536
12305162
30948520
2639145
19836383
43561665
20798406
27659408
1712126
14916356
32128604
42636035
40061752
30242162
42566491
17558196
5581975
15066012
27708746
25242822
24565733
18889262
19533165
18948482
39966662
26407182
8228673
35340435
39828528
8901510
32762463
32601391
37358780
32276856
19494340
29830576
34613138
5882049
40420804
3966092
12508205
1886442
37723145
22503556
24660186
27500479
27503050
17992754
28153880
8819484
43363257
43270852
23812600
30779584
10719809
42279828
31468654
44217164
2577972
7227137
9196331
485607
5870651
291803
35317319
13612290
34299773
30647046
31027445
31297962
3896548
34894649
14879857
10222666
32654107
44321033
37000200
18683566
19519498
29773028
22660485
12583673
32551043
19186373
36964531
4156246
39701856
17005117
35020833
2092365
1356486
1668127
2821889
29911961
10882031
42323873
20238446
40655412
19514098
41022797
16418105
38563883
39894143
15448825
10876067
13970541
24801535
7227171
33676682
44589426
34875586
3474111
13272743
28394797
24374518
19959414
14025414
30373091
15648630
26116305
36924077
9098126
35676097
5388016
9673515
15116620
22809775
24105650
24237307
18603816
1128653
38622881
27687816
18687202
35537291
3648895
25183860
25102110
10005186
22966170
24080283
6480788
23989594
38203330
7132983
31655028
41964384
25562709
38339015
6550504
35330209
31536060
44314611
20559476
20231842
23221466
28532914
41859559
15740596
23268027
35806001
20095052
3085590
16802520
38393343
10435181
38533710
39871290
38675428
41177999
43866577
30766954
44237806
37224566
41128946
19223875
38206014
28177480
35122501
44456555
7125894
14770733
4067818
13856745
29680163
23262284
7480870
5264887
6053558
33299145
20182437
11767081
26591709
37540410
23158811
36175654
9413354
35009312
40894714
7908474
41830194
6642011
27291608
17777531
43908553
5715066
28991375
31403060
21051586
20351768
33152337
38159150
22744171
25695535
44029476
17178875
17208726
11835325
29972451
31940078
6707436
20295628
33498270
28069656
20890656
25803100
40170941
1504880
38069119
34252703
18270466
16816263
7623459
21576542
33676157
5269093
29553481
1403207
43140723
20546037
35261198
220402
31783275
43218896
8486809
32194150
32096425
22922249
42781490
2440423
36095408
16291380
37058573
458770
32788716
19385776
32623982
5918238
20888014
14016456
26629244
34347525
28030107
40007967
36913061
25036550
7018370
1771044
3795610
35683921
33652763
29695902
29387194
44479125
11122471
23218161
27066261
29656001
31716841
26490110
3035451
35636638
21156265
17672797
12724788
19634078
36151362
11371126
24178995
31430490
30876350
24274878
42324465
2993557
32989596
35142017
14004540
8988050
13008282
18989708
43950327
34063638
18573431
43822634
10176464
19120071
36391320
576151
19384150
40970204
42987446
30252655
15675450
1522186
19175035
1353662
40345084
4720872
25384777
44794118
26759626
27882793
36175282
44836049
26642618
16765146
22133734
39904832
2691324
23834645
38069878
127693
16650774
37106961
194914
9600313
44625922
40311117
40132307
34021495
18058354
41465259
3841220
14321788
43720704
7217763
20858885
40440967
15614847
35155585
1382435
26813578
38893776
12173736
22702314
31627786
6837422
43189090
39488555
2563631
44837472
962917
37586380
7050460
37371040
4773797
7121607
10604426
22252763
36320648
22943875
3736566
35398156
34277058
31116503
3279736
36492916
23356901
31822132
33691270
41151810
34098700
41764864
7265989
42989915
24403225
29792832
41927392
36005219
38525637
9867252
37787011
1245478
25576182
37582454
26766613
27411035
15690960
32550552
11279797
38576093
26320418
10273663
32118420
42674142
7759602
9111205
40455247
27095091
42613433
36816407
26649421
28762385
17361639
22363158
1062523
26051606
28920796
32060140
43108209
30043759
21944670
204557
19368866
43055148
21891494
31869662
8894837
14768468
43883734
38659735
6457673
21299877
2514061
23007214
2218895
25554512
11387773
41292441
38099271
6614647
19454767
4286263
27699862
28963634
31095963
6655984
27833398
43767038
2879069
42903651
3438493
23779523
15966664
25152804
34160311
44776627
32875929
15125103
8310795
22583857
28909274
21104059
11844581
21849550
4383041
43470056
25108841
4773126
21837673
26576608
16568386
28144734
18080301
13807477
1130235
32218926
3776915
22583348
33092145
23989547
19700587
23175689
27272813
8843638
37166876
19035207
36465832
3055671
23869430
24860336
10739276
7059724
16721018
6028126
34394309
44499916
21632383
36185834
25858340
38582940
8496307
