#N=6300
7153630
15788296
31918189
5086131
36957557
9680620
37334830
38503734
33399588
31310192
22183922
10759904
23561565
24373474
14781350
32036529
30368486
37789122
33295334
30464114
20652141
20957343
38534323
13197725
5027444
34046179
15066668
4303737
35568634
23278118
36585899
2067499
18520740
26461163
11664896
2677416
15971032
6024638
20543406
22639684
7748626
37500449
202147
35438631
33694989
16682229
2964788
4127966
21360575
12337991
31619792
11678009
15929898
8711738
37821058
4947301
2701138
31478551
11631433
37724729
8980972
10124735
30092604
20066917
10490131
5640257
26047605
37244943
2499606
22732958
22437537
16223590
3805460
23209919
36697437
33790617
39235248
30316798
12198175
9682566
631687
27131648
13546952
15206191
10234193
6342507
37229463
8890004
26721172
1506697
7632125
28604056
39324605
28675940
37932907
17158783
7364245
3314646
14807406
30189611
18927498
3451211
19216154
13928438
27888266
10604233
21592442
29552682
33908705
28980122
35825614
25115497
21121048
11428039
21890322
5567783
19311335
35722766
1257878
2340710
6095687
22869780
34584743
26389416
21311695
34618261
2351377
21088229
28300743
15579788
10973457
9222654
19476540
12835515
32025997
38025584
16385529
32302321
33417069
8793208
12082667
28621169
7448768
19776859
31806705
30081151
4309905
21194219
33850673
22301693
7445968
19396271
1558085
4190076
28261633
4447059
6317518
30685183
10114772
23301682
326842
2361536
16886658
21140957
36139987
39413677
4608515
11815915
24443247
9019494
1344439
36219403
1038058
21281212
15466954
10612486
35920479
21698212
17971845
14454401
20743608
3255891
35048233
1334619
37562559
37266451
34022288
26929430
34581935
11976830
10638618
18875886
5911550
17162982
16532441
24324072
19194023
39502616
10471475
27913845
12205030
23976822
20752449
30115573
25050733
33458742
36554236
25689672
5178198
14715953
23319763
23632583
5383333
37471783
7002332
14856723
6908109
26269051
20514406
15706049
6065280
33165636
2343444
25501073
37658960
16719826
18076190
35193773
31521180
30408248
7161395
21779458
38616090
31207302
37474932
3584655
32504138
21838282
2369908
21235616
9332620
29761575
16630250
34440205
30563673
24646876
38255911
35115655
20203771
27038771
13362605
24477802
39420271
29537213
7424882
6688780
29112240
27357943
28032378
13965316
31482159
19867688
28218121
35031434
38393164
15636649
5438341
15492116
16729256
16521928
4605365
18806010
38887903
35896969
35874294
39361613
8666699
15440734
21753050
39639563
31532094
27738986
17052920
32731491
424973
23980534
22569997
19370518
35565785
8164689
25437196
674318
25388119
16805065
33816687
27124642
3130987
28606414
10886751
37613246
21547620
12621991
22621717
39216290
27230270
24657154
17608563
12940730
23598641
37927658
22586643
38490604
27314013
36985981
14385087
24968050
28104749
14405308
33623322
39115061
26690165
12855725
6547632
2487071
13674078
5210273
16237891
5207742
11282388
2488354
19215123
22021330
25081721
37654564
21607727
18513134
1058513
23594500
30044088
29021631
10613645
29514257
24105517
2345963
13104825
4203373
35258322
28679689
31628737
20767597
36791023
28426688
38871648
1337358
25939181
12689930
37841480
13749537
25682619
28951058
21320227
21250560
413603
6568587
36596051
2236821
32382641
15950476
12980855
4753424
4916114
12491275
20633026
24125737
11001236
24115137
12264637
14490725
31578667
7425643
25809544
39677258
2487507
26181718
7409473
16413238
26697311
8890422
36342904
4432059
28537455
18975234
28568104
2400376
13875947
24869168
28945967
31852810
11034362
4713173
23810399
24703972
5713633
36207890
16084694
36200512
36450064
9062588
32594775
35815004
4938135
39317827
32267785
29987864
3708000
38209052
23983928
26488846
20042968
21591264
19777549
30360672
5099286
3698936
17368004
25936732
18058400
24232793
8042411
30243985
3223134
31516104
12842871
9203122
3981419
7022106
7829330
635060
4124452
32966949
3547218
18863866
143420
37972328
6003936
21132749
22389678
2392664
6711297
33595890
20715572
20302207
12992668
18852555
25330536
32825212
17894321
31728010
25233253
16216307
17401113
33710012
31758279
5820765
5597386
3346359
2897654
14552382
36777843
24950587
37047123
9488485
12859930
22924266
19806244
7834866
14421452
28483788
25590687
26099090
24826816
1863016
34661672
19857457
958234
37516121
11815552
5901607
14326897
31213242
28371623
15803942
32336220
32635514
2923111
30735004
6258517
21860661
17195260
31512952
12090657
18346451
33595835
9248658
8502814
31012457
21934180
32235956
7880566
27951264
35351013
4969359
904782
1369145
12265498
38970222
23189224
24515905
17219985
2746548
38567022
39649704
12880831
1601216
26376997
24976044
17763338
18659160
9770004
3072403
2140710
2841999
14067231
2583378
31228073
20180452
27355485
33672916
36574944
2911206
27046482
38205462
36617456
1624561
17869922
27439594
21750237
24666269
25638884
21483875
29555718
1499399
13272707
31818382
27751473
7717837
15206040
18914528
20742043
6928004
28695173
39247333
15527521
37800373
19141488
37245157
23295509
24444278
10850028
2593075
10207345
29645515
20335540
9177862
19564325
37117247
6024304
4489955
34800552
28363078
8211168
1960930
13437927
9778464
16612341
13060538
30889388
12501630
29909356
21184711
35314078
34808395
24329438
17972365
14504864
34387211
30618723
20702434
18460527
25118107
21947536
1029483
10081190
27131888
7377152
19297963
2316695
21574820
35968788
37063216
14925151
2656297
25038589
4600983
18579077
8334305
22841183
9704677
16877553
34790962
1078867
17341713
24527125
29632228
31267236
33492431
20150278
9724210
38444899
17431043
15036917
38729243
37565926
30473228
29038787
29715926
23019176
9167073
6649669
37536085
12024627
14547762
27990815
16704284
21449800
8874400
31146753
31963816
12849404
3759434
14487431
11136639
25764477
30724695
13705544
25766620
34737533
6942828
34377294
3939250
19555118
28477284
13914050
12073594
11677646
19871713
23066257
29396686
36832447
31791908
13768863
35010344
37011556
19116415
29471125
33399579
248590
31610913
17476385
1712764
17684957
27676331
1654689
4221451
35677163
10986310
31079327
35021877
27077711
10123604
33938795
11705118
16799638
33732337
28697338
26194555
26952861
35187943
15627822
1822103
34470353
38566043
9762812
7835571
18867825
37550213
15923193
38225826
13925956
33713649
4281669
17687100
31689169
30358380
12832124
4878880
23598599
25179317
5306676
19596187
33013967
206457
22697781
34518678
11003070
37422989
10566732
25130757
717590
20975374
35972886
30858375
19698217
11902600
31602379
20332000
27847851
26123139
38167751
35928856
2024480
13613290
4854976
31033883
10983374
31566402
3795798
8226006
31855351
5100218
36588407
38185290
28893388
29188386
28175539
25562314
36705399
29281359
33071466
9549216
5500751
24070285
38945997
39056218
27968344
9702834
26077844
31608995
28322252
24554460
35297474
14904192
6853510
17202169
31461679
2757368
3934644
38385580
11327599
33360062
15896831
11623615
14233344
7554668
36396582
3117774
36404442
27156183
28004202
13224775
14516813
6134533
35791942
33466757
17201968
36049350
25294176
1523383
535115
13418060
17700950
22318899
23132514
8319735
17491118
36989693
31119770
10264583
22488749
3927578
23350312
12565757
19140627
11115570
10840226
9240399
19027167
27403261
16862963
21869668
17122834
24963651
32846160
39432593
8172581
15678585
47828
11876116
27736028
22129810
34199140
13604809
4827781
30056416
16889966
7226535
18724538
27192191
30827866
9922991
28700546
12234742
5949125
9900228
36001997
23126966
36291031
36847500
14504021
35812907
28713509
17380242
16791070
21391169
3918358
520058
31856152
17608018
21590571
14131219
17302029
4142724
36404843
1824839
15555471
33611370
20312264
13025141
38181646
18593124
3973866
23023912
15922745
22512160
17522792
38844498
12846538
4701717
12357584
36813780
23245431
11545934
13461884
16271011
33448612
26000340
22843082
17724933
4529583
17447846
17416376
19700784
32500848
7017067
25426170
6753924
35119724
1719140
9051274
19381328
6893972
25375301
9724714
20991842
9665621
17044668
30710508
19946353
21146287
811650
23351896
6974420
22010917
27151544
37341524
15723679
25694351
5395236
4532150
28742394
24636999
10399309
33964615
29970517
15810938
23707029
37392651
15738396
38738763
27589568
13880208
29815725
15709680
32370046
29971335
33632863
35588382
34122452
36284457
18395461
22714327
423946
9322897
6287238
5680787
31946288
15415122
1175551
24671831
33822842
34467780
38580077
38501966
14481179
32267867
72542
28881861
14026677
6081781
13146631
16103482
21200163
39534391
21766817
1005258
72477
1572000
17192921
11408124
394104
9072564
16427089
38656754
21290204
34785711
4505235
11498050
21282281
10621366
30005349
39234471
24210194
6312209
38429424
25289319
22464784
33680761
19958824
2146789
28795213
13302241
34026665
20194905
3995507
20194817
23502337
28354353
5401489
12343951
34671036
1427351
31695955
25554973
34151518
9792153
13503430
37797464
25406296
25961404
26101173
23693140
805047
38610876
23537426
8972256
9554089
24541589
9109142
6656583
7810124
8600308
9306733
13831848
916161
19554749
19016922
15381980
33373318
3974138
24561591
9116063
11189428
21903801
16275137
577648
28299452
27232026
11696291
1713156
29379951
31403891
4379308
35746386
33280381
3219430
39553115
2897506
16731465
508833
37039850
33668277
11907741
33665579
38728521
25224182
25871432
15042784
34733983
24257254
36698305
2657790
36754521
14835373
33294350
32956705
28571358
30809890
2075669
24205994
1557442
33323566
37813511
1159877
35883271
30382875
30401560
39044282
5547656
22753188
32514687
7597865
38853351
26373559
12017741
27909331
34403794
1614177
22258074
32076193
31416328
26086525
13277035
8021410
25954016
6708053
30881036
8588958
33476042
8442104
26082484
397564
37130295
11654229
10448318
1062583
24835219
7648372
10753188
2173385
27813432
6141128
35270124
15167614
35883360
10403564
5651257
2327600
9887850
395142
23022752
27618512
4356103
10792575
16830375
17365058
12922012
22438931
26420068
33078478
15225404
14428255
33862841
601305
26509011
7023540
29999396
26885427
23748535
8835654
6593262
16869411
9947768
29090154
9516357
33555760
515713
9479708
23218443
26182933
35729040
16453771
15011731
30904640
37560564
34081444
30634990
23757129
11437121
11991813
3439230
14624099
31832838
26839301
14515504
3847178
27188600
25387335
20292165
6879123
38577887
21416702
11576648
16082009
28574441
36649
14560911
18246375
17664263
10988266
15394796
9047993
18583207
20620287
269650
13803435
26867917
18643177
24541492
36503023
24072570
16289930
4332189
27985660
3874295
33041763
27468607
20309476
26499449
38565464
39216070
26719471
36755856
11539999
5744692
14551660
26285980
3572645
7075172
8616270
32095059
34464510
8778343
4779772
33442371
25540068
33175538
30054894
34260608
8251562
36394428
310503
12415634
15204020
4740647
27478414
6542314
28593144
20783407
4003572
6033201
31899665
20974779
26427790
24944019
2172047
7476487
21893304
15391180
12300663
39527927
31538881
1022138
27151870
15517829
7611071
30969461
24923975
33350467
38173698
35525929
25414002
35259857
28850815
8661706
15837503
6695007
2538742
26783537
32797336
22718794
19295412
6955646
23026325
18951303
7274309
30694462
39089419
22055378
27765894
11278525
12376057
16021052
37324662
406003
30283854
13950605
32485763
33311641
12160059
2913841
10898707
16752295
23645948
26379402
6122964
28743967
13587671
23733543
7488125
30065284
3916062
4567703
39371338
36245458
19551885
24908932
7152162
27810894
13902915
11744841
17867457
16193647
29650793
23374057
7610241
1195807
6014140
33795516
26636528
35097764
23181488
24209306
14852925
34591981
12791731
26303016
25479436
23212388
24041074
7144016
34607541
7360605
24705819
14462406
33316890
35654586
15229611
35097321
14167030
1932861
21784049
34183401
8583406
32678580
21583511
17728319
18472874
14829970
10614028
2427222
24468433
28279507
15641169
28239909
13336139
33492938
6485536
18335420
32518441
16680469
22128198
24368729
13733715
32964828
38922796
37909570
21487555
17520343
17536866
23897224
33039456
33019064
12599889
34768682
18429300
10977135
7114291
16045652
34275132
26248116
26476054
35918525
19166962
26061826
21754373
34690719
974496
33718661
430816
8149712
2946754
33076965
25135934
19737740
15700866
25626046
24596298
37280332
24170888
24207802
11297335
2494368
14589764
5846348
27654391
2383648
16392004
24779770
29259599
38046608
11304747
4637822
18387745
24166244
25087329
31949307
38483497
36738379
30771907
11267446
22703778
27122608
17376098
3733482
34831443
18110535
1455158
388495
30206591
21676520
9618038
5450986
18753572
16429710
29144345
7098215
12814050
22258991
17698616
28845371
23882456
26828504
23464087
26128439
29596342
28038951
5400993
27216050
14034601
7872893
33581349
23193890
31981166
3489157
6501918
34442948
31817539
19468638
30460458
24755604
7146542
37101922
15996642
11655357
3615660
11108948
33313193
27882274
2600128
30560113
5381283
37444018
1455756
35115137
24951040
2380291
18227944
1751694
37548296
30530711
15581728
30092192
20915566
37228219
15585212
26723280
3982489
7061935
12322096
37272131
8758962
35181186
33486262
9111287
22255758
19646981
12732414
2753080
22500990
4846111
33327950
14179741
16716572
38765466
16887193
27422939
8745590
27387233
25859967
7456104
13838739
18043510
14506979
33882287
33245729
8523277
14401184
10623953
2526566
16830910
3785869
3871269
17149022
13839280
602467
23726272
1369585
7886302
9115131
12544843
32043134
38476079
36982548
33207227
30019876
33413555
1562972
1289485
17772088
12040051
32639126
19646453
24487781
5983702
23704696
26845370
10220305
37260275
6838084
2878891
3905482
33860183
3268801
33112751
16693289
32406166
14611141
28514742
19756763
14552646
19475890
3059501
8456203
7792587
31644255
28730390
15641466
33436515
12563954
37815636
27242271
26655424
165350
1866005
39676992
26134422
20007285
11565007
37578386
16891496
39300091
10482732
17166894
14776230
22725204
32092142
12649403
4282088
9038852
20920856
6096443
15906896
11105246
19415814
31841122
2431334
20390030
21739425
6194244
25598531
37650286
29599859
30892027
17944523
25772315
28111984
32469631
3115789
16178511
27095654
3948196
24523860
31671123
24764753
2126827
22666709
23053289
35642142
37875646
37045551
9815609
26370630
27979369
12897506
3249378
10101697
35927090
38705093
28002734
20507980
38620099
19705763
8051138
2780042
29388487
22656525
16157067
5373977
3391187
31344652
35114531
18873444
26620627
13228008
5935057
10398280
24481064
25697739
25826532
11505016
13289775
1141697
27344846
17877672
20884011
8457879
26012558
15419110
84994
8296971
16680435
35840057
34230871
25084614
30536570
24014510
23488932
28726010
14173040
24207744
4724025
26110117
17161980
20445940
28436945
19927319
24261749
12976047
16631558
28908429
28073765
35102104
24171281
23110560
35778709
5464900
8372885
21939181
2962269
8158532
13756101
31285822
9527080
10216361
5819276
1810560
14065063
38971188
24001985
27752924
11269358
28191679
37363173
36924662
407785
15460897
3295761
35043320
28815877
25443049
8960742
9186799
3546988
18706380
18961269
13839528
6726225
214353
8183080
11366447
2855045
7763334
29690140
7716520
35841298
6538088
17498576
30225734
31925424
33899
30079751
14034696
32007488
26125870
33628901
5054466
30558615
21766307
30306172
23852672
26119654
29944363
34139125
29397461
16203749
18746915
9880042
39273373
1582902
4643340
21366308
34828526
11612036
27375646
34131538
9839158
18526259
21688271
145983
17890728
11940006
8177475
20095796
26953022
39480849
16086188
14438295
6705943
39560247
361809
33627142
36412194
17964208
15392209
23741012
20843971
17164013
5236702
17907065
10667970
32721304
37904257
4920582
5996472
13072981
12443267
13916769
635531
13971858
31658508
37484933
24676985
12610221
8233201
12514727
32774906
20439536
18300080
16992396
3148053
26311196
18234932
16894776
1343831
2451790
18504310
2936906
10719637
12205399
23916403
9970982
30948426
29054870
32167315
31769704
12437450
2695003
21948261
2840599
28984874
19048287
33475325
12162258
23748910
27483666
38128242
20006103
17291483
35902479
38447465
30166872
24967365
20006736
38080467
38096926
31422154
6298911
22934098
4972248
25170568
38775128
17493668
38868722
16617420
29472312
14045037
9596851
17623724
2899974
13278868
21046209
39212972
5991659
13724017
3742806
10192183
6449357
25472233
31038206
10935114
18440728
36000000
30784034
32498177
31781556
19386422
30673499
25041938
28072565
27168581
25991846
22157708
31934950
29047279
7020569
16072182
11145063
541576
36267515
7600596
7287209
7322192
35470166
35489476
11498254
22184168
23067572
39427838
7031505
38951801
19841081
29856146
8442038
15621206
6048272
6739618
31003858
3504918
38740092
5914857
39147226
1168161
15137139
15862768
17902216
10702586
19494668
7768060
32944368
28945323
11820431
11487734
47531
17509592
16645498
15984011
15152663
28029366
19586757
21088954
30509763
8443469
28031468
1702420
24307349
2543354
11913120
25089001
8271287
2105524
34691313
23284458
22955945
8658146
591694
14357750
17448219
30239345
171223
21456634
33121386
34000840
38755831
27977115
2356929
32529726
620848
37977304
37209604
11143288
36971081
33030937
23826121
25488114
33702894
38908349
38185662
14031190
34311283
24676830
18839580
26033166
26916358
12821789
30899928
10042349
14186527
215179
1341553
5860383
26614398
9367865
35867505
6226104
27356266
4069626
39233717
29167561
5229817
4178667
27007168
11482967
3551636
28831367
26992453
23895298
4597066
17732426
34881611
12501710
1984066
6017790
39046833
16874008
38325263
30684748
12924390
12549737
17514376
31663689
13906473
20388293
21701599
31797879
10905982
2412299
3063403
35055049
2160393
33436851
4850625
2399395
24180515
23569933
24234301
13483621
28703688
36008950
15748360
33087414
17368472
24800058
7382528
8362085
8173212
29999120
17393966
20950701
2866858
1349677
9962090
26022188
9482311
23512894
28734476
19764528
4475499
9316553
34428018
39450999
9256336
25194287
22078689
14920488
38779839
27915351
37425262
35306275
22864072
30638302
25704886
9006387
20850440
21297003
30658120
26912512
31355855
20267883
10988611
20758265
35780961
30362790
36977713
29407784
19037395
23641517
29250104
4714501
60217
13457325
17372310
38249443
26104448
38076932
17185227
3473564
5051279
6786959
13824982
13857685
14011456
4407883
22261862
37851523
33854742
14613831
15923900
14821184
28400517
20315822
23470553
6373177
15548989
17559789
4381273
14322894
23581300
20016373
31255785
5724369
27042878
23208973
25287810
26854478
33025653
10398267
29338583
35107188
36689098
9417099
35509418
20073528
14466736
7648031
21927622
23257152
30126909
35298079
31040632
22027340
8990426
10134357
6215497
1226095
33668490
24054901
26980703
22080525
36887090
12270406
24350154
188400
29873320
14889542
37205896
2142059
17622764
24145078
39287771
20839163
34640364
27861387
37835907
35123179
21434717
30543138
36130114
8099569
26307653
20906275
20035436
11987925
16155868
21850597
13935393
15811558
31081406
18933891
1953965
36698690
22087087
9460611
2672505
31954855
1490372
17284412
2544289
36473602
29194715
15649977
26916851
3740779
6426670
11516363
38683065
17558742
4235485
15223839
27754133
18543322
8974000
37874840
37742533
4567904
34682785
38915097
13857593
34072717
1070398
32183355
38249779
29822232
12193833
29301688
33634160
4706771
27779698
26584312
13780344
25453936
9223307
19624082
4747714
32781523
7280878
27682820
29494609
25382164
10473433
29569294
20490790
4406096
7415649
3051030
30400312
610068
37844699
25587833
46532
15161760
19989521
13171685
35878073
11710656
1521990
11273442
30616427
6549356
17361005
38069857
20706221
20355378
12343204
20978489
3286914
25812309
21432981
39615316
4891374
6067336
26377239
21663354
13695785
11029175
9119926
9036073
4787129
26906532
5598311
26564848
18973688
12502459
11649695
28828225
25007824
38886229
33602437
32236571
25533135
36695628
29950246
3951326
21292058
30444490
39235509
3361598
20920935
15365644
17461671
27141615
32061552
15348064
16767022
8883306
10465639
21903394
7661355
17912282
7932844
32785853
19138747
29835464
31408230
16677061
39139382
32461253
17576687
36596810
6509919
21581809
19627163
3729350
4405817
17930460
9523555
23869865
29813522
37692915
27217687
2113607
14598187
27401839
9106018
34553628
5445545
32243358
13970550
14565503
2997128
17787380
5601217
2461686
34609677
38636977
3323967
6766166
30174928
35684879
16969647
7004163
21399586
1696703
33895795
24449547
32030533
15744235
875771
27699914
27318322
39505849
36921184
19734559
26179888
16552661
20583078
30570043
33469824
35873171
8964285
535442
27091298
10877835
3361313
32067105
12685643
11552683
29486520
27394359
18508887
15272943
12798368
1173632
13579765
22375154
23573776
8554212
32339508
5283517
30468731
7583762
17549554
20368523
38841482
35299846
22772838
28623502
25829351
37157976
13005466
2310044
36864130
34714194
37882193
35722224
6804179
29204878
36957391
14213576
14595991
21558848
5916772
34336809
17289857
9249147
29725646
22513852
17775482
24755746
31647558
14323802
12655875
21939709
37285686
14441574
13694089
29528457
15618035
23519307
4517440
17981273
4117852
1141905
32133609
12900908
2988427
32280603
14608887
19622137
12520398
24172776
4268991
36357626
4611163
38689600
35387260
4969900
34779889
3451679
16323465
9707849
16728117
37904301
8245620
11980823
38513540
29864783
25011017
1860356
23625048
3375534
29761258
30906945
2377072
39543007
2515615
27279885
23983799
34349706
15353146
15852773
19561613
5269392
5193960
3864856
8133304
31935580
28336436
25072040
30637157
22332758
1462229
4747294
3614355
22294432
26659807
1186776
10463328
25859076
11789099
32408104
998462
29908252
32614924
19010782
15559208
12079504
11926739
12354619
19011686
10083754
10658813
15696757
1359681
12948380
15218421
26974859
1298423
10227272
23609811
30113456
18718403
23081392
17777488
2427579
11831103
5024324
29087678
21968819
24860614
25794441
39483181
25901274
14349044
24759014
7084043
7428182
36981412
1842985
1695806
3314929
12947666
37400434
4701930
18298417
15873551
9214743
3365047
15098562
31198870
4752013
12335968
20514418
15473882
16976758
17253495
29552285
19853711
7516831
26399232
3182934
11445397
18947761
23040825
11144456
31691196
5241058
5732376
33666483
32808913
3985373
38303000
38562844
25750477
39400782
14933370
774989
17705874
2836628
6986188
14908046
28968132
35049211
7484516
25611598
36813048
9736664
7376647
20894371
295028
7451471
19832110
300941
26946566
22023360
9635673
37714714
12122146
1747003
35053483
33936070
22148491
3125812
23629474
29199082
21694908
16320336
33478802
2797828
13558497
11626978
11647123
3356534
37926164
37437853
22458545
20142271
13665230
39615177
5285855
39684088
24418500
2032343
30355268
28921852
9901214
12112264
2661231
17876076
19288513
36151265
10306596
36863004
21120905
11532732
35410281
23120674
2761839
26075418
35064299
10201963
13390815
18122865
24811584
22007487
23772622
22533369
19080010
13671143
19420271
3253511
13552413
35186648
31821130
22466598
30484215
31715139
32513751
10423561
7569480
26339104
15030359
2997458
1452723
2223825
12994487
9334863
27746375
32249877
12684603
21165028
29303974
35296923
34040244
2278215
7151071
14325073
7336692
15826498
4342324
23923623
15345976
30775816
8926027
4329585
33866442
20060654
24145659
6174647
35083202
8795615
29109975
12806534
29692972
36031455
14167451
20434611
36340261
10804941
7169497
21301275
26814785
27025759
32369446
23938765
38855118
31014573
9982749
23103069
4704116
17480103
19221190
15239985
1132968
28555373
19873927
27691795
28891047
15350043
20978266
26500262
23016238
36992115
2862677
9258361
39381195
3362509
17488708
15038986
23680157
19833739
32845424
7099614
32084236
1354872
13956016
15752048
30534051
36416241
8105473
29154131
16347135
34579412
35056059
17354768
3887920
4523883
10937122
2390784
36247400
27899746
27861179
13757876
37300921
39190168
35683248
24342209
23595947
37344970
21883563
20804137
31663098
35714145
32833599
20555781
14734416
21453370
7646575
1379920
20069106
13216062
38011667
3215961
34915085
34755770
6417645
1497136
12190078
26950971
18443200
26713118
30288825
28361012
21988223
17182306
19817815
38028279
2458646
2791809
9905466
30083012
27660539
15330910
25203323
11380229
12909206
13354496
1384264
34120514
7281848
21076739
22214571
3255897
36488316
37641543
26789286
23380269
22743937
29390555
36352147
29772189
4724895
13106519
12766790
27873538
18947254
17026006
32346407
12065634
19044865
34264556
9103283
16280310
6645298
11848827
9995965
18478692
10296242
24221120
16129537
4025951
24278423
28486623
20380206
17331641
14897606
1622325
26718123
32661749
24665660
27469222
21228992
20764951
38072859
39654379
35217132
6881620
37671142
37771852
7185945
2764554
31842852
1478049
6284345
27856607
1552585
29688440
2349155
10493885
4166290
31556509
23335746
11170376
13589016
22981475
30303519
26149452
16646666
3472495
15656350
3900708
29086363
21264614
25237820
35414833
1983237
1668874
39385675
34906587
10152594
9931490
703803
3986245
39615465
20509500
29731045
34972295
29745743
14706241
26848140
32685915
17967492
354271
20556857
27129565
10558403
26831024
14716696
12745957
18299726
34081737
22576483
33361531
19281376
27792540
252752
6766651
31206281
33677779
38426378
10389943
10006026
24107897
18168794
8866763
34677352
15024804
8124155
36749829
36428750
26493869
12129058
34751522
33709463
37639428
16636463
37502446
12754892
20324959
34083069
24628196
19023955
34473943
37332373
12514725
36276260
10488567
12253867
25039932
23671753
18542075
31911149
1139262
29120546
3143990
4966202
37617524
18286055
21320287
24620771
5900821
36698001
18403225
18115059
430610
24884536
535097
3419377
27816696
1301004
39299127
31209418
6509229
37887684
31067399
4484452
15459922
26506815
33401793
32818783
22532491
29111529
28767159
396654
35416617
28771530
27559509
17220347
16608827
28535881
6217546
31699357
36267390
33208690
17579962
36701234
36757840
38924094
3810251
830872
38705370
5635037
4365613
2024777
26651355
4560584
10772659
22331140
8197918
8513858
4051624
26359430
37608507
4219222
12527146
18196270
16386297
3247222
11002801
24599471
31958492
16922451
14119395
39256157
36140850
22569463
32890983
460561
4442318
2398808
688853
36680592
22897276
4028622
35165713
4320215
36052667
6482395
22503109
21528488
10595352
4055996
13832284
19412236
31746520
13503518
7193469
31476826
10978731
37993945
14703670
32392336
20471601
31239933
10588767
213882
18127145
34715769
3995302
11675320
23415126
883824
5738473
18577061
7665956
28683317
25730701
18747773
35577044
18447113
11919798
30873116
11999476
4552360
16442361
269694
2524787
13113119
16773156
22499990
21745937
23153738
26027162
20257719
17336382
15562999
35908580
10675418
15524237
7335072
10160441
4838065
32907869
16745157
36759955
32831778
32796274
7283587
6827975
8927522
10671231
11591031
18654349
11729782
2027573
3329241
27410133
23938392
31057183
37533012
36162828
1488218
10040950
10464163
24039140
6660963
4262356
32797102
4738571
14909765
14117203
33105285
7768111
4299685
27862478
33699961
26003803
28092346
36302357
39150538
29963173
38631449
9563458
15325108
28233244
22002776
16185653
33790715
27465564
33792559
27492062
29922259
17139079
7603581
10425401
35155632
1922392
33266185
18679899
15546881
7141654
9817518
9466401
17981745
22209477
39460133
37087605
26543265
2352766
1894502
29587080
14638065
14621799
31474276
3363048
38356124
34227213
22083095
6298653
1766899
16653480
19888481
19496857
25897041
5681189
21072811
16475733
30289105
26124531
13085975
10304074
33073504
31521635
9696269
20584141
35356213
1640959
39416697
1179779
27404702
31186298
37802805
11275017
20179270
36937064
20969954
32057470
36683907
9653209
30323767
21960043
34670033
14207292
2647640
9421308
19305678
34638280
7613352
24208625
36964622
21254340
607805
12489363
389016
12278903
25081039
38400028
13926258
12453993
3066975
16129685
15230622
5089334
29995064
27811800
4476751
15540338
5957297
14723864
14673177
16116475
23535996
25248725
38815208
7699361
6031549
39010648
1897252
30272607
23600819
24475259
25088918
32242497
31321919
1678989
38042646
16850640
39556647
37486574
1446965
2201234
25824622
27108822
612583
18678319
26078097
29442887
5090755
33754416
30877869
29114452
16991268
20060229
23440770
39494561
10025703
19672537
15409829
17111993
5183689
35271917
37066935
23409928
33889852
18694873
6035937
556071
15403675
37355412
11661952
14028143
1588651
11369896
1030725
15083291
17811158
36237276
38255019
15666304
16763148
15041233
5673682
17186708
14258120
7991826
24084732
36827304
14488848
24051506
19735059
25687355
1382065
22595656
17373991
37557374
3291198
8370526
28584120
5599125
300354
4515650
17221012
26195361
37472333
8707044
20741866
2144854
19474127
23213786
9992621
39266441
5006707
1905450
32791977
17120817
37416573
4256819
17092245
32715088
22669441
1362996
8313364
7738286
23528052
9003465
8973254
1915666
12293765
28292064
28068114
18018588
6733317
8513968
9677088
39551073
28922917
37218081
31842233
24121281
22430673
12310765
6474464
27575891
8402472
32758751
4252165
8925079
21277379
19952843
24401723
19154749
17524945
3533493
38455032
25835980
933293
20371191
13537553
33965178
21558746
23777739
12565094
11095839
23504646
12149008
7708840
9025230
19011002
23755062
17646816
34544783
8131887
17629308
27547319
3700987
15704966
23989323
24213356
2122630
2427898
25091824
20389717
35602560
2600200
22307435
16522020
6658116
38502446
29449815
25623678
14686501
4496687
416086
7610593
14479415
37051600
23643779
31068415
24156220
19846768
4241102
11221057
8654494
6147936
3557996
19177631
13582335
21561425
3345126
25646508
10738933
22491624
2305876
23304133
35632084
23494990
26762206
24948033
28039538
29176721
29431186
11299502
29707273
3054486
23656815
27324595
12895380
8020604
26827312
17158757
11192274
2316760
7663061
33390458
32255601
25910165
15832505
31849422
15046086
24767097
23340631
31348394
26549540
22724481
36231928
14907645
35145452
1809079
39430442
20963630
3693042
26376699
27332688
2382677
29849107
19859804
497283
39650218
36518331
28734146
13719289
21715411
9751160
21442897
17557953
4629773
15087673
34979002
8508791
23387693
37907558
616150
39030061
15865489
27269030
38646443
19390797
18405416
2339630
13053743
37544536
1310365
36217593
11696478
6108988
34112484
23031474
15676732
25930928
14802920
18982986
31966393
8381052
9344981
10578818
26492545
35810983
31389981
1295038
12116235
28271226
26265662
13037121
383618
36164693
13087207
840405
6337054
24774475
1029265
20749745
25848058
39114971
2105108
32578599
30122257
8181556
8228553
36383747
37878130
10645462
13861599
25611169
25802101
13223999
18878838
29421101
27918342
7342348
14719377
38769115
27887608
29790970
4173507
3766807
29827638
32226327
39501141
29500904
38616417
5827889
18644636
37183054
8992714
37837147
24350045
33428511
14217021
37273092
26745742
12266960
28756956
637600
6732331
604594
24995658
15760083
14701724
33062822
19144741
28842001
38819201
24120801
4186926
11637181
8179261
4550328
33299911
37896846
10856268
5656957
36525176
24721084
12833009
19477797
23620126
26766954
10906363
1950060
12739730
26108142
9758223
32375955
15331943
30662249
25592871
35846431
36305343
29773317
38157215
38937535
28878669
27182020
20165134
39326599
18027271
14196010
37607655
31866548
1371670
25825185
32513949
21270972
5324551
25756055
12795028
25893660
18250818
24488222
31881838
24277369
10776199
18785975
6783084
23399107
34046907
43148
1912809
1591401
894648
10975195
18772401
29242071
13378343
10192718
1718944
25850724
12824340
16006064
3576193
19790698
24724227
6757893
12699538
19120892
11728831
27996806
33701822
33663450
13712023
17319457
21717879
31290687
28652663
6739936
25709891
36679099
38838501
30627615
22509001
15566171
1820445
12803277
27523127
27217620
37058379
29626475
26498125
32723642
35195431
36508300
11314754
5603335
38942657
24392733
29332665
17755382
18508377
20605959
16169164
26334931
28356795
14977943
5580795
35887158
7591436
34772277
14170098
27495923
33030764
9705723
27733045
18516420
19658493
2120246
719495
4334736
38344638
29679825
25632482
29592096
1789237
26612022
15960671
21187275
10107950
12950300
1586217
36087040
31939164
1191221
20754136
36383232
11610101
10498519
21717060
19785513
5965107
4464375
3986472
14514344
33960825
29836392
17796924
19547351
3465609
14953265
22615849
8752542
32114182
38710461
17855019
24515556
20727666
3010371
19601058
13710910
24924730
4618590
19556498
35245933
33494714
10255616
14666172
31514589
8757006
21476279
20022635
31140764
10193551
13840081
941013
18637068
26370783
7067253
36621503
38626662
26752677
23595388
34811117
11822220
17982795
14844648
4914498
7016755
21999235
19206061
38068007
33592392
10813877
13524476
20579761
1980125
1498610
37103488
11491954
17306243
15506322
10406148
34423344
35470078
27159298
37787355
21705566
31657716
24228171
17249708
3815544
14930457
5612593
19966469
6907721
15189634
32535414
25398438
12862343
32320438
8392184
28767125
13012630
8833751
12025866
27389868
34401766
28105961
25820760
5309400
26796494
19726245
22936850
859583
13764512
39415177
17782778
8679451
27842172
9297713
11637115
27762670
12246330
34336554
27121056
25422878
2327290
4438569
17006253
28008813
19307808
3782027
20964853
29536357
18345580
23609905
5792702
33315960
5533061
6094515
22062550
30160504
5961733
27435268
22766806
9308654
11573005
8485064
36732337
4303095
1274977
21214156
641614
30737046
32009263
26906080
8416625
18232072
24820762
17447820
7043960
33685046
25126448
37044948
23743654
28943214
22300438
39388188
11253410
19286152
132782
38540877
7393698
36343079
20085857
18505336
16489912
7269909
11433681
19741774
7885075
14451526
28894894
17649129
22320421
18000785
2085318
34882399
11188111
35049311
32011373
13912607
9941391
406827
18968104
28269061
21913398
3014286
3788999
12402534
16116048
3479703
22678613
32801957
24076761
12815948
7071655
36438139
3608428
1205749
34760475
34149541
31821105
10894108
15563811
31351617
6812674
10949601
2871026
1499098
25107920
35828140
34634503
25585925
22407024
20177412
28703655
9510864
30811833
309296
33637515
27227686
19092943
9862665
25730302
31552217
13431113
5865906
5901257
9148888
13298238
23866367
18585730
4693082
4081434
8837803
28480591
9537169
25531682
10956481
10778190
3745588
17644710
18680685
1105864
12896159
33279174
28394359
15563350
3584147
20906353
27998444
1497384
31454321
36121553
24087990
25650959
4282225
36481262
21724891
34476753
8605156
24008526
13971520
15902492
38457860
22996122
21747704
2982573
26009688
33001772
31787506
2639724
4748550
29315105
12401505
37022810
29695027
11711600
31478501
6310357
29142033
31566892
21322989
5803362
31839328
27296728
8149662
13719066
27876106
1939959
24728827
36616258
25240667
30665399
33844789
35475286
1210028
32659527
10885068
23369963
32476815
6695994
34151814
7415741
3843672
4913499
5544309
27608264
22259568
4135203
24677369
23338671
39417565
37939855
1877294
22343855
39110623
6209703
32903834
30949849
16389292
33753428
6995063
29455382
33678965
5408856
28813812
17530065
4406305
8412668
33131744
25061074
7075916
29238314
1871431
15925408
22343932
5632700
2930895
38610898
4407639
30651108
25684971
21297303
38519233
35357592
33353616
12384368
33734005
38840407
28178380
30847505
4298057
5809800
4865164
16148900
1002551
24624738
24088322
19035232
1336751
8117024
23189643
30840509
11117976
462325
17218107
23423035
1225061
16193382
17149521
27023930
36045470
34240974
31857282
30358459
5847180
34203210
23895989
7110094
34542350
26592173
25982341
32062752
4807249
24154021
31750579
25880914
23287986
20194892
69183
14409837
36689049
22727318
17845996
27384941
38927264
1024725
10497108
18114726
24061507
22598548
39080243
5687010
32617387
37344073
6462470
2960680
3884454
1527409
20817753
6703192
21784924
6051914
312173
22839930
866034
15779281
25811731
13101743
23195844
17031866
36253842
13527701
27713648
16821271
21111427
20812538
20876813
27588561
22948078
18374496
33894755
1736169
3448134
33880301
33459619
4935061
21832928
36871263
19432486
18989433
10614613
3168587
5185880
24222893
1251793
27454292
32273438
8779865
16537901
13891736
33231812
23656165
36329869
6901110
35634459
33212866
2088054
2502316
33383807
21211908
14926362
4238048
7966551
38203074
12047373
811950
29416169
7067089
30480244
20487493
13803553
26081721
6140388
17421588
35863050
32161929
15139985
18381701
15238053
36795331
21475462
26330702
27711707
3117003
9036649
33132142
4052653
20566147
27265955
29145758
13245357
20636883
36104270
11378194
13010498
9203878
10021707
8928676
37177131
8622117
14347105
36071965
29908672
13668459
6505197
17481348
21147470
22258249
1129833
28597352
9083623
22582053
21517647
34269566
3287943
28160503
5866187
14596896
11544383
10852665
36955083
1867163
7626385
31123986
5580081
4081822
11716748
1399590
38495166
1105165
18403446
678645
29566768
12427323
36434584
28160543
20575109
32240119
13174625
22461375
11303299
14504058
19294109
37270738
28403378
32604642
20839714
38927117
17331814
9677220
7449874
10054690
510676
3544563
19407238
4180490
9500250
14835176
22686145
37816521
15451992
10199716
8157656
5629818
31542215
8418059
14985918
2337327
25160414
2894161
3167266
17946155
30014275
30603062
16431024
33389856
15272828
15386087
31477242
7277123
9166544
8128905
34561047
36020186
33734313
8795656
25407940
15597324
39073185
16710023
29658865
9822174
18347502
3963190
30333901
33428482
27171240
16315351
3393655
11437852
12569887
16477799
1515131
36314419
15330233
5268531
6136208
7995705
6219543
27571931
16629671
17059953
14084593
29988985
14835840
22360583
9412472
8697917
25628460
33474605
38052522
29919268
23401867
28832615
20705545
14018550
34258420
15733388
3745464
30829451
9922721
20169062
1147565
35936601
34401805
7334528
3272582
18254278
35279628
33073185
17710932
30554281
2224112
31414011
20576513
6137923
36422123
19851462
10335396
35399193
10072737
13443501
13437317
9383317
34264195
4972157
14496680
7652563
10034260
27489996
29681886
17899715
29680852
33503038
36887613
16147527
15968495
14112992
4766940
4725347
30849072
25986922
9977768
309783
34681888
4948645
26121
1022930
9778724
36581896
26185469
4913014
18869306
8465160
38800231
30835226
38851491
30920279
17660678
31824546
37499145
402442
20702103
13533324
21758137
26998215
15604181
11243148
27177514
22693613
38661173
30539289
30995034
9252717
4507255
37882552
34859921
3134226
18751056
9089304
21936183
17720309
10026378
31947675
13527264
12103546
17398142
7026945
33111134
21481830
15346036
28189415
22557900
37617483
2152737
10514989
4044294
36824163
16495569
36328226
31388579
29408456
30255628
37026077
14082797
1373029
19131496
29994211
25111638
1030747
38752927
33902103
8416639
2146425
14549532
10723912
18682413
35606313
35594504
4921719
3147524
17418554
30260272
12042911
37796783
5018574
33709420
11629663
5435584
26777114
6072598
38276097
19549253
28882599
17894581
23778586
20174986
22324343
30931285
35123129
36527703
1140094
19352571
37382727
23154013
18633220
14819409
13760693
36682383
18175950
18575042
30794614
23535366
25241697
22247085
26167119
3806584
11155900
5557065
6849488
11451455
16880000
24605109
35460667
12931207
39483833
32537302
28965451
25486641
34014785
15770558
38834976
21899676
719351
26786912
9393320
25864431
867053
39099246
5887769
34330585
37246940
12771122
37058247
21435113
11091185
24833648
36647097
39394445
32590660
26157973
15680789
8172387
24811277
7146959
23655756
13997192
2746111
13194893
30565259
16338703
19274801
16271658
12506356
14544920
25919858
14207669
19976662
6226469
6075900
37030242
1495931
15811827
1679937
16448193
24478016
11386741
31932988
14712718
27937250
28641867
1346696
8533829
24206631
15037678
4400848
14684457
23121934
30321003
37833686
18517195
3832347
4729881
30041801
2522281
38481853
23916983
8131769
26860015
8954132
29954074
35350305
24737739
31023811
29983197
28428800
13988892
27363085
7514715
13366021
23627015
8658830
30222613
4132981
9522174
31605745
17993440
20764366
8828333
30712250
33103805
28165395
1310066
10161622
10348412
34080513
15845432
14962851
17867696
31199711
28129988
3153856
9590702
532533
17034919
6843705
25137679
4846465
7959664
38545886
22833409
19494034
38826657
2840461
30053135
32671403
22777412
31194785
27350561
24576533
29402184
27165777
22040577
6919554
38229785
35075562
20436411
24335722
30746458
18937433
25832603
27597455
25808938
2746996
19308449
16412048
3107635
26281794
21703056
28155631
3942823
24216542
29130899
6155254
19753050
38548351
9544435
2424473
6016195
184784
2535956
22482630
32849587
26655016
30396738
13894062
4329104
1498977
38193120
3149003
37042090
27309200
12512600
9396890
3862955
32716656
38622586
14642004
26562565
37176515
38714733
37477570
8687086
34496143
834412
21552170
36755749
9359651
39578518
23223566
11248792
19794535
35999487
18955524
22325912
33121354
15390943
5403695
8370482
15107514
30326404
27645199
23446245
23709539
10464305
28910952
10377685
5669665
15617272
28774996
32713023
8442183
36643157
26824916
37430395
35388356
21663653
13532183
37800859
24007577
31137674
31983269
37158624
2878132
7788175
21145811
24750872
4507023
14767292
20415284
31351270
10840459
17180894
38448888
13331854
9018234
13293679
21292690
12646642
11398683
36045433
5888107
10701789
1254801
9384857
23898212
37277498
1879669
26308103
10041184
26538954
28259542
28418687
20236407
22040855
3281152
6378519
4335588
12845754
3926833
7457983
36815977
1732199
8162660
25155208
31729165
595185
6118590
29160851
6758535
696893
34790632
726843
26493578
3667304
7505188
1813702
31459907
19254310
37738562
21312498
10526141
10442280
25137535
13857888
17705267
34348993
6675280
1101198
15719778
6418228
38985324
15884362
9693035
11791069
19036618
6791907
33526651
9645291
34060220
10255286
13893316
31123328
37135250
28903470
16120991
32164473
3765141
10147409
12951762
31519876
398557
36358254
36650608
30478542
11406202
16604069
22852809
4480646
1805875
4059009
36415194
31417849
36537745
7124721
17954419
13614921
12421688
27494959
35441976
7160485
17033630
24679847
19225931
4970777
25138329
5973582
23436304
16158860
13972446
16283509
34559269
9610015
29175646
20046539
11849327
6925556
19021787
18793800
7755453
10078027
11434859
33514066
13463430
22922824
34393034
34373055
17862946
5261203
10461328
10762129
31848149
12062853
3765112
17475943
25448068
13203063
31691136
11376389
21289592
4362431
26797863
18736324
1984282
22250090
5248345
32745528
3393697
8943760
11582535
13931387
838191
32425629
38811033
23003970
5059878
29131831
23911726
11324411
17326648
2622069
11220611
14372206
26304786
30252050
25474807
18295272
31603472
27328705
24268527
6776862
6601742
4547773
13487978
8928755
23079987
528179
25386587
29152310
12329162
18846906
19033949
17524222
27365751
9679202
38782244
37649062
16028776
25513251
103800
2954442
16007284
20658562
32810994
12233107
2872172
37836103
33716746
24826610
24950557
19720754
37202478
1896581
25381380
17183393
23232169
33617678
27889018
10763274
14341955
34494941
31171156
9354746
22655573
33630283
37564021
17492587
37545262
13074334
9505966
19135239
14057043
7997771
22009984
38888486
18206362
17735563
17109140
18219586
31537726
23053976
38252968
20019085
22578006
35677297
28984376
16692489
19275722
37307672
19282119
9210803
16062962
1764467
11480726
5162985
308615
28713280
12210215
18410023
38707292
5731789
1348849
19082152
29481410
4274421
21779346
4210369
25887837
37968759
23880213
15742235
4699563
2575671
30724710
5885517
20625169
35590299
1633964
10064919
25468304
17517652
37420077
15123570
1455852
26681041
36866365
21588592
29695989
6478425
21284768
23848734
15940380
36764429
36992807
29494634
22300178
27724182
24243751
14369196
33269195
21304542
24707525
38504047
25864097
39048006
8475147
10560249
14345589
23806313
16558437
14568327
16061800
14962630
17947206
23780854
36675053
30387940
303824
10070848
30228046
28433934
30769522
30359341
18687844
13492219
9474477
7930982
34144987
2939209
33575266
38678743
39354040
25349520
30028899
15303847
28926011
28582429
37915407
4000855
7744513
5819400
36311122
36194540
17977578
31472861
27700624
30827798
159894
11559890
23214921
4092299
13969684
17277303
25108458
10756862
19037232
10758861
14045717
35156245
3275170
12449340
12873438
24050192
36113509
5670064
21302035
29148750
20837916
36319601
7379734
15463567
27531823
9061855
12717510
31063375
31312967
16140734
11836471
291189
1813800
5937617
22897436
3212821
2463665
18573190
934739
27794582
7483691
5819971
26506401
18914979
16025831
11426968
6971751
11188353
24522148
28896029
21769016
9597943
8787778
2541472
6969651
692042
17438889
36266777
19226903
35245372
18550527
10122448
21307348
38290980
7697546
8547839
6501676
18582677
11089499
39028363
1288181
28258713
33707734
15079433
16166821
4837478
30818414
17765723
33332932
14924205
24331845
19227543
6851885
12319330
29016178
10392875
21155139
26107112
21939843
13328049
18161618
19949548
6648495
12759508
36012898
28804870
37148341
11386907
17294496
26744381
5320629
25898749
12091891
28870256
28174613
2624692
15418140
15894209
37347473
14105389
12295914
12012515
34124960
36149011
30854191
7132659
28143033
12050684
12169088
6213889
6679554
5402109
27850245
17533626
19524762
28849584
15733968
14627553
6066278
31085747
14652490
20363967
1947730
13690793
17675710
12280404
9190813
5536345
7821889
25334958
23894023
15836904
25071918
31215895
12229572
18803507
38877166
26152738
5371130
6766979
18053644
33059522
29790942
3224255
1799658
9120803
22783306
24338221
39665064
25392312
33361611
5185290
6911851
29357326
4499980
12139364
8682109
27769450
25555917
35898580
263040
32368129
7830926
10492005
36252324
25766835
13432377
32110187
8099093
16225202
20889632
19052983
31259864
20670139
20130950
17151438
9145739
1614588
34890205
34479774
22704054
8227879
4908904
34462488
20675217
20644125
30497042
16697124
27506410
32877788
28067654
33684630
339399
21754092
36749628
4142137
17667741
1430769
11220555
32959705
24655339
219493
3145627
14108426
11524399
22739956
26174828
18579560
18600534
26662326
33794463
32155161
27242663
23954780
3965445
8201686
37051310
1842848
28319471
33511781
32538389
6313562
1158595
35887263
8309944
39542453
36835177
28621631
16465430
11001062
29814077
14770507
28385094
24319266
31847193
36858434
4139421
39202503
24475098
30358968
39109664
14063277
28189716
23264570
30817065
6346191
19572216
3539529
8994460
22005909
36576779
874719
2227211
1306143
3275680
19378314
27300617
25834115
38497555
5918517
26529562
9718405
26836909
35440255
20179845
32334691
16606930
17694048
92839
14635415
6392846
20068687
27159806
21843524
3692354
27277536
1575325
1789900
6652750
12343334
24002292
39494230
37289040
22538898
17919121
21355160
24794354
25605694
38994553
33002744
18771608
35002902
29228561
34192219
18833325
6709390
32241852
6195109
11301202
23937746
31389203
24239322
16376333
39572271
24491793
6126048
24848380
28921992
21701203
11072115
14744295
1463393
21575109
15933879
1968138
36227022
22050608
31481611
6834085
8215245
3774183
28492984
16169576
26742764
6173961
16861810
35098189
12527699
18719500
30975475
7561413
31506933
39437530
14473879
14723891
35259802
28338439
13776265
14177696
20237810
29187006
3034010
39185256
29261682
33573272
10176528
29392936
18058956
27707428
22254696
35959264
20945013
22319022
3531360
31334576
37559857
2365904
8346308
4966286
26902568
31227945
37001129
16783042
4177728
30049034
5171220
25305699
8100629
28502853
15367280
20742555
39615325
9150738
29008727
4092340
19737910
26382695
11361834
21789693
10986008
39625675
36651498
33524032
28672760
1165456
22988268
32593571
19376931
21031957
11878751
10119525
27050217
11175689
15835416
22785624
21948405
20581961
9938419
31271669
28577529
10440136
31423828
56578
29102829
6849626
32420507
37638217
15396687
15649754
29051790
21375571
10952914
35486042
10535763
35769190
25702120
6179905
24938413
9257405
37895335
4926656
33974110
4264593
28917285
39167050
17070799
34590330
31694433
3721877
39537842
28520951
21027307
24574202
11549666
31154613
35366534
20994347
12810021
37934710
4696839
37479343
10839808
19097319
9783922
8579452
15054371
16444714
12198164
24235351
19196890
33630742
15699372
34497061
26883795
38240549
7472617
17572516
34742489
7397075
22384570
14963639
21194879
33786289
33121263
30245320
22568186
37121824
16297507
15020678
31318496
29513115
27695421
2260355
4042948
33029208
604882
30509021
1471418
18257423
8535978
24389830
6746947
17148824
27024444
13534873
3498060
4299135
34877946
24002444
25892197
32511876
21532377
30639560
11218103
223033
18171406
7547507
5803328
30697987
31238852
29058141
25470167
38579808
5879067
13223928
35781384
22037460
21973042
16771588
11510475
35300749
37055387
37125669
13650764
22725308
18346927
23409211
22320533
6589664
2470067
34942637
21293772
25532938
16691748
7894190
34109706
27163420
20222250
20658782
5227819
32349045
23179073
12246239
7022017
23531608
30940886
19009796
14750578
30585888
19406202
18298401
21649985
18553673
18778742
34155148
4628369
15980857
20939144
27067897
24985893
20850724
22474483
17623176
31113233
29218328
27361940
17674518
26159195
27563206
37169709
36895175
29550621
39337466
20995354
31925816
13004624
4578592
39293595
36142178
13159496
5076123
3743253
27184838
13925304
7021479
17439598
17250473
30684965
88420
8817007
11586310
33651086
37169750
29951237
13438715
7282727
4022328
20194809
33177615
2236179
37522244
15899821
1848399
30556436
20640355
32322222
16552446
35332691
34217472
36622519
25664659
30840820
36411775
13968834
898425
16026515
17351178
12657059
19098654
10350929
11337258
21325074
20212371
29887022
30152503
32933906
18018707
6009743
26586160
21501388
387780
11189402
34949466
9216177
14003989
29221259
2328344
19619928
9668032
3376652
210744
11695824
34165989
24608854
841250
27931366
36617861
11223843
1319801
37463581
29828559
25363831
35086166
26968465
16091909
28366354
10571340
740913
5621963
19620351
26241922
35085197
36875414
5728207
11111427
34074062
19553227
3175286
19409183
2195801
8900664
19515485
10854574
10458216
27680993
33531002
26611565
3377874
21085285
19869565
6601008
2860093
9271922
10943406
20620719
19574589
22744391
34864584
14188992
14450360
22434938
20513715
28197364
2801351
25864980
7936140
14664879
21581020
33964623
39583699
31031228
2666041
35748087
21237166
23536652
24303119
12445717
10965594
36466867
22448785
10597643
39571197
26152969
33610927
27889016
25446136
5385597
12517624
12429645
33365277
30166591
23857181
38562330
20261224
27826473
8507554
17885112
18994775
30239792
35522176
3835612
14017656
18819390
11444968
8791449
16794651
31749847
33910527
367951
1119264
35985817
16676716
11682180
706833
28225330
15371392
17240084
15933915
26264628
32486059
38716542
9905367
35720708
30054775
2376112
13055292
17957763
26276531
15159163
20445730
16702785
36304239
5226207
6248333
23608716
18794517
16426700
30630583
2148304
23381236
33350678
35278983
28141387
534382
27380344
16515009
33020358
24444026
16907373
16359261
36455352
8661767
7529255
26889010
16320606
20013176
2119723
37202033
9573745
18544925
19443117
10454452
12695523
30345285
33735228
36891728
20869807
32735465
1503498
6559321
39153443
37039890
12122233
11626378
7204025
2936318
3831229
16661097
31902269
8245606
8830006
13789936
36254755
31429674
24769286
18808574
14663024
23264799
21982510
38809294
10072996
33011427
20632819
19717390
13699072
5223357
35388229
14310485
37495616
8377203
38350683
27527065
29835865
9185915
12018743
34456523
14947644
35275624
7831090
18112333
15904446
21313927
28710650
17446181
16766649
5728081
1049658
15543731
13191803
28661083
22400068
34269201
19312355
15409462
24019161
39078587
11641335
31234620
19873397
14192145
22454933
29164767
15508322
35069343
33928272
20656714
26625432
36525312
23594772
26207164
33315277
38148265
8770872
22982569
20620117
5446512
32226278
12078575
32833664
22836197
9348728
11214200
10250039
24147363
7991721
36698136
19205190
1672784
13003280
30398631
38373824
27075591
39150090
38765203
8443910
37092961
36751943
4641862
7433628
25136507
21659886
10332708
21751742
3324360
34669886
8541542
12302849
13613675
2729847
25843058
12586158
29114960
3222479
17465498
4942173
10542531
27918450
28496560
2988960
25617690
35162136
3832215
22855275
2057128
2013260
8025642
33882927
15839029
22671977
36790921
3384765
22559120
19576417
17433794
30711512
25279805
5811694
30373386
1027517
17528482
22620579
34810661
24172787
36593543
33460643
20359208
11777164
2300760
37248019
3380339
6986009
37328601
1818955
14829633
7864202
25864231
25043665
36782006
16677858
4336451
21438098
29864566
31537609
38210207
11622099
4561720
24252288
32196807
7752807
10130451
33045696
29940631
5573612
8037173
24816378
31159883
27024784
12620419
39228346
39609418
1561383
31846377
29464399
15644725
29475968
10772197
13409967
24930808
19567502
30726886
12488843
22917892
18242467
31199483
18181513
19115293
36498914
18345431
3374704
21725771
8780433
29232117
5124252
14103730
24925984
16419553
35845132
27105366
11059036
11605563
14368613
25606659
2370408
18692202
6458351
8768754
35118290
26596676
12441964
36339610
12484419
25202955
8959973
3350767
38614164
39526083
19964183
14773143
13788592
13832588
16601518
34366704
4306133
28394700
22172193
37510618
9584111
28463163
16960347
29365971
9235154
35366412
23371902
37515249
27487507
19551676
36016791
38468680
18335850
31152604
27379637
9133652
30502386
9123891
27300179
23841021
29961085
6131595
37861625
19111889
13750048
27896819
16418105
6485516
23034183
33399031
24773865
19908140
19228008
21283935
10217663
11409906
12102499
3820225
5722052
28708827
5439420
9087781
11089043
9202198
650217
18255745
25747067
6661365
23076401
21168584
25669396
15072790
36295141
9964806
2693784
7264532
9086229
22709075
21401651
7349637
14171022
7713524
13914071
12041696
9181436
10621032
5687854
23083673
38070806
857865
17619784
35927222
8437563
32523299
27368726
33678853
39092939
4578483
24905564
8003611
28787038
19928184
12379006
33254203
5102171
23898304
25552882
5960186
8538052
17911721
33125567
6352920
2755682
7516633
6353841
25787764
12240226
9053583
5463889
6367178
36333896
24786486
12782090
14448711
37343955
22790243
12996883
35312921
19705040
4977380
35314606
35222836
14826013
32394297
11924915
3365578
15360251
7641160
12524620
6408726
15156039
25608934
39689080
16657919
39190001
1523852
20323875
10096642
12409688
20367404
33275088
26108779
31356126
29681848
1451828
6254627
3085203
8019503
39688316
24172205
34064962
2920309
27521515
11460434
21257639
4283754
30530959
8951525
36398716
26605687
6409647
2721714
30332527
2698821
36024045
29093359
28804165
39646472
16511555
30214504
32924873
3593240
24656950
29325092
30820239
33122326
6256312
18602999
17868136
36768006
874284
22604527
25576265
27461354
20619476
12306114
11798633
8148865
6765472
33677001
35963161
7934420
6387670
5462762
13584657
601167
16805398
38279662
10945193
12918315
9781147
3599780
16686595
35448219
23068780
12217240
15254190
13401901
21952309
34953609
11191741
13102930
1985051
13270151
19886315
16694205
9764235
17811633
11875705
38521053
31512925
34723992
38263358
5786503
28347365
14994996
29345975
3887083
32722108
7345412
35921720
14022929
24444595
8692949
20194028
9666879
29954932
24214176
2210159
13072972
32968558
37611591
37130210
29204441
7729509
6298276
9042093
15156777
25988709
16841714
257695
25726421
6376627
23268362
20354123
28683876
21962888
26224156
7655363
22922773
26814412
31452365
37742496
14777716
22651611
203446
7456719
21105554
