#N=10500
64618312
48459941
90357397
78878204
65736137
73409618
89491130
62775827
14128444
25876920
19000102
26869522
98604120
84860891
76164727
40926501
89485139
70482489
43663102
77723658
18278520
25343861
37066262
80767243
63193662
45312811
35707173
107848437
91363892
60174911
13064203
38473737
35457432
16947778
42120703
55693939
1764802
63614210
43775724
97508923
37522800
44389212
60954796
161247
48109380
58415867
49997027
11761481
52203968
71052870
93391025
100494907
72400200
102003452
97793699
65595226
6682548
85782262
37267861
52890155
24717479
48850054
49086663
32497122
67916605
88756493
11918215
14505879
78825039
52120141
89287756
90095182
106529833
2538929
2897849
36347899
58945527
89194158
81354086
61959062
108902671
101637574
2701207
59538602
95320904
12011437
81060994
64042394
3548411
98667808
56537121
102470358
33667077
70580170
73312536
53410726
62665083
70048075
88201753
98979858
55840309
86748827
29680961
12665562
106577031
23953691
65243813
107236466
33025116
32450141
1741483
49364068
6316670
43423399
31211237
31278510
61196654
92643186
7505273
11328054
7484359
38690579
81891451
90506352
60648716
55998090
17942602
73935226
14207766
1452925
11782525
95908376
32905425
5727269
57671749
109590566
101178576
32793672
47978611
93911049
26133471
11051712
70886460
85288161
92476746
48818052
23773237
102602229
85158827
21548322
39686604
79961636
88291864
78626990
15047378
39447118
41790324
16489676
62152701
81283020
21281129
6055255
38236626
33564859
67532323
24878077
4095583
7267527
59393829
89660527
75758218
103828940
28824967
22068408
61514924
100124518
16392853
54958543
62915624
57930820
96240088
13793243
64914258
101578375
36836666
108807703
87544418
13240933
47942176
56097446
43046393
40449899
101506562
13358549
29469276
60264796
18217877
77418686
94492939
65814890
60835560
106423439
42314016
38950450
58409183
59290009
37208893
68712034
11452084
101856010
103266563
104911714
87206578
8840184
66767586
76329362
60865527
31446972
80444540
60225906
64840885
82421473
10980623
93975394
105390673
62300591
76021858
5136616
69316755
40803129
23500873
21885109
48014255
35757636
1741557
42430778
100571554
98336513
75695472
16790371
14649431
36910007
38144128
63610845
58224658
35320614
48618450
53373250
76856088
50756696
49245283
23599119
87280801
58930033
17953536
42737685
45717465
87952358
91885743
47431645
103038874
40476866
20143552
58317106
98169712
66388673
76985306
83781182
26170710
91519094
88896244
3772215
88935350
55557143
14992395
4851408
11198155
50595383
56861596
105990597
73725895
100565251
5645583
44543116
65946197
92984807
3585570
108535820
95163485
51408877
80021722
97455397
105290784
6488508
91581801
14388529
40217963
38199841
105134939
75132124
2583744
86072730
99029821
84083942
44358988
17130640
723441
15457558
87119489
9029974
100345014
29182779
34619054
22910777
93691175
67660377
108071323
4910322
28514098
50441717
56368093
16016842
5873596
90902255
76520545
106115589
72237220
17819468
35616096
19062208
28835932
81483432
41713742
81899180
25844129
28901429
40261152
101943468
78096174
57936710
84660921
19917865
98475234
19692305
25089454
31264480
39146279
113234
58792230
65230885
44568121
75715839
102479926
62741637
71398663
1184705
70499492
53175012
99233537
64382665
30082095
57186752
108372932
12812313
41638028
34150662
3538884
35058071
70016176
58178309
12195105
7452243
105078411
9694381
90796027
77709849
82722251
26649022
8278742
93326391
15484588
92076485
57050805
101295221
102492145
70957280
12201168
6116827
75826546
94780414
8743361
17269782
15548724
74222270
62007058
59313585
16868115
55610575
22862966
62563932
5833527
2500723
79639846
80102191
37222131
64147005
69431106
42129489
63898063
26452258
89009215
24439367
99834340
96343525
31577681
38858946
47864363
80404384
50107095
1040392
79231689
44771092
65512725
66485140
110087784
6396482
36450619
64554183
102510677
73095872
35657715
88714965
75528593
15492841
10671085
47826271
52982570
42978848
5853902
39458696
89601548
102915691
45595315
3459022
101212791
3906925
99001852
46823971
1172695
5336003
45777668
12746549
44933308
1599870
30034521
98267230
14135806
16088376
81630097
66529341
107817279
20164874
78043880
80435951
15243899
20425866
41972368
13523874
6110929
65921841
46597009
86142525
1702900
41688390
67440800
54388819
2734230
93665849
53779932
98676146
70652695
44177797
92962029
109649708
40197693
66679774
16637133
340094
18521097
3948850
98735461
80114957
57654604
101642
91197212
1720025
14314937
28784156
19660494
82952033
64218941
4908619
71435354
47709
91687788
84024952
608887
14308085
75746782
62335764
5714117
71252988
56713733
79015884
35496203
39857599
100892305
65421911
11854633
101389770
56544247
41117447
41651374
55934579
38520334
4896684
92309532
94346533
74815215
14751874
64250308
6654860
76204461
40144030
109688823
77379703
61011799
101256753
8593968
4493794
5622031
89681862
88490413
16856133
30857208
80324293
28002966
52236164
8877664
23470815
59738396
53343297
55330741
89488319
73875048
107157431
40331469
20041285
82829854
68160355
101531043
24106278
59949666
109074758
89382232
8432070
68785735
56518004
95634722
81895735
26253382
41499526
1308282
60899749
99103168
31354673
13930257
57265779
102747768
8267995
20873703
22983706
89718250
906939
49156849
106567391
24327577
82421115
28760243
58723576
60944318
45189914
97707675
104251225
40289023
32864228
23047349
39623629
82998251
106868824
23071081
18087261
52646359
80203610
99703121
94571018
38856905
5662261
36392076
79764062
28799746
72700392
26560486
93400860
86829363
76985735
20290776
18337630
74210426
93820330
13749529
66943094
57634520
64843447
81203875
665394
2599605
79162155
69286177
7394618
54222465
53117471
81367770
10808970
41346705
94040860
58178941
11826472
87112516
16425313
53203576
98382516
38604658
2308379
15593711
68491733
2775309
89454076
57321729
7267332
88919439
59156083
38472847
56969126
62243842
54775349
94362847
47938616
24939689
68902334
89010478
96147124
11770766
97576911
62880029
82253861
6928343
94487257
68872897
41463629
30554284
103628825
82788804
22846553
109783071
36389636
11170004
105757978
534637
108415647
21528113
31950313
49645870
93947499
15339908
67038854
82569289
78194141
69178139
91776195
57131568
101683568
33267095
92500535
33132195
21126401
13380964
75714715
6416601
17977701
68924826
7707730
46579383
46399168
11676549
56758721
88588627
13004357
84229865
21317953
1253405
90564244
69344034
92857016
64111839
100129396
108110716
101043095
21062573
20228200
58509100
17364662
68551372
12140694
79119571
10151109
67443428
48136892
6789889
108958872
81648318
22525657
48764810
100070663
10544170
51405821
82778857
67270674
11750952
103915621
4707548
18646390
79186034
21948266
37479929
73318745
79066823
87882515
42533995
3697911
4410457
46368406
101228721
883891
107680895
30982679
3361220
11218185
76738574
94514232
2677690
34311284
11981487
107608990
70025434
106257126
92388498
89113237
5046753
103354563
77463216
35492911
33900089
5867289
53131444
59847415
30784750
75368911
25955686
48899218
65452820
3526566
101671140
70246042
50256299
96462710
6977733
19096989
61274124
95160919
82532745
5318701
74535851
68707991
67954121
91162198
101210372
99283936
11650021
22287471
69454473
14079554
92611467
26786303
27816168
88012534
33891728
34619161
62649720
22429120
57478078
47940407
6003895
5208430
5751936
31159310
87922214
22066815
46814245
55955423
73358697
66558382
100348210
93623653
77747620
78920186
79512177
21406529
29829462
50304095
39926005
95401799
38997015
4598933
103144576
103447008
78096443
11462608
29874711
67442941
69158854
52269648
42188471
85094586
80269846
93935122
37078694
31966791
1441747
32989491
8340842
89985044
99060763
21428024
14111476
109074720
101824352
81941711
91730525
97411293
64040709
88060700
102507224
45800007
89486120
91681968
16055925
10653501
105287384
87855064
25254470
94314269
24733431
58503350
100749520
48303055
34977002
4089203
76359577
74440333
96912358
97162819
75873568
100236044
82587301
95153395
70077824
57146688
17901001
56403453
47637698
70974331
108824581
10825256
82477711
78832619
39128213
91184490
38132660
63706744
5605261
19484749
103814749
86680377
76259976
39143945
24677106
13270298
70160475
89446759
108816765
106926314
67309147
90970174
82891849
25440613
19736021
66407999
62242618
109910300
57828873
36812442
41230248
29991962
24430672
101543222
93433588
85671470
85579229
71381539
70141995
81908514
53474774
7154432
62003270
62989678
79233471
98213977
14703534
73484161
22137612
70580220
76768094
41868533
13717781
16483850
15931624
72809351
8579126
25430176
11163680
80570540
65115399
49937027
46808375
49009203
68697622
74785677
68263103
56404343
17906765
5471191
19905244
100735097
38170961
16522922
101019773
58482939
76076365
107106944
49449696
90519079
109596068
60284244
25936909
51158431
60638353
43235077
4129299
90992215
70564777
71476653
33762165
68839825
33973034
24756326
90996100
12293278
109612541
62791912
89232728
27421669
20033859
56115951
52448953
32421651
50696557
46646458
9033242
95807287
107760877
99415453
64582170
58437637
52379520
35435461
99762761
22379766
82920300
42902646
57230050
54458581
90237248
61739468
88093726
21679756
78127415
80937817
86044180
82190871
95491682
33116777
27706345
40345836
5419393
5802495
23388409
7622899
49135582
72601419
31225117
102056869
99769562
81880337
11408505
29999753
62765162
56860114
75399717
81195348
62915399
48224211
76614856
68557492
93862053
59889537
98619206
106186545
95696136
52927402
107218155
107879474
80431013
21903850
69691056
50530123
9400542
3520619
86647783
110062343
83081857
59594780
33131992
12253437
71848804
64798391
64850037
91819814
46678344
79909135
57314121
104607908
64612158
69458947
22671915
40409137
74443402
98425432
51702019
40550291
82746390
85314304
90922047
82634519
65236937
8654065
74132340
62321829
30688762
27053003
76930351
13312048
40479605
21067229
57653401
90278991
18120047
37674530
87239322
52320436
15296977
40588803
24419621
76936650
105265546
34496483
98957119
33893111
15679042
76637715
2361873
52845500
72810996
24751609
8502178
2915108
88215304
47079337
95641479
70110343
96823399
108596750
65908648
2934243
2947182
72712499
55773298
18533240
22377553
46650519
27900815
101343957
45573257
42656767
88229531
71372435
18817441
22319404
84264867
73083542
56560348
30343892
97076951
69895887
46786306
71672842
70257259
70838590
60505939
97294729
4201694
36372784
48133196
45929778
110144575
94663943
50334946
9122779
43366054
31283597
53810890
37977677
13114425
26934451
23839325
65910127
39841197
55983900
18492684
53920974
28740220
96914462
93807587
25404109
52372257
28681345
11166902
25696159
66636895
76866784
49161533
68521917
89211839
6202882
105844833
101021796
104031518
19051348
8045517
58122006
70902801
26876439
14138351
57454299
97343254
20589054
47417443
96170224
79977308
84561852
12847016
3336111
97275834
7609869
14237206
26676098
72294451
97283748
86784627
50848607
97904946
95692279
15410713
98440044
12421365
86793484
35459906
98643141
882176
91419079
43983654
13448502
39783186
46282926
10036856
53906659
50861747
15589219
25806835
76641197
40019647
5237147
99348906
70599736
45565419
79937088
102875101
74179473
109628802
101342348
88171522
52198531
83270914
38867230
62980137
76761854
28394936
107024457
54659486
40167303
51635893
50434357
3411646
38610155
105671180
47181265
80833453
26954179
28303201
20569688
87542292
79669912
12405356
72145446
77974636
24119575
23041915
54266381
38741579
110163900
70805063
49304292
99468395
6509059
10472294
8689309
74835997
40961261
108122193
4225129
36755657
13025737
107746807
66480381
68026703
21200629
71611693
2747392
49661888
58883289
8164332
68130474
1695276
41019410
101837160
76441883
95627997
23128016
93711319
99687288
10695505
64296004
91565627
33262714
94656692
22244661
10817116
70610868
4205604
95096456
59461951
80525277
55249035
29029806
47602317
7762939
81788742
12728404
104833061
91781414
57188013
19878551
19026943
88237023
55641414
78709144
92980565
106190710
65166140
82148944
60855289
87682792
79889312
69320966
75179226
76779453
18039057
25970661
11148916
86663957
39847421
83165774
32922960
100219725
57491065
87607542
65913507
42740956
65790392
84954510
15238099
21684619
74487138
103301428
105506458
2184333
13543004
10831621
98069049
87733349
54993260
44267952
65237194
55843488
51281908
49208565
65630537
94358730
96373241
90966772
53740997
102611326
78408337
108299048
34306217
67483738
21817150
33692626
27502857
96839402
10467372
22186672
26428161
14786433
32242052
94674837
14365284
36059656
8571990
53801097
22496154
51883401
103236045
68762258
100462952
67173179
63085324
84913765
93351362
46495544
65292064
55691950
10788736
10924599
28965526
53347220
39980881
87961378
23225253
58049814
70411240
105930940
42678249
42003325
421148
106432396
28586475
13297816
13563502
9422217
3298681
6467525
61670450
36062866
5676934
15549186
84071817
69323409
72355330
90393041
35706808
54367464
79460053
67691517
23677347
103987778
30121967
34664696
17550137
27544314
15371565
81141544
105509792
99229482
66150479
39856961
92868894
71897886
9999135
59829606
58001768
77485816
790591
98854893
62241049
99337155
106177486
46412405
33616601
17987866
63666617
20748920
83423746
28205904
37569550
41746280
28921268
2577653
19293131
46658594
85018152
79125712
14991064
8136459
59094217
104502594
29857825
33039288
66629747
95496949
59039015
11880504
15244766
64437066
45411036
68562273
65720554
88189620
35479416
65601310
97547750
88194342
93429371
94411094
52018264
34991897
22453149
92512675
80543131
50417419
31667530
76881693
72765124
73472100
88528634
26054928
90606475
97344506
26733902
54749243
22735811
104851950
19203097
56932494
108966513
67471417
33082857
52852873
43375499
18703
82421940
3136655
88909707
58437474
71957945
69755590
64698767
24769359
60845145
56395067
30385924
10929058
41086687
99443825
93115626
43917757
109571027
35857232
74608695
32131953
88279775
76053318
106135438
61981681
76583266
108847269
76829547
85797783
80680934
40238843
74092626
76718095
94162340
19154116
103988708
99922215
61644074
61037329
47117064
49916086
15308379
41192100
80797062
49902559
100122799
57258394
79559063
77439073
311085
51289006
36246516
79031723
52203681
50021798
37885763
101035484
28166335
36590703
64438786
56696468
109060133
107672138
82979388
104490126
67760043
42951379
105538780
64461617
98462578
5924964
79369025
75655821
51319302
23538668
23077124
22683725
109680937
28270057
93926186
31529363
51818954
38958347
93879589
61418198
21855463
1295059
89330327
24203496
90514200
9500276
83967081
4570006
39912095
40028009
51684975
3298426
107472430
99613816
95342593
22806757
64855663
108563985
105312326
28635576
24107732
47540696
91741169
78151574
86701104
54967838
100633403
100650757
17102884
92584530
24821500
50385596
21030860
79830050
103220045
28427822
79838182
43939072
63135032
89347298
95539208
4804788
18205834
84665673
34758153
39512236
80478061
88953715
84456253
255258
47144408
108939787
71089592
89506960
30251800
38783976
90598583
8048873
18312885
19450917
14037298
55241450
110149181
45336667
52725497
59280973
75542791
43224512
1133492
813871
71141464
10873535
80296636
31427226
56921241
108788067
65305984
80222803
41809307
28250095
92149295
10371077
78687987
32305616
109158378
22202926
20471091
13631293
46745204
73321435
72285366
78950632
55249582
50868208
80043877
9500985
58147480
17212547
24816677
42993586
30767236
39714238
64202294
24242198
76371243
29432067
9462388
89789518
40807136
31438230
59812108
59843679
64196329
109218690
64568153
38010712
85707723
110133286
51595928
78044573
70805482
21417158
51640384
45748597
102970728
5314957
37417937
67887523
96695312
95352440
89041293
59258667
73592995
87503856
14779810
39315354
98874932
30757786
29977409
33697086
19975530
60843419
48009155
26185616
76244596
64684868
96664785
7663149
39327803
82912398
79137818
77790514
28696431
99059055
8330660
87816834
18869646
105049127
31579859
90170274
21759444
54271066
97212486
87011270
41362553
36755652
9337945
7661474
63515885
21867619
38421560
104039915
37332452
93574287
39770832
11065074
78090694
66486016
38775332
14270918
54215967
32812392
69459854
103863226
80189409
13531534
108970604
38949372
25773310
87558794
45691417
44998175
65642142
60456833
77673325
33701079
25973396
40203955
21973543
69725971
37268795
55097273
64269083
26267378
15483593
83534817
82539743
63819776
65003677
58696569
107794693
60602742
62872983
55928320
47626251
93973666
40491852
21411810
45991584
91025136
74650281
95484585
77574851
31941063
87217066
90202999
64461165
66497426
55668788
77126270
5456888
11001417
39613680
33467895
106711264
4397446
71264768
23843174
8758711
4400935
48557214
51866373
65710120
21632946
15436468
26214440
47982082
2200345
57011530
60757000
13450284
95442847
61001148
40105481
77729899
20719639
87267839
40068523
3524166
44667371
37512590
24722622
14540154
87949862
14936755
82868090
48372364
66863833
28019589
67142339
101674445
26924268
36429905
39495679
83900865
65969751
21936539
97475083
99000062
14302312
52489481
26078432
70446577
40281508
63087643
37661375
69929102
42600468
2555933
89051545
30127217
2296357
62519495
94655694
92311127
58322923
107582130
91480025
17923016
1095321
83446063
62178766
53273403
23193782
70292769
39159411
77219690
60367855
44985602
15405258
54105736
12207972
73240790
32785201
23086035
73220803
35105442
91127557
12473251
52993205
79265679
98455153
20235230
4196572
39807193
53564731
93133536
106486809
8033962
65994251
58071918
60252281
44619625
66847621
56224093
62658543
104423810
61814432
6262119
85511258
105148098
74054164
41855566
52753615
107929760
94942108
60747552
34845866
11861878
24268099
85491603
17552735
1131588
19404128
21313037
43570385
45530769
79872913
48414890
58031682
74108255
43957926
56761817
92211083
15157439
47143289
56396424
71646181
9399963
42457956
43655692
105128111
18858033
109897088
102256064
15567521
83080229
36479452
59604264
47042772
75870140
66087475
106489699
10294832
84123360
104423753
47889123
97749088
5764658
57190593
54003494
92147172
28800487
62352156
35814659
106494888
37743326
66672097
27990488
67255482
23599923
96742234
2872047
56024140
79550487
8260240
66213258
36037457
13342941
103766790
103536703
8058936
92214115
54799574
72655709
39107901
98659095
43432159
43745594
76601116
28390106
44384966
56332513
85289228
24608830
21876191
20988028
23221473
43072174
41498255
6867063
77825783
69925376
104861808
42544511
43513030
105167300
72696469
95484383
58017633
11552674
101470758
45653228
105839843
66390480
29223550
105612308
74791608
15042053
52094256
73002232
106084507
72509765
87189950
6784828
1387357
89054018
89739774
69088039
17980019
24306508
12255256
88014901
26412345
52428137
22581670
762276
99883295
61143795
46747254
12364405
68696461
35080277
16429678
52961163
44332501
14181496
106251681
1789376
71941176
89834492
38545910
41783307
71122407
108385933
27295055
95282948
13557627
65433266
109566412
40215119
108144163
12560748
7916859
78383698
62794842
71687876
6748650
87518890
102697334
11666977
48668356
68468927
43481405
2248181
56959483
42543125
105223950
16417188
15977094
82891498
71445714
40409978
14488251
86089460
37311934
14595418
38450165
83592509
67539103
39489292
85031889
82494094
60015906
46478983
14118676
28009581
79240543
105331674
91584162
86962036
20919201
46420175
11509443
938279
60007861
93275924
26566031
22332452
55221475
28300745
10886874
95606255
55831673
52626462
100372923
63969426
57306316
51694502
51294249
37778638
89723386
38552905
10859046
84739954
77488441
19037002
46675420
45012135
26896101
45163987
17936221
19980921
39145943
28483520
27105877
37675408
38054448
50998915
64179207
12348849
25202700
68510413
105483332
102112248
105570147
101412050
12675177
72261306
72221117
65474972
79653221
57717061
71314465
102072044
38064534
85209935
44874530
54245061
27075914
6915180
58751673
42186329
45608673
1470534
100679073
86356963
83746202
78439228
25796214
105918794
17115518
33340453
15673895
56804911
31920699
86042469
29190933
110183834
45341714
67237684
104410508
87831178
19652527
96354531
57197514
94069473
617648
90692979
48227017
37623214
71556508
57281139
51757257
69501710
80707962
74973474
3044377
30561037
61323710
45189390
32728527
70560607
54153382
39881427
80347607
84720495
93434384
14686877
5773326
67760537
47585157
8055977
83367292
88566684
38220510
19238164
98576085
73244435
19136471
43679507
38599585
2054797
29306806
87033784
8940961
50146925
66383393
68104987
108082511
101013103
43769637
45580729
42946629
79682888
56697043
8144358
21430797
78407476
77351721
107967349
37126873
11752102
22569096
6612756
100240599
75226076
101693
107630207
87378479
69815302
67106330
61815802
103363837
89409882
73384020
103819604
105048044
75620290
77068979
4985410
550102
74336749
99133686
87535900
735719
31023196
41042637
23713448
94014232
8083247
27881881
30514117
21761503
57593021
59244691
45344021
40581226
40536392
40523877
25562677
76701466
30430077
41165410
52277862
94611839
108013731
26750624
42546262
17553816
55465859
68835353
23264203
73601030
68110490
99226891
29755900
99992594
32959390
48565196
63500114
39055373
80538861
24003055
86667483
69745424
18708299
4820143
15018549
74084926
62827429
94647267
77157233
46068239
96135309
25527237
104799206
32943543
24018394
26444537
104539613
34598458
724863
87020942
96578759
20851525
66267501
91440705
89226108
46637646
78276335
39497059
62637890
63527066
58028384
81847340
54726875
54873374
104976344
30621282
49661322
69492819
51245587
51629996
51519034
63191766
54242472
20838296
38653930
42153565
25719674
70252300
48269700
32606966
73487069
5138054
94609047
19629855
65897998
49729049
36733384
67482898
91718676
33524179
8800191
55888639
29604625
76839221
5212052
35483524
32109324
50764955
17973785
98303821
107637525
83414366
24537836
64822535
105368623
21135259
104133866
45846337
49498860
95865275
48247920
53857214
102223685
44879998
35630100
108665101
10744002
55942834
58682706
88563665
3919554
94944600
50676587
104371101
97463526
7180726
17509739
44055504
106111060
97543049
16249613
42814989
88295744
56136206
13422298
2005914
24370028
8268591
107848417
105891647
103891590
56101551
70960743
103808585
34135996
32420895
102716024
32430337
52023279
16471735
90620707
9798454
50214703
96229490
29344990
106141651
64053296
30216691
80539519
63296070
61980933
70363408
82126320
28773458
31766178
5153706
4407497
81462011
14627002
104480495
87664533
52816634
21965555
91273477
53826190
54439287
90647616
28727916
104793260
42224825
76507033
104641217
33187092
107056682
84909823
109378300
78335760
757225
20969386
10176111
91419751
85941104
91330859
76972614
24365961
3037796
100776705
62910632
46531107
14543996
82514939
106641057
51724073
20259897
625860
25098273
59896028
48422791
62470884
152043
9037733
22183980
72465023
86792422
28720921
84152598
30892542
10643277
72321104
45278283
29095252
14447137
61575143
30776691
28929537
14188957
66756690
28716337
90645694
50140051
15553552
4738670
48498824
26625800
70613870
62453070
15361018
59743985
92118687
40286903
90670650
85228941
46196688
98562426
108633509
70811273
64565122
95864259
91798026
57873967
93953141
108568562
38251228
100119814
74270002
213200
86526893
69350268
13162785
28390651
54374855
99177753
44374801
96295755
11264781
63603514
23068012
27807744
21806964
6889746
46823844
102358225
86845433
85635416
86730932
12769249
31746876
59424784
54644747
93479465
19622739
46566956
87032188
38038028
66326550
57653363
97300416
58136242
67709041
76968662
36749479
68329101
30396599
33504916
73227742
36190666
94530179
16178266
91233900
29698740
30294314
13922057
68360921
16559811
53888540
80039777
10858131
48517412
39802045
8077791
59180905
91834712
32974035
29378825
103721241
8190308
42677951
73065383
74120392
109629941
99305691
3244562
105351360
104455934
101958367
57049476
55206767
64831439
38617581
19795471
14071447
66468131
70283518
98571145
58435309
5371128
40237732
2780340
42070135
700962
27837385
29802080
40847099
24783727
39434503
30655858
44319917
43298011
26493321
70875829
4278581
105099758
64269825
101035513
49249167
37126928
71165523
88144925
103493620
82399451
2245581
25750303
60766451
64912390
817040
55654968
16034621
39536770
85192956
12268055
12587491
3053658
43101206
10191241
90713811
48870121
4162537
26177716
39019430
84377192
59339633
66226698
55850591
27142896
29869989
13837871
96616938
99016073
28382971
77743317
74366628
47583192
77666892
5111483
48877769
71530271
23195641
56500195
79682908
82139298
79416849
2396250
22589848
46964714
58762333
7019722
9850691
82768974
77088084
83042733
28526601
32196737
89090337
94746349
93509588
41103917
38188528
18873621
77383074
91049780
52810054
11738773
108955424
58870250
34649471
45111202
44580992
51306343
87333347
77286658
59549450
85185764
106617546
68303754
37114023
86243360
92915268
37057959
106976002
44891347
46686024
96763881
101670778
47986420
56557821
17119595
16454472
57388749
18797196
65644300
92344357
46673433
87339303
6327849
14289258
36076756
68027856
77544335
102006894
2147583
80919112
43979325
100805369
20374186
85638487
56064
32000986
48023921
43105563
62945750
106204198
51433233
40206060
27034811
31531948
109419073
108572400
61060172
75294392
24857392
31038626
28500136
32384175
103996176
101283623
99728553
97053492
65880273
49358851
58027569
64325843
60544926
68590839
100749305
41106829
90348194
9684130
21788865
52069724
44405959
22739689
21653015
19901284
41036988
28712411
80721777
34124680
26198636
82755175
99527885
45206846
37292451
90200143
95639252
59676312
35403349
103103330
39025923
54288059
99063926
99686731
16310167
72171726
30976273
91065175
72051592
38278470
18011799
109299177
83150337
24504675
34436330
45674233
49429508
6912308
2513775
108216602
97580425
33725419
98196353
62061371
59817595
30349767
107530422
45269550
20650389
33848919
4039404
49589193
90711520
26892200
11194085
35494993
52853762
102947804
15537003
73002416
7861762
46240753
17346475
90209733
85325167
27524022
43160458
104196536
72315513
79038356
62753878
35519053
84157825
10330214
7264578
67281673
9699378
73681503
41230146
81311196
53387400
29880832
91128737
55216527
26772067
18496282
19957990
90101347
37569670
22029879
108389570
27902029
71165587
100072454
47049275
33862260
65458510
74372102
41442658
36796459
105130532
52423664
80988104
69609781
630835
43833076
78785156
38638183
20294103
11349314
42916088
50904502
3108765
72632454
35258537
99654350
33660241
50661740
91961777
9667640
61114293
8317116
33586383
37303326
87347573
82927174
102669603
28662050
21975199
99268995
8541984
88254380
104526457
89888657
101074626
14726281
23538973
67435842
48455723
22123230
8240548
80533635
15645965
66438045
91705842
37330426
7692572
23992601
99797448
83644661
28814886
76544595
83953173
60909210
97617353
58685522
3435602
3400608
72853695
43970820
47476166
81636956
39913383
32283804
66349684
33638784
76520559
1415743
1678921
20655717
59210894
104786133
99077794
31049168
58745473
10196869
47782979
87031541
105427715
75986481
109941488
20639305
89177243
78001280
110207236
94216744
96081828
12198411
66174443
43950368
4057437
67925991
15287272
6274599
66013246
7417569
84693491
108598470
52454850
59876418
31827924
80895355
46040660
31364553
93516190
24447560
15019154
24530126
87340054
27272038
97059239
31940208
20682070
47694128
34653081
98008825
28042301
52131460
8140973
50982080
81396725
50516467
1912745
60603331
84564737
10148404
65212720
77550702
76770546
24293124
13835758
53197000
40112794
74326728
16345398
11469691
47357507
40480745
37720888
55399845
6589968
102098740
50020756
85656874
19651826
92771622
32351480
29793850
23468364
10358135
49069335
73527022
76201731
44497970
105640612
59747664
96361488
40919596
63714943
76307174
36913959
102492660
36851602
28643102
26969221
28598282
26482432
102207663
33890777
45872149
58112718
83916723
24930541
9982763
53305394
100107977
69303258
74726974
33458144
2674970
97140034
57304994
78136411
16454066
870110
7204643
48766350
72787943
56739266
13955912
39455572
8270856
75523439
60986949
54894299
87745188
104957505
90860283
96828574
60224055
20941608
48129954
30611329
87806194
50929506
31312049
66649833
9111915
30320569
28886779
87522189
80685967
109168512
13415396
20421345
91065797
60715378
34810437
33332370
101202039
48682474
88718624
63626558
40511880
66279444
16767645
101166615
44733450
69918675
48698619
82346355
96119044
49934077
52032908
21156360
94551220
53725109
90496683
31839727
59884602
82701896
16590421
60264622
70836344
62950019
95860909
57733427
12246968
38861592
107597376
37575481
8170594
22439180
99592542
102328895
74279623
57098970
52467995
15120724
26533260
51498171
30313446
74962683
8116486
108557800
40909678
62711492
104090508
60528416
67982935
52353609
64599181
63890403
74653714
13102917
103436680
109732946
60386052
84921488
30690997
27641824
48232940
68825329
893186
95227200
49860899
59158898
30565710
53703453
95057279
61820578
43381685
84739276
86786634
108388623
4467292
33114891
104978558
104470527
48662863
4092532
30433524
51496264
13187352
75170769
5450494
18515192
21525576
85477857
36688548
72115669
26748638
5739368
71698059
104717917
64661490
106407447
74351620
21478761
63055396
63051631
27767572
97976692
80271984
106405372
3410065
62980394
94702028
43369653
16520631
49900228
43638809
65512756
46045770
47405789
106378821
30222638
92076645
59659908
58729219
83682808
417610
85014350
104061508
18024240
30366297
95916358
96085680
11299989
103961189
17812333
93029648
84345830
94566626
70025219
11703344
12774041
46459763
97535429
52464473
3741503
3854457
106483021
69383936
15823132
8062773
46718913
24227048
61127465
1725926
26448497
89871301
35126998
54648053
60878778
84922190
19066308
102205170
78273346
81253971
72348988
33495708
75738058
72642486
81792585
23565455
77151544
13043197
95451889
93680972
56231452
44607568
98281326
40903876
22665023
44329713
57185308
97726615
108028551
81506165
76848929
82050445
81726152
2938437
35581745
68923609
6648844
100795967
29856181
97511267
58249542
52440131
61953123
52172602
48224570
11233016
38363567
93720573
67061745
103577949
105649647
15327576
21942545
53951612
93968569
87922037
99284792
28412772
20877686
25978106
110030014
16394120
46468699
12802542
106539594
97769408
39067428
72121206
95280054
30149679
35558144
6076939
4215561
103453736
13809035
64753998
54421272
97769248
98320927
104467798
81635404
104431663
84342637
97004138
7400449
8039424
67044351
73306685
28632759
4483566
89759408
97227471
20104527
1432920
26468743
87152016
55222983
61651378
36563062
89203114
25934118
42354409
45001533
102445193
49032464
79023417
76683071
2687102
16133844
46622893
72858790
37364895
97031214
76303212
29959787
97077394
89656666
62560784
93797278
41655289
37112668
30810116
13242356
95936140
56459937
75067366
50588954
18753498
35717260
46942282
44201581
86472555
46055574
18711745
78495750
99078990
62889573
30060178
92811942
89018950
2325308
106805579
7405108
52687449
96896547
20132631
3280115
100735006
78181745
62987162
28412933
51426529
84600179
101158619
45347186
90440068
92083735
56380300
84801918
1978334
886708
78223464
7976804
57226584
66072173
48435572
59000677
26604252
80468499
96256364
81613842
59887860
9909031
40006105
49407333
48895170
52200887
50542954
72322073
26755216
31120612
90237943
58812971
46893740
9074884
99216887
5638150
32589029
55493592
6578453
104251530
106643754
64884920
69791233
50959536
92201550
20700701
72994314
55240411
20580639
28830960
41607736
10480526
13747490
40538847
51598008
86823098
78179300
72155971
34817758
78192245
36960501
23646687
12329713
41255589
86735855
43723295
51793326
91321129
1583467
104677163
34460297
108417847
25416998
49090532
88215222
36961139
52853691
96896983
13632674
10100113
15083470
53802518
11616147
37174392
15093175
89692038
104738969
110237056
87929099
11171071
8346160
48438540
47160833
78856419
42195892
48148355
94873457
57366163
56860832
56149250
79260165
95619766
20202624
98705860
48970470
44051868
76062094
95487207
81813512
70080157
108733967
88159079
91442972
32174109
95419053
15106120
54496568
93567898
101890896
92224187
16743867
92473370
6242648
109262478
94232963
95079730
44021152
91457836
30839627
71491067
35946625
90804306
99382925
86400757
75377395
63733264
72488357
5981937
39486869
46388062
31370814
76559857
45473654
76336851
30411170
1851155
76198854
15006010
19307659
9417525
85981539
17731389
108490408
74146548
7724954
55508756
64240102
82780086
55511210
50285322
24841771
2279497
68160540
35649661
66646029
11879086
76980024
78833923
27344752
73177012
914408
65283963
98882316
43622499
52871626
68138789
35277125
9264957
92008100
1576269
11177118
11834991
62740064
105715280
9906445
35194868
52731175
66688409
421943
105965342
34858411
99442111
98617098
56281454
11403266
98062106
37267963
56536640
20403143
72310789
27028325
67541910
65145966
30743527
61079002
43606669
28864317
86434485
108337839
80173109
49086206
68445468
1928546
27545196
52984105
106201666
87506554
109749463
84563626
11229833
60081872
88826958
30522473
554992
71747120
65116626
20142591
75207174
29508315
63111234
59898452
106534798
6462907
21539297
54612839
27378146
98252459
58941209
37348279
39892371
78244563
74274639
15461362
58710509
50288643
106218272
74371669
76276720
49667590
105986669
33440989
59526880
69813467
75655847
33146030
49273574
88341940
67281357
68042351
85957147
56648327
38359154
51921959
31818390
33536839
48405258
100279868
843716
90946647
15807269
24431009
72267682
23985996
72226720
37072469
84261923
56550682
78635001
95569360
42874339
88906830
68035143
26380850
73273522
40047536
18598301
91481224
55118422
10633030
29683197
34035187
77563566
4822315
56250330
41788522
85426752
67708612
26956227
86662708
71412594
102071274
4937918
87928842
49974073
15676038
68687469
41426192
66409972
42461799
27534217
16493488
68366937
80721235
60516178
92042299
37662743
60698900
4281655
21083234
96053094
24860881
88034858
35775043
82379193
98791719
67565924
109014045
49029647
87868583
24208418
36217381
52097200
99511881
19241372
61281510
1999695
26225670
13891975
49916483
26828491
109796611
8710939
86574639
43058492
52550907
30244272
16579509
74895806
89670774
43298377
60278051
105465318
41976768
20942748
83615149
102495701
32430969
27289255
12812266
35771383
34946538
16976008
43549319
39995814
103265703
100123163
62333212
52130808
14345365
41205544
50503852
66738119
8893661
109063996
79212612
87905101
50823498
26014761
14617755
36939085
54055237
92068931
21850168
49731068
98761780
109059523
32167063
106909587
102592718
106086258
44955692
47684353
76693935
53676157
87912602
103868524
85777798
21127668
1626955
340874
85045511
51689857
40259136
31238561
724126
105931480
73287346
13884413
82209524
85532454
67822546
57057798
103557152
23040646
17564005
102102193
59200434
36330805
4437523
54908365
82125952
101529536
12505379
83075411
20631987
66784934
102241569
27920552
99065787
60187099
70331739
53806950
103699360
97311286
10684844
97089714
23721955
40488521
109045497
25151726
92225302
97515529
39493792
54188588
74090212
33966829
40148298
57025698
6938482
65891616
95136614
109300542
23381177
55970446
33567471
102961436
20452776
42054469
67838814
45258836
66737740
25754081
95855735
59343275
73589331
22929952
98294218
108820230
58513219
64263597
38391563
90770343
23425316
58260592
14040289
17064514
27028347
84506683
14622713
7887941
95244068
39166168
75733070
30669741
35517670
44246631
35122622
27927568
85566730
94818361
59653102
60128094
62414751
15409411
13782686
75019102
74666733
86764250
12912295
20476505
40838280
90380971
76730054
6360802
31232245
92517236
55175430
19140406
41996243
85706546
42404871
64574327
56382126
84220068
105797120
60323731
68929902
103287891
78524467
78172264
32403610
96977319
46345408
97645650
103726308
90002066
62106807
54190228
45925969
85514953
106730081
34477478
59148726
36946446
3919001
12091839
50520993
22202513
29469163
87671917
29324419
10918432
11510836
48792024
68023795
2509229
92049264
43491266
70884281
34280777
31826856
97741589
45984640
9076971
88272472
49536079
44076096
29325482
57710148
64182120
26366227
12267262
83292105
47056886
96675454
91966489
35356305
15582704
103128094
71284360
18644709
33266024
53144637
9001607
66992761
77266158
94608578
252115
11664410
25876320
41029765
22749884
9469117
106698562
17734504
58946990
102075932
90143977
2959255
98176515
33623644
32042970
78575438
101575617
11700581
23576378
99088396
16805573
49671624
69862070
18139723
9643102
19006892
28612108
24643030
9224273
65601747
11215885
69472351
99164527
16407203
44581204
57749009
3255756
57356259
37840528
108721364
56633046
109253962
23649914
72334706
42298028
20342388
107732689
2487221
47628637
26638383
29226325
51399479
40028521
103588807
42261243
95250073
9782618
73260362
66160773
50001923
76687221
105058683
77624775
94149146
65885076
39958574
19908481
57518022
723213
91570196
85071450
37031969
66955934
56041154
74852018
39810807
25447380
23577934
83510896
106479158
96859862
88621148
61871865
55028449
93806189
79250882
81822929
12514324
49306769
71352091
82627149
92788076
91907235
90399830
16724293
61100683
39235361
38588286
82696573
16424873
24614262
81763924
72429952
79878756
83327403
104007713
9033539
29218223
36968072
47623377
97340922
41831413
105064960
35354611
25939149
23775493
82677742
10470837
40137176
66768694
32178485
44960948
18547411
83540181
103898097
88386007
88654111
22810488
66707653
932648
106978551
107719136
51170150
78672240
70845216
54109180
9523268
71660163
42127301
105386660
52808418
4469939
68625893
23773095
62926870
68201940
36371946
68642676
88542353
47909857
48221283
1371933
51312851
40411404
105136070
81087609
21678354
30205091
78815567
11722146
2496127
28306311
36873919
107310971
11632599
51918682
64715507
14386609
71585373
37657362
89494395
81768952
51793069
423953
40134778
47017823
89909588
41195718
20421393
29654048
106847006
60543508
6485863
80475243
18733050
17414607
55005670
62689836
27708964
50509256
27581856
5435156
69407340
37688866
42595464
49979619
90583310
27058145
35142215
100066422
96114294
89070442
94367803
57508875
73497995
109189061
79330059
2739167
44598712
12611514
23168185
26371763
41810457
41804885
78203202
8776843
99955644
57230043
87841609
22273807
33835545
42626619
73089693
19427721
57355557
68270948
14837404
43250517
93927481
109055402
58432247
91339047
68306076
95428743
30912445
70758827
7073976
9202173
89820983
70960578
81051057
91613301
902190
85767243
104832870
20973159
83918863
77681837
76128127
45214990
1917743
14407823
38004691
57552374
57323946
14105040
27077096
16032002
95068270
2588433
93482955
73253505
2910230
107797250
30838395
21710272
33671473
46363399
38401116
50941311
12542016
48017443
39514059
90179032
54582009
27151033
55095033
38703873
18247722
4203931
59943928
54615369
67333878
23899651
83208907
41291944
29286770
24488662
85532677
74548394
52411832
38419334
95148739
91449958
16609405
94724997
36042785
92980162
86555011
43117302
64160881
32612985
46169063
12363026
35083999
15878136
61636940
103624730
89009945
16365981
47120054
88777906
81656463
26041934
104862881
1203873
8492895
7472005
24810459
99846972
89649656
71211875
74543558
423742
108140802
33879243
60903614
45659111
81552910
53942026
107198240
51797855
107778987
30290927
60976086
41709269
37118191
98004588
109238305
52965668
44959519
21078120
36648654
22936218
70282667
97390876
86643415
71629553
80805978
6332213
25303414
31709542
15804701
40664314
102503757
4965319
62576334
59695217
48710872
29755055
56413039
19390941
43555397
66069718
103422736
15705127
95454594
36886152
53045068
88160184
69050643
74756930
61045454
49507778
46542804
51386743
69318527
22794830
46326138
101830065
43261140
94889101
39455786
10839382
30821609
42808540
8988076
32821278
3282178
29319930
38933287
100593322
26218206
80583899
23348752
66536584
72910060
7294410
20569138
31021767
27114730
19542864
80947755
62392339
32922880
23747974
5060605
77738463
32267318
61687038
62374279
32421758
6551119
49380875
54584935
108250332
92259991
89918146
46621620
12938856
55835353
11083017
19728198
69931623
7673839
16054342
98701074
94621922
32913308
1026274
60324012
74972392
96869985
57199781
110065363
65434418
44214284
53623567
68097813
52579189
107869548
65727033
88086823
8550788
67370885
17400418
4112339
79321134
86816422
35538603
45944287
96153731
56142807
3673855
23964177
23301918
35874663
97674800
34297909
68190917
67139919
55857860
17640657
84169195
65719126
56441796
50070234
101885096
108737649
55104409
74742367
41802387
108606149
13170033
4438449
40783379
93567626
21307365
33376847
100912691
32129425
42270432
14673182
32840889
20532821
36539378
99254009
20417374
83268510
31173678
50550260
93220724
42872363
71448862
86832590
74084031
437775
105215826
79876358
9418890
56748261
61572333
37363938
10306397
82586037
35864713
7406532
102904935
99427940
43840044
28723137
109538537
74471239
88383805
43836880
52849076
6004496
10563959
80117115
100297787
98551316
31835026
59121763
21521961
13494715
91866764
104457674
43752514
48467565
18304024
82304952
99175492
31719925
1499225
2899865
89931103
46686773
16300117
16665426
100139404
22102433
50589333
8185285
21622163
24862936
33272921
25465589
15956710
22262643
101015718
41176023
19512983
71073940
77505000
27314288
79992201
96132828
28637277
71697563
2025702
39317728
80805727
96275627
52038823
7546081
39333376
73265677
109530999
46931313
18809721
34437747
480270
25726397
85162364
48890203
8906226
11010278
34699872
85030688
55483289
82675406
16404652
44932324
101331740
34105801
51410639
61028267
36590754
99569550
101141837
16000075
97528906
15743274
56942251
89023147
60998711
45135692
107189584
75093252
46451043
103333325
2009011
61840068
69553800
74152086
14190330
34125539
8260618
4758095
11109663
63284593
91593667
92548852
103771686
93037101
50248676
62091090
70136431
20590678
2040643
85398563
69307825
61239388
7478191
64540187
34567191
96155460
51418278
3856259
15567869
94860976
86513154
38106926
100383366
35428261
65891468
62165864
75749504
55226025
23414428
81544441
69762908
51290195
42300176
41680595
22900670
82391626
2534075
94987869
4016482
103784885
77920371
57501267
26672197
74306361
65855538
30710932
23071219
66807303
80326734
87710944
47211238
103818522
24949086
38217502
69928757
10665443
38751436
104455064
38196746
24857862
91977893
80815942
28389525
12642179
91880149
38162801
78375144
8999191
17067498
109498845
77112688
56347639
101895730
48694893
103968771
109298235
3117827
45610276
19596065
86758213
5245485
8993736
33889765
14283643
109716067
18207322
25202326
66627202
65210800
67630805
106718338
79335714
99185793
42960352
44517035
25364586
21095303
21609928
42136504
13453488
7603115
81151423
5112496
45331123
98310695
58358495
89702170
26609615
93098419
63335957
105602077
43695471
62261299
68416072
99331318
95822493
5730151
10305150
12642493
96125086
21178640
6241614
87552308
16304835
21865049
22907107
93478083
60375444
66740442
13718709
8340991
15005620
93090729
109737631
65878954
71701080
17993705
79099842
83991168
102136577
1074658
37186005
54614153
19172435
5169549
31509796
83180000
19855065
41860138
59134508
61306407
4873805
37110194
64645201
85810381
71739605
8900293
79759374
104768082
104468451
83611610
61586990
59376667
21389648
34227554
97029113
40443541
78840757
78025184
46805163
47522424
34635852
84750085
75837986
46242435
95564484
42383287
76779121
11282287
36986333
74757943
106911207
82047054
75620589
108478536
6051007
19705152
14681843
48881392
95914720
45091783
62221962
27359436
15081183
33679736
8120425
19003929
103888379
31318333
43389332
72305079
81934439
41127045
41919229
86188328
79713315
26765825
5396954
54754807
67354709
7672908
109387354
108682672
75996046
108649066
36280321
67419616
86774062
79840061
39393059
68555284
82744229
28542226
71972640
106327255
92774986
87052093
85864598
31583300
2117523
54995915
83119478
48479740
71663731
67887033
80791374
77692136
69661117
50457675
55617454
68922038
41926862
53471917
14885979
8576430
21875004
66690261
80760185
18218778
49829461
10850833
106832645
86666974
98750869
37654176
73196286
61191686
27418197
83602311
58713823
63887784
93582185
67966074
77938367
46705224
108475917
83067328
74808311
53472707
8530812
2145536
54036059
33350432
31596913
929347
90799875
56389855
16860800
69909352
21636134
73412487
75083594
11662097
66204317
37559183
62969607
99843976
2477863
73780414
100270127
43481377
38683046
99610590
69740158
105121040
82146913
55003209
74536515
72662775
109686649
27914009
23282252
105840341
105534187
27940687
94318548
20890523
34753721
53698313
105075759
62707666
59941799
90258039
1426118
76610342
35081320
41922822
52307477
11730114
35097367
659537
83991220
43812007
17463676
67470578
83318153
62217767
55566561
99356135
49380523
56579936
85363452
105591565
11521793
84643664
45920595
40620234
26064765
82296056
46490143
67551348
3765175
93581458
55176719
12236925
77036493
76084835
6825455
51647940
37988895
101535361
35929490
69254271
13227483
7979538
11904016
94212019
12837244
51720254
66726311
106772587
45058143
719788
2154598
23635188
58578899
73874540
46863720
11247045
21014508
63158685
12374629
44261879
69278594
31825513
5411470
25388553
38095939
15540095
68452079
78984625
30791506
27949952
110083883
81999093
105392294
70433763
80219337
69048287
6662111
66006523
104617989
74156584
105124519
91263687
29505096
100065482
52860032
93955036
109122417
29486258
104130092
33282745
38850409
43890040
103979574
100121376
9670103
69361315
37482218
40502127
21634371
59042413
85541287
39650120
1779756
89077636
63771652
66946443
17163926
95489157
71132004
13354302
97385116
5059037
91137284
45800061
43676694
76107403
100074944
75839671
100885849
2723680
92286801
101712663
86953566
34618259
62639158
21901605
100460573
88689805
7694468
92234252
109996286
49197280
28612096
97816943
71913710
78532496
106064439
3809624
50837669
66072967
85200647
51585055
14115971
15029881
55975118
78087024
85471554
39834892
36286499
51906815
26020115
57668541
39073505
65051960
97141316
84199353
14207137
8226321
31427148
11230817
6105783
64912971
87533571
60329601
102002505
68104085
80428456
39991472
81592607
51986243
104690625
70170766
48343566
99012577
92541957
16140225
94534153
33564739
13814777
31351587
65566938
13701783
13260854
65124153
50844823
88914995
105505834
55709948
54854166
19247806
33947247
108759812
73160467
19429485
90151146
62011033
39245107
81175841
98284477
11421841
3642677
58411676
87878810
32203340
4478424
58977217
2325448
63182566
20731430
52846623
18090733
442785
73106961
87329488
12351948
47868504
34060829
86258028
74496330
109077984
56337339
14517762
18608666
63883063
90434379
61708933
73976557
27823266
77533164
92606429
33793032
24172966
53933252
28901592
29877892
104279487
90979416
2212454
97825462
73022273
32473291
93744874
98340838
77972086
53268659
36343921
83622175
87966475
82654317
59978568
32952945
45187905
87067013
67149734
100156507
62611112
36909398
34103756
46763863
53360198
91406806
4891439
47028702
2387394
100905806
80399067
6454025
17957143
79989164
4080588
84931436
7234834
93209844
61996917
104599912
18035813
6423232
76377236
55013529
37466412
25645184
76053212
108015027
24455900
82973964
66052751
68580878
93799201
52946951
41872424
59065124
31503040
66969263
76879636
106183370
25432291
409903
55107066
43275708
72754330
21120745
75668147
65618552
75174030
108307314
80956305
73272285
79206821
103465681
89210318
92435015
1189283
45812877
41962276
66125023
41908392
13105799
79442083
34734077
74177540
27636789
92435489
88303300
41536972
18953360
51076304
92406584
90639203
33986321
20341189
59869407
108930344
20094462
37395876
1901745
29100493
30224253
94311968
39505435
102276397
96131070
50472738
98047890
56638114
28856477
39416569
7174315
101911889
104538922
105282217
38607869
96349818
15965757
37226996
1864017
91297787
17089983
14549022
30769796
88039606
52980356
75207160
107028599
43727598
7171623
70573407
99845059
38197856
50914527
99282697
4228507
92226585
74349890
1114948
102197428
89928218
45127648
64875727
63304019
8189104
89316460
1380873
36969428
87651600
72870642
40048624
60527990
39300377
14302295
8296265
33744636
9252757
68035537
89188820
54132540
21707395
19658880
53295990
33969349
68937943
77666436
55847188
42762786
94671673
66237301
37321700
26624198
36938543
85809268
4406774
23953305
54398489
91493861
107170805
27123609
33570264
78479957
104965354
58289370
5049538
50510729
107539446
7853846
99061770
69529940
53570179
97988047
60970938
85879555
88372162
78908786
93244763
42343515
5441085
68047475
29298758
4246061
74951053
12985238
84144407
23162913
27032500
27274880
57923597
81424477
85141885
28014523
73430419
54454624
60999925
107445693
4182588
90743135
7017296
53807352
8559001
77940624
9615885
34795781
45368421
98762275
15951328
25197288
65778386
1195024
45830050
16313519
83085284
51788140
96202739
109603156
17972945
108591653
52382995
82642702
7994057
30687261
77264599
18718355
103005665
22990419
100428397
60625237
82184133
92060301
96925095
26496849
85305832
21103611
18844453
20171132
32983889
14756304
32100867
49464867
81093370
46775539
30360781
83732128
86548823
40344714
57220161
45580244
100597596
74429363
58111732
42009331
37931596
107007809
28539959
42380428
51056286
61101724
16433770
108420913
6754469
75821484
7652396
7618328
40853351
56821777
40803894
93769023
43912935
38058956
71837714
107611242
70476717
100266068
79245596
40968579
102730748
35524426
40202141
58588265
36497767
3837551
13469371
105801169
55951523
77688236
78680287
52885374
54347255
103595916
43252145
51869770
34968133
3564247
19548062
57334329
12908842
2744938
74664937
99285323
77832240
81821647
81099275
29508137
50268948
43721170
53500067
44142483
51760288
89098218
45118893
40946599
58136029
98764765
79854511
3066149
23340980
85334372
62366857
55211114
68627782
92421527
85055336
30367433
100905406
16803124
92919392
76607149
87896327
103093291
18186048
48324103
84286328
90111734
28741699
6126465
44694510
17135478
51757219
10813689
30962189
109337758
71342089
55069880
75423785
47253768
50949292
20863495
16706589
22678959
80405779
90993978
101766121
10735840
47698042
77031886
91890427
100076102
904729
39572224
71540592
91057944
72316033
20643491
45417223
64339850
64619247
33880821
96423290
52669462
49721601
86142309
86647602
76821950
56854217
54560290
83280807
28270333
103441346
88696241
83896468
69669939
43295936
77467864
81829043
57871940
18610785
105051831
81269139
72830415
77506192
50897101
45640720
60709812
66274245
11536402
20650189
64683414
36892848
10280980
76271861
25633280
82021721
32087312
46274771
28583884
3852573
104834567
107357495
33771407
45400305
59162233
40574525
95673996
58857078
29510840
29336430
108764000
27545639
30372038
27189694
69530009
37356485
34104318
92793252
1590831
27377183
10369208
98661554
63993197
38509260
44184549
89608510
106171466
80968368
51690205
31476390
80331167
1917889
100928891
45930511
59976310
305154
63797313
8821194
2826707
1965201
109214392
81574306
10749258
45749182
45819005
86986758
35765654
6727135
82424043
13179278
73633987
24593577
54477005
84634688
95321423
15949810
90651933
74695076
637201
49772316
93531129
87134285
104925209
100623736
92383198
51155115
107728448
61832112
62590432
84236031
43949572
5948838
35755300
34012501
9983528
39091870
4562715
22586376
96076778
314094
11435902
41732928
39522155
91260824
46716383
20626347
15312609
40879617
91413948
23752917
107830736
45641021
47484715
53770094
103145289
83284715
41298312
76226046
70616169
109375223
48480730
9937071
106215310
49397059
29449786
40130781
105998722
56982250
63884103
54343850
71041940
30425079
105266545
71629437
75948215
58570395
92196028
44293321
43298882
98506556
29001830
106794271
52745733
74450001
65205410
79652871
65402175
42173090
27745316
60679098
55893541
51817300
90737286
66084529
53648337
25201165
86496679
51654872
96190311
33459024
1810933
52146132
7210493
99429779
32167037
31654894
15271513
103939473
15291490
99488240
98494451
7285458
94322490
83342863
61781454
23032320
104641184
4723077
39013178
86178016
22675441
100059013
50902592
65536121
89837850
1993465
91994484
105771284
102577568
44044179
78982160
12631155
72712723
85805600
84158266
38477565
69097032
78766902
58178651
60739661
5165750
15151588
55754005
71290170
31435307
57058377
36752771
18463168
34781265
101937794
88009053
67389321
10221163
48909127
26275266
36800195
62399527
47950305
79522753
89946413
24065084
103426561
91456518
86968787
69442196
5391364
33032543
8357371
73601152
43027062
4985656
96859210
36449910
51429257
87271028
12972139
22277111
97798606
93437744
20125573
91716631
91833555
41114055
83670969
96759601
31058590
10011070
82703115
76618849
86346193
51223523
47346298
86717993
86065154
106669873
61084825
42040213
100255481
3371715
29475570
59310781
6290028
62321811
23477770
81885774
42206050
29784396
54885167
6081975
54337818
89261519
8045662
105323955
62789094
16143526
14056486
7173369
86648507
84213220
29272551
109878201
75408370
103660054
25633168
96758570
6414392
196737
65298271
40944700
49815316
19887388
88566640
87387883
20115761
46427003
27000607
36124075
28180207
75873648
108286313
59263863
79206054
44635765
91267469
108349353
39745020
92826895
88150819
87020307
61538479
35862498
26728660
31383428
39729290
78170060
31460299
18203321
60631422
45410883
5111689
15161062
110021628
94873265
60387276
94241686
18246796
61376960
90821392
79166344
49401223
63650548
78246395
81106702
4890744
51174203
20198534
5458342
31288416
105021950
2775274
30155051
48866836
58808601
110173130
21525969
17538638
38783044
65825261
98203989
98372885
20488424
7507415
68513570
76626469
109260317
56153923
102064082
64709366
27170843
919949
21028150
58759804
79805821
3391795
52166031
19885787
25426585
55416697
53866994
108888742
54216674
82965550
27340867
94003592
13873714
65950709
82318279
103393789
45336836
33180202
29859315
106845585
8497099
12359647
27296016
97284580
28983080
101144132
96414845
78661040
84097758
17636354
59327402
59920034
88215211
106999335
18752422
79521473
1200023
81151444
81547875
12946710
11575464
71640158
11685313
73463555
73347502
49138077
73534474
48741252
24683103
70233297
22033197
74196149
36110196
36401884
869735
60572040
69780003
78778490
72067267
76911353
92404773
62578068
41167612
8693738
48282940
47850978
50707226
40986941
12059608
9907717
1261397
101095539
51026285
15280865
110179082
24606250
24454974
3301177
79441683
3220583
34123101
38364942
73326414
85788156
19355510
85074874
41238402
103118650
96623718
9489199
35743741
26194663
67028757
103566634
68236512
7295998
88524999
40799509
39725544
73947698
11615060
38714160
101166458
79153664
101075892
106877905
55414567
73968020
21911705
93810370
40144170
1068573
19009431
98501540
44549754
26486861
41184785
84482831
9858537
12912682
52710443
42427108
68208152
59732758
67775264
27437003
77820455
67310930
81918078
53745013
25514869
42711397
47888269
104538554
23739097
27107872
27449828
14337826
33823850
73576760
74800939
51892630
66768820
45256199
110050384
12800552
69361953
28272103
31772388
77681430
107688160
103227686
27385473
40771149
92162304
53197963
108502555
76809071
41796061
39206681
5856744
31226315
71705929
73514025
77088726
9401271
103534023
6606696
102520517
34664848
6807940
82278368
52092247
53968268
28627875
24261909
91278165
101930524
83567572
38794703
50295957
9400639
11065381
26921139
95252224
68086862
11401902
69295874
70952327
10569745
20234381
95326348
6871218
4788286
80230003
70482030
69864384
11352803
110048757
20242148
92822602
5573301
106384122
80563967
72940104
36947352
103677966
52483462
51634567
16650561
27729321
76108447
24398416
105962149
68252866
78689979
49868164
832156
49061493
85875979
56432156
15446095
67829974
46639189
97907532
68877200
13166902
49622235
81513831
46959083
76841656
12258634
42883198
69436769
29619630
20456642
95562786
29511033
77487769
28259749
102502145
84750802
60589210
108692067
108827613
67420709
29628486
74242186
54650001
86349027
70779634
9792967
80522193
109202775
86205916
48285296
40096998
76457819
83030580
69255196
4075885
7404887
35372633
22426556
26607612
52842225
105952502
9786665
89992518
102986968
77920540
104060079
28656818
103418501
21547209
34585427
65504337
53529460
56196181
44857033
5826834
71826859
86570681
32236896
11589405
9748096
75504717
81091802
14865562
75625693
86616192
91899329
33530904
35264037
79457684
16820946
15583336
55699163
42116126
96182440
74330150
84752039
82512869
46805019
90647793
78267750
31122875
20647304
47702626
94619322
11019981
26323566
2721082
19306213
9465808
40747604
47616163
110129025
104725611
33216234
94828418
104085784
65175274
16709957
72414329
23758520
27438449
29650897
91619014
67614088
66403199
80258759
46837875
4245119
68415773
12484117
83298753
46753554
62360952
74112688
34381868
44447397
69591387
72223479
81940051
9586783
46271993
14399929
68034236
53373456
20774588
78118460
84405083
41416754
42005137
42763432
95123136
70074362
73497699
11360255
73509841
62158080
64576615
34353758
83929995
21662219
2856794
9186065
12371685
70647184
57254930
72408390
72757347
2488232
25951485
67540122
51802548
45632166
46358969
42649405
79218374
89607835
36113323
41641651
109277248
24664404
79515734
83762881
106814521
64073247
109767269
91889712
88478086
42914396
84230593
17227558
9290533
95193240
62181136
102946925
108139838
107500327
46456905
5217225
60935685
33052948
73914781
9153143
76663793
9484763
6536082
90310351
33064216
64182547
72375918
25514367
28099884
68176115
84245612
67658438
85845162
9336501
7659118
13734155
33623863
41770982
65296423
69327238
97303403
7414438
56490020
45406241
46564642
66137585
94286073
104516171
9122784
6913646
2617061
39087070
86670547
105337164
17934433
7549849
36082663
56933432
51518755
70691446
92580954
17392739
2482948
14594635
85962639
18621765
58687733
74546625
107451209
365613
65570847
51897162
71099797
100602435
3853796
105032101
109748430
29856055
101899110
80285715
30493100
60263526
21152637
21604326
69254501
13734630
66281095
18124846
74602479
86859645
10692126
77986319
94413730
94111184
8640531
11416013
74154185
58322119
8975778
55554047
92249446
17702041
100776994
76317697
43587634
26731370
55866620
29462715
109612956
41635583
1616705
61622403
43742654
60151636
65573232
103863284
49382152
32155079
7432719
49349789
102695915
26830943
11829416
82997717
72690627
60568412
2440235
18600138
18806302
44007366
7510682
15931749
26848035
74045624
20451077
14124919
27368415
66964665
80579638
100724182
50626558
51715070
106299172
50129371
63503113
33418153
38914192
52765992
39709164
90851777
37520373
19698198
6873945
3994632
23041109
106824118
41762110
68682870
63823085
2874552
69892959
43715059
105730673
12723116
99410837
6220040
96528911
89627863
16338107
28864568
104675011
497186
40945585
15364647
63948808
10737121
103958989
58312416
15245619
20010966
26461460
86259369
49390718
63033456
72482523
64608240
43001033
38887558
51523540
72841655
7393880
109903472
107287851
41994261
79177835
9782974
42615562
67664342
95202853
15840921
98168984
31793992
99532008
30208464
21655658
5636391
48225131
83948023
84584585
91969879
23353877
16161632
13776846
37516107
20032423
33594965
65818329
22893007
31493678
51870068
18287432
18133248
30725637
97504877
109628700
11513492
77563750
26774641
22228987
5892489
79292542
67960520
10138333
93895617
34716961
47957636
84035436
66505253
3077774
10906581
78193033
96087771
106379210
90431882
24431407
49873044
54834916
13948260
57339204
66094059
73878060
31032556
18754549
19212145
72674756
25337687
42018134
71671261
215727
64518468
106004157
95646926
33243558
14914326
62593810
78461709
44879861
73128855
41045849
69973633
67511000
40494779
14139992
109239795
88330595
10483146
45267469
98990858
103053830
26306648
47339510
54665915
11091429
46150491
29927640
1003495
25121959
87749666
75917105
14818802
31274910
33573458
85786745
7515478
80284466
99714956
90149489
27639857
58351483
551069
108567270
68521206
62414185
3656845
63972325
99589738
70412946
71694450
104384977
101121544
15215219
1189019
24738275
10087934
73762160
52427974
88070020
10303157
109208385
42343646
92015686
76493061
6022621
96321790
27615989
105378238
94097101
89598420
29322587
100080278
101120514
47394053
57282510
15558075
43493900
45011504
47938390
22025030
56479231
45679586
76383269
5127285
90410488
25043929
85001544
63459003
106203219
45726373
81271101
32715324
89054654
105943897
48877071
10894384
54958318
101001199
76055650
104266824
41211534
34662163
95531397
28046067
3900152
12271006
20353314
21468870
41265901
2258804
108625391
51351946
65519098
104072969
83109371
79685114
81824340
92008799
92437903
73487894
66921720
85577205
94088254
78160269
103719208
609501
97822364
3425122
59789665
41393487
8735427
65899096
83495640
25744019
60426382
92681283
23738733
18094509
75827109
100163956
99723336
57286051
20976204
38567613
74982257
101350572
97497212
8336446
25087079
59594327
89649641
99011452
34591626
93478753
33071534
42777713
103803466
56428877
104939696
46624197
10631476
35725037
5472714
101064357
2005285
95065501
69587803
86558407
81354803
71274687
79187751
61155723
35037422
82609262
104054030
66645811
76263493
37902885
28936805
89059257
25002701
106420889
8423545
44547541
42408916
86892658
48088018
57179268
98531030
69214658
41151483
72550748
33719752
73390843
31476554
78430508
13710698
108563117
7370656
20199080
88970893
49312118
67351693
78641612
6345768
66151145
37709006
39937865
12900184
32765917
80635711
33188788
6495601
31780888
106709524
37963276
41095257
89123361
16027785
25980281
35494906
20494269
41074194
8022873
59680145
33163437
71059852
46245246
72325853
10792166
5581016
10329281
42966350
1200548
40932606
76657904
53250960
57676718
69552155
32445025
79003944
101588452
36729265
21265954
43419259
17586163
21935491
15114976
53628454
48267145
37639716
80205662
71064125
7910757
47213022
66168527
13571213
60267685
40664230
4480199
20559445
4380467
79646676
76558447
58199589
35989517
59839378
73539564
88922774
20697331
105965760
221618
58169193
71876731
109580464
28304283
74207709
26401974
30208889
26156421
29936649
29728959
32992640
4895597
47073172
39678965
25504297
9091014
92441869
89017392
35083524
54250999
56430879
96390788
69452698
37393653
57316743
91875675
20307433
31184784
72778139
86822658
891155
82598538
107919023
25662117
50829023
100784917
49198954
479930
103413781
25041052
35389415
46047304
89641301
37982158
110220726
99470535
26741119
38190869
32586512
101676365
37531930
71770855
39074045
30310651
17086220
78865588
19097536
96468405
30293628
42913230
89153636
27962667
31769515
59867734
29196792
50349093
50104765
24157902
17824143
57366477
45649751
107657258
98810207
42904395
11241039
72029857
66884022
88048383
658939
13549286
62602320
59954908
54684634
70458457
11213115
83601445
48571960
28917935
7314769
55064590
11143715
82019530
109015875
34154050
9762969
5038890
32524950
102988288
31241779
73150515
68806271
55478985
96416218
26780350
86270374
86176286
13854546
106068365
78179692
50954032
69114653
102393864
101475421
23816818
74620126
35028809
76286676
46240998
17774220
88278868
56298716
87239665
72256561
103976985
54362729
69758311
26530740
12108063
34182017
86012795
86984298
94759549
21942240
62973561
65659433
90452010
60730223
73150515
36953712
86035829
2212239
98031464
80507366
8930240
57780142
28379128
17254589
40741437
100192283
93518184
16022307
62571732
85610565
2498250
77446245
94988295
88309922
103501574
35373766
102406098
6554183
24010736
29100116
41740231
54976967
102758919
53498298
84944395
13421903
101905878
5528462
46015628
92984950
104861867
101925651
17038705
38436845
86720035
24719129
37620551
7907619
13524057
37859116
43355899
77171957
26678299
59614528
96153825
39431019
11363030
73305982
75063953
21767398
89324826
40975562
80282573
89337016
4326049
21899560
20139904
61654556
63650225
54339978
75946245
66425022
67939245
45053205
816294
78812415
11195072
52495064
74801721
46602101
11180816
36474999
33751761
39980909
48251498
75581472
17100694
42329261
36714784
34088391
51734825
110237811
89383142
866641
11680740
105655122
68499336
18533555
95958312
49958832
96650733
83626669
65608728
99376831
33858133
1054858
56744323
74842972
94047877
91060351
65583969
23933536
98473502
10903917
75613844
58655866
91600317
93262304
43328064
36726974
107688879
50868184
98557071
36461648
95350934
45880814
9696810
71274133
32132822
65065272
37083733
107523903
49768536
7037497
95366137
69265162
17256982
75933973
61992632
12597969
102836850
107413680
1053321
92551264
29553601
92601541
68061431
54873343
95823425
102709881
48419903
13710859
8250879
105409886
26764838
76810430
66481620
54881538
34190400
34858920
68030365
82779864
12157766
90753375
100030516
19432164
60006159
57392642
25830752
64828952
64278277
63019214
77860079
18701781
77223462
27413887
107028116
75601551
59187068
24596194
94459002
105993647
97196021
94424079
91661895
24616929
42620029
31622700
39584802
4144165
75434782
87526991
92999349
45459231
83480845
42637873
46335041
105427207
45847994
73061538
39702502
45576496
96045753
103179820
21923665
1621911
20960448
24915550
91392550
5927050
90383803
52768552
14331752
15062720
104537678
2522822
95282128
38475864
8921547
4791439
74128445
82709180
4046146
103095105
109374191
88303638
107039880
83523503
8208333
271498
29749414
46772683
76386459
94423841
24703000
49741744
20479362
15033397
44781748
91357627
101845299
17804710
964502
64542558
30030593
66061814
103851276
32974316
17081048
89195997
745293
81283341
83584989
78726138
106305226
25850688
80095305
49252009
106507718
71685651
86868669
45575574
74803311
79378344
73944479
9669603
4959996
92105365
76171728
26977037
90393124
37302741
40507746
45152689
70941283
49789906
101714395
67388908
32229023
46047707
5611007
85002785
27711744
217929
108880833
109786845
29592971
61143283
15116969
3415772
49615968
7490325
81881096
7617336
74418347
34572742
43747876
88232960
54445870
91602616
39202920
45240435
76611459
100967841
106421924
3552374
17560882
108400316
4261529
110209868
18335963
5393078
86371952
80908529
23358587
100471179
37153504
26177199
11527315
7626644
84518306
94732261
43321978
100041982
74119461
96435388
90376873
4878889
49030039
9205435
14991157
48485080
101802140
73059084
25890586
108271609
52024474
17601015
90064353
51602080
76571545
100411064
34768119
38634402
96488654
107431389
88943864
29526859
104642523
79778684
74554667
94726324
20612799
57136591
9665109
69240572
47405349
81171438
100137733
544959
70386924
104915702
75328123
103780532
73768239
61023200
70940884
53156023
104013100
42386918
16833960
37937142
56656039
90320360
59940539
66961794
2788866
9165180
65222193
9916198
59165884
17418076
27544843
61622228
9731242
38743671
21836468
99594019
63518143
47955659
88200466
76856393
31147463
14304922
85573277
20612215
9743729
81287595
36322063
66075957
95980880
89497230
30730232
99944245
87531493
50775359
54473230
103122669
2732924
47804117
35104984
50277285
7686834
99051173
92519388
73120853
27959157
84130810
11393553
96911751
16808196
73895543
44016745
63268877
57294822
57019311
37023781
53917773
95556715
57074833
88079354
48770264
54699366
90204873
98204644
94658825
100776064
6669112
10501313
62705640
92850912
46303812
68007898
44815982
13575643
61122207
4210928
41297407
67322614
47748010
105628635
6272948
16600721
39731063
26245095
56110678
71712596
90198949
18572047
46786451
55109096
50608110
3299248
70290541
99678810
34019160
26641140
38070424
24068201
74447502
47431371
48034930
85461797
59619319
93338683
25011865
104049594
66712918
45918773
3533294
31147289
65897572
90277853
13223672
78268467
99029776
90272259
77659774
35089852
78213938
96220832
37552184
61179300
22013717
96383030
61608386
9950959
62443639
43372682
28766899
41719333
98062052
7429876
60449932
8303354
26625764
89343092
42999928
35565629
32754830
23505441
70657245
40362733
43981706
85935043
53342322
63939924
12058321
91688943
50271297
69768267
74207114
51419155
109820915
64796387
33939390
70969333
91434060
73457935
108294259
74070652
91519402
32242326
91054113
23840469
18037054
101310136
109321891
72228116
17642013
102642098
89773736
37455831
39754040
90291783
16360350
71903380
66402255
52540055
70215457
51585771
70197353
62144356
17479764
91585210
83612328
13215084
15408703
70097037
92188534
76051933
93266540
10162561
66938901
42477606
24768579
108792568
26151751
6679793
92704380
32919810
5371686
52215582
73829110
20584288
76623156
74070296
54421552
67550113
35076331
8071101
34106007
88862143
88782029
4264680
18660135
66248919
84010180
49606771
29564126
82025973
61846661
50788934
38127611
10879961
69059484
18088786
16088188
45965569
54041736
93222427
69340701
37521026
28326055
110008815
76412737
9073043
38993965
46350450
33444106
109197817
29539073
82574956
70202008
75266738
30504500
21786993
89418422
54717836
98010111
89025193
43898362
103700328
34463079
20038825
105041774
75827543
74297051
85849391
86874869
69254338
64896372
12065514
71358290
19253011
13498478
82795916
28362566
92779777
69545006
3602779
38995809
64522336
52070455
101148643
38581945
28520293
34026883
393228
10819474
47043411
107295743
76593166
51392183
68885536
55991775
19192383
41686303
57776341
20953019
17292983
50629677
98376989
108817037
41296003
101140446
30968702
13250910
24759787
106517597
5022670
4265952
100830796
78674019
76283791
67121760
38188717
17700818
39717101
56081115
97209938
105901229
38410207
20601391
32199799
79932862
50949062
108489365
77126949
59880293
85559659
18725947
9333674
107486544
20331963
28045093
18864286
87434735
60961869
73227464
58420430
36598651
90965791
33709036
40485302
58582973
27404659
34841231
83474510
44065872
70404537
19092175
16185058
68727345
79902329
86694064
55539542
43802398
75663335
58401002
50546618
88323116
108643985
91538582
31105886
95880858
19816853
55886823
29014305
24363217
34995302
24711394
48846978
32382818
6304377
58377700
27842092
36072415
74686695
6865962
80614443
1677191
49439847
92474624
13187803
88833560
11030729
107388541
103505781
40073848
60007018
69258037
57217230
65496756
14205357
85469063
66866553
105703636
73625150
57036540
28249868
2612484
18407017
100719278
57274355
22965590
93941006
20976129
65707973
73009503
67676116
40873448
41223017
13339916
81443895
16049262
95577780
23690510
47381523
34247744
93106619
47243891
107786308
24481795
51363832
71485351
64577542
62563642
19937396
71012666
38629523
37780591
108321759
48175055
59511901
36298225
9991246
20931503
6033642
77568153
84520115
107069829
69679554
25173755
28012137
237013
78917740
3813664
93567521
52871261
89445065
11108451
48613688
36300957
70154254
99050191
51547955
46298504
76667748
92406806
72940908
43188096
31002319
72023533
90917438
38580398
82998212
42673094
99395018
9213813
7888599
1829988
21541320
11926169
56506016
76932102
69653122
78780107
24618599
82459069
56991202
53144108
51204198
59813498
95003003
23855750
75116072
11874778
83607597
86213280
3888115
917375
62520659
45155550
41758950
48244344
49435381
73784399
87518124
40048658
40406122
106212430
55573973
107592848
105256677
30459537
52313502
97444053
21788905
81724492
31254871
107427705
68391105
80082077
37431055
25611853
50498154
41636420
60720292
25173850
23692621
68982566
11892054
67009944
105970170
78224552
70976221
62120352
86111906
91555694
94724686
95796903
53689382
77848064
55279346
7812624
8670632
80839011
66189182
77344829
13333387
3906423
12480278
95512881
29583923
106044635
17625190
78057933
70677428
101987727
13281796
66932677
15746025
43917503
48767352
43849818
44846275
89670527
20129295
43048631
37866312
16876621
40517557
98610387
11661060
84690336
51873443
94309433
9989252
4766386
64864551
80804136
27056129
69419273
20371318
61775991
88100836
25887464
7259765
3744751
86241702
22097922
70898954
24629836
51804857
69346826
23720523
54531272
104537844
3252673
2531074
102239555
57949190
8560850
46736944
80335257
17184712
99840685
29444882
39435117
87960258
105695279
60432817
18013767
91568438
104733855
107249855
26839713
49895763
37895472
95829427
4095494
23026694
1552128
909313
107523585
17542611
20467849
104733827
2298288
108287113
104220224
108236240
87863934
101626139
57146259
50890375
87999596
11880427
33999604
31735928
12430118
66860470
8432591
73747542
7212353
54838091
11838011
41260287
45800269
14868778
94277299
55919810
25753109
36743146
90691464
55523387
15244322
75164366
513603
57045678
73156807
2594085
51089981
36973559
66360172
45265832
16890771
108997296
52183938
19872763
23303337
101666206
59648117
63844501
4393159
76202067
61771451
107219234
57232989
42614088
41849297
17781
17961974
22963351
21498823
68260727
55009784
10932273
2007559
108169519
5955697
36183248
99217542
5824149
72816417
10096505
45815523
49751637
85693959
60767733
70474647
12192465
39756674
36179679
54806679
7423926
18969078
19157362
65369936
109948837
24652114
71619575
31252586
2434876
78203568
10566550
66253168
109823895
4976576
18557940
61685605
52865177
73616831
31604665
70258627
75798409
34652546
37781419
89526991
15985122
73744687
87028597
10119415
32332748
17210601
35649316
105037620
72003871
104755249
46483990
21179878
74950866
46149635
20686036
99165338
78629674
5589973
47695228
48138289
4845028
55191109
82814569
92856551
50552051
107202120
85210837
39005047
71401053
16770360
2498394
58599336
41411939
12301624
84720099
90278758
55456731
41144068
1037257
103557621
82538012
334355
493842
28519157
77769962
67829692
51470110
30491385
53478574
45237747
18057349
22238478
57372687
85862450
60379343
64280632
88534696
10924104
36506653
12801716
85608422
42930399
84129238
3866810
9578522
43576031
31725128
4632738
11339685
702902
103063779
54018855
85548023
95647780
29782675
47278577
14351118
58965992
12434035
31240095
40598689
95178529
14592764
103342056
107577755
49455238
80507608
18216607
35565683
46309883
91656108
24225239
86085506
40553206
82391683
57679412
84969975
31022226
11818960
67570831
25404880
60149628
76969808
38269446
81296662
23550312
34844541
35844651
71100932
80239136
16647331
47506634
40334403
75387527
75568077
31844775
66623184
86931353
36810500
64074073
70474378
51102902
52083557
81139722
8316860
51369457
45860452
17399144
58350974
61919332
43334651
39869063
31586595
106153125
3424904
45452010
62699381
7339034
71930949
23594298
39904732
51509805
82188558
61223257
61497972
41370352
105284276
55282740
16456975
38441227
11990515
42068285
95519671
714100
35279270
101167716
45752111
36674749
26798122
18481911
83066366
47431527
36444159
96384586
43453743
48819499
26254690
91838712
20167931
20421144
51655741
31415104
100261834
93551834
8672609
58948861
77647006
66843049
43292224
84638691
105905186
11276415
59522644
104601955
65211990
108854522
74369594
80003829
63858384
32100223
34771381
39415409
56711413
40358289
70129896
4348660
28651568
5833545
40182971
99002827
30409311
10837535
75476124
94046602
15904828
52079561
68390265
45741944
13671492
32015809
25116047
1303230
109048055
3401751
82965990
37941789
44996138
95003000
97966077
77176604
85638811
104663093
79535514
52362753
11706721
64296350
16899317
39898741
28157863
29345436
76260332
99346339
105182708
23396563
78389965
22896512
91141697
36374456
20625897
12368262
85951384
74447925
28587241
71106265
68655614
40696619
102959342
20553163
9364188
103552985
107891091
86009687
92956372
15239163
88197064
82057980
88872116
97803882
16372038
39061524
34412728
105597398
73690003
82286196
95238495
42015509
2270615
21257063
3156700
109161602
94031021
14845119
58525940
40624251
20880552
48102451
31332430
109656357
22912073
86338131
63330242
35135555
108062624
10898391
36617048
100643183
8169570
102544221
5874782
73758269
18105150
4860161
10358903
31674493
80015581
16465060
91592438
56092642
37476043
98561582
103369291
53406770
104214567
10423489
9291821
74207825
77924007
107977929
99059744
40510146
88525508
52431851
108768508
60153070
55462450
97056457
37252029
97394931
26922698
1014620
63399366
96680658
35094581
46627472
50332056
76656567
89239018
45764484
5456980
94319274
104597016
35429430
44114949
82740371
42749483
64297521
85398082
90147489
19452421
99361522
41991639
81106067
49703030
11712051
22901041
68317520
12617386
36237408
86729193
93225670
18653668
16771894
46348601
11171643
10122083
57301201
13683215
105169745
51417469
22761178
50204325
74590273
102929948
32551056
107592290
62851994
44845100
38770189
48155850
101329984
49658492
30279587
58205026
91635511
51828294
39397261
34321955
29641717
17583740
69957299
46877069
60215654
59383440
99297401
50222056
15202339
58617360
43655666
54965420
29560825
30081231
70386897
77247984
40077954
97955957
11305729
67429773
106498745
99361698
17876263
43124958
10756610
31184922
18807764
57313555
22186577
74547150
17098285
35498277
67618087
63307487
57829668
62727226
44181101
93413670
6566390
70486920
81790164
13574435
37312151
5046470
100253278
82680941
65942254
25381810
44190841
22194032
49553510
63373787
31088716
39424969
24317194
63693055
8998345
107244244
92948899
39421929
6929062
6524427
87918609
57624490
19126386
17149627
56160836
83944182
64357134
45725584
85908397
76743694
76304787
64881211
49354216
74871468
91223729
96481851
28561929
91067055
43838945
10128540
39056593
77645661
83160253
80056579
23477785
79826417
42798810
28908100
61753320
2038201
97648042
70768982
1463654
45432204
5526122
63168880
50769414
97863441
79670798
73760815
80123107
1433319
83907483
5605994
99043168
52890303
105376534
71167017
52010462
76443285
37218288
11733642
106901505
56067464
37257769
104819686
18073097
93494237
41510059
43717967
574547
104949466
7726488
48544774
104912791
70646311
93748083
29742228
17740334
20721107
100103332
17000740
65373781
31017180
63213090
80609779
53613470
28933249
33948729
40276819
22275409
33884453
84725874
54815447
37994367
106747162
63309627
27088758
92919690
46810593
88725108
62279774
36675
47330178
7530320
17654191
52905977
15510603
39888896
53473222
8080955
69086152
6521279
95014002
30137339
34279840
46661050
66070279
59391469
64276
65800946
77709962
48623714
30712341
101755821
10905609
13827472
16499034
101347280
83373545
99507547
41394930
107483082
35116112
104674202
44753346
88015296
52166383
7429648
23536373
46951943
23316954
91682441
82491440
101086581
16800689
27622000
46596774
269333
91931508
4174190
35088605
28687770
37718105
16884869
85256787
72541959
93437557
79975116
59952349
86140463
6875063
99704358
62729736
57350817
52507818
37323698
6962550
5214440
36846323
42103933
17194132
85214003
17365380
107603069
54489806
16531356
98674122
95156213
17914356
63243737
19189714
18203736
106414613
75426147
86430942
5281670
12589609
7297093
15583681
12981620
76144356
2257874
47196540
78139667
50388267
100027007
53211004
75108618
40753937
4365949
77472181
72574693
83457825
834024
61662576
69583594
51350628
35430384
75966499
109960621
9562753
106747196
94756424
101132943
62836538
79133848
42431618
52341618
94136367
66059436
18518709
108254689
62119608
57419534
77662292
85529649
59273069
48845055
50370066
78429245
31158124
76638157
63645746
13874231
2217025
26232191
46350724
104373637
78601260
21952931
15204196
18679811
43910658
15622576
1184953
63228548
37731110
86622183
33822909
96131679
3939827
71349176
83326026
29323588
108396465
28817237
87893212
33577453
17686930
83981910
67517128
70017522
16904760
37413554
20257135
60827017
364560
24397793
89169441
59921449
30775902
109831621
70228487
90932111
30625095
24812771
29405639
51849432
25165983
72723734
12805653
27349868
73202711
107242417
51680376
17302640
11130307
56644931
76310325
403037
9560778
82837203
102494016
66327743
89782623
106109343
24391205
50693111
46355520
89587820
42426591
50093792
21690154
45415716
4010100
89025664
52380416
66931905
39043779
108066116
52254652
68546865
85919493
55900071
38595738
47769074
103975945
63460899
47084153
46206751
8159022
53483035
103304580
49118301
94670167
39089512
59753823
45053386
8266520
48995357
10381294
49744504
46083692
42914491
103285300
47328195
49981885
54564301
67410882
23230542
74880252
106604582
82684756
38150419
4657755
85384840
53418549
252821
55301877
46334747
53152172
11774349
11546497
64215068
99614479
49616781
30822992
10758466
87405721
11255644
2911665
77716803
56709205
51489125
103182607
101454628
90167314
79484971
32417678
13539929
103529416
89463462
101946827
107549916
37465498
4404933
82816592
59817431
57350650
96261156
34788249
99187104
22409871
14663345
86125705
31339640
72461061
72300976
60580430
62422546
7280068
61672540
84784197
7988206
14055440
76431265
11520577
76627384
86205556
105937846
21843103
48713129
51997963
97541893
77466953
30381696
110037913
39289065
25029182
10897175
73851285
72858533
65795028
43803860
52452285
66558358
81009211
62772143
65020908
109157891
87888350
109541863
100350729
8352932
49201257
47678057
42959338
15832732
54784281
90226056
53939883
34551211
81496177
74349896
40237609
90911517
5352514
41624366
75687781
4904278
55352148
82781054
73139876
51970299
73044650
99930143
1537450
24584949
27617422
8212673
8807162
79535418
2824234
52672672
18127223
33368525
103143777
62983283
14626478
72966699
8729879
89839987
47047230
43318289
11481010
51346872
15223736
448236
96522219
45640356
94748031
56115478
9736404
83459734
103166478
48459701
72312721
46058405
68511416
58332004
5388439
66384491
3891823
22189337
2262524
65393941
18742047
82910707
54253404
35036491
25919468
18145219
20842605
105950359
28094553
11032774
7558282
22317009
68683834
40406741
35903952
11288297
5682629
71526704
11147013
109841701
32681914
66714345
40669966
2126925
54440181
35932731
6605595
48747883
3447290
29601818
11140537
93955557
56991238
88841814
66927515
30219110
100300667
62543459
40875704
5777544
52598941
77401542
39146686
110129166
87457741
74627249
141283
6090928
91578419
107416298
69171735
83288618
12274164
57470864
48254959
58425926
32485441
87253778
90340975
19741734
82860580
85282353
79761670
26772128
98791148
4384056
42077035
37006751
62678147
16207791
19364487
105453404
100193802
74769438
109987883
81366812
35782459
55708615
99902823
61023430
95142133
64434500
87767288
6581867
24985423
71251182
78334952
12743707
4393197
5058622
102963693
56088452
96741206
17861242
37428722
4268025
104689538
78602873
17642264
67474744
26263989
54845050
48199150
18826990
91720608
54279267
34197618
85009030
70816483
35468322
25989771
31043894
39449077
16516106
38496916
64975345
66857984
73276329
72763643
1038374
71301046
27586079
71393359
34956809
23421705
69075850
96875762
37214794
105072512
15530843
72009222
7436999
73374443
104169884
94879372
6711578
36196413
108979297
1502887
92506217
48752874
9473665
102796979
84723733
2391750
75470587
102461702
8303238
54708912
97911193
39895015
36344237
4164374
2317509
48331048
96456911
16736966
23828547
17939201
97635513
52406401
20572967
22807628
9146493
10457098
38633704
57942320
106673826
2710051
44762851
99959239
74279141
7081914
80060021
92512032
46822141
73495304
57284138
78658224
18364674
93746819
37577506
40746818
17957463
95830544
77236130
21001338
82085083
81672147
107616234
74827885
95993537
62849498
36907552
61454174
14033273
35923653
13179469
6714587
38680910
37680936
72632847
92017110
12993402
59298345
87961523
78413918
55130630
16270947
41080718
30351485
75789356
104730592
73760689
49689754
66479089
48297612
23635105
7257198
38412239
97500365
37920332
34539363
48816224
983899
101008334
60052315
49976372
85748533
97065370
56913801
77421163
13334501
56789216
44829485
4167715
71690575
37333200
24779145
50731592
99333756
9324424
78833231
38251502
25463077
26054649
59221891
62619002
89118369
22070495
3872876
101417770
89670062
96514659
99013910
3741156
15259800
73236946
103312572
61060999
83730868
52858213
32591677
61900415
95348642
60229914
89638571
73692612
48249445
68188349
82148362
3565881
94111348
105512211
31763240
15577704
99919909
89885025
58746126
97950600
42650433
70341847
2403860
85928906
81254858
78510592
63412214
6932430
42239707
103187987
28469322
74564082
67759572
25095392
82511844
74389659
11980469
74183851
101794250
97417192
84327002
29369780
82052642
21017271
58325930
104861845
9565207
1969309
47234591
41137908
38030368
9455156
99336989
86876897
75250321
16806056
36270885
12957855
31196737
77925625
35428415
3373930
44785867
46103542
13114922
8327993
82845409
77546907
100106849
14908098
68098179
5793359
23777479
29924425
11452064
56356621
110882
21160928
16672569
37779435
52050919
61403472
97188464
25014561
50606012
62292466
38342948
68595261
87779441
27822807
85873387
99574873
42992636
36457873
15991762
98551645
71204774
10420939
9448727
36797118
101380620
90907383
104591296
77670858
29813543
43024764
92417681
72581447
79360010
65519098
103574601
27036358
63531089
34895998
39405241
92260752
27246653
10520141
92971874
98454569
95080171
102149143
26066739
54690992
75503100
5570822
89102918
87141284
19290320
81524974
42455823
76443390
61093839
61566531
37986806
9965725
73914755
79632211
21740475
105057280
54721638
68678602
97881118
81520338
60382974
28885100
52022506
39042085
78423600
101072732
14871457
93122808
26646042
20495917
75838075
41095445
39014131
60311572
44685461
53096931
73164764
91139293
91190213
51128114
97901777
68604596
98475250
21591104
24910573
5795502
59909791
25934929
8295628
68996018
29497831
74074517
3195129
61199775
76904257
95550792
16910318
104625541
17284733
95800598
34215415
68260131
49143613
96167201
97396809
6279797
14640347
22036649
103487517
22585617
5386493
18794301
43694023
35163376
14414941
51709272
107749874
101163774
106687099
97204741
65800889
21031685
107420261
17894337
97023086
82528716
20749687
31359720
12893754
59274603
99390614
48298215
23596951
95597445
24010482
17843788
13042281
44788359
69383785
27176844
89141595
80473117
57112988
44718379
90397132
23501168
108005803
10545133
35362885
85655413
100034480
100640180
86992229
24891545
49878279
8146993
12118590
14208713
42219107
17329168
88411281
56526798
77021362
5753163
25038792
89472124
58710003
38599066
65896765
41644297
22797484
97156844
42809614
33611820
46962577
79851998
40871911
75084019
73494283
97706335
108913185
75142935
50761901
21328864
65506584
88403195
76177887
47523050
36047433
38425937
50557807
82658118
84221635
97799239
110026789
39173355
23575359
69799335
15801581
21473549
51568311
99435665
50194267
73207617
45473538
24612187
59091344
53415577
76420835
108601348
46944434
30067949
62369980
15092334
108134606
17983533
52355762
90485579
107215244
6122944
64454303
5492197
25364957
97781909
74223880
40227454
23371773
54835438
70964653
79349546
81529283
88610695
106695756
78315709
66849901
102307961
58441353
60739997
6471143
99086515
98964997
31852099
32183343
44386447
15470201
17649027
21018290
46232818
26031276
44206674
33491615
19406022
41518318
95387504
16893764
72122070
21996430
54272228
83556156
92603958
82903791
3213573
74494423
4387794
72607985
6109904
95836818
69604839
14508629
27352673
66903171
54578550
69115527
67267945
23368156
79487383
101867752
29545245
65474832
59358882
55421985
101087741
55245887
79646249
15874702
72871537
41299543
39642472
81618437
80342583
70843164
20999625
93589218
68384518
71534606
3003146
44334904
10967773
55435296
12663708
10970774
52368855
31210393
99878145
75650193
46556540
66746180
95242499
26856889
17120720
56846624
86025737
27696666
92624351
91080335
86482231
101503100
71206961
79049309
3102440
39486994
55192275
2198647
90586071
24049614
60566833
301479
84404825
52730627
3066441
91703315
21342630
86968663
37387482
33131964
90657695
19699651
49625460
91129504
51081153
42157682
74472273
47679031
51464436
43854880
19873374
7432922
98400660
84453596
76590663
53637422
59150923
31142661
51881815
32768220
102628418
60569835
107485039
45435139
31387997
79081408
54315833
98460667
49044596
17687830
36240133
52261820
21352127
60201407
69390859
56135751
100943247
83351022
27805657
44031514
55704221
98403408
93825889
97496867
25302672
45448002
54489236
79116332
91497872
101561981
35533182
109926908
81915467
81137260
101369306
43177331
30036811
36628003
4704162
49516405
49069332
86288727
93120962
75466377
69508161
96289838
81063723
109645361
80380430
39652250
60455626
68457355
15584363
101111516
95741260
109169970
6683758
63177256
43583149
91820965
72380143
7129551
8557602
38738136
51100448
64741303
38473169
33254035
40292300
81399065
66645444
26336583
16780566
49564753
104652655
12596428
68643036
94145102
49189735
11923075
24067886
12077739
25449724
69398023
94427757
32564004
65586821
25112794
101047114
89187227
83263363
33642007
66279104
106799928
52998596
17846413
77182632
67324105
19342220
66689345
64618499
17080691
31933929
56917766
91171717
63241182
73656694
56719961
70077215
37111995
39206980
7403492
80633612
103135721
3811202
69314963
41766891
29133223
104833061
67405107
22908123
29197063
33377040
101166320
82350925
95924492
108754193
63226916
55439235
2261529
34755416
7700732
36158974
21426375
93511073
87185385
103413968
89278328
70246609
62673723
9212012
46321260
3592290
11318649
3852458
27411608
17215530
27095413
6225100
18119626
86761696
31991804
57096139
47702549
102662127
71857638
40485257
106492664
28471499
47738502
18836184
13329041
24439660
1707218
28262408
56966374
16938776
93473874
22549943
76658978
59081432
108143364
95202431
28914311
104353119
29490674
21186508
51829533
50583718
84483297
71273487
39059147
92313306
37972130
7217292
106419464
43386138
45480383
30140108
15142458
23298842
17128966
37800261
20206915
95018443
97772164
87150059
103263428
34392441
24656580
34190175
82900750
3790245
8195385
7727803
105257215
89156957
46953212
33289675
11524571
44903619
86034986
31841855
96143843
104835993
14470537
76279356
80977309
22181541
65744771
30075826
55825555
32360524
103011727
96040486
44488644
63379723
62493479
69073252
4225320
20866335
78728419
75172946
61516660
29288429
71024592
14451168
77632386
54783221
57504690
32416345
59009777
91448994
17371317
19864486
76592313
45022625
63268214
50901483
19089615
33384247
37314100
12518698
40605509
92365633
33547006
85665392
1638030
41627144
43078462
39302375
12083304
49439989
4148354
47065492
4389672
68975000
67196479
97949670
106023445
18789325
15045027
39145291
67590310
25082321
9329901
25690830
25933010
82617596
66321012
59304545
45512367
107932097
89221693
65190117
33211230
102169863
42586930
72585656
82277469
103888474
87887650
75267813
97783946
98156984
32602642
69423632
15685184
48407154
82904642
66878154
3932644
100212707
82549019
41899480
109399312
36962305
12103447
19362093
89838858
68638916
80332853
90572250
17204494
97301831
75336816
70875575
72626022
48948457
37431635
7009656
58838157
42464295
95398800
81093942
24955428
94445489
96768991
59057031
97208139
92941936
37062764
72283165
101063395
45586713
82529662
32520847
110107077
53714532
49279241
109516609
104168050
35764651
67969063
56578920
24675808
26388359
86177568
8099994
42843929
47700969
74594486
87994215
17508867
953311
94574952
76148398
107487351
56560683
74727896
24924974
102128542
101726051
42487132
11026176
45729637
28815130
93491607
590468
2280110
66248218
94281175
47589130
11088843
41580703
23134981
69309443
93794431
91210228
43755508
65099714
30192102
73641175
103669264
104344099
3715961
90747898
54154131
82562377
64682142
25735473
35171471
33585993
55996414
13672002
27784570
45139169
79268648
79977017
69292923
64940981
107893004
105434100
77187778
52029400
58036273
42174754
25553935
28694717
3501753
22847962
14164079
88831633
12408842
12921366
50189968
31403585
78799384
81152286
100124535
83829778
79989060
21499469
5801423
10857244
97386983
541182
28579875
14327667
24817642
16592451
40486832
55863604
47397827
87746653
26475465
29341556
91406629
55439602
67264266
77653750
63172748
1242713
38641665
91255258
97105611
21771310
94262680
105219607
1163226
78625066
20511983
69131816
87096115
57993870
92527370
83059316
85973541
64721053
26574463
79204039
79444625
62990180
82121767
18056271
106590024
81285864
14810918
13752879
45000482
8505181
39012084
82167491
14387103
69603984
49726207
44619633
20608084
15637614
27191252
42281411
44262579
72768114
86854447
4036799
82270330
80539946
56484853
59503131
95526429
73834284
49815900
3871981
9133785
835903
55978982
92837145
89019011
6305737
27474424
15566620
46851707
22141729
85174912
22501099
48995899
86822222
17428380
88576674
81625035
64673139
8160593
40225780
43231413
59048130
285575
22767199
95263518
92900570
9687230
34138075
7184127
101713626
626628
26546641
22066893
102406873
7846349
15936018
69704031
5332694
40641709
77084237
25879459
51086319
5072718
13152854
5197187
63005242
22899709
94132884
74175355
59362464
92673834
20464214
16518241
17635006
65813597
3609070
85716443
70957234
86245076
33371115
79646733
61203385
18700292
58864503
32702842
55247283
85544310
45353423
89703236
42289019
72011518
12726605
45889132
52317477
100503145
74047933
41563515
16270874
1459049
53711141
95577852
75038828
7384245
65642799
94902193
105106364
80347624
52345328
44044129
25041691
67404452
73515859
81234172
73703009
83570194
97599419
75794048
95988920
26075534
19460259
106649888
19694041
75207089
24574828
10753962
26715899
72588883
40586003
30943023
89403851
99060525
82668681
32870264
12527882
38028804
42556865
3545863
55305933
37674505
80778271
106791149
103951443
100195666
93884753
50642590
40314902
14007513
109067417
99589033
6381493
54503171
24558688
8940079
48491190
62235945
22901588
48506504
35918661
51775479
1007971
109267215
86532643
97373506
100563400
61715648
92972871
4882360
33017592
58764785
96706691
33316234
65640024
106042482
59880763
22360868
51825174
103709499
7626020
54564246
75030345
107691415
58745609
72572743
96288492
52718315
79050913
81376110
47498533
36901447
17976465
66618094
8703815
24816995
4400635
38164668
28698055
86941715
71159298
109951359
45858390
43397838
26169100
96012785
54217308
8904893
14734847
107510928
28679153
10184606
106068638
55191231
11402923
58760923
103771831
14912382
5219781
94883095
5883273
91130440
28197632
103409471
4701087
23272775
48852568
80442550
19738999
28996697
41083325
80495089
26265887
2579233
99430531
69997835
81277938
56956380
90475741
4550241
1442290
26221551
109031684
100041343
61669400
49224170
53541142
61622365
61762738
77072971
66685463
12723803
86429352
57658485
107290531
87242167
56267405
19855871
39359225
49493911
55464439
91237720
33798186
9001680
31551296
42474151
89772095
19211325
55514090
6737817
5768557
64384577
74802152
2291142
46500201
52780664
97711433
29201799
47670531
101772564
100893620
61760606
15683272
51920814
1391080
29918288
47882942
6773494
17125060
58371505
68429353
46462759
2170052
101574036
29479586
65073600
97210062
25517906
13442767
43863142
94919295
3477415
70618004
74755117
67563339
70032031
57843761
106188870
38558180
96159926
86089291
101706435
60369526
38498613
4037871
47351214
12793228
42245066
48594142
80912302
108935082
19588946
16983173
47346452
57097603
56695309
51630833
106080549
93582240
62698981
83495138
20164178
46164076
585973
16911355
71624470
84207479
71933836
72833207
47101746
88524028
47590678
97668563
13018312
78439014
14526434
109007073
42130926
43559984
81738825
6412757
61588630
72741343
