#N=10900
117286305
54777336
60812830
5503807
4310264
5817470
3068622
26695072
96957810
81082286
54184333
47914657
3955742
54274031
44518854
43505156
6286381
74129919
33846814
76567740
104028666
24116802
17889423
99001775
102051070
88931439
57796224
62502073
6829742
55785663
14020167
1876127
59370701
54995360
2435185
105328823
36573290
40796337
100224370
49043153
77126543
118720302
12299433
88164217
47987650
98102566
18561972
48528642
88911254
18633642
58678317
5026891
40875733
47767985
50109181
39548997
91005327
2010561
57385535
13857244
5318591
77834808
118250943
81755509
27325700
80448849
5104452
106340138
91383424
100314069
45647350
116675957
70732652
33006868
69602245
8362638
9191312
118738330
117563956
92787993
96567910
10910332
82631341
1326736
84476289
48098620
109877092
86051712
115501970
107264358
14416302
51276713
50509108
46705724
76651057
39795563
116779055
32504014
69596417
93517468
29581417
12640482
47073712
71273643
23815556
78577545
9608683
44116950
31074050
106653624
19060282
95241174
54147674
34532721
19163274
7328206
51406650
2612734
71635410
73128887
56755250
95424208
102339287
19617175
48736670
44147042
97912776
32165217
11826227
56955935
46443755
77117774
107634927
96209798
70568590
107412237
47503495
30668690
33960298
54642876
61409580
103337562
76077900
46819467
101936071
16550540
54502797
105991394
73571114
103924833
98503231
37138075
46687538
58192244
49418029
25475082
41224445
40956841
104531463
53518454
77034638
69043958
15452814
9126320
57609932
39899899
73451939
111670620
96972741
49432737
106278607
14590112
10305120
59527359
111126671
4848307
70693057
78291595
16391792
36433039
57237294
40310987
115433677
21212456
25871429
17364818
48657250
115419622
91635834
35487504
38065639
67908318
20337656
103266546
63388012
64749313
70640789
24019202
14295642
82382629
48031246
46751248
22273442
14360443
116547933
41738706
107266516
34260018
29957930
103794436
48712993
36024838
23343187
106972489
100268836
38165438
53442615
13169746
77353982
23727516
24053478
62512724
13423935
83301973
32625757
39368810
50453671
107068161
103701586
95258025
69012817
42574433
49013315
108248366
25903928
91191545
11780776
12375709
104357026
112743093
89354879
69454135
54566003
103987750
53529874
96002720
88525087
29715099
107926268
14841258
19207210
68465136
38790597
92865126
32848302
53271227
63380855
82909276
46958974
61127153
55148340
79574451
16670505
76631771
96467590
22431848
105644520
26751314
50734461
43806521
58177090
104177130
15924261
86276913
24366293
32718405
106886453
73683829
10507888
48364762
103764291
45152085
44520463
113233001
38387901
68749027
6312253
2253702
27760936
86194523
53360277
97326570
101916862
3142287
89797251
78619906
90507388
70741629
87384225
74270962
36785890
99613807
79810837
102015857
98200461
69492465
22210516
67425320
97633168
93069434
12747929
109341291
6764184
94581437
106920748
45037829
49891720
38927730
76607055
58147997
103087662
50217990
7529318
32200585
31444900
27959252
139311
25140055
42859369
106580418
113270126
53580034
10316976
10318372
88708970
30775141
99572927
56854713
63581021
107101878
86305249
36976492
11324172
89439986
53593347
67993018
87240774
110553724
63553699
26389065
50618679
79790707
18773090
107283697
32061274
15208474
112813513
12368894
30679930
116992966
105167072
102951754
92584694
98351836
38459075
31854257
94907750
111281050
98263095
26604529
104681336
115675264
111096776
71044785
2199212
61849624
13342949
69755339
68838675
102572993
16519604
71048612
47729433
3564616
113280185
28596010
112242175
4724177
26011822
46538176
24408272
15718866
73396309
60730437
12347715
54891656
61304793
68303221
6599714
101397832
34317753
42540180
113476052
58150782
57701836
60157503
1914579
29579957
62139365
116600063
54843560
12954988
76578428
28037053
19036071
117459638
11487817
65703999
99125906
19196586
100855498
91391465
12274781
18504652
118235645
62854495
48291942
87620592
33985468
91773164
106731781
103880602
103648345
62222178
56236203
28121879
6921768
4124516
102450028
49184376
48925265
35710137
112728918
77928791
16549235
81045703
27237362
111101232
92562131
7734440
15825435
82350846
91965821
68230287
89022711
39518683
28869027
75328779
99698812
57818497
115838450
53413232
47644398
75526465
55300410
61015317
53385482
76547393
82912882
66739891
64169089
89806474
19160901
40586844
59595059
33161634
107293573
19502921
104179427
10211285
43482250
66405149
112138136
52447137
48264890
13693932
67533502
98764161
87203959
46285579
10174098
40311985
116922823
114342712
22140983
97563018
96912435
114359222
21281933
111916409
47578989
23582245
39115045
113712898
52103272
40092138
47792207
105985917
103734302
46677908
16883150
109845114
27043889
98444204
112627266
68310730
54203603
21247923
97493692
46891974
48172757
14641387
27074632
28263435
17430277
35495391
85184714
112709657
66780233
116509689
81704994
61579722
99192603
117832908
65920691
64927356
64071467
1114299
98006397
112699189
28537649
37248947
6121478
77543160
53144230
91379343
98530668
7311629
91885167
82852305
28720972
28812951
116021111
110389241
61888722
32434250
96428789
96388656
31004663
5200511
17317086
82682087
114469032
34265247
62665071
64806392
94634590
79085909
100290280
60757449
106577711
69804490
102914718
33552136
106726122
45832601
8397806
15678363
106304287
63072215
94544825
46045362
94637860
92490490
13960452
93213697
1429587
91228278
79071570
76036207
18445110
110765469
28920646
49662640
58440658
102389163
92229742
42780770
100221829
30485790
76652732
73025575
90791999
65985746
34057960
99951389
67241945
64135591
48847168
60258925
96147986
2054335
32084910
10327793
91060903
41542174
14142127
53107010
81686798
96019731
47115561
87592471
52324811
54245114
85146528
24563518
11070964
61743952
84938039
27196254
67407422
19570616
38967615
109650610
117553802
88732369
60007851
6983019
95701236
46792833
37077645
85820192
38707062
109352736
114995667
37953893
78665377
45836026
14895079
2997957
52598550
1774077
11349572
27761293
43174150
23402576
58435480
102684711
3240160
74271053
115942270
76566812
29730444
77948876
58546389
110570783
1934763
13215017
97619005
9881044
8085771
46534910
98538156
753169
30687359
78063271
31962444
84571049
2141106
22024631
110458386
24837257
77409928
106756997
88135814
68203070
29066045
111878058
114456072
45483349
53444238
37993393
18020423
37969662
76014113
45331372
21855408
110863720
14032876
51084095
39056519
7332601
15847550
29378515
96504356
64926311
75922165
9937812
101826294
96113849
63424704
3701388
64415074
18110488
86594582
95067757
72556999
111296327
67337449
76462678
27462926
15474576
89692911
100402682
16114254
92864024
40202125
89581314
71807201
6700275
35236544
18581634
29638246
78634870
72266351
95470174
90813647
107521946
74226739
98124906
40602405
54217845
44820437
88157318
64363490
94108255
36633937
4997950
83833401
60766503
114483398
54773875
118170322
115638887
60200556
54246571
29960453
42405480
63248399
62129197
95872030
84315305
65125284
61881703
106631224
83554405
21243434
1592371
75823171
20008894
53304468
71255087
117567986
69522183
60427011
59365540
19178484
103581065
9324553
37963156
61406182
7748141
113383319
72827381
94582064
26698706
109808173
86641257
65343451
106646725
115813914
33990327
105397712
109284509
49541898
105038852
16634864
1234540
76001534
4568084
30154539
102592286
19731706
58202446
59247329
84559577
50040987
100025328
42174883
10480042
43389838
107388802
40879708
95588243
90732839
7940806
89068885
12065077
89637344
31353124
1249013
15433034
112162059
358859
92649645
48307358
29037318
12066780
89890002
101122878
112550008
99665724
43344957
53982130
8161459
78032001
42384694
48464575
65539120
53596082
97313965
75515225
25559593
32938901
6519358
78667761
37113463
57715761
10816064
83107940
38001066
890154
41593390
72758331
99035172
89486495
77227356
55628071
18326772
117937909
57777921
67471508
91504265
84122957
11597436
87410515
21396511
107598613
69960611
108833896
36940119
73278693
68995867
74605462
114635439
76517228
67851697
81719154
19714695
18829540
41514550
92956365
29568613
79820525
114340976
43407101
80063353
78099448
6753780
78568895
26433644
92464965
55874071
12997380
71630076
22808824
26353534
31372616
79562124
5585547
39838028
90048287
77453255
1382269
6753765
41819915
56802533
57925787
49108234
54471960
108070928
89407655
97425390
113875143
8660802
36241528
36653321
1494457
60569433
33098816
22694824
22339894
29738519
33065247
114357477
40257460
70960331
20767986
438217
117227467
46942293
47359389
83294522
35633339
72293367
76541608
1615311
11234202
68664860
87414209
75856571
3099415
89650483
70087492
77221822
7166345
103385725
3554505
106513264
38229539
12263927
117343208
35696048
108291060
89818546
93589490
48722872
72542865
101539324
80792459
33932945
11308954
93876022
15656544
42921658
61059165
7876748
41914733
63091262
74469075
6667356
14672708
53591224
82484138
85511768
73667317
28366711
65156186
194208
107980057
11437120
31686498
36428291
60916559
68471817
17275681
953796
95644044
38609920
90230370
105726438
27180031
96100927
32816857
16683426
9910555
6871532
61121303
44151006
57322184
29781481
42993219
47970941
98733908
63021056
20355581
82376739
39196655
62622696
87317711
80455396
69330562
82024681
19152610
68866392
100541404
97475762
38437057
108727607
20333519
112939444
72909580
19400235
86190372
34848955
83275753
93473179
77262979
31339822
1157787
9351242
49857574
98782164
36518990
25260799
23824401
85446516
113869029
86454890
112102134
5293029
61302786
464170
109196908
49390478
39332965
110623798
77142243
44307614
44721656
9836914
35652702
46964255
54934482
111527193
76395976
51935931
92315392
76815367
109195878
30089254
100545883
33500405
74957762
78786104
30201771
65083142
92154383
108575999
34055734
111637964
23809752
11912307
88844836
117383110
91058236
3928980
74805772
76208959
8654912
116567402
73712432
42935509
89378280
11902181
28115431
8484239
70453684
71129768
103983114
75695473
73941492
30663409
3298634
18778250
105441722
40435772
39931038
99326419
93669877
22143426
31696758
25236643
39664072
84915855
51480968
23752906
114084069
77048371
2496527
93433034
27189122
70713881
23723708
89797670
69162128
84699293
32214756
113568212
115998277
73319705
72396838
64066872
44031687
90576493
97657212
6115303
74479526
17787612
76533291
68433234
101289355
65590904
101469305
24814796
98545417
93242598
21256379
29554665
49859249
59496276
78612955
65105082
1551753
66738046
57582914
83307547
87511017
77705051
41171373
60835034
38191648
109533976
85219661
46820014
16096966
79869600
57295643
6046292
44211888
10942387
94677559
85378189
94759117
8226707
3558416
68990752
52286979
89473734
78655340
112467797
66848153
11874909
7522168
45957837
98037029
107591494
42136173
35579613
48417033
50447398
94425374
275263
102340640
5350060
117238002
10050674
44561342
46353256
39082364
86547330
43896900
95354482
81819772
25768365
83653358
41798313
118049043
58629183
22625581
66780431
104945629
20890315
41551511
27644305
3821664
71361046
59174460
110498776
59964239
57045400
75820389
89075314
1847262
92289966
88502349
79788376
98681941
85727643
2456355
62537882
4727557
27032165
20604754
48925089
35432953
25024175
19172732
51268612
81397184
10638895
25228920
77301324
17068651
97904095
87279845
21036518
11396807
11032690
43582017
98602556
55198138
102340424
9476595
49772516
2511655
2774705
77332021
36144058
89903716
103137821
50836758
83516099
110409213
4484208
29752356
102974342
62436992
17437467
26039692
4095860
112380245
55038455
108831480
4935763
95410918
85150785
96264502
31604251
74644553
60051594
89125961
5425621
108732399
15605519
100154126
94081227
40584620
101907831
104117301
6387616
111538608
55256180
53763743
16338501
60857217
21218519
76934650
58341132
23867223
98714867
22978011
116348112
87341168
32584325
27481262
63806667
10506231
45116537
70191921
78122562
79032826
82424072
32985126
14651171
93830900
117056296
108773927
34197004
109179223
57764751
80337504
104103737
113208963
41448853
58213852
11419715
6254926
105933413
44266751
26329112
11373699
109203687
88866850
32438131
30981723
110078355
112424747
60097300
84893712
106577850
45137436
64381655
107403173
34738830
33590875
68537526
16780703
59912806
81573130
13979116
72269418
38888651
45889884
101789248
44097557
79994070
94866595
98735815
94559714
62776695
65175893
106649199
78221963
106502125
38823385
98598054
25184643
14750527
14959864
29415687
117984678
10398605
39694410
47769277
26861757
92488069
114678026
2801586
115357019
42684479
95802863
89290171
3694724
93609445
15826282
64171742
104244357
40993530
33559922
115624145
103364732
86387398
67825814
107337540
81317482
32976488
83638189
4672586
15575850
4561259
108531278
79119031
102346849
66016341
60804881
32963801
104844681
80897177
34712354
34970477
38989755
11097047
73463889
58332982
108175089
102546383
30611820
116333842
56438799
74886155
47798331
114837193
5069916
43752956
23699351
85548525
26304268
79076930
14951309
55266820
21024411
42514936
27217779
78286678
88885291
98717705
7155076
78777834
41907421
23615307
89220219
99466774
21731959
89727507
27721162
744877
46107584
83439296
68535511
69315237
78719868
12949004
91137842
47235022
26352318
63432421
70597216
89847449
66956149
91246374
36952670
70451364
81343276
47310075
80035231
19011087
65713914
102349770
117271245
61250648
10786978
118302713
71745611
29890712
43619923
71995497
59922996
104505978
4719427
55586507
96987396
40388476
114310317
27705420
95447807
64218500
5379902
107064473
52894778
115314786
9903097
108452596
118129763
71235819
109309792
96495462
20549842
4463265
100466422
117778533
108315038
108609897
83586420
8653744
88777716
57923946
67276070
4336489
7518582
92044582
68989821
69281975
72654300
50091816
31229148
107193335
11323722
8875116
97161375
63252183
6088653
66380909
8046434
21634301
50685977
104846526
4932669
30484940
14958228
760155
43095742
108564924
19832180
25662474
60187675
93344857
50405364
102945119
54156669
65950237
28293911
18898004
46956457
84270966
47671724
22354032
10031959
66881540
11690093
39684096
55205748
112167982
15694932
30913539
16701632
29104666
89888298
13076144
115102829
34106935
99737976
17433268
57280879
45297324
94067111
84956187
39188187
112168757
74651207
35258665
27897410
71736576
98939911
24602425
74239007
99600185
19567568
98061494
11675791
18332112
23989164
33195839
104369980
114303896
59835242
3625488
41715468
64684992
32148169
97669561
104539687
54440651
51079787
91134693
15012767
109611985
10304979
3929522
93174977
11818261
64032385
3294985
116307570
118149726
13938486
94987514
96828024
1235456
74072329
106193583
41675762
37398899
92170598
100744492
81492058
4053879
90287320
71759538
87858936
105421148
46589773
13404994
48331514
69181433
80829713
11083244
16437008
7390348
67610768
98783621
14320692
73596289
108166500
21320056
30225332
21606660
29818814
118348072
87273325
45577060
14022984
59741271
83620472
97020349
10457172
9732519
35004944
112579802
25169765
83357571
57089634
105121971
51385282
46151900
52744425
73439365
62282477
45367017
111879656
2918109
109427122
1904266
43370957
95463470
404871
30687261
53143336
103051755
104325087
27532054
89670219
35812636
49284098
73887952
70919034
25591001
112276385
79361004
55490168
47761425
31972289
19841364
52377545
96755917
102679424
16281038
89273340
68267998
54749896
69019
78357153
22867282
1499395
12683695
42320134
16163117
54075805
25611282
22285165
77416081
97057956
15782267
92607233
32596727
89325198
461660
88910833
64514960
47388714
44552434
114193880
54026373
44875571
45000137
16386207
43315056
80341143
89204321
108720846
31882613
7473254
65673457
108260779
104146278
86321521
16708852
2781582
104373355
47363326
6502898
103618849
73364859
54170700
101049202
71399525
24810237
71882947
44358399
78034711
2265971
8580493
78097373
37640165
10464145
83468995
54895517
53404211
48458529
81731067
51951018
51335465
22136976
98161937
91551927
110268326
109661797
88155526
115088684
754506
101712098
80045829
11473276
1965334
29360462
29166255
27041126
74489157
78520605
44681535
8840968
83435807
7019978
113438378
110458279
75869935
35010466
91974451
10356822
6026694
59594090
72599082
78593538
39582281
116213770
12300031
113989643
117810921
105253429
35042855
108091230
99746764
59588997
101117022
102637839
82584936
78359281
101169591
74551819
3988428
46565187
14212590
91787529
49960044
78427912
18483827
74416742
37887401
32380361
65471371
55146787
28915439
75195313
75197137
53306269
7306479
25856603
78946788
9719691
14410294
103167489
15877838
6012555
95814062
31661371
1468247
8033116
83274482
63508034
60339229
31010900
5508772
63498309
82207331
94353303
49444141
104913467
17849001
110454245
12368551
109086059
98759650
103322801
76792464
49340534
93169482
6490418
20349938
103492930
112651853
8397739
7353427
111930098
13447938
96684575
76100519
65673844
75407518
52263582
57999262
5744550
76517200
38869100
22957798
105007495
76504301
57799896
92544916
36476573
11694595
36759381
41197225
49419116
10153319
79205676
37894226
108486553
12648565
11952199
96139503
9625385
113759802
38382482
35829579
75487725
21277057
23836937
7674582
69662968
103460013
28033791
110500383
99223336
81174800
83967902
12462579
48931358
55008931
55785535
4182978
81085480
26606061
89705180
20428520
29380397
66557110
25942026
12347050
3023180
17002398
66660650
101509437
47175707
17105425
20896271
67813143
79327719
48090555
98450791
86876216
13140307
74572622
35436110
86760757
32243442
28958971
75487045
53652009
101637082
38083103
33287799
69560590
6129294
23148069
113296494
17033347
63533930
8939628
73400030
29227374
97540322
49555225
80613165
98172565
65491337
91615717
97075982
111261504
34950248
32781799
60343736
45189551
51232810
6477139
20177342
97401433
55035519
46307571
20364210
40980122
31953809
19043360
75074096
116809577
78424140
104356866
62443318
43210185
39112936
23844805
67424210
118177758
111777519
107807449
10000212
73039834
56665468
64294183
59821398
117474328
109262619
53866596
33915839
72641378
79155251
101583401
77037223
22959027
14353762
10224480
84716027
42857863
59429220
98430861
54366259
44117585
65243930
38598512
94595976
39745179
39780917
78426761
117081176
38737685
60045611
64516030
22122066
66904771
82745195
5954801
92462119
36621241
102424976
60046068
4507784
56196224
87229639
75716373
65956631
99209530
69605260
105095167
107301604
24215265
33186931
15767747
68331609
34402381
7721225
16169215
50377634
9946862
27284780
52565146
16615619
111950841
109484466
25070894
102156282
55027583
22339826
41319681
41017087
46228752
91626430
47601412
117953224
115733740
15014743
79671465
110717926
45389995
80811866
91533857
83597287
7688180
16950152
52162394
111738378
6677992
116598065
116622489
112141244
43047570
70794311
448354
18698188
54456882
2731068
69740231
22914126
94921074
68503252
112225676
55989159
94702690
41490299
47185389
13919444
88434749
7763229
19184069
89506339
73123686
83487335
31434892
23663433
19175789
63277960
113925890
22250379
73550495
54731808
111692890
24349382
16337428
116527287
76671588
40446386
35523625
1236979
29498451
47835545
101514192
79639007
8803770
89686876
71865551
48325790
113545376
7832040
53449544
63410364
58071446
58363883
64311546
86966933
28547544
5829040
108537466
59194082
29367490
49201113
38394379
113975604
75391425
94701043
89907292
84338238
19851564
106498081
18532788
68669445
39031774
11827316
7773456
88191611
94951501
72937141
3779876
59038641
68570594
113895662
117908819
89914514
29816339
67386135
106143098
97067093
95271551
59336353
20799702
43105517
101523319
62503337
32971942
118766817
83753109
102219212
65805450
69992120
67466306
6705472
69799619
78553794
44589445
62549946
93315365
44816490
4366546
8694215
59939823
106369711
84079323
59426314
111485046
60462877
90924585
46806745
76267390
61069664
85526665
77106366
10133575
110470132
106463859
49562731
61864997
13760989
34752905
59099978
9096130
116626143
89829657
7249673
112952059
118582956
67087029
84621150
103686668
16806836
52328523
9417139
113694666
23616446
87311730
73581931
111909117
38758550
80090081
117971025
50936089
102770163
98356138
88284475
48605135
92702870
14809825
2765018
13568488
45840393
88080322
1846457
3674084
90056702
67876275
37234539
23799918
50280193
41196257
103173159
30825801
28712077
49819040
49016365
30517329
48553179
112301850
2841722
106632462
105033549
19614886
90365245
54165028
5653268
73474649
54743747
88038011
87779433
33494697
11722031
51069939
6927250
61683813
94153176
75160413
26499711
4941911
39436760
28358022
12484180
53354119
100619437
117004748
1265860
64428145
36579237
69634348
7268301
102036837
25170846
59772151
22865248
16890596
8324911
45328888
113408847
21249049
76315980
45613124
35471077
77751849
84630394
50576837
44087731
98114894
35723653
7045319
111267732
104892642
46548586
14289433
60991888
36191291
89329141
59345143
66063474
62256031
44463502
75209781
88075219
17183880
60350870
96346361
31195380
105885862
96726539
67795722
113491603
7467760
88696361
112607871
33664118
114229130
14853184
45946042
105657163
49641011
79306733
96978299
52804384
10357295
52673922
10550375
97841448
27073110
14881641
109663693
101894443
36183251
23762541
110538859
113702131
73275008
8523452
82209658
1297889
89258778
106812992
883732
92613643
102180862
97754686
115431706
8571967
84022174
94352940
8678864
5740257
68949438
53208006
51157638
40229477
25600812
114478735
115891386
52892298
106412020
94804782
110165585
50194751
69297534
110919037
31492473
80880749
38074674
103110297
414157
115455136
4632130
21939046
104895568
93608895
22636142
29982396
118703103
87185546
25403501
83184489
73392620
37623591
27607194
64392534
52051722
100422144
16970345
21086604
70440344
65120899
25507248
8150178
18702278
107226786
72844362
56095806
89370221
50333169
98478167
97285112
19463198
38736866
8206534
74913171
102619422
63164227
4578895
35518614
13792926
115493541
64480924
17903716
104381869
54898681
56325819
30965118
29981800
70659446
114389357
62290166
46418621
45994093
63019446
90320102
26760194
22511193
85331270
110895110
30869971
68644931
97982208
63360027
54927444
63852308
79237906
67100808
58274930
7895354
98751321
114699211
11111672
9582243
89291528
82320381
24916881
104476373
44289392
95405264
33144455
77298894
8174350
83812150
19233898
40508253
13892462
43578715
544851
16686338
12912902
86319945
13717487
34129900
111835752
106636637
14481007
71342552
96063118
62385720
5687312
89169077
25407683
56504922
112378993
112528785
46934618
57225247
80235548
85800499
87230914
68142306
58064995
95379727
78823317
103368814
39963402
116016125
30665812
33034907
11872481
106496633
102197824
25890850
28552522
40493200
19477149
70905288
74558869
6894040
45881666
67992391
104503715
40592529
18473933
64057376
41196867
79944120
88804334
12093242
27735504
754817
117032619
82409812
55416325
81617193
72703002
15832124
113047273
51882810
58550714
104791632
77944111
61704624
15317331
85360865
93647961
12583109
33927252
6566478
30103956
5289137
58422088
49349969
8299292
57339814
94063043
38007254
52208616
88049517
13870624
73039323
73052122
35415426
9706810
39584201
96283551
29723822
84995041
17159271
92748700
115656091
89474301
1486876
86866663
2734222
51433613
95985113
110192783
28638114
75858021
108467618
5893475
1082273
74096927
89102038
14034828
6013526
24136630
106882924
23901024
97265199
63332513
33467921
66845506
107696619
82302791
88027909
55785123
88148950
46494971
100165454
28789428
95643709
68863264
118595181
11351439
31699128
20127092
10628795
31648269
83679377
34370691
35601438
114761076
76987031
73869038
25961905
109826132
45681432
52454041
109243104
39323323
83349525
69975131
106531227
51911496
3057470
41532938
83333300
68263152
78564893
31302190
37907878
84292269
46067765
98468088
9626274
8954489
64161346
103971734
114856832
87728302
85097291
89446031
88799170
94874529
28187605
101221495
583028
15261739
87914517
39267972
51602096
40341659
75821291
64998289
87388197
62507949
90681675
60934740
39258904
113082625
104044425
58249790
74665995
46016906
34306742
33368171
12907658
104146674
18874443
25410801
7832762
109032763
61258425
106387676
94291501
12925866
13306978
80125057
82469644
56476488
91160312
105413808
71763463
22216972
102030245
35357087
23249044
96409051
75700315
99819115
38416630
66931149
23943048
50201454
33109247
57873699
14493728
106306858
96313912
28651681
91866006
20255087
23644892
48332559
93080697
14166444
58169853
84544121
116678375
104769467
103523026
68943340
12287193
45310006
117777928
14524823
87370402
51143560
57992421
17672796
75876067
115928807
33821902
93782980
35707726
54516020
80369787
104652048
23344482
84962455
13910419
43533447
45984390
9478448
117876337
17440206
25201699
81114017
108734726
56638665
92482274
67116650
69975413
6665999
85653234
75537998
75342403
78601236
94077494
69777245
102660895
109806718
80221081
107019513
13413192
58769309
31171538
4310962
90741629
107524666
38978065
13335601
44467110
37447814
111990379
45665950
36419110
96276665
107441744
41618076
105473253
94719904
109177046
3341045
50133597
15955628
100270504
14468787
94750342
111984407
108366165
4545012
96393525
30355402
75847975
9102230
86837681
51360503
84142898
86309658
63057555
10433880
29058852
117611161
1028704
15713714
65937837
113611035
109613413
12721839
60154661
111035838
53489937
102125048
21880541
35664810
40015286
115999728
33816253
90205330
15590882
86914393
47507038
87291295
62327722
33391102
52672963
528023
107112948
82612647
66154435
64256395
9405176
13345138
60576953
15131300
33813931
53215998
62360004
7481205
86945533
85743243
89155296
17825127
62109762
33594444
10752187
68619957
100408846
74615490
51601922
47109588
24586671
23019566
43521961
70703329
45088154
88870317
62087218
42856553
73207471
61712927
12583072
3177506
98341208
7360955
80484927
35236356
93984095
95426761
37135910
69120406
23633481
55560852
7072940
112299806
51995599
63850327
25921664
62202888
50028819
28582356
3587626
81596973
96741412
82365275
8616110
2231601
15662846
9277921
39177111
78933594
82181720
5222116
41502580
72008482
32186861
103868166
116910447
24863689
71793280
100385059
62047466
30143676
3565252
70936243
95281771
117506342
13821508
116149309
58615261
96145476
50650945
48935982
72980863
103413441
66702429
8241819
90768121
64442882
45906202
33954994
46334644
19076868
91845256
56444415
73908036
16226802
32074886
16525388
90529853
50553233
96819806
14853
62575536
4868911
57114735
97942463
67794711
36486033
74401994
9679279
32068243
74951135
109947183
64739044
12645319
2259547
81145617
56813127
27011868
35732964
60919739
108700230
63978833
84522084
33273158
57382648
53410579
109235284
47419212
90515000
106787698
91950895
61710119
92346703
64787831
29532332
32444099
58115431
4417789
118260860
27445727
95042830
62305815
107687636
102403427
74642193
102961309
54316283
4797018
37121639
90564132
95207655
84330701
15499815
40015135
42847875
18867065
81705580
11351215
74278318
37708511
23344625
36066694
41081417
68806234
6672399
25114542
32993240
39573334
37088590
64858674
47471721
111449404
106473623
4726327
56990774
78748805
65839670
82562151
28399363
80504569
83967947
55192520
41482826
115442750
86023186
40400290
63398748
52900698
115720221
47115253
115437095
73348392
29394295
15966874
44716623
94812696
106835953
95848197
110911614
53352817
77195052
42745394
63362259
36628447
66600288
93238624
50349442
104145102
7497834
100920474
47925373
96238828
96882965
9986166
52044002
33122487
43490069
25187125
56273604
42371829
17720958
108373851
37535398
62295230
27940922
67678427
102711083
62386766
18653144
77069849
117704188
40566605
103858737
88933636
105089006
81265187
94644420
77142599
65123359
30069007
4037508
37939207
44194826
63760478
85306097
26856877
104562514
10021870
16369796
75613384
4836431
83139359
80432929
88666972
78394148
93267786
57928913
34544863
72396209
96896540
92021113
28770552
63191229
31497180
3192846
27946407
16141828
64575413
82008720
36087782
113587812
67990661
71443110
17337949
78007964
84187857
19390710
37852760
5185439
60944068
113990456
34979460
13648841
114878773
39641689
43849284
29775207
79842373
61333751
52529287
42608941
69427562
25577705
35244822
15355352
57427434
73651318
107767677
69797602
14018059
83454672
96249863
108792698
114968884
6850868
49058834
79002418
86160273
42672305
97919610
56198856
8015312
4241401
88609558
85103566
87512946
110229164
104959551
37233432
110716190
26951581
16267749
54072210
86960272
80403505
35301306
115343463
68536889
24313004
92357740
32938992
96199419
98302624
59733864
35966465
48404226
15290158
108796439
29961417
34656993
102581839
95302929
41721747
35538455
97190395
107857645
50279514
118322975
78007970
29869313
56643980
58801310
63577875
27674533
99330439
20770246
19891932
22985723
35597897
46923586
2958745
92015129
69136584
58802028
53347335
54883657
18442809
99443166
15118230
62372118
111745246
67043383
116922535
52674103
112972572
97677421
38753305
29313830
70582625
28110289
94005069
37873076
78280872
42807629
7782601
85248346
103982350
100681977
20026978
71296399
96597003
71870348
47571423
23156557
40359219
72714170
39765426
74880691
106507921
66884848
73163214
67974773
81784442
28148744
22824427
92562372
35998426
10643016
54118762
32709548
68639418
51197440
38994105
111842527
66538910
34814255
65221368
32685951
4084974
75870261
32628605
82344076
31511128
93667254
102201131
93192159
93919880
91690579
10621107
47436777
112814037
53918099
45150346
116935701
110960319
21085041
38443610
3288877
60813598
11824951
2619073
84510522
103468531
13083479
46621159
42756589
30729281
117064738
8960975
49454529
53262762
57771352
98952945
66032600
8651004
10510552
82571051
46483102
106590173
84416639
11190061
4781966
61767781
24065304
78492091
107671442
79081444
35522288
9573434
104016707
27166421
117249225
37889363
69615572
101164199
57270052
33795613
108988383
72705605
69999624
69311584
106040163
58023977
88442393
102271550
80977903
31634009
7058042
44196671
101808207
31552488
105934758
54003506
72906340
72697491
51873432
107001638
102778368
8355867
20037840
75030973
85264479
16085026
99429312
44723589
1079445
112278077
82605990
39676799
85475443
20879277
99679192
3768613
104759705
65712014
104117137
36781232
57539433
103219185
65975544
56708331
77456149
33237266
2130073
93618333
97632754
43517565
86963798
27747394
50805019
3952814
94411662
40540890
23909210
114864866
80927600
80212647
26802634
70630343
67711238
90610460
43833202
42870808
18461476
67978473
8172581
9801582
98519319
9734731
25763036
32738277
54578258
102647817
63318143
77422509
6654535
69885360
1616176
83010984
52145733
10264128
107757234
107260427
87326921
71410194
96965862
19200887
12501409
55002174
26797140
24840430
72148984
94664730
34698227
8659894
88269155
7341479
111752176
74684671
82870104
41925220
88230135
95965749
95993282
112242784
84709963
51357182
26643256
255677
102967380
72598937
50650838
36347040
10294565
68126034
58908784
41963687
111213747
115374610
110566821
59846041
108952204
63489089
15299204
36260377
24621349
13584484
52185006
69826956
114168167
105714356
64741939
94797352
20159416
53539730
94503157
84454286
67199802
81757950
77318470
66620340
62304372
101334804
105151887
96044508
75722288
71247805
50206867
60271336
6422406
55981362
44546837
72691826
38867740
1714720
111789002
82508024
27129948
65280651
5085016
19370814
94458570
20105839
9197825
54515131
105149928
21648837
16039445
579462
19453577
94793667
89182084
85069865
34516146
42807712
45837641
15450952
64825398
3129135
24628129
52540581
17113621
42832116
88616455
84073347
93394773
55411981
77423007
16662763
98535712
112692808
10172989
39943439
33765912
115262618
47379315
104570466
2195260
40055779
39111009
62097343
69181150
55278002
39232223
19065194
96792314
42708506
118536454
12284817
113729144
100606013
91637757
60753905
77150974
42108103
6650340
85635640
75686270
83540200
6489774
67495903
87830526
22624002
111374124
48005447
113067358
7323536
74363086
67811547
98588260
111546638
22865120
50115956
77295688
115333718
28242371
93411127
56692993
26834070
39457061
61878869
32358669
58433283
54103565
110325335
85231834
50823770
79145866
17093997
4613304
111579403
74931779
48728709
37270274
112954218
92452361
45255811
27545277
90530079
53850057
57375934
34250950
26341403
21873584
111598192
67544355
10311931
53954065
3717753
3379031
108737409
16678934
40843335
92011450
3279794
40083099
77041466
55114096
86376464
69875849
74694596
83212758
89691192
75086348
110824464
85408941
10825912
309383
97882974
56279129
27508654
35502349
50366388
77607049
20465283
57644127
72730231
6932900
72930287
105848820
81345696
16725958
13399140
760236
23873614
75879329
72516636
16069247
99229500
12067335
107898288
8511878
91198295
4282250
64260436
110515081
115239598
73356784
91610730
62380624
14816370
77615236
23940696
111532262
13780447
13532383
103523840
85691412
53300834
65107959
101353310
89489090
111662345
56329811
47053601
16707996
104363460
60449300
26980960
90717622
48582671
103616037
63061443
99493215
16756283
118617282
27807981
61762604
58540414
22899123
47343558
22094109
63834789
10408312
16912052
46899036
87945180
47319511
112051733
82621745
72255614
45023498
42435488
103857979
70776352
114317932
108537037
22549467
20770259
51078554
27656179
67899457
95763384
72157791
80588864
82707310
60076868
4908857
14419045
45349935
77874335
36935246
14085687
16935753
41273133
88402541
62560933
5323434
102777528
67028235
49089887
96111266
101960777
55831187
114130943
57130515
93547673
66362113
113703289
71680802
83028800
74308389
115024224
13056074
20984553
75680006
68288264
14726933
45844523
96293800
31264248
69842212
4565742
53396776
82088450
35949699
113338644
4436328
83947178
6666261
92781089
2162329
100790324
44830262
81093515
56672460
71140857
30770500
102143313
39394900
84370209
69972726
62227466
48247848
72481441
6257619
29835483
90804465
111176316
103715941
100631688
105581102
106563763
87426044
67771763
77652122
79716151
106672383
39368870
81784849
33589568
47950827
48782445
53021494
101403036
59226645
73339147
31745957
74113922
41074217
104881065
36122361
116301286
55969846
18412364
109390607
22794934
44929543
108982778
5595214
115962179
22109273
46712969
37815271
16613523
79909381
47186881
116741303
73082815
110228044
41906034
99378074
65357792
108365801
98492348
78560709
112826353
41168560
45674893
37991561
43582932
57814848
26613626
15814309
42078542
92292822
407829
17199720
47777364
95777134
86595875
87050538
5495750
85613589
109438390
27585850
15730196
55768838
74835269
101418371
44870252
61253864
9789356
114510714
4443077
66227418
41789446
83738422
116395628
106670045
11377935
27768623
24639936
53130805
24310110
24878822
44515458
23440695
49413845
88440457
99185014
9885916
96422149
105623531
78787023
62573182
71560582
33121825
10898585
22485035
91629015
58073169
56810786
62371939
81624898
48418286
68641790
53929401
72360487
97530635
90933739
77057131
12362143
118571114
17518977
869414
103178608
83788632
51969312
48431559
110828309
112371484
58812523
42752596
34062949
45665198
60578227
57979176
69206441
71635417
84484250
38160705
104161902
8392500
2633779
27695496
94867800
98824786
90709293
114113357
94072121
91172626
68441784
11492729
24296136
52540346
76613733
54747048
100673954
58407829
117332667
68075712
78308535
13147325
109888000
103797403
104172387
107752811
92304927
39949366
95187145
76091750
35526926
76466406
41238330
31522623
64699834
99564444
4752665
118346668
54575203
91483022
75780119
24805068
53688997
88359089
79580023
18205903
65128012
32598241
107812925
104185341
85901343
102224762
36688569
11038819
20396106
73126651
12565665
16213177
4422439
27624369
43757049
12907933
11766571
60483887
26769958
65163167
53892871
40983273
51470178
29770135
37794025
106231031
72938676
35483093
23231076
46981781
38106609
88656302
65506899
14491793
76400402
83766153
81828656
91275548
7376784
4182928
68704212
103751297
91266129
418136
15857798
110986793
104947975
65413405
6591015
113500316
22596619
24122736
3189248
64049148
84545090
2310932
91903585
25956894
6280114
62288405
100284883
23614816
21159529
109454377
51473137
103934855
85292999
86549358
22571336
22435488
40630430
77189705
87893499
107992966
23183792
78158024
104395778
351289
51720416
101278280
110311068
77357472
58387647
9781946
99859194
67491825
114840818
29615179
44482012
101475299
50032506
118544137
99855309
36034675
33065007
92637410
90267148
62857511
45918927
73095262
53351990
60351095
62909543
18639105
3597188
31736132
26437608
3117498
8850222
93172945
51794262
109432752
105211909
118609453
13751128
70244014
31913443
22269149
107296304
53651506
10523620
13997830
85479129
16121529
73481158
89017497
46718483
17171886
18409151
113281463
19089348
43616515
56753906
31173411
111011498
479690
22885910
60978294
79036866
27131101
115674667
60898440
104585253
34967894
86696010
385609
90661341
105975567
11745529
93298474
86982378
3305721
68230303
5365262
88213047
56309271
79511975
52247020
6986168
93602637
65431187
106725938
51415018
65177846
17191131
58936834
40252825
4658438
64113628
27042056
41355849
80706772
93012431
113103274
72020184
108434073
107450081
116172868
18993189
17343438
33971800
81617115
33902675
11921032
53566918
35966026
58226733
104719339
114529464
27973860
51091249
253341
98438437
111288185
24925021
12532692
113633207
13210769
82112590
111120486
61743255
55966206
8686588
103388359
14556822
83560947
89440884
90106643
82201067
56186075
102250764
22050768
36953827
6840278
81407929
67657580
40246563
30252873
62531719
114276123
57249054
58613065
103041951
85905745
116464979
11714252
49230103
11416350
79181144
35050014
111337528
77164897
50313013
52839271
13947475
43260180
1359880
42158439
106665880
69053929
28135877
104314115
68356470
97009878
85403716
51155056
14029490
53684070
100717450
3918654
20137802
90153310
69861717
91327699
36675642
113952258
60246738
23083718
27792453
2016247
112450632
67401887
72121052
7052833
51479391
99502667
55404300
60019582
14022561
2351765
697459
49936000
27814029
17201413
91884018
31719646
69247607
10110836
33546268
19467770
61770567
56523734
62381298
74719460
31080960
22495553
95063435
58230491
29443087
79200567
57608825
105397798
15922495
91428386
79362164
110269810
85480105
53052535
59322123
91800192
102251367
111209676
85765613
114904384
66763807
81773181
7077008
58683467
76053900
95832534
84800103
105861108
25442774
39885744
107369655
100564100
111862467
15862868
9525296
51758920
72181701
84990440
34939264
33366316
14851911
26309628
50947687
2583543
78514799
75826077
6034579
106156984
53349499
12896061
116731006
8080339
5719281
38958104
101596995
97906422
70389760
44914358
7395083
52592305
55736908
91506787
91038804
69007177
71394798
43344857
25723285
38815385
79042159
8629636
101228629
12268368
75508460
102835241
115358964
100071446
22476578
2042148
117139609
45269160
7176780
77772901
25293345
35526490
87378345
65586267
90511339
26701085
116891081
43601927
80363502
114443362
29015619
56597577
43283891
32579412
92016329
17093649
65300387
66773791
60834807
117203389
15719404
103150644
89262293
3410445
101741838
96017419
113675369
39366707
19975815
99363921
118108187
87420709
72728781
69580889
67505187
55813042
65147584
11351348
14586308
32669555
71159471
115246207
83391249
35093872
94992656
25242538
83972473
66906998
51054386
85397793
36844726
21212589
1408806
112054875
8545077
71278761
84945234
23215078
48972151
51365107
35538769
48527298
28819152
16915739
13336935
65057468
41226734
32478029
67905508
27053731
68088307
44969229
29157181
67052341
69931399
28085658
92998152
7478310
30062272
38745427
83988987
52503482
21571141
57843676
36013271
104140000
22306610
33580127
115389939
444853
31449585
18623030
44093993
91475314
103402635
99668906
6055590
23076633
83199723
22936279
6800180
9939596
93847830
1071523
101767819
71356719
6927016
54252725
42299323
105272420
17174286
35048941
25393841
45144772
35537066
2433144
107560062
21861757
2130542
105670539
84064491
67687901
42934026
63235087
85419724
80326002
25372813
101929311
16276452
82163757
56802080
14632287
26981777
31394741
112954508
47515094
29057396
29368226
45982069
16154012
79878579
99743145
118321876
22960697
56394711
22578939
9206232
10793153
65510897
62156271
62736513
29733033
101078178
81418024
37862274
111204044
72953180
70922686
54030861
10547795
64085610
25407339
20487780
98276684
2337345
92489911
10436655
21807014
68299648
65048925
16642136
56917881
52252064
104646567
22658095
54505188
84781673
74763591
66866641
44681493
79888094
109032119
110680760
117587765
17368474
94653219
66076812
62405385
15740706
28623522
117773645
84618927
31973624
46807870
96743658
108243962
33093893
64197731
5164877
11381767
21700491
39709200
43163416
6650506
28768524
75608135
106448548
40100179
113685498
85548152
52810734
90013960
91663645
16027541
51510952
82676720
87816142
46356920
63441740
49931780
115459899
79869405
115588899
51443293
22617607
32545927
103079084
21712126
42497240
93169308
95931982
23953615
19844305
86365282
19011959
107478346
80732638
29804025
115003076
32575167
112694508
45686823
38503008
17890554
55925029
14057662
19234980
37884362
49707021
111285966
62056512
72920236
57251798
83042972
76077839
9809111
108858687
9909776
44590145
27447255
82228633
18470330
13845286
31175960
5632644
116921564
1378900
57061100
35919518
69316252
2975789
103707584
117475425
24445345
7559204
18040667
92064272
35662645
103541481
104500416
54034167
97823540
5746027
56346317
92994286
66168063
84028967
90315062
55394774
26119815
13601969
51052672
12837686
15733722
38700690
76285174
89905676
50872648
62988941
59925565
79554458
97340445
105052009
108338387
60094704
90706560
33309187
115277487
100438478
5717940
98754389
116497851
13732884
67291594
91127351
2679224
10773289
66812782
76713092
13245731
13282129
6771877
12351982
64266142
53541677
115541673
13296233
29980111
90128191
84458497
82587186
98929702
46149370
14345449
75029200
63627218
109078083
36494877
16523098
111654258
888686
40366424
25370499
11053660
56518305
33218199
44776132
116337559
53530653
78844845
893749
76729617
72040201
24523940
50969909
23561565
25413482
56551367
75106556
110008490
38309126
77145367
32804132
101332153
24077367
38534323
56007750
6327454
35606191
94966674
86283759
117548656
102658120
1055930
85087529
58990747
107401177
93644918
5537438
95611036
6804644
104083440
25759708
48478635
117920459
3322171
76168640
34214993
18242241
6864818
86107988
64690604
53068000
113079810
54228032
17749912
11831762
79851077
47757326
45771165
111118555
94131459
41364757
52571003
12464753
110252612
62356938
11790141
86840273
29167629
78754958
86039640
104972982
22437537
100023626
83705466
103889931
78207452
75820636
81265267
72606819
91838179
10462572
44221718
110151678
93186956
97706217
93774227
87542523
81339498
13310038
67451181
81666705
49922146
109024066
674612
32315968
42092939
60748814
9704263
43004647
56317421
113729645
21267516
46261236
21816174
16788460
31528294
14504263
102792458
70802695
37288731
109400132
36085616
65325502
25281080
14548063
25270348
89367819
20091341
118482794
82197892
86140746
89895723
26509808
75834756
67639429
22611705
117898293
4431393
23688249
30640761
18959814
91913471
13382686
23636572
16215541
32806003
79535599
96025533
112202327
34717079
90773230
93022681
30441183
48958783
63626892
113266723
34501185
7169927
61664226
37490701
64591714
10305990
22256293
3898103
85650094
72111666
7827085
87257532
113185209
50584779
26161704
4226872
84601560
99386684
62910974
39000009
39413677
44818520
14155933
28083275
13179526
41814446
38299419
44888091
23361228
56456965
51602497
115820485
61388213
60261866
15234407
60693611
43465896
77858258
4974647
117202563
77736458
76052307
69999457
117861967
93696850
54488651
60125899
45601551
59973007
18092453
24844076
20234031
40542624
91151487
108593857
96005066
27356848
100652455
112095595
26350743
113878752
244261
109489708
9598232
16795969
65089780
64622594
45073334
121800
47732341
56106736
87588121
110069087
24414436
57736068
48095299
113325644
42033445
29661105
39738976
96359830
61406219
39353805
72251189
72698269
7941401
102719472
1006105
114487334
1944963
44574666
113184150
102258292
44399927
63785639
90532636
73871610
16890252
116680229
31343679
65376885
40595929
38755683
61973788
29898793
15702623
27337824
82490298
73387246
87064886
9288800
33012270
107517951
31412404
97245348
71692164
21167698
109678139
75241439
1303183
18496671
9078369
58302141
20629286
98241948
46895386
101566038
42527931
79226998
76084299
1491626
12306727
19600766
23053060
43539593
75122125
70029007
59082939
73201498
40374976
107260566
105590027
63480553
35825787
10244705
106377210
5354354
28768145
100085097
75066700
70714673
6771015
29646422
11406755
37873248
64617647
95382019
25481739
41036304
66920271
65387163
97248567
96480764
63288642
80737683
103266655
1920627
29654031
79536004
95325101
104608054
71434778
95345322
75913343
39375063
109190191
15195743
49097655
85767103
93314082
45420278
59307918
87707768
92742406
43738367
21295139
23581342
28461747
78904577
62597738
98153138
2098521
25414514
112024110
70271644
51083652
32634281
25405527
43855978
17004855
8883409
37598340
32059715
113868761
60717600
117991039
32326718
40691662
3677376
26459185
14509944
80391503
15569551
66412628
69161063
24180249
61200563
79793605
49118610
76806056
46086854
113842659
59540507
93140863
88293458
44866117
16131303
24533056
25425747
15161268
103755141
13824649
95690741
32878677
90445673
28929568
4407291
5867533
26181718
50999504
19793264
66907316
11230440
292931
5212065
108177459
102775270
112108138
42610381
54085952
26169178
71755992
34452830
14674390
85913189
63760402
28344000
9873665
39587916
20504728
38280528
79780093
51092607
75664802
37375016
84578139
2747850
72217788
113787900
86988032
39769064
28403962
70598881
21862982
25231292
20817557
74470707
48689317
85938960
98568020
28536752
20398418
104652803
89502429
114044021
84943154
33076116
16742901
90403138
87521453
88222122
90329356
42405077
85324468
72916952
83967228
98503870
43473449
41352354
85383938
25292781
26809712
3172670
49781324
75105905
104255606
62592228
94712688
20152565
65540541
112725218
57844324
34068028
28613279
56426312
97301119
113350016
73268294
47330780
8977412
45116376
2897654
17412404
77247850
105630599
38347133
51518504
13119932
27084298
23446272
91114898
94321458
70513807
26630695
105999096
108106848
84103040
115861688
100797471
81118242
40376143
93015568
10321641
55576910
34073264
110871649
58873969
113276234
37055548
44433126
110375008
86678527
24980685
97875272
34632976
92510667
20166465
36975861
49718665
51572841
71742466
64484203
116035992
90120590
70241285
117851039
7309377
2984798
84389175
16685532
79700231
103609234
67845934
18259993
5606570
39607030
82719731
14440843
2901226
69187022
28356070
21403366
60949181
51280019
86612437
6560744
42792002
96307255
84043396
112948093
63250479
109335507
113052918
116994954
82811212
67256487
42365494
118337476
42094568
99589942
67649599
61440238
106906293
28238904
63253892
109975728
45609434
13532709
113798404
109211491
8237841
95886052
62504559
63292066
8488016
109115183
41327349
57557540
41960405
102421520
118705175
65065526
26524294
54700061
83533089
92187367
34065549
61585553
50687877
99464331
1587278
48314325
7089975
115740566
110343100
49721183
5080954
55207944
14198498
17912351
55610561
72659405
96301666
72199377
21964717
78644107
76058408
66619459
57662366
95704880
75897226
72908744
100342438
62050558
29538141
21947536
41499490
53411219
68901905
11277182
101277985
4656713
65684855
76178793
753241
55135156
44426314
105978603
8501013
60349094
49324316
102221185
50694688
17657559
114950970
83058889
20981741
108067159
109532234
112467252
114172443
22750298
52274233
78394902
20551067
94936923
80759262
39125938
70943235
73148822
73305957
25099192
12807101
10549699
40656109
13584639
55537773
111790851
56654287
25089828
9654406
31666757
114983846
95349430
5579448
15787441
92336655
27324489
112704717
95685566
69096649
35777541
11102860
76147311
6539270
100235130
32897318
16514070
93533612
54747673
60341720
62756258
112156714
118032463
73821927
56578888
75740353
39351574
102136445
33891159
37819613
42018607
34990939
99196405
3012774
97064959
30796355
5554719
85941471
76927176
93486336
111759339
38141901
29677731
52153623
117738831
15605148
96959646
74982350
30777354
70304590
70022888
116647961
55577825
42292110
34470353
82156074
50752823
10435591
60117838
117710221
57433208
39005832
56735981
77303680
6361685
20027118
72679180
30878384
92992132
47688905
63808604
68509346
48116701
22976213
74003978
42756480
103637795
35558686
13863092
41843023
14726764
27730777
82177608
101135382
442917
32938391
22038235
51852603
71812384
21112006
69877870
107843159
41547777
36708862
4624500
94293302
45844987
33893905
94783410
33386416
8475834
49736021
113315369
5360220
38148419
38445292
28893388
70698401
29735551
104942316
78475416
32401383
36191490
49239217
88000777
67400314
79936008
926229
109688364
91682856
107277860
33169007
112122288
66064475
118577506
98444226
8413522
21362201
34321701
45047389
47784677
3115613
11587601
74870077
95276833
95163649
17613370
51664703
1126615
6237798
77654455
29236199
72114237
96504807
97016839
87074547
76521951
115966783
21362000
76519357
107274198
41213384
42305132
13678062
57650953
106118935
64122525
91079763
101291154
40109717
33459788
91724601
26648781
44137583
66160337
52515760
102940663
11375572
92820248
90700417
61837192
108863279
59932990
103849690
19982856
108763687
74616177
2594
8692585
98958617
43117855
93596136
111276062
63899827
77269167
94284821
4827781
32916438
57619975
9566553
22364566
108132205
34467894
92943021
68910551
54784765
87409143
12240246
77252010
102766970
39671057
76797503
97784053
78882934
29233513
19980262
100071102
103371191
84598370
42810079
115396186
98028028
25230599
16991241
59072046
44352729
36664845
4164857
19455501
77201401
102812290
57135176
39221654
98493130
5533878
65573935
96342755
103452174
100282820
454507
13886546
88501753
56467619
77803791
106525463
53575953
54191893
57261022
115688636
105380342
26483110
98404945
47859612
99687870
99136396
63810819
33800858
87177075
29066198
90033956
37979746
4319160
51601297
101361350
11054004
29795335
93004746
104791878
89565627
20684696
71700519
63796386
100786291
2891666
23611898
49264441
65600948
67621551
39681542
17283691
66424360
45605241
8172178
111762424
65887012
11959321
34744621
71480532
58100959
24747037
38432659
55428397
2168786
30709592
17260234
33975757
59039709
72320049
33091359
34672871
38708406
77712483
40184487
60425480
65004348
83703978
9582899
48317257
10100821
112886302
18015142
82375567
107431859
115022858
77017803
3310110
81571993
18901213
33047873
2672562
31481881
16626697
47071792
95906659
99383514
63750186
884398
24366837
42515273
83092507
3392014
97092927
12708134
84194140
50842581
16687091
82506787
24410228
39205745
46535254
14358072
21802285
14261394
113025379
42354495
67020219
89072237
78899431
106229333
25324806
74410770
63288853
44956814
111035237
95022261
75016676
21234913
45505522
20974823
64232346
70384372
46911504
55153976
114831044
1687353
35335983
105194977
35971532
10052155
17403460
41177490
29046324
107161420
66051176
23953142
82265065
79600887
63747431
13392290
51844110
108081623
91089164
87076593
88750138
89800324
49516738
54041853
84716197
102834781
101776950
17982000
74363329
45224151
28721623
9636067
93429452
25283827
96695147
3697672
108719462
29052040
93936315
5093182
33799985
114163919
87919342
77776405
36660407
83379438
41113127
83577518
19331485
1288839
37559854
34708285
13987757
74395588
79978534
66734197
28471452
56552799
116974007
64727261
79508330
3437796
40654551
98635409
35374366
76546736
28571358
112529910
4155685
107486026
44887471
74833581
77503512
4539903
36663277
71892890
72951583
39824288
46017663
103433200
115014713
90877897
82443382
66063560
54827766
32329365
77473821
82554191
104758100
113536211
32976340
108586551
95777061
91821446
70064051
50558086
72391051
48798963
76546069
48132105
29982514
40347567
38170303
14514251
50398321
5742619
25875227
88328384
52523205
82853397
29893448
48951153
36050130
59017647
116303370
91083576
46381266
82747610
49577851
5075178
26662780
68868525
47426130
54122604
19430395
21265088
92822018
24258945
27720078
36198502
18865432
15468263
117662877
41331314
107449025
89783568
72029415
70735460
67338566
12475682
46803267
98589431
51457783
72680185
12636381
33555760
41505724
50209717
64988460
108422957
76459049
100253807
58341760
35064672
80110587
113981450
112355010
65527146
14297143
12251815
46249255
96344119
35732868
27879309
97015530
45617195
31348632
68457362
23932193
87559135
79827900
101836712
94856680
17902023
31174461
81236665
96280931
60796398
101464299
92448284
58984827
50298006
20143219
63170310
41519663
14583441
108587937
100103195
28181520
36763025
104232578
18369946
8232219
108925674
5434307
37461797
30588631
62599497
107439463
40905482
1606085
70829506
79565881
13620015
49334723
98091694
107485996
3832647
10715200
51166293
72305064
114624518
8778343
5559778
73392374
69130099
114115552
71824911
114680618
9811574
37434436
4210533
12935638
98484052
87240673
70548441
48832335
108493150
60993412
45513587
89053231
115699701
21494783
109187818
24944019
45502076
87376493
65223333
59241213
14900683
42387949
75648916
41232143
67361875
19157857
10471093
73259482
104303977
34390475
563713
115685937
66664015
35779861
70100828
49651717
97557523
9555029
3318748
28343549
73007341
24018804
98675414
90755682
103706337
21811325
87434317
113974494
81379440
22835384
111305928
92478541
93836075
56491059
39664680
3006023
33663880
94890619
72695768
116331671
95440091
83593853
54488738
17012297
65935969
69449429
46332969
69213974
55357688
107013575
48478136
109965290
48026097
85767719
3321365
117445474
59241886
64598933
11572196
107710900
56712940
54814868
61717490
99733681
31730809
63584062
49120256
45045840
8354158
116815546
70746563
78427793
26561514
103849310
98392959
115531995
14091741
67033025
29639468
64202399
67891107
90424048
115547555
49390624
26525833
57532433
114776908
79244617
16789623
75567328
54897039
84692889
23084059
116943429
50613425
114398600
64133534
60018340
102012908
57639995
90254032
85707254
107748465
29839519
98661199
31359933
94796157
77602973
8045548
58025421
76368474
18500483
63898215
66918752
53423716
74994847
40742810
39209580
24347577
59810364
61386899
65667241
34079464
36399090
52809894
118308716
21289322
15397169
88574309
16305654
77605161
69318143
105856056
76388532
62756993
29961856
23314385
36770735
1234498
117258695
3030836
9449722
83886768
116616999
26175942
23117766
59550899
108646076
105536312
77490337
25730900
24987808
12857347
43484379
15109768
46316355
29734407
4983668
56602009
28159796
29259599
1216629
15464779
84797830
61977776
25986258
28727357
33769321
42643529
688406
33371927
14127468
102083780
69672631
57066099
45243497
36391455
100870563
82915176
80548503
73536620
101056522
9878040
85350992
22653602
19029730
108524347
10478241
94534070
64289010
21598646
72175400
66952483
108288522
64974102
28208455
111056360
28038951
9301023
28516060
17414627
91412927
75871370
65743913
33281176
83909167
90041952
74652953
36237573
100668654
70670463
106995628
87306550
118561940
95636646
12175361
43305661
53138967
116593225
31262300
6240156
32120125
7201297
38744028
6135792
36935151
27811062
82540299
19527954
45601727
80358321
70480714
58131751
110772204
103415592
77438224
56575223
108183298
3982489
48051946
13362104
79822154
11358982
75131189
75256279
51401308
23295766
20946991
55802441
84473100
24061002
86306129
34887962
97979777
19836596
42405494
17407197
109922965
11085608
67857240
106279977
88396118
94778753
99503528
54196980
114042295
73455734
8523277
94821194
51873966
45596593
57040915
4565875
87671305
60739053
54309287
4502497
66536297
5789619
88306312
49585138
53794856
75373163
1386098
80572579
37627261
31319886
77263588
3642988
41499490
100792118
15680079
34199138
99546459
26047793
45673703
28124730
30485398
90640315
37780279
47308091
85638919
5205492
77970218
83168807
113012757
57423298
35006186
16951159
70804763
21836779
57102669
100935908
46649532
88876213
12212621
33984273
108630396
95281470
115676539
16203982
1245659
108442287
107335436
80325358
4466025
82747019
109154452
101987307
13905025
41478416
97051504
2470112
11002736
20546920
57066251
104965228
114332166
13169407
87562120
88678856
102900878
87036457
97626916
12665258
99055818
35741152
46021365
101330044
102939441
7234252
27678547
39730302
112879891
33492047
98884537
30192349
68841993
76579666
4935803
20338543
30475680
85408214
64213861
33751139
25024755
43896844
26306737
25653309
37982160
525663
118765571
90235619
106790640
70789394
94357524
6629404
51611712
38787112
82555126
72112769
22067992
3090130
59655766
91591172
83460054
31208501
25256545
57407080
46103986
47241220
74934683
115534541
60383459
29220647
16348032
8275075
14818314
25781074
25697739
66556541
12545024
56879806
4781725
109064866
19177682
64474042
51787908
107212574
16719120
79464996
12457003
58190450
38440077
37350895
66334627
34956604
103914516
105728956
110186028
58283075
105667762
45714036
108090139
61012013
23305962
109376959
101387337
67071774
13236049
96531564
70678446
31193789
37702124
68021314
66180587
39678739
47754921
91132913
103659201
86242301
49928549
93916109
110665824
12387102
52246380
88319302
43580577
54535070
61193
64471992
69002937
53559379
31311703
117523181
78434677
83947819
96140909
4855773
115203328
109755891
67733070
11560762
92726833
6927014
20266392
102761305
54829539
89226251
41204364
9743092
94386477
46445076
50573359
31250152
87616526
116521310
88258108
97918586
113245764
74215445
42063918
70289756
93934702
75077515
30285902
73578904
87554492
114098649
64836334
112546196
25932688
69709685
110104371
117679159
70907476
58753772
61556940
53990077
3743404
3662918
86883364
63136325
77638551
52862049
70705675
117411570
12179176
22946293
64758298
42956008
99090744
94700034
48907484
20355798
106333024
43900883
17646200
93818297
88165961
4030278
2441825
35967160
117612210
60254229
56122218
25821028
63913998
57894022
85916714
59417080
53737997
34021314
1334280
87940612
49586503
56663012
52653272
96936799
42665550
97771894
112858524
78734946
107177011
13910231
11613227
12514727
74544923
22519552
100280102
61102431
5228069
69901227
98654942
100694812
5243861
7131826
58714315
4496918
13059655
51895400
66986430
93511016
112148442
72384899
35287339
71459705
13997462
82595009
102888275
82740605
109404884
98948293
76025348
94662284
67078939
107903676
39948256
22346121
17291483
39282505
81257490
32246888
64657366
100426746
41980497
746943
112882172
6818915
65224119
47262269
67460589
3505161
58223677
40688736
58387437
71502331
96285061
50066858
100903756
3939982
15618886
23646229
40772984
86931673
54714028
44732817
90612193
9569381
68802262
112758226
93435140
99640744
117980022
72814053
115258205
35161582
63236455
74523532
67071957
70622588
107848593
26771852
63927725
114434976
72117306
8320579
98312206
92345079
43351601
77257526
90880628
47497214
87742202
114850168
115129480
54048277
103644186
105567598
43847872
87971519
3681834
20621087
112096170
91722070
18481228
49638303
86899626
111423868
85484940
40300104
6694863
2317247
82368177
55607146
16122770
98582228
92682608
21054680
10368080
114664388
108325325
94840461
51177735
42597554
20109612
18465512
19104035
15672667
110789394
23226785
103588980
30769765
11043489
71361497
4822444
25867361
82963364
55503151
104729005
92071323
85645558
78801348
105004478
102595949
90638168
3971720
97117778
96828221
31539355
43241250
63486653
74631401
74730849
41615853
32397149
4436945
35389748
4780880
39797318
80019629
12183296
41131113
34850951
103986129
107208134
77032923
39948357
118605672
97571224
34831287
105876846
101859610
106973180
109936388
14381801
112619948
91242365
53876528
42245198
84621585
87320401
30774430
51137882
79197534
6226104
27616268
83449628
83083750
111407585
7569835
45168678
27007168
52732980
85531658
72941402
107412463
107175330
5117070
21632456
114521615
55571737
4844088
87477808
3256862
18694022
79315274
70374749
15524410
94269757
20374398
33483703
17026497
24548325
23521613
114557907
50855985
43922314
84783423
37915071
84400417
73646856
87350651
81779397
64130518
106069959
67824332
94683637
111463716
77258963
16788368
35947436
61218505
104960066
8162534
51692114
12073242
112759148
58903981
100850707
86146890
4729703
9962090
30182220
92502341
107312930
29774484
21844544
87235527
11136567
78278051
2621020
9516338
108994323
22858695
97160512
3509872
109375369
77895269
75516280
24944088
30638302
27784902
9526391
101790454
23117017
111598134
30032536
35515887
63077908
90888617
64868300
39940993
30362790
407736
70657797
20077403
27541547
71280123
84614507
1620229
96997359
98572326
40069457
105484450
41196956
19265243
46803593
84431281
47256966
56635007
15417697
56561479
4667885
25641888
80661548
115314760
57423856
57953919
98361218
32040545
60525827
64460564
88093197
19189017
100579819
8281303
54272897
25921318
101996395
113755811
89264403
110322910
66279000
29707844
67584487
75575676
90818277
108978587
77917213
118409118
51967122
117489440
103613562
17066756
87028033
22707628
25857172
34286941
116238093
33900654
62757349
50240439
91594375
88715523
83726121
74658501
25094909
68230716
64370546
577115
56380441
68460189
42738423
109513324
57699567
77415901
6562093
100122790
65915095
79237774
23699185
34900366
30461407
80905934
113214
61644722
34183166
860147
90339593
65997654
61116280
101755456
94227949
16935874
63620614
15495405
19191584
33421424
20753905
4813987
76648693
65677118
10760621
84132523
111854861
85290408
20404436
46134320
76423605
31014729
57679996
70506882
43690782
87626686
55626398
118063067
99018760
86995513
58553868
107394137
99483336
53084035
38134842
78732544
6647920
39102819
3645130
14377597
75582732
82790418
112863367
1419800
72632257
53183844
72631717
74624171
8866803
108199708
107264324
14820352
106133948
88863311
23784114
44437715
116321557
87440886
68412829
110434623
106322178
14373463
69259295
20750792
46436115
7935653
83991044
111080324
82330088
39664713
29227861
83066562
19061790
59679522
56501714
116818087
53220671
83242010
95073478
112856451
10969390
18401013
118749869
61696232
100255384
55153229
103738517
5886934
108832339
62942996
41175328
85571386
86747348
70227272
64473379
54165792
53319196
53229961
90756093
8167155
29506552
88358339
26564848
21053704
15362481
92069705
30648239
68077851
81176250
76672464
112916583
68083158
36955630
72500269
85671346
103272080
74034521
40795521
83521606
23260953
95005648
98661687
30001637
32581556
16908076
20147048
91123330
54055670
23723408
11301383
100412308
8452848
72995858
62208774
109215466
74998261
19797085
81689405
73971268
21996721
39716834
49319944
101221813
61397180
7369378
44875824
19750474
50773568
64599874
112573550
2162946
71327722
81753611
18758219
69171856
90566036
115233640
88725577
72453363
15270560
57115526
47107163
18047382
6901227
42411689
36429691
1026992
6703993
50876201
33554954
39584909
97129655
50854196
65249619
41646706
75405810
107989581
34890555
57514252
2175781
30819938
111118358
2155866
91205
22334579
108159910
18112673
99963080
31610051
34249830
116033179
50214298
4695474
109331322
14777865
44611326
113267121
95185669
94832715
72556547
110414389
102048921
55482948
94258386
84973668
15659781
26795188
105813800
12974246
74109525
8923545
30728733
88783778
21709586
100788533
41181500
76549859
102672844
111643532
109109383
38457986
15605486
44340063
78894149
114874202
38402197
77492241
49614204
112484910
1687424
17073598
16156003
25978882
48726797
76366828
97969869
11589165
71495663
105793884
101055514
104135748
114927590
57653831
56505908
63969728
116925690
57251599
95154107
73118488
96038045
64769320
87277468
19541285
5937866
1401907
74163628
53630917
84708447
32540605
96328907
103422173
96060432
67502805
46819014
37137632
4871165
1079615
38247282
86169916
118579925
43401682
56533470
50957862
59538142
118064309
87625622
52710832
80023555
30384787
104651021
85400390
67735083
85875560
73091287
71116950
44407091
41623023
85015641
108999905
64193804
37729732
56603159
58922800
62631640
45739399
7793980
46414879
10213320
113655600
29636446
67622063
111577171
66182791
82142241
6827310
46944384
66144465
66869812
3526794
90363334
27679090
12309103
115428134
41468469
31468264
113814940
63120817
96239220
56189539
52396746
14174633
102811722
10863760
51128820
16216761
44429708
12948380
16778433
70304888
2078429
91167286
104289823
113653490
19238407
24901406
58767499
43417590
94591131
48094351
110027692
102648831
105020622
108554469
1613194
106061282
54039045
66529031
10724071
90968216
81091447
41532986
81855814
86594961
94147682
38180440
8341958
101838451
19773581
53324778
84825065
16138570
71928879
88292047
54885991
103534448
58023905
19576778
61103528
110752301
61883730
10376853
109939266
7862970
54515424
62797794
104240841
90784460
113151214
88001086
9112402
113306487
75098934
43675374
78253003
1212861
27310489
82730811
17013386
3635011
100205900
5436648
88966210
96108062
30268142
35309213
51334549
66081605
76503049
50726675
9716665
62924390
83575060
47141472
22432130
82540965
68456581
25143384
90575687
118654728
12902152
84247029
35053483
73886073
25268515
4425822
103009476
32579108
101334912
20480368
33478802
4097838
93978507
53656997
53677142
82996538
77616165
607874
65268570
22482289
94865246
81385194
49395890
1034095
106398522
6192375
110775278
68611853
12241232
15232288
83601245
57826079
58978514
39531291
89686598
1593037
21900911
91432738
117910307
106140704
45311862
107535436
78134326
10981969
94850833
61972898
26631598
64037506
24552628
102693377
100800030
93831151
102700303
43203514
17972447
37786668
112761144
104446620
112724239
73225154
75063774
52973584
86949482
66289107
17630379
7157490
2492731
43473838
55024506
10374871
28006377
34329893
12684603
25065058
112064002
39716957
37420270
42748222
90951107
58435108
8896704
57596515
84762334
64913634
58156001
32335828
52776060
48439620
38286476
59750655
105085673
8774667
35343204
88695621
72700006
92966542
70942985
1021490
15467461
20694613
116500269
11844949
49979522
100681277
106454789
69315780
76479481
106698793
42755148
33354591
92482775
62793070
8344144
61330136
21041204
18620011
2952982
111835405
62163948
29511809
33311081
16390051
63788291
70090293
26656266
80582146
86402711
50248372
3331222
3622511
98428722
15818992
24200161
99473743
33105426
8659626
35464262
43124889
14216018
98772078
33914077
40056269
50655496
108534133
58377154
36919430
75266064
101154804
87427954
45773896
93437148
82030788
117447416
110919776
111401213
95217894
77250924
82780199
79533281
106322231
107135981
117764980
101523567
24444165
72913111
117694167
113253609
64405814
18114442
101873380
48116582
44189945
100489116
13736066
42171699
84935981
77205106
38395798
7717655
5397166
56040111
110231003
98343206
31133152
33668851
28621014
24588243
98642324
103357849
80578302
4798664
82691815
53755499
111543030
30000557
17410926
108483355
11380229
16289232
92734498
1384264
34380516
10921876
24456765
64244590
3775901
77218325
80711570
110069318
25200283
25863961
33810589
76562152
69722192
6544909
53836528
52976795
71723571
102747290
20666034
35726433
12065634
61594888
36344572
11963305
18620328
10025324
15748857
9995965
100718716
90716252
104641130
97849557
7145975
66048440
111246651
21420214
60921672
54847609
85162359
67448132
74951770
27265680
31629254
25649026
62534968
78802868
41214391
35997138
90681656
77881147
118191862
9005959
42974559
35222878
5118077
8624363
28116609
43842606
33068466
2869159
92473907
47496319
114316537
104535762
14030398
56399041
63971486
112283541
107609470
57896679
44722508
58206373
83540712
71636386
103244636
26537830
115834843
82143245
45518907
81675696
34906587
91872614
12791512
43253826
7106269
80085472
103269528
34151079
79082330
113285777
16266253
106748146
33465921
57917495
40564276
20556857
67599572
14978437
67561033
58306727
93165967
100799752
73771738
65906512
74611544
21101390
108732554
43062777
47236658
72456294
77787814
556391
93669975
51516041
67697928
100668820
9906771
117697382
17884826
91144185
79819856
77158759
66183870
12909064
118031554
34489469
80709455
18196475
40622470
94474912
103344989
36163085
26188208
61573978
75983958
40452397
92674733
36276260
92988593
55583896
106499950
26271773
60572094
111811155
41609269
68810547
82783994
46476217
37877526
59536068
24960315
66910792
86840835
40598031
59913240
99835079
2770628
105044544
42565116
4459385
68286703
41771011
78989128
113449442
87709245
39707698
75177434
45994467
57489941
66716820
113821803
113498795
103472505
110571547
29027161
4036682
39836651
32151556
30419531
98680365
100408863
112075915
6997552
114719387
37827402
73678697
57269963
117121244
36757840
794105
44280258
82550892
81775397
48185060
47175638
41714778
109931387
8460614
50982664
62801147
90957946
12153886
84471634
108339452
79638526
5779234
92427152
59966287
59456324
46057247
91682813
104499477
74248513
61032486
57449424
39516159
36920856
65379488
72840986
81920579
46732339
4998828
44278884
40060618
65967303
47618653
118445745
47130240
36312669
47732408
106043143
101428494
51325361
87596030
15912300
19672238
74036541
55273535
87093475
73766847
90618735
39553957
55953683
34732354
24111629
110879937
94388803
82713908
18647149
76745788
46545325
15575350
66745155
5563860
49328504
18837063
11305984
70713336
68800728
62597806
115217048
18447113
94419824
31653122
13559488
88352396
60292394
269694
83464801
56443148
17813164
64790011
24345957
63883747
68057181
60207722
101136418
17643015
36168582
11975428
18904263
49885095
93960477
47908092
113067877
97425169
77749966
76421809
74306289
50353614
86987983
92467556
13791255
14971057
99074359
13289794
4887595
3849245
110170161
27578420
32097191
81643047
115542830
82948236
90460960
50414166
24039140
89160989
7642382
113997118
45728582
98709801
55627218
115345309
88968127
45549698
32022510
36299981
108243827
109552364
36562359
80920555
112203197
501460
10083462
95225114
30833264
105022806
99465685
37430743
30845590
76862586
109992088
74032294
58909096
10203601
51675414
37755652
43432407
36646211
58369900
58096904
9741674
10077520
92226429
61571776
65019502
41280147
118547623
27323271
6252796
44964529
70837093
16978083
97381827
32774286
4663058
2306151
74177216
22603099
46248656
84526927
17953490
99788487
22356879
30057073
85581195
23932833
98195753
113049133
26904537
57196010
93584106
75883529
72771648
50946282
61834154
37696231
43930980
82486724
84199809
108084714
75296333
38062807
12315025
103979306
77407071
100869960
74867495
117363919
13553239
74173800
62170048
115610047
14207292
7327676
50671321
100245692
115838296
49903373
28368657
78734639
103234362
42637824
14049375
43979047
15918931
107061061
81210053
54656267
16094021
46137002
95769689
99030658
88369366
30255066
29111810
87756783
96220350
9597325
55193871
16753193
59966508
63746001
64938726
41675230
10299381
9671577
80780665
46007287
74382642
104540833
64685264
68158945
35622523
34701945
81578995
80072665
99870670
43976681
77696579
44776994
85481266
65514623
69918847
612583
61748346
28418115
32562911
88370787
77344447
110257871
70624467
18291278
62350250
64170779
79704566
92005725
63002566
95049833
100132023
6223697
77821940
38886949
105389950
74359859
62544906
46505944
2376085
55093676
77305415
12181956
93668147
84868683
12669906
41500732
95763303
101091190
78787299
41115041
17746320
59053169
56811250
6453688
57396713
98058156
10071842
103464734
777331
56778869
26131522
61245074
28547377
3462081
104055674
58884006
80887403
7451230
88010530
109004130
89139159
1340362
8415680
61071045
107915381
39292347
90427064
63551891
83344870
19734129
103113792
11292631
1656456
86466725
5285476
72741980
97280825
81006604
86236841
58342258
37135122
22669441
84903030
88473372
50288309
105508074
89683477
90693274
46025701
95573797
109492080
28068114
21138612
87933333
89453982
53267119
83661108
70692934
79248100
72052238
26981303
25550697
14910785
47724477
107995901
51992503
114218769
47842196
52775112
63567400
101152859
67471750
100094763
98204957
7693525
78405035
68386003
3013309
100011195
17957587
74435185
21558746
66327762
95585124
13175855
27664678
92829020
11608870
52615261
62601033
66045083
98066826
36364797
90631913
61219339
69057334
8121021
59554999
65499338
104113362
82282638
2947902
68681855
21689727
38722584
4680216
106107471
59332045
47388125
78452449
70439826
106563692
17286521
47566714
2756104
10470615
93859417
39131616
64373788
73358436
26236236
103126800
45751117
95021093
91414522
10567970
3557996
22817659
96082361
62551436
44335137
69496541
91938949
64001639
43295887
107104169
76102091
27655022
107702220
68538064
70069557
31776741
112711218
15719536
72517298
82434488
64906828
29404611
12895380
88960618
27607318
58928774
11712278
44086777
91463097
77500493
33295609
68720190
97292523
35489450
98326118
108047129
26200653
112548410
106709548
24544495
118211950
16467657
76395465
84829109
83540477
63253651
86973074
30276729
69622709
43112686
69539108
103659840
1797293
81680237
77248340
111234172
95179307
61925416
10791168
22742907
99017971
6709789
98107703
116959024
9288797
104587709
1337581
1656158
3240090
99145521
66959031
42286471
60640810
22045444
6759664
53263748
2534571
43860388
79547622
93676500
50219023
115572502
26411500
18276752
105310930
15322924
100443004
72436400
90621076
12985009
52348835
109772577
116230993
112329995
5715072
16536269
110251248
29905690
53507128
79763620
38504711
53817216
44430436
7377062
28414503
81709277
101429757
27668072
2544994
82785120
76168630
31942271
10261572
11088575
36643749
41778160
52415479
96361625
28991195
108562129
15564017
58828841
112961135
108598354
10982376
94619383
81839142
30487628
110210980
8593541
44236814
31127648
34306343
81531160
33660936
746430
88067913
18644636
79213073
89412724
81427178
65080054
114108523
96197043
77483097
67995755
12786964
71566981
80797608
88972355
4504624
25775664
56750094
18341752
35662842
99304749
112122033
82149230
105060815
87986962
93097199
90419285
6370342
33559913
2366877
15016300
49246988
117465190
64931089
14133019
103017831
104040136
106406958
55016398
83410078
14819746
106008148
51528240
75965986
55021944
32222261
104972873
117826453
76255346
33933349
81227242
3147564
33038701
107862032
23545160
81616620
59537286
96956038
257672
112026556
3711688
68895212
35113969
23350988
88604583
26536061
56905063
29533688
100490842
67818251
31881838
66567390
50986204
19305979
89803114
64909122
74776916
79943154
45502840
82011411
894648
92175211
98412405
70232082
57228376
54302753
81358948
66320731
93244350
59076091
85816217
99170700
108004259
8577907
94159556
59070895
53758850
107896812
116461850
33923452
16832047
21479489
104477907
113790713
72242694
9859960
28309911
1669134
79048506
72137630
102409007
58376196
43850464
53013282
107683135
109717646
79868404
31186487
108218145
112883650
78785462
77238309
13914774
48933364
82532688
105072745
70322676
19835398
99968395
103885991
57159175
30754965
68046796
94617947
85480801
79477189
49621455
74982282
18070128
29575939
37190796
49395724
69503062
61846449
100858509
85400278
1499501
85794754
80114655
30979835
107872506
29852098
3609251
27652030
97420689
62697290
14007980
94150316
81486223
78117059
35839194
81351229
64084165
116283238
53900122
10498519
61407061
20045515
46695116
87484405
87786508
94154348
76250846
111816414
60346947
23967385
5285623
98233297
105635879
50262557
36274214
80220476
60145040
68625591
22547680
3270373
100021068
54700921
67214751
9038624
22936524
38365957
36354736
53585645
54876177
33854607
91517034
101636287
59972638
71350769
11233559
94780095
42711030
61187091
106530791
89827281
37141507
82736697
70862712
25415402
117831147
95362254
57672796
56874667
87414524
86656759
63769252
99886073
40668027
37752424
91493889
97064510
102299781
2500129
80878612
80953521
92691970
20166265
99306358
92906174
37543368
77760099
107059304
80597380
24045584
32697724
27868199
20629734
83715550
94310459
86552607
60956480
7947729
98729668
111915416
106338452
54892362
34920458
8392184
71317148
54262643
88993759
16185898
30249890
37521790
69615976
109360794
8689426
110336528
21546259
104656870
84659619
53714515
83265210
61632811
12319479
67792175
52367740
52887128
31662700
95266360
115536570
67851065
29322908
43837305
85898587
97946267
111288845
99467816
47112056
64034880
32916383
60375599
65379922
48602727
37735994
86993079
87814535
22842556
34580538
86641745
30295290
23026808
50298665
15473035
9265070
78242352
45033104
84815011
65064189
82621636
74847081
71699264
109666108
50186642
60262091
105240772
59737841
47253965
75455063
105546458
117464958
103123656
31543234
106100474
79598193
14893438
61316171
1172790
1450896
11553730
36343079
23725885
22665368
99769944
89249931
52163690
22081792
90125099
18871560
112174926
100669159
24660439
20340803
4425336
118162431
13008125
38689339
73001384
57502638
91141407
82906853
20268114
32429093
25553426
44784303
87329033
13442542
58666071
83639711
105438641
116601993
64286766
53285955
89311679
77688152
8028462
42195760
37620497
117169571
113021121
91834122
96243823
34211639
7332678
93449627
45161047
83219118
66357933
117808162
37234523
67615944
66257057
103197442
72813690
12110884
113831863
3689322
35717531
69777709
19352945
52152686
27290314
114312245
54161122
47115919
48971284
9668892
56888269
64596376
20925748
87713112
84501444
11697825
107860593
51827190
27091694
55066516
54888225
7645618
60454735
61750712
3705884
54146172
117079210
69124368
95203354
44054154
103146377
111278476
42487395
32754331
116801565
107888026
65340960
44492230
117941280
103184909
116456775
87985158
107808562
18131552
98662520
41577884
103416132
61697707
5842595
28349706
113421782
111947514
3939734
6308562
72385132
53391516
77752819
73025056
93691622
111638509
10470389
70392046
113286912
62313000
86223372
72309335
108756746
89869682
55749085
29956122
4279977
107228853
117036268
66230678
33525421
36964813
35735288
83970056
75989556
12705082
24409971
116016849
48466011
78261849
47365744
8263706
87413525
84924311
71458297
23299576
7255227
66967390
102978675
40977577
81269884
5257320
25463879
78800624
85589705
76233863
31729855
56859299
73703431
88975085
30495390
77268996
88688888
31933836
59560084
87686337
91952702
73861753
68651105
49105935
109658324
81251433
55615409
64113949
86572714
4490907
39130902
85087651
113411136
106624985
24417327
2469260
38477616
76943647
55974399
37634035
2530432
70468401
35267539
5338065
9189826
7465184
17708912
1002551
67694765
104508332
19035232
42846766
91917060
106209673
112300527
54448005
3582349
60028132
24983047
1485063
18793402
60219548
69573953
1035505
77050999
75187311
74208492
9747210
74413215
104315999
11270126
116002368
70182204
27802355
115342784
8187275
67484050
32010581
109680950
24847998
21494902
40539190
58259870
37469055
102627324
61176025
29464957
2097285
41234730
92477130
59624741
26661527
101978550
3290272
45637013
76207418
774096
88702494
7380714
86124478
43037424
102277771
9563214
61994929
88031936
83332203
26219956
42636051
19419309
69141760
94301759
102835848
56721867
115893846
16907727
109433668
19941295
64701458
61282545
23476833
109308581
65238099
99834514
34674761
2516175
84648150
77730334
33459619
45665070
23912944
76561264
99852496
23149465
53944642
44678602
45395885
63912894
84791827
67144293
35393462
12419893
97217913
94831750
75001829
104856181
79919900
48151123
115274463
74202877
4948076
42452319
74633820
62721923
15186364
84658058
87866557
38983080
53817390
84611986
73526204
9667109
31520252
64077524
96563581
108841749
87600406
97061592
37423062
72371934
97640011
59371712
56228064
1265362
23815480
26850706
108391719
5717023
52106676
72822143
8472687
61036154
27265955
108785762
93665367
103916915
39744298
12158200
93170506
53053911
53091734
9448680
40817159
50392134
95287119
118311989
71418687
15228471
8325211
96861350
25047500
105278279
44459862
29377358
11683643
27002087
102457661
35569576
6147965
109880523
45556188
18496926
95084417
51062670
77945094
81507167
10746409
114404018
86780097
83721826
12236752
2699600
41875192
41315170
97783448
80058647
109986778
93367337
117894602
30760563
61305118
114480143
93594635
26361405
54633328
94924068
20854121
1480767
108823388
115364670
23699736
3397148
59361833
13577250
49219891
91254706
3630700
45834584
102167266
84080496
50750263
98635212
23726153
80626546
59042023
13319740
89877676
88129844
32062219
12318089
55975929
43847342
68750445
7574197
5507284
62056190
113814311
33203082
96591032
114329870
56002837
19026115
72987257
86917127
9946550
12288937
116801071
38360204
113894321
12435684
69257973
97837348
39593189
19310043
109558871
89722180
100067522
86463216
32153915
115928508
71281275
57305362
47243688
15597884
12569887
100017833
84275159
118294441
96010245
86468547
50246243
87895711
9079565
69601950
97829687
99299977
17204617
113269017
96815862
24960603
91652496
49947930
107088478
77584640
38052522
31999284
66471894
111852645
24085571
93658554
77588449
55683391
44735475
74939486
50132726
21989076
4007587
116616613
76951828
8114534
86292612
99454294
117779654
37493219
61300963
112274301
2484114
111054015
21616521
46867932
36682125
22971486
11895408
75089194
11112745
53913508
16817343
91623341
34264195
87212181
57826709
11552593
14454294
31650028
70931899
61229744
72750879
114703054
39227631
96307535
18048511
57703023
47056961
5505353
35009104
69056949
90657780
83329813
74371889
7548665
43876154
80402932
11858740
76791901
67175480
47203035
19649312
48415163
42700261
31615232
81661516
35080311
59430695
72034551
77709150
83942476
22002113
95253344
105558173
109238239
58154204
12543158
31597548
105713643
42561203
70489292
113495060
92012745
48357288
2872587
114499925
85894254
22131082
92369336
66046218
18760317
13406404
115747711
94467278
16523580
99898168
9626965
76181161
103201850
58936067
110169437
106097934
40477505
46002770
93015015
86544320
80154192
97695585
79918257
111028583
69358459
31035634
716102
96322821
81273035
99551506
31034219
28751666
3370765
78962932
78012138
52006670
5786453
15849542
93743942
59152420
115506319
78404529
84821725
6007546
18458562
73070297
13082919
81646816
84658578
114129430
15529693
87935610
28337126
48882623
406110
100749269
68572600
19974597
65288601
61424999
105084371
70881288
78453158
79077726
82080108
62162596
77072728
65444034
19153224
15339413
93140695
118402403
59945967
20655058
111734628
64525377
107221719
26667119
66117122
5626598
94695934
85457071
87529500
55301488
99120024
108145143
35460667
16051231
42603857
113217314
110685471
26006645
116514811
16290562
2004997
25539704
43009372
70636945
91113340
28464451
83107077
81389267
6667775
114230591
41146970
93971138
117218255
101595121
50781186
108373682
36907099
39394445
114050678
107097987
19840821
91972423
65541286
49956984
24175760
16597212
5606133
94394909
32905277
99878737
100994821
59081683
53236365
14544920
106339868
18627703
21796676
87686487
49145927
40410268
5915965
58361850
43189952
17748203
64688021
11386741
113133004
57522743
28457254
30981885
41556701
88693837
67796662
57847703
44350851
57494482
102501936
33441027
2303717
101537225
46642372
86449901
71551816
43512292
1651874
27557011
88291777
109100039
90674152
109594078
116030317
106977763
112483829
31803211
32328830
16068908
110643117
91054749
15966041
67477048
90898854
111422629
44342986
10302180
74155768
19813454
64094395
9868341
114512286
34663817
29985409
3130080
93701656
52898435
74030516
20265466
55692860
97507700
111879723
111410020
6013878
93130736
83552563
96414921
48873724
68987712
9006497
52069699
155895
23353413
23134062
80596674
46170490
33433161
73921416
64287427
33014799
29430577
107596563
111382206
68675792
104800605
47909565
82339820
116015576
104236447
27195744
71996471
100397451
27652617
27857457
28408958
44257011
23468481
96312054
5707655
68831817
104463084
28935637
47272852
104896554
108510901
6675258
100693064
418362
53394468
84404495
49346224
79564786
2795958
63472641
114049603
107595030
71386749
55144075
44019105
3838995
118353128
44139014
80892123
111109236
13292606
50906905
47452986
73446665
752599
95582018
30462595
118376531
39234737
40597594
13107120
116996169
80994420
25192198
78785768
92639683
81608537
104683584
93228814
22914559
989522
58905527
63575925
76451383
55600948
8783721
50660503
16147522
30846408
29985217
63656250
67559572
50154306
70680969
51887700
10089699
56347281
108675002
114173041
49952198
78413174
106724922
38210401
116068368
62393662
92912185
118220869
67597608
112597692
34323287
78148635
43348139
12208209
63695834
25790880
48357056
96747314
20675286
71301273
91000467
98640912
1878911
15671872
48968237
14333687
62022699
14726658
15298713
39165457
7448119
11741797
81154807
53234890
64108217
116657500
3699683
108028123
92801212
108258974
69249553
31018707
23356431
26460889
82661154
85758521
5115594
95865784
5746847
49748004
78325992
84232225
49672675
106355224
72459174
43145208
7938604
31760871
7278539
3556915
76820651
81926859
66443581
83307308
49535207
83793724
32759917
23154340
38778570
61782505
93806173
51692293
67167554
56407911
21345295
114509001
88915304
83081220
17539792
49228253
75329
99684398
11773051
15431097
98416620
49601932
35866669
13285319
73750221
53065311
55923335
112323344
41295282
110363488
59451020
35284497
45015154
89787413
57061797
114799908
3518581
37398262
39250628
71468553
95206238
57074076
105872839
48590681
83005891
45569024
37455202
112357863
1267778
89884749
98374429
94034931
94661712
110514989
76171985
89140507
20673658
64369848
61775954
6010785
65348334
88473608
105936330
57928877
95172462
19663535
75549280
50860028
69905655
100986553
93309345
46615557
101781815
60303815
11135479
89458029
53204876
75284083
13983434
26042848
114033038
115573071
17862946
5521205
89841330
11802137
36268183
14662873
7925144
101015977
27788086
16323087
112111146
95176425
101189598
44312434
68567880
102276358
85264314
23290098
8108367
33005530
44383708
12323786
16002569
54661396
84378225
36065657
80061046
26123994
8179902
108511833
25731740
14964439
96966652
84082087
12780623
54062207
105684788
110412058
107714831
60325291
33943490
67798712
26608545
7816870
86761750
45277782
94167990
52258784
106620021
4688211
25906591
108532312
55659191
98746912
102313981
58254231
27885755
90359214
392253
2119093
20448810
69363284
2183816
42904445
97207300
21178566
74061007
54263126
85372198
39916119
33716746
26126620
108750593
100140764
41362510
43406596
66371391
98383409
26352193
116897710
67839021
54873309
15121961
116214961
70861157
11954766
66765608
34670291
78814034
58742600
118745278
96354366
90965984
99815251
96557069
51847804
63519999
43048518
20546380
59245578
58879157
61289613
112477740
65343997
42673002
61789102
25958032
77187312
30544388
99192515
101775748
79337691
102822153
12070825
58352983
45094496
51950733
8023007
43638644
110173298
95490247
18930027
118607298
48021810
45198882
62412181
31301424
4274421
102979362
86970397
65577838
2438790
27520241
59592268
48289594
84295691
31244714
45575518
103125195
78920328
5273992
89704923
29888338
57727657
78930092
59233605
1455852
69491066
40246391
24708616
110376001
47468436
101444776
65098747
16720386
40924461
78242820
72044657
66410213
109444202
68353786
14889200
72959196
62034551
28347553
2714076
108884127
80038017
49205156
13420271
57935620
66356336
19678461
98368363
56271805
18342656
18987214
104460866
77925066
111587956
42073841
54180883
30748050
69423945
114569558
72389360
102227878
96512249
12594501
51521013
36485005
6319235
114255278
79148750
80864055
67119537
72318920
95463855
31006027
110562451
2645440
87280887
10084531
10239434
79381149
79524569
59227591
35112889
71290655
32647812
80839906
91459896
67324956
86072321
94909698
18057309
68698489
50706865
60027243
15178895
56075736
76146256
44265181
56039371
15733460
104210200
36113509
89470100
101722045
71438771
100477920
1309636
7899738
58273592
69821844
53171890
17137544
35483409
73082984
98640760
93036487
3671215
5453828
49267646
26277462
44202832
85743697
62423223
3534759
111594618
89723715
8939995
69316426
58864982
19925861
53976991
11391785
92388369
107802180
109316039
63539033
51107958
50297793
82441478
50039678
43242065
98898907
37306785
61256922
78315399
102090561
52672471
105107384
80060997
91237580
91567869
49571703
101862709
91509509
3498394
42278192
30858733
116727764
15339435
56376826
46347493
73888441
20885747
37752966
56694222
67921876
99907555
9971909
15959358
111256202
12732893
100795143
29487138
62929854
17488081
100921646
22029564
89148521
13539514
39392924
108184872
58360
54976938
59584517
69554406
5580631
26938757
93291907
70380271
69164624
44394709
17498156
17194219
80677502
56655412
55625943
51962518
116364984
116049017
33974215
90672693
68613040
92210692
56279123
49803920
47149561
87382131
110350271
99773650
22384784
112129616
57503985
58217584
49396307
32645759
95072500
62913990
85487764
57800828
61785745
51970405
91430837
88556375
89281907
28714984
68004058
58386927
26891932
34595921
56339607
60573524
43297200
27712750
45061131
87706993
58263649
75089541
73900977
7124285
42269665
91880831
62733309
24858225
81955085
105292318
74871626
46175301
10031875
33517358
85179992
92039370
90402129
71619483
29455947
39798610
1823052
33408137
10950950
94032039
202351
28626857
15512393
74400208
88259101
97685220
22709646
60042994
32819876
100830147
63200977
17411440
9925745
85154622
77700230
35779784
104164072
50257898
88708940
36802506
61925230
22464139
71487053
59507149
69796431
114857810
28847660
35504644
42109416
101134094
78519645
44612144
59177756
45540804
51690562
37119737
64865344
40689500
5745647
15408436
90904401
105759986
67424841
101859592
99800550
27442332
74784474
76265196
107142669
66244801
84125453
11321710
80381339
84342874
30659489
34291787
72748394
46523567
84698629
116307273
50859967
41882471
1825212
30961649
99485460
11001062
31374089
58360538
68595099
27699292
75697226
116758440
5959435
39982509
27075118
32438984
39109664
17443303
110949744
104724588
113577093
8686209
99472222
46089552
11594480
102945923
77306788
84154751
4567229
42816158
4575690
19898318
70110642
109634151
118397561
50028552
70119593
12578427
110376943
79550290
21739857
35714717
98586952
101234082
872845
18535445
49202871
62098706
31579840
102263534
5252366
67487541
5995359
5429928
87592764
55153359
107282324
43394260
79579061
103478912
100419147
22655170
29214388
28985720
39514557
114722764
58461609
118282934
109648571
74662226
99773339
48219405
34841872
88955137
52031211
66487769
114669235
65749337
56846340
82902300
105171805
8726068
107608408
69652001
25861235
53102134
94384299
3803411
61785114
56923890
83168154
80337057
101950614
33301625
89334111
48945254
5074193
111513014
18509594
70332795
48723984
19721832
114998195
96067733
101999532
113995505
9641429
31766935
79387533
57023902
94103893
35519804
110578463
54506274
94077702
22057824
110127020
46364039
39445258
109161688
73783277
49866529
109812946
61908989
28227432
105534728
39339290
62455028
62789029
7691392
74144601
80369882
45435931
9906320
86426304
70232597
34607971
80331158
56473043
43867729
74159069
48501249
69155732
88520639
72092884
56617293
101422567
965332
91390762
108388729
8252372
20777918
30542727
13181848
22569699
93486034
42745699
40551528
116024058
110132778
81065462
64238281
112753579
102916965
103011979
14998775
13759553
109550243
15075719
16875424
102425628
104448431
104121995
12538439
114811703
71127552
92940162
111843838
1616590
70612844
86749632
113880525
117018219
55866694
98149780
109731802
105175607
51422921
78296067
51785776
116189200
105862128
88939933
106658433
89157411
2365366
8826686
115694130
7124615
29437289
40467060
98790819
117350358
32994443
47311908
2967865
69510962
22327317
25094206
15449696
72404626
39786568
24634375
16190047
78404717
46726858
40339365
53389831
62947352
91243940
90559474
18434397
16704716
95478196
106735377
101176912
114050752
98199398
75227070
27143797
39800561
7472617
60382541
114382493
91197111
24984590
96683659
62964896
77636322
113021269
109625322
65118209
80191851
96717517
94660682
33918516
111493137
67905426
81640357
44512955
74539223
3984908
30509021
43241435
100237445
8535978
25949842
86906955
58398837
67754453
94474887
44228069
43989136
35397950
26602464
28232215
75061899
102472391
72149575
12518113
41733048
21811434
89267527
46273335
112938011
35658886
71088160
66980182
2269833
86559079
14003934
40201418
22557464
21973042
17291592
13330489
77850772
77005390
1335698
14170768
23765316
59076936
26529235
24660551
88049682
42940074
74892640
62543785
69642973
59241771
50964217
114269714
27683424
62512271
102898806
45957828
33389053
103339081
52976248
89782045
64001615
110840892
22909826
18130604
71835901
59096203
20898421
63680004
62143704
61068763
115355164
8008395
98740885
102399162
68577912
25505897
101010732
24554499
20483198
74183260
31558346
107261946
20274538
109439227
29123218
118369725
1885210
71320638
39337466
60945357
75775849
54774641
47908621
82623624
116042184
17059526
5856129
87543289
67134841
54135309
90041509
21859632
58240484
73234988
1388430
52927042
13926328
35731102
1899783
32031253
53908722
49832750
87042358
20714813
116457647
85516211
79032259
59749854
4448419
112276456
21940365
111962226
57542457
39752725
76767495
37402525
68734686
70530821
116311781
54178839
4798455
16806521
20471202
14217071
59308659
93370959
51027259
100705076
100632381
70877033
72702526
33193908
61088734
10429777
69396185
65611423
81067792
94469434
37809488
11296193
54733998
109901271
44098361
20139932
89828040
6236674
39900745
14555846
74635996
108408890
42611267
109391384
76307862
54813874
81999813
77413584
111548579
107863857
36906180
67438472
18691929
71176379
91511354
4380941
48171986
102640381
27801934
78675228
39735436
46718218
94911463
34594066
20073231
46765317
99049187
84175823
50410679
59205486
90754580
92958242
32101027
115511024
27391571
7797908
62075296
101849587
49411033
44110106
89171928
93443432
103640749
23214617
23004393
116584604
95389008
97210388
62904945
99893717
111477396
5141369
26644986
48146145
54354880
63611039
115164639
39843701
112231244
85166067
36008089
102957186
65566671
24303119
53435728
53255615
77196876
26868819
12677659
83681232
68182988
74860940
70439039
105866146
46635610
53507635
53679658
114305291
113446623
66667206
82152361
63331251
69596490
90747578
60695137
23414809
70189795
38902202
3835612
18177688
19599396
11704970
49521458
21214685
74819874
35470539
40577956
2419274
77495832
56626719
13242192
81126843
28225330
16931404
61090117
60043950
67774643
114726083
41056560
50115372
115880716
110214783
2636114
55085311
20557783
30696565
19579197
60915737
19302805
1034272
87466231
7288341
64598727
22954549
99446730
72400600
85688338
102761238
116890712
115178989
28401389
5214418
28940356
95895011
76870391
65174035
18987389
17659271
117655368
49651778
47479258
69699035
98560630
99653180
44409744
78452046
11393759
18544925
101163137
12014464
55245546
73415312
35555242
1101757
64979842
115495493
83223518
89319349
83263478
1769923
95142263
51316379
47154028
82576322
85811251
59211120
75232298
88145612
88990014
56859963
78804778
75539709
25289290
20108584
97163050
25864819
105002540
118189296
91013010
36651455
104172853
63047419
17339100
47773380
36688239
94470493
41135644
90357225
3080716
31947099
73425896
12565941
93218759
115656539
16247654
116475640
89031106
18372335
18244464
22353935
31570672
58696194
97186659
8328101
42819675
97783755
53661810
68351084
22920072
36869221
19312355
56399473
26359179
41678607
15541365
74044645
100293407
18092175
25834959
109324775
57538341
76579358
115128288
104456750
26625432
116685320
107134806
66677171
114515293
78358270
52880907
23242571
24780149
8306534
73476291
93278591
74863683
25696219
49038729
94234230
10510041
105347379
49761738
80028165
60195201
6352820
57113315
109778633
79363835
68065602
3100117
80795222
49953925
117252969
116131945
87661892
11073656
28776535
22699894
91272722
62481751
44574373
77479911
50311559
52252852
56683702
44239862
108343084
15186178
71404981
44472492
58195507
45152178
52312548
31818480
69226569
45798985
107857714
115582146
7472243
27015307
4657148
83473278
90005664
115082943
96259039
64961998
38610935
85104785
105839152
22696441
21073822
111131522
29699839
6071696
71623399
41497524
100548512
63870592
75800672
26252803
1063574
35280657
103639240
15417192
42770767
81358054
47230372
89746037
1018626
42808966
55819644
8384206
106024239
25043665
76472007
20057884
86836477
24818124
72934593
113517631
1900232
15002125
48411753
107012316
33236815
7752807
93410483
74295709
71710648
49423645
50327194
104456382
111319891
31184816
95900451
80738361
80339427
4421405
33926393
111444421
55594728
30775978
50722200
94869985
65920819
60557513
74836921
92128847
22917892
57932468
74009508
22601547
100575311
40658946
22505463
86654736
63755790
52890468
32872145
86064266
56913755
28046008
17459561
39485160
69655389
91479046
55715598
96608637
67636678
3150414
60722221
88438373
92568790
117878318
28936694
92601972
37639620
16904453
27022969
9219975
85070787
42254192
96084
22824205
95713157
97328626
53782591
96501524
114786714
4826137
68604705
26332225
77200619
53694146
111483193
100760383
32745997
52565183
35886416
106911936
38295255
70557534
59501679
118776819
80238697
20935870
74482633
28419645
50643667
112482408
9123891
71150212
65351036
30481089
87851615
118021633
101351913
57860083
27896819
97358119
46435519
23814189
33659033
104153867
20948148
58918009
64873966
53547692
14269928
93042513
47410256
47232067
109128837
47469439
53197816
51819052
89102204
80810225
19295753
107207085
47131372
106356433
102108598
66139403
56842807
38895161
90124814
3993794
11424564
12986259
63699086
61091652
11769671
93551024
48183531
95114087
53551711
90641454
15041066
85847862
102723677
118750818
2937881
57309785
77177235
91197591
32523299
109608750
33678853
40652951
5098487
108705600
49513626
72117067
103728220
52849013
36374227
86042185
68008339
69142913
10120218
88958062
21811751
35465585
48902943
85255708
88976651
86513849
106727778
15100248
91813611
45413892
50477213
39453920
24786486
95282116
57518738
773978
104510263
52686884
42954
60695051
4977380
115474614
35742840
17686035
112554305
94944945
84825596
97860277
47331161
93464634
48958749
55366044
65298935
81199095
97337931
82780032
3603868
61313886
92336666
52359691
20627406
74005097
109648813
32916138
109581854
4831854
9634653
43815212
47709504
3378341
24952211
115004976
2920309
68511526
51670439
23597657
47613783
110170963
48901528
868747
28165699
86569655
85741744
110232533
86498857
36024045
109253367
70054178
40686480
18331569
70424509
115424899
83233244
104816958
32185114
74670272
75932351
6256312
18863001
60418159
458031
84154316
63334536
107036283
29801372
60309477
93506130
55648666
90908893
90045504
33937003
36743167
8974428
49717699
9882796
16444679
4241195
99825428
118439670
52975212
53908326
93321181
83239784
17466601
37788237
25928802
55807271
15514192
14701911
62422316
115893623
12231749
54352943
3025059
13530153
101866337
97114215
12364255
21711663
54165726
81071076
111932935
35764000
1433379
45476504
28867369
16815010
70075984
45917102
34022118
88545428
36441724
55532944
66214612
89372961
22274044
11226891
112194956
27334200
2470161
16973002
112868564
117511597
80200237
33624475
10069527
89058304
51852118
59006810
28588729
18401726
79637697
66456430
6896631
103428370
103114151
110663898
101602892
109244186
9475377
106202805
31234446
74782394
42162530
54987721
104891635
3843474
8756729
104125584
