#N=3800
1004182
3650030
620285
4574268
4868081
5694674
10785998
9402969
10959913
2461577
5982871
1750453
11981751
3423001
2204661
7019848
11900752
5102550
6721030
361758
8630370
2722299
14248493
6083258
4068418
2501036
4839034
9837291
7509383
11012592
5901658
6793414
13221950
5289111
8228271
5828612
9174761
4247920
3420098
5132959
843325
2559869
13985793
4961903
1885749
11542111
10662318
11538994
6835680
3998730
10916765
12910611
13093882
11747457
1244224
4594627
9431654
4189942
14299132
11079469
12230643
612547
13005144
7393338
6477849
14343850
12772013
4041802
13768095
860229
5587166
6244922
11037620
12807182
8739585
4786755
629930
6663588
10985729
4288569
1268348
13609309
11666387
4422754
12679303
7417782
4735495
8715685
6399300
13686585
12514326
760804
4498198
9024793
4984824
2436047
575755
11911784
8818136
3446671
4262609
3143484
11945338
2174364
8100751
2075997
4164526
10781362
1318739
11816421
2985682
11285594
11293505
4248604
14127260
3963618
1018482
1412410
10641360
1561995
5111886
3489532
10215980
12425651
8449038
7513041
3981411
7492584
3572674
5674651
5941334
12451745
9482734
5792839
8373337
11759390
11120758
6788106
3719179
4473145
10886415
13177078
7521834
7329887
3230122
8638348
3685758
13896488
6664024
3075326
5786015
3049735
9480495
13066439
8444240
11319954
14303867
12746760
11914749
5560929
10631918
10511995
1907
8086844
5035581
1585231
8040211
6647613
6265191
905600
7314811
3556528
9946956
9246986
14007628
3773634
1974324
610432
4033972
13977789
8034832
3083076
9045496
8524041
9126072
10137480
13845205
8742937
12478342
11766254
1482521
12908573
1399913
12856677
10410133
12827969
5683540
7134610
9696302
2708662
1322144
12507826
3988901
6173322
7272662
13397196
10103162
12800035
2939100
950896
855792
9874290
8397004
13348016
9118837
10746635
8022638
12442451
7260416
9933269
6289840
13429345
2498440
3011945
7173137
3275523
13495167
13338377
1735965
11628477
13159762
9588823
5235164
955204
10510160
4836126
6381595
9152266
7867742
3428309
2917391
1947777
755453
8013869
5325378
7039886
3486219
8452869
2076109
4194570
7434829
3277895
2179707
9586417
14320279
8274760
1539557
1866690
178615
2510642
6393313
8128057
13518663
10762537
9013610
1357894
7331884
13316786
2158374
5919965
2672856
9343523
11062399
4079067
4527650
7236009
4963776
9655148
11381540
13238215
12378363
12288413
13761117
8344948
3970358
12453589
4019644
13468916
9913378
2414058
3431980
5994275
9477947
8084268
3430653
10136825
13639521
1411919
10643930
3178351
5221065
8957288
4815872
14189890
13555292
5236002
10294470
6165562
7640285
9456627
9840597
14396915
8318054
1307528
248802
864942
12903711
11969086
10036936
3919102
7376112
5711211
2563622
13781123
8884748
12382233
13932896
6384669
6554354
1686641
12802479
5471176
5765496
9943370
3895419
7389729
7959216
11201343
6688465
3606870
1138572
8533069
10071611
3376611
13207318
2719717
5268007
8984608
4592974
249223
11718980
3958489
7189963
544889
14288228
2500079
5827879
12246254
3945689
1083177
6284645
13222609
11939257
12815768
1984154
7134077
11064764
275845
5986270
12595397
3898759
8125461
5689250
7351894
8472103
4222710
8490242
942283
7629128
10997985
7499261
11174091
4110262
613382
9157010
2041973
12994391
668201
1885108
1086580
3583921
7908878
11238455
728679
12114503
1708309
11511307
12909368
6740586
12300809
2829645
6910364
10016858
11830040
13301653
7529820
11033582
7855757
7883022
10895038
2811222
2809378
12380580
2068288
2058992
4412308
10520365
7831309
11524280
8416231
4288126
13218742
6157874
9530146
3657373
9568635
5331223
13650498
10079723
10193721
12647451
5439606
8048712
2487037
796458
5445896
10010298
10502044
968033
997143
8877958
742934
750385
7968272
5987924
8667684
3251528
12467633
13906683
12745539
12621857
9197981
9561369
11029240
122422
370374
13928913
9577502
1003047
4640117
2145009
6083913
566647
2602816
6916740
657914
401361
9013154
1624086
225099
246758
909686
5118509
2446201
640243
3883791
9201002
4945990
14285777
632200
3184169
1592616
4999058
5114494
11540328
4984920
13807328
9288796
3355992
5282634
14436970
13982193
13607173
10272233
12564955
8267086
13473829
10539762
4689895
714400
5470090
8164056
10632943
1234718
7685200
10134254
4038014
4492300
1761820
12693161
10073143
8433175
415788
14138
5747166
12615032
11992428
4448193
5215326
3813800
6115461
88236
11780738
1263586
11238405
12388693
3577190
12759429
5069672
6889339
444957
4235371
478856
498689
7560204
13556400
4295932
1708353
8859158
3692145
8200872
5982504
2686009
12604256
12825211
11662473
7399706
4102127
12772733
1050589
6473062
775374
3289832
9755545
12126397
8842476
7319021
7051351
8237971
11197800
6410483
14386269
7038667
11725957
6566256
5851850
4697241
10967287
7947482
13240154
1006136
5960115
7597294
5463537
5204550
4646583
9253240
2272616
12069065
11997359
12200758
7081017
3088978
4810856
2436524
998544
10968005
10561221
640868
8291703
82632
5048026
3743511
1186817
7028715
5962469
12344369
1820587
9961151
12350867
5642860
9982600
755565
13314211
6573797
13295433
7017518
11695882
4511859
911547
4831880
3313401
4644492
12453933
8282852
2238803
357676
2676302
10478589
10032843
471690
9259315
8382810
12221043
3282449
1131627
10441318
10357002
10617727
10342051
11595301
6768650
13772303
12263633
2220191
9317916
8783574
2029470
2787501
1198458
10707056
6817947
9470550
12769189
12096257
1530049
6200214
4764833
12568111
11582774
12013533
2690648
1900365
7251183
12143225
7365448
4953901
10462767
13201701
14212577
11009749
9695168
471958
4454387
13843559
10554221
2453914
7585115
5762415
10409554
6167909
12377867
9161691
3864000
2492474
3254923
3401938
4980940
3114800
9877463
9682409
685849
910923
8974918
2297282
1680458
4527246
1104824
13893018
13870033
9664118
2478861
10291610
4357737
2000473
6258443
4791806
2407859
1417206
3748047
1247863
12667409
5808892
1830267
462061
7875034
140122
3887975
9738531
12792451
4890039
11070991
12828568
13670466
4447671
11555958
12590940
5097214
1804206
7337656
3578422
5306380
478388
14396667
9929431
9956113
4841237
1043759
1159996
13553297
8302655
9781096
12205348
8297358
1690144
6937586
12576503
12151172
13437936
13107541
14403884
5659574
6623320
11636110
11443025
13790458
9751752
5253284
11882292
6861325
6859267
13985256
9816950
4962276
9555429
8885672
4719616
1651440
3104604
1742399
1347949
10368796
8090952
5267761
10160856
3978973
3863150
9832462
12187288
7778362
6484221
13131274
8656550
3196362
1884358
6189741
12271666
13253926
12834018
8260535
11484376
12260491
4429827
931278
10606159
3827488
1704567
2977217
303490
3099307
4014947
6443688
207940
4111978
11768111
328393
6231686
10524789
3348241
9419514
9485312
13651359
7170415
2466809
5364697
3070432
3719223
14374630
12133050
10937026
3830708
10553097
1654332
10965838
9590211
3552441
3523998
13045260
9325769
4223302
2891367
14342970
9115577
10243047
12320293
11606822
11420153
7175672
11402977
60382
2249098
7018503
8286662
4099983
9111086
1353566
1300882
7222197
10543922
1579953
5206193
3228370
11326386
8465390
7441840
6908451
8666673
9664195
10153893
5346299
9547726
3011820
2022676
7872255
13262895
1068120
10567345
7283269
4926573
4384474
6213721
8512615
12347418
2856594
13162601
12252388
5249645
10084429
2016004
3239051
4693568
7104303
10226530
341434
14238718
8141145
11194558
13683873
116469
7142073
3323623
12038971
112425
11318056
11744910
5979625
10581548
6182871
11433048
6777458
2400556
3357127
9790015
95029
12046950
3078172
6159883
12374094
5390861
5275201
3376020
275633
7305585
2085385
3586876
554845
3948174
14415985
6283749
2517499
2953147
6445568
294060
4496299
736508
1485538
8986578
3804090
3782315
3999420
11427443
2305526
5750178
2635342
4298646
10036355
8050811
884682
8998074
5115228
12409616
1290635
7052256
6750740
12577212
3610892
4634595
1430675
7386336
14278182
2223439
12896849
5709060
9172022
9949722
7295918
12143223
910657
2740146
1476789
12689243
4715600
8370380
6077322
9024532
3413963
1038281
2935583
13278567
7707439
12502972
5658876
13516924
3441364
12479645
7070036
6588056
719913
9570736
8929488
8569122
3414916
13310627
8776642
11468800
9039064
4555771
6589933
13024915
12464547
3469908
2535419
10131068
4956417
5039041
2012448
4575397
3694342
4872611
3543190
4554015
4985107
3542731
6446888
11293309
11759732
11939301
8022067
6590791
6155819
5982361
14232481
2309616
4271562
144369
802365
6377649
2454724
13483525
6412995
2333479
12953492
7859878
4042119
10744519
11708198
11579838
11395707
13580328
10251004
10363959
12547128
8131799
6223000
4871087
13634741
5168940
1706980
12403206
2721810
14209703
1710799
10011611
11870751
8257413
8053145
1758841
10328154
121245
530032
8916616
8654860
12572473
10591681
2825781
13788813
12567871
1328834
11395248
1033200
12482704
4140959
3599540
8937059
1054059
3164106
11595035
12810630
12300778
10692407
3073699
12702452
3816885
12321965
10111909
8292759
3855399
11592309
1411537
5906386
12761060
12764936
5829079
13223661
12463811
1496947
12757064
7458169
13649630
7254289
11873661
3545645
13450399
10798933
7705523
13046930
1226828
902628
9736931
9961826
2799020
1115233
2590542
9964127
4390065
8883100
6881222
12389014
13271249
13450102
10440807
9900899
301125
4332132
466596
929140
12650817
1426274
10024509
6027484
4167390
11438228
10280123
403469
9572105
2726394
3309998
1628501
12543609
4545197
7371284
7274894
7088668
4070942
13446405
6441051
10051852
3794620
12311707
13733850
13148976
6108675
9434303
9735485
2044814
9403822
5344632
6623333
7622384
8949781
6110861
3763920
12229622
7553729
7456971
3867103
4622786
13204802
4620717
5268714
7820028
3300342
4191989
647617
4382590
5575284
4492844
6681502
5085644
6203032
4299547
13776991
4063860
10393980
4390852
5784981
12144938
6758351
10875972
3858463
7083658
12997133
6670449
8362519
2930943
8692169
13686386
13794072
5384774
1320375
11440225
3095910
9281252
8980205
10594774
12141089
489639
8653311
12745455
5748654
12502672
8345567
5309638
8642379
8612542
7996001
9349009
8286475
10038193
12318840
7551514
13161140
10066190
12418281
5039633
3576871
3307395
8289510
12717347
12652363
2402623
12823519
6941137
11580164
8490566
12304962
9759134
5104485
10590640
4399887
10802516
3860292
14173026
11753638
13733371
326067
12397809
7393669
11098461
7240553
2252650
9573234
4045006
6489318
5034384
11190124
1223024
1018532
5886886
10257328
5711226
1185959
4332953
4999675
12184530
13749580
1714322
5359246
8741970
2653847
4666862
13488879
490421
13846959
9719329
2263201
14031107
1080755
5141018
1525227
3195547
6126832
462348
7294883
1189793
14379352
1226736
5405697
9747307
624426
5924374
11075051
3441430
946873
3285353
6825283
5007610
9423975
692384
5616591
12526925
5259903
14133050
12667221
10179352
8638574
11562183
12505880
12325209
9377686
11426378
6264164
4937038
10886497
6068146
10224097
4632045
10965810
13921323
13112257
11622996
901000
7789698
6979647
6302763
4224878
2056398
9754518
7260549
9872482
5923542
14299705
5444051
1417975
1105038
12113473
10753366
12547997
11443001
1984544
4440648
10903381
10559517
9152942
6254451
5465836
10742775
5959789
13782815
8943822
1246058
566848
9038238
13928320
4923249
6911744
7327828
6623917
3830976
7400845
4428431
4505567
13194667
7770578
5104610
13360542
11033972
4692321
8107349
539620
1788526
9727707
572429
5093681
8773667
294662
2046521
1798953
637230
9139465
14345584
1757739
10083600
12489994
6600491
12739333
3080768
14366984
2195486
13765409
8646179
11097853
13840958
10197625
7100106
10775789
5253193
6417851
13267294
12819643
10330691
11134846
11317540
10641267
13410660
6974714
14097432
7347056
1893369
13319492
13495866
12219090
5520747
11784268
5332724
2597007
10543847
3755360
5720804
1461132
14364452
8812054
14361247
13428669
4944432
11045755
11948495
6873551
10527161
2132448
11865603
14129425
8087685
266325
10983835
6063604
5081344
777940
4214690
37779
3722244
1711597
6886366
2923740
1240421
11940864
11316204
5006213
3830909
7272250
1539886
11299282
3867622
3315491
1480174
8434381
518594
5739546
5371448
10837737
4408263
11599278
13509089
2024081
5548480
6129394
12212413
5043565
11495697
2503093
7591414
11162004
471176
5309001
1971036
6597708
8109955
14407454
13829827
6971627
3404627
12664396
9819108
5796741
13160397
6104128
3062933
4120858
1331283
4135670
7692147
2384181
1974296
3303194
175168
504915
9073698
9709320
7815651
10697193
2031917
2282412
9190968
4236968
11639047
12367083
3131381
1138328
11002826
1165431
7516019
7971386
9867499
14078480
2733808
9039538
4772845
9290763
6792211
9310601
2161373
312452
2209013
11832881
8669496
829347
3052763
12816506
7677403
5533239
1506225
8158449
5083366
7187385
11469087
6424218
1364256
1965950
3985809
13394940
5737933
7877539
5237577
827960
9305635
3806545
12610827
5825743
7129389
6479758
7101588
691992
6082957
11743166
8780118
10292991
7591945
7883024
11310281
9882454
449872
4682340
7052862
9022648
1746627
9503137
2438409
12772817
10668018
6471769
8157363
833471
13011905
11794532
13020634
13843392
11117157
6131069
13164156
2360896
396801
5721922
6351875
10229967
4151221
11260593
9346209
8072990
3356651
2551440
2829592
5867225
13299212
11989726
2507738
3413811
13275120
10406640
4615454
5758045
7899865
10802832
2252838
9532013
11040875
6889565
11042735
8756260
1657766
7442234
10449022
4606835
11934201
5454781
11247257
10518231
3827441
6794769
5243398
11929427
14055729
1203366
3359486
9885401
9078106
6541099
13238358
7517074
12870275
8252623
3505207
8731352
10125457
5726773
12929278
2284614
5231798
3600501
8670738
11490932
5871533
917740
7799579
1415969
1627340
375987
1198332
6338015
3102540
14403531
4493439
93827
6565261
11258388
11087043
1561031
4034324
4985735
4011867
4138922
8490666
8141933
10242075
3764341
494975
5252276
3977376
4104366
12168968
7752998
3691353
379063
13730401
3347090
217637
9729325
11713448
1234802
12208076
13372213
7838270
7675052
3446784
5004230
3147563
6101308
7912664
14335402
6858569
6233434
8336848
649823
7646958
913297
14226966
6754108
3446808
6587878
413013
11789905
8462598
10707762
10524926
14364575
6073643
13422836
7884749
8704735
3760032
4533024
9925428
2834040
450987
7708976
7455066
3252162
13682739
1679230
5998554
2132245
13026476
3347050
862858
892850
7829989
3562586
2264594
6096903
12565281
68751
11628479
4461522
4634119
11542091
6479826
7732407
5586303
3351725
9142807
925992
5535
2216452
5742474
11638826
8466238
1699335
11693609
7473993
3092754
13015004
1269386
8057125
5880560
7663772
8991756
1733086
5437306
2195843
4831924
4027258
5798131
86388
12421697
7265212
1879287
3128100
13029601
583810
3346190
6926355
5547018
2806710
4113714
4043139
10308717
992244
13046581
9042105
2128106
5399129
7134443
8045615
13505370
70973
2226466
6795913
11341163
11773548
6761211
4745535
6045561
8896419
8570601
9293597
8675611
11658977
10145410
6103246
9476793
539480
13176141
1503879
2861492
3121469
1360057
1266612
9227638
7647452
1907661
8522491
2257258
2986969
5819149
6709457
3169811
816418
34701
2519126
1651485
8228292
6538434
11191965
220808
7275124
9511686
2572365
2182184
9605930
3290605
3896413
8041487
5978170
143821
1594880
8333832
8152606
9722451
705147
1313693
9284192
2703342
9987802
10180657
926230
6674756
650685
9528432
6246410
6344192
4899521
3930983
13703310
1680279
8011943
1016439
10269256
9645259
12725772
1564443
11752436
3752591
6446607
8007838
6431216
2235929
7628685
2762412
438258
8365305
5765892
9467035
1777111
3313046
9529972
1761298
428345
4669992
4628911
12678927
7080883
3219242
10359041
8610370
1774523
8730183
2730668
8704813
12332824
4896679
5481335
14108097
11761376
4210678
379153
14032304
12161170
9626880
7360020
1334723
6588193
2452846
14377063
10379313
2884700
4859980
7495886
12552919
7952609
1409669
12683386
8834013
11808219
11992357
1803200
7509711
10837360
12273990
3223477
12664728
7575304
11634157
9652443
8092571
2413008
5192274
2595783
10826447
13402186
4907174
1397661
6572380
14008146
5440582
13246927
695281
7270870
6086217
14309533
13558597
14404951
691029
2954311
4298508
1154997
3969211
4286233
8536132
4698685
1952820
13375785
9846233
5144648
4460168
1420287
6026562
2153588
12128610
9428786
2753305
5339028
6320578
7765454
13312865
8533212
7160710
825749
8152274
6121266
9542003
6527785
10106443
13976032
9348600
12274
2982365
13710527
12696913
9600348
5215952
7171672
8915616
8425946
13558087
2306580
3731677
6961276
9763782
2713081
13471707
9427852
6466164
8150866
10968244
8410615
380938
11402943
1647245
1624489
10454824
10005972
7542685
10094169
6917166
10078074
12118862
7822018
8494574
1448739
11048231
11230007
8053586
6609036
617767
2520310
2906298
11382096
3853068
10699430
10686917
5320841
8823108
8419049
7769928
14005301
6763369
13196450
948119
2004773
4445304
10724155
13452306
11904612
8338806
13535148
1583499
10670123
7137287
7628067
7835154
4439195
6535739
1456775
14066238
3675672
9030741
2570368
11058679
12972228
1876321
2267868
7914412
9257808
12019180
9013479
8980681
682095
4674645
587464
13355968
6980693
2385348
14357158
6244611
12108684
2321360
4318932
13198469
13061591
1092328
2301877
4812958
13223567
2789534
7419369
2980493
10498514
694046
8790811
5057816
2982013
612188
13340934
277127
7260584
4338834
4316715
1766127
8057452
12642117
13438811
11099581
640164
12035798
1925679
9273715
14063270
3226604
10896591
8248633
12672262
13952344
7757089
10243074
6731021
6725322
8629683
1364197
12152034
8178623
2080382
2704886
3715104
9002099
6323911
5494456
6644882
6114599
2767317
7321370
7925452
11766513
9173902
5806449
8336028
9062574
12817125
1738136
4994343
7307747
491543
12792688
3144822
11395267
11976891
1290323
9013289
10814560
13723816
9447147
387018
7518283
6744475
8584147
12720717
209312
2727139
13763513
8552647
1364304
8510968
2119002
3430485
111328
3352824
2521391
4068231
1432877
11610092
2565155
86423
3536277
815797
1854499
2381977
11525831
2006508
14006143
10427542
2129031
13066172
6242871
9237567
6535163
5857008
13397205
2020164
1362834
1176044
6433645
8297319
8399640
9129678
11272594
6406597
12283447
5351299
11866575
11709953
8073815
1749358
12671925
11517800
14093467
14287992
2815835
1098289
10240976
11303470
108169
7331465
6531009
10749363
6203862
438497
417673
12221161
5950019
3429015
3139904
11743968
11464726
12356543
7209730
5921294
8980022
573494
7640984
10117217
13478029
6919515
12459392
12823933
8701964
8918677
14410516
1875865
11353619
2909511
4772461
14162307
11491102
6092512
10331690
4346201
4851978
7352158
5004756
8646052
6404289
1146861
457736
1466931
3376520
6636236
8643810
9226305
11898965
11084969
8021324
11017596
12657551
3540715
12853418
6826099
7928557
7424503
11543405
7554812
1781909
13119950
3830617
3068400
11604034
13343032
9704945
6569425
947868
3857895
8188316
860857
8133840
8261501
3186621
8590216
5100771
11998841
1204981
11244869
12867419
4480609
12604178
5831452
5975658
1352414
5646194
10737245
1566093
12863456
3724194
9077009
11879416
851085
3726954
958107
12395163
5847050
12821110
10450511
6087554
10290315
8037736
13983625
13524230
5627780
7385235
4219401
9494922
11164373
13080692
7035967
8868451
11251764
10548757
9678413
10149820
7222739
7013051
6929085
11347540
13236609
1273553
6844807
2895923
12319905
2576998
12308152
10122996
12894295
12776274
6543930
7129585
2409956
6598390
9304828
6496358
10660863
5578710
2458955
12659422
12192427
10927210
9553537
11465444
13689518
13028862
3220735
10315200
4139942
1579031
426231
6264185
3393649
4267809
951270
12560409
46202
9895378
13942566
5764710
10366318
14385540
12264757
6277098
10377528
14089618
4037402
8364941
3749783
5971746
3105884
726983
7601192
6888175
4168208
3374317
8888920
1641704
5812468
12315758
8548881
10598423
1236413
1196740
4221607
5495893
8981343
8721493
9892559
13997026
3863453
4089220
4008012
8538639
12603195
2012587
6263334
8429156
1182555
3022799
8734053
6581209
6922275
4226875
12439255
2526504
7925349
11013163
3456322
5577545
7002843
7352141
6376816
10180521
2578897
5863614
5966834
9424317
781539
5803339
9989014
5688313
1849525
1995424
12638805
97538
11193532
3240534
14135104
9041347
10540525
4507178
4505454
319270
6665025
1426092
9433681
12711304
14373820
6467681
13640730
7185822
4773243
10876702
4213687
3518080
5082075
163495
13875304
5456725
14317314
3917089
7489509
12115487
5241893
9398271
402435
12515685
7140010
5551424
4535893
6144753
12282154
13442862
5325590
4317221
11855773
13329500
13510575
7187997
1694438
2764028
2972135
11618663
5794627
14413692
4082777
9988849
286182
5881714
12407217
12565327
13115196
8454738
11713052
3089708
2258260
9291011
7979792
11358757
7709271
1456531
819163
3888432
1587089
2359590
1170145
4667775
11635062
10746547
139361
4515775
7332901
13361944
3459385
6169277
14127510
12641064
12021633
12524356
3130017
14315979
852275
10025488
6196477
12785540
9549917
1263003
11945240
2446760
10539593
14184339
14309443
12899574
13081786
7282813
1088028
4863599
4528414
3042785
13777146
11580917
11419890
1163623
13674435
5258322
8587645
1603154
5434545
8069153
11672081
7544530
8119502
12870235
10839070
4933474
11203800
3026656
1086910
12200901
2577318
12080020
11466053
2950128
7735045
8218187
2754399
12485243
5526453
3310997
1986395
8537022
12346483
6161567
7015979
12071281
10187277
10881992
294573
8253515
14389652
13241846
7068960
3186028
12029935
7812414
14210064
13442900
10812838
13810391
734848
9990689
4344974
3247865
195729
5613302
13055234
9806902
6422347
7352931
1328014
6188328
1521043
275201
6337790
10573988
7700207
12297262
6855839
1492727
1184555
11203624
11575411
13696547
13779465
13027036
7363075
10763173
8631550
11185649
9465416
11926984
9794960
9095172
556131
752327
9554455
1625801
4402387
234019
5831888
1052812
14290538
5387056
7014995
4404028
14081648
2130979
11112707
10092216
4357317
12291509
7787659
12988376
6333471
13379792
318984
6540926
1297756
11144567
1390689
10733744
7294351
4966131
13980718
13370331
6713440
9320436
6157413
3349574
10746981
444832
8477818
5810009
1668907
807515
3654821
3989432
12213663
13261199
12668056
1732440
1881536
8847868
8592891
14232546
12082035
13977918
1073736
5004013
3850216
10864558
11193026
8364021
8616191
583781
3136417
3363866
13013455
5712580
9311757
4936972
9139425
3593802
12518687
12119476
13397353
4833623
5761377
10481222
7303161
3820188
3503049
2088991
7129333
9054974
9082308
7078022
10127702
572678
4174487
5849694
2248367
6532744
5227604
5252325
2010327
11863837
4415609
8076483
6936655
5717954
2781785
11459950
559949
7685064
6358099
2916130
7893962
1941189
2901672
5214170
7054355
8888076
7446684
51311
9290772
4433129
13267035
201506
12764311
8005243
622090
11436043
4522417
7803768
11200216
8373845
850681
13137655
1218197
5840205
1081504
5460221
5101851
12083820
14231103
4416910
14458
13043292
5250334
4377095
12207487
7003044
9960804
13377054
11587777
5012764
2032318
1185291
14019417
1328268
3482826
7258323
10599327
10588573
2876586
8426060
3079147
5373975
12056151
10197977
738354
13801185
1592618
684941
12069361
11551311
9530076
6000863
835805
12687291
4779791
9193932
5778767
4948040
7268235
6325985
5433348
704050
12142466
2684593
1092440
7334254
4381737
12536767
3432925
7866110
10809910
3244670
4635621
8618466
8605359
10416913
1731823
404807
1518365
6068498
10715506
7206285
11584572
2005372
6908524
14271752
1925697
9816282
13954693
6564185
8623520
13112254
9975109
4808212
12742857
2995674
14264829
6879126
1726857
188255
13593989
12554943
9079312
4582207
6886643
4124051
4822047
10103326
4129302
8752081
4847426
4633632
297761
7676320
79675
7455742
317059
9801512
11556262
11205938
6952576
3815308
10732897
6979435
906883
1787230
1268817
14076574
7725138
13975414
1472443
4935281
5668300
4955261
10123660
7146817
10358249
10509967
1179398
13935670
4377819
11611107
477456
3205519
7359261
4718164
6262980
3551121
13212436
7740954
10836541
14413142
13271925
8945667
1634116
1270310
8502093
12096904
12604131
13153357
4230613
6880682
5175121
8884983
4960512
14053693
5967418
10862579
2055647
4008292
9381713
1172300
4251846
10199293
7306039
3808139
5945728
12962027
3078080
9162794
8909030
1890874
8702524
12001615
10807074
14340713
3106180
9788737
7866291
1646948
3901735
5709129
1920170
5561428
2917565
4461432
7921545
1959126
1480866
883347
14196446
13622421
8306262
443707
177063
8784013
11093559
7146434
4052997
1187205
10823770
7270915
1447300
4725311
4818934
1018337
6474422
1459232
1810501
12520661
10090278
8703806
2791564
11898738
12079884
958438
13344066
7038197
2202681
2298445
2940585
9676238
9368857
13962250
14153648
3394129
654515
9906354
10762665
7145582
10103405
2021958
12815481
428963
12690889
3359702
9571336
8393762
1732454
7546695
5652596
12631540
11063923
1833126
8918172
965186
9119257
11045621
21111
2889942
3293088
3418336
9962591
1898226
9231234
4247294
7071465
7948934
10166449
4664206
4693601
5597940
3771069
9455779
5297628
4297127
11990748
2024640
13104666
3540914
6846272
3819470
14076868
10098737
3077368
12312552
944075
6229315
3676031
6966274
3290851
11758362
8627103
1638795
9266762
1282300
4444345
12770759
13618833
4568508
893136
9677823
300312
13913943
7828531
3272988
5632462
8449833
5541868
5208695
3904047
11187536
11105601
1764316
5078161
7211553
4560019
4341300
2938463
2281169
12779172
12015556
2491600
7344803
11634451
6859502
12466968
14315838
11877623
3941010
4268196
11782694
1849292
7390824
8281480
13818698
12171121
10787267
469285
4717831
4466593
2139730
2032874
3894048
7567797
736860
4273090
12642350
6002129
1286407
14229570
5434368
381105
5995597
5241335
11758614
5345379
8525958
5971140
10458428
2091718
7240872
3501214
12834094
9659704
7857713
9272912
3376788
2244173
12769556
2684957
572545
4935433
11659514
9984458
5288947
9174732
2986682
12852780
567761
11268802
4157472
10556533
3062492
650218
7078877
1710972
9326952
6434240
9093768
2880713
14061124
12021169
10083502
3561182
6282915
5613540
6866856
11055331
12035127
7834122
1388943
5028088
10009986
2484782
2921274
6876167
8606971
6157881
8695308
374728
8206310
3507254
13841155
11715019
1686766
644637
2980704
2369737
6813116
11512599
7237212
6423441
5738254
393461
11134327
5591084
3941912
9396233
9666388
7007039
12264137
9267661
12470314
3133819
8317812
11203394
8544359
4155742
8315070
5188054
11337073
6854791
12183988
13196518
4657814
13757029
8271522
5908106
5496025
389675
5774345
2767250
5652613
10510670
10891549
1738094
10364696
11374874
11572097
10762227
4900225
5053817
949849
1266919
4952960
85569
13251824
3356304
7258669
1460279
7444067
12580556
12560477
8790458
848495
13189709
8261004
7881846
10497260
13092274
5100562
5627175
6315702
3914519
145973
13956676
529496
9965969
2398148
2441779
5735877
3633305
100857
864280
12818596
1596655
3190399
11791544
6275737
5041613
13703303
13093610
7655560
13810769
10892954
7406649
13055948
5532230
13144784
4870085
2700071
11549542
5481202
6799027
13748523
543504
7482026
12527718
153590
9128343
2340922
4871597
5254710
8867701
8037380
11390552
5684418
12588787
12528242
7622128
7749552
14332535
12564156
248911
11118320
1284223
4625365
8185863
13195658
1595242
9752383
10341045
8164519
4937697
9680500
1220805
10753414
8717183
6110294
9721994
3873633
3836721
7197717
4227658
13546783
9888594
13302311
12502291
762734
8559206
9497973
7500641
13577715
7203432
5987046
2932457
12892065
3030123
12873481
2854613
3794222
4814685
11024045
6943714
4547783
963317
5474010
11394920
4843550
2273573
2524277
10009475
653438
11749124
1288847
1044491
5049359
666603
13367818
7702093
9421492
2294541
1513595
10645258
4674866
13320423
4498976
10037452
13675901
3982295
2194068
11290509
10630402
10060728
11833204
7592864
6483266
3200437
8870643
5197575
11983635
1138653
4644127
14048947
6699765
622243
12480174
7710765
5685112
11073277
6188498
9139734
12059675
12996673
6146281
5000914
14084522
10880181
3766883
2385392
7791894
6573341
9820805
3037537
13940961
8632767
9085721
1285691
1580301
3655489
10916948
12374689
8878889
4021883
11932273
9352499
5300631
1406896
1522267
6908877
13453603
3555324
2993453
2982260
13352152
5629600
1234030
11699130
13451787
11633543
2928087
4754356
2995879
1188038
4315316
12655270
2975964
5430232
732242
3645613
5140100
2818564
10805915
13966390
13161253
10525377
3753731
8755254
12756794
8330443
14278924
10471342
4643173
7727353
1748230
1653022
6617813
14403988
4694541
8697431
4561163
12103549
10802540
4780610
12652074
9248583
7846527
9693851
10653632
8277178
7279699
5613710
4097312
280538
6136158
329498
8132082
9863289
4839829
2285452
3687269
6551571
4646611
2990151
1109539
12147743
7321980
12360383
9842825
7030993
8258390
14220554
13891476
11917457
7297583
13321723
8958451
9932848
2414152
5039922
4179866
2922659
13917553
3767814
6588457
10712870
5853168
1770129
2099518
12728259
12078841
697118
1365531
6938869
10108172
3189157
2304918
10654487
25492
5985771
7579518
6704433
2846470
10933252
13322506
7728234
10907571
3918529
5752982
9854992
5562370
10775552
10774203
13568182
8278145
4818327
4536851
3488409
4131289
1402400
11362728
1063471
5028947
12616375
557450
9817184
13527165
6682647
3074969
3684558
3139301
7009765
3745427
5481735
10389181
9403977
1975252
11416079
8719659
5340929
13520790
2357687
12860907
5955876
4954830
4789736
687038
3134450
6565682
13431318
6736953
9109853
10869520
9651763
9452710
8314804
2665714
5766105
3543346
6428704
14379132
8021065
11060585
8781451
3506483
9336602
11047818
6997823
12335290
2285470
6920023
7564914
7766357
8071171
5268837
1820380
8587553
12059221
6760997
7819329
12925297
11525191
14097144
2554716
2909548
14050104
694957
6600510
5826974
9962281
9808119
5597680
438081
12087483
8097133
6872160
11441313
8762347
77799
4770376
4882613
9212352
2296076
5945977
9847117
3573116
5422883
768224
13573925
9675807
8162186
10370581
8615642
10410539
12223258
10749039
4146629
5172677
7155890
229294
5447699
8084136
7864047
8005922
646170
13774787
6794360
2594436
14243234
1228947
2474299
13376637
9728735
13162961
523094
9078893
362691
10187077
7046038
3203343
11423664
8115147
8510823
8230103
2187409
7050581
13956649
3917335
10088478
13511755
2728747
11881777
7437965
8529261
11575062
12491735
13971554
1488912
120136
866596
5940213
3751339
8777042
649841
8723769
4776018
12396355
11599348
9126912
13370892
9132521
3193561
1851236
11823741
8713455
12710075
7325603
444893
11552088
12646701
6073790
8639487
10670215
9386231
8997708
6009648
8295098
9028456
9988700
10808798
2453054
1213870
5391069
4001024
13056987
7487921
10089106
13465463
2466827
5933351
7443155
7672280
4843606
13944662
421637
8268561
11521487
9118903
8811104
2912601
12339986
11127560
10005279
4660567
11454633
10332751
10460949
7849799
6575402
4698329
1341228
12892030
2596884
12343149
8351919
9955024
5021094
79254
1945807
5158047
11453244
3861993
3174142
11015046
2423174
5742735
9820957
8608886
7142417
12123545
7347323
7679419
10036427
10036027
4563118
13968333
3757349
5762620
6508571
4046872
12464945
3438079
4540111
3005360
3245554
4196163
3932715
10226547
3066011
12523815
1983905
10801698
1438818
7794907
11557589
4177788
8963818
12137412
1261563
13902999
12450618
7674795
13479801
6431593
6278678
13240499
7459762
10073977
3661175
13433992
13946761
5383084
10556025
343948
13512645
7459008
11493652
5848901
8242642
2627812
7008496
4552498
13684110
7624530
13271090
9783676
2916224
9500820
14126795
3950268
10786698
6019025
11759617
239302
9335331
10644702
5502823
8465771
6490715
8641591
13241467
13602813
6310439
3097016
13653796
3587243
9579866
4789339
13280406
3690144
3383703
9747465
5721409
14263934
631805
14133770
10096882
13405957
9077622
8107770
2554151
6470895
7047193
1114914
5099979
869560
77486
11301233
5587804
7327903
12694651
10144450
