#N=7000
33632549
7524486
26417871
34683437
37618887
17560127
23020465
43542523
42021140
19368309
44869281
45135545
34397264
28960980
28595397
44492271
10521298
30977810
8928026
42884270
23352352
6603916
37235539
39416863
41679531
26242130
48674707
37881274
26679401
36511150
37020591
39432717
10389203
341348
11662971
43076365
24538988
44135761
39156847
37369200
33971045
7391905
16540148
30388598
18439682
38101191
27047849
8120633
48109063
2324110
5648730
32935490
13924386
10993409
39742157
44281861
40046334
3647161
41344288
27730289
17605550
36679243
19253349
7796443
16285965
16527211
3919518
36169789
1648320
23248546
12312655
44066052
37952224
27438958
3340749
10319049
38992129
24723739
2471902
15173573
28883329
43655322
33676937
10126129
11430679
27578600
43421178
12316045
26525215
4665044
48960544
9809107
11876882
2726138
3876924
29116177
6362495
21154577
15340737
6582269
34296323
33873698
40725302
19116779
28930433
19100615
7847146
15302160
36324015
48300186
30496636
10240803
23708247
46581942
15704952
48114635
1053385
38756134
3839106
16716108
41788163
46234406
46415788
23244310
36847248
23205952
5259043
48780227
35858255
30467040
6340571
6663148
45426870
13108291
2753236
13628273
31776601
30565
33805525
26083211
24591939
24398299
43535852
24593613
45528557
25948819
35759133
24820882
37451576
47088306
19300321
18543852
870761
14693440
9468871
28550626
36347697
23792004
42439655
20678711
25523775
42232281
44393516
31798597
30331690
2722671
20306353
46176995
24438627
890829
23030964
40481931
27869743
17587033
29318085
12191279
28980848
37670828
5520561
18907723
46217544
45090486
558585
12803740
27345743
34676867
35110972
7152590
38751834
40690979
16768800
42725179
3384195
41670845
2975848
24638300
18767648
10899127
23146031
32956697
22021087
5443930
2647450
7162068
29089790
40647258
6670718
10073124
40453284
913680
18349138
24897408
17744742
6365323
18176373
11676757
44925034
34903598
30867395
36510260
37306784
24097955
39749331
27745895
22903197
32560325
1492269
34810952
37878041
9185704
21792851
14859018
16837745
11000193
491350
19016666
193973
46240643
32207591
7039480
23652542
3467419
47204640
46551590
10440290
32272776
29809363
48898378
46596815
6769439
45760930
1044492
41678363
47672610
17737230
28575850
43682285
32790170
13018100
23019023
32831564
2276262
5851272
38304684
2289823
43734313
35809075
33638098
22588100
20223776
8834840
26100953
42027130
14931864
16742226
2025516
26159566
23039924
43621053
37035926
5574681
38571925
32307263
13102513
3990325
25430665
15557749
20663262
48958606
2225442
8651355
35010485
48986440
11116959
2495608
17651726
21146213
7068903
24803258
45487148
27196647
42902977
9358727
31485217
37772299
34185907
47888069
29607244
17465243
5049128
4728663
41472168
34581599
47360203
38028369
32327064
25472059
13332307
3495511
5431725
2239003
46534396
32514877
31334714
30454351
44426706
33332073
24659066
20355860
30900282
36128421
36195035
5130677
15656424
24080753
48648660
16720664
42838941
16362185
16476679
10951133
6368460
43927404
2254535
13371748
24696061
20315157
20040334
2576908
5961115
13400453
11387894
7563649
28571775
38486246
5795285
24070846
2431791
37530646
24644430
25769604
11955600
12114282
45965623
39419365
21725416
23770078
40727590
31887808
9993725
21549276
8696598
33480317
10714947
22422982
33815018
13602757
14354042
47123486
31672619
38881071
33828678
21901649
1768363
4500929
27538059
8748244
39910020
25662187
17058649
12530148
20287586
13019840
30872470
13679149
47691776
38837609
5259957
19178314
23191209
25513408
2317933
26757221
40148904
46112191
48552545
35691533
22413742
24472971
13294808
9770970
28596312
29327749
34847195
33503724
5074514
1875871
40689596
18863476
5374601
44522414
30657679
47092042
14328065
41034862
48902796
28513462
7130004
28746550
8343985
45433989
25848109
5205743
18688280
4457371
15182052
24079574
13880329
12642772
36360264
24450664
15407380
35576193
15736839
32971323
41814129
26694643
45501271
36650787
37205798
47766165
21677952
38622818
38672850
34814604
25388462
20156246
11653081
10696015
2898440
43621847
18229313
12874342
30507295
35092311
31060647
2539280
28202914
38429666
37718996
41267676
197429
31436058
42762065
29525801
36470053
5163342
29972450
38218710
6456438
47582981
576919
35863349
4717960
18516604
23161523
6176050
8741410
8514839
32950307
30507703
13114551
23620606
22297300
27968015
6889397
41630982
5303889
27418843
29715841
6282938
47505612
11155233
43966005
37598723
40036956
38734948
39190508
31389470
29125395
19593090
34348625
31060316
12701825
47541910
9775194
6130288
13709348
18717312
44400288
9329701
48694007
25630141
16731209
29666319
14147730
19954159
3398745
48020951
28913231
10044212
2800538
1390493
11601882
45714662
47408215
8647486
1093156
19597418
37524450
47065080
6891265
35806715
21285122
47055142
25316166
31541487
2213605
4379647
10506909
18770147
33082096
19027688
2966015
37260655
17751178
6610383
40040928
42354534
36704017
19006342
38925935
6085876
2982279
2954396
36105110
19294401
11606641
3028077
12706153
1717734
25779958
319728
1974153
30227240
44841537
20936519
12518181
32443459
11781155
40479222
7287735
44821442
41760114
45355633
37703332
24396645
10389971
21034586
43912204
30618141
7507667
35971539
10464371
32687878
31831360
33077033
6588248
9888906
17731723
3870029
48743582
36036323
4478192
21521238
9192662
3881682
638968
21038960
25155723
15959714
39202713
10932103
47601715
17363469
26449266
16668745
20968046
28771831
5010523
7940665
11637373
23819789
44623784
26387339
17583234
13426057
6828913
2718219
10145325
30695401
48391838
18705948
18327265
41080115
20882270
37153703
27725959
25162858
22319852
14223620
17358000
21839244
24966442
22416573
36879027
38161040
3141826
4510985
17134457
30190735
3800486
34250035
6236555
22681330
11042030
6348618
3280732
25133513
43809987
40439378
3851740
47795328
38307282
30173562
13354155
36203017
14833851
13502339
7804858
40964213
29740782
35425032
33960217
35805403
19274747
23851646
21026582
13434696
710499
23368027
23954179
21602760
14691609
40371542
19400598
34908517
11538632
11841355
21281773
45014660
42615700
14161782
34441172
2104265
15339711
48851817
28398159
14353243
24245162
12863431
7003995
42935380
16150284
1592175
6262425
46323656
23141146
38142160
38480517
19591344
8676418
32582638
2202162
28783092
28832910
7559242
5110348
7007576
9709260
47603596
10573488
40511435
47822072
26072960
22706107
986467
16090259
7018332
47832853
30309783
45713147
5411820
28156559
10310233
18934634
8603870
7843139
3549802
29465741
5897879
17389181
28893327
3749728
35126525
15156348
13308937
46849983
6506753
45434089
18197826
40265128
24984132
9288931
46835605
9982701
15687775
2153615
34780477
1788789
33904637
42636829
26886518
26960791
11036293
2467094
15384831
28138129
42428865
26644226
572414
2148150
22746261
5220582
30924396
37276542
8649595
8358453
20135761
6725229
20449957
392498
42429524
15001431
42601157
44681989
15685829
5382590
8732583
32627253
15385876
6943846
23084140
15903028
3059563
31898164
521834
29224210
27565715
40280714
3897964
35835437
11707359
34469720
45570988
14049547
8624385
42407971
36908497
19743263
13295706
45932131
47274947
38231140
39799206
37218567
35949406
23542181
30480319
1788737
1026717
39966452
44367887
40185976
15381194
14318958
44816054
9241120
25326246
40730279
28573355
9911849
30748054
38141417
17328939
3163017
26141051
37881123
20595869
31459971
12951920
24064567
6132924
10056380
2281734
7740629
47221853
25644272
22515464
30997471
6420851
1324345
24585258
21532533
35853527
46623679
37992713
4085775
21151370
6898000
1465829
39431938
41582911
27585037
12000366
28447817
23050753
35164685
16412806
45531303
25327046
43379145
21782833
38875900
11834528
17121066
34225165
7707985
19223421
12674723
46895818
25371922
14470819
18445184
32539821
31767751
25472308
22578316
2619946
30719433
14315090
22880793
18915176
4618698
45017889
25835682
3518614
26519451
1321242
22033662
23748470
35451147
31544616
45145371
45134340
44610148
38381250
21550442
1295772
42851500
47203904
19934238
41832102
23186673
41972876
1445109
20631409
35236480
48746831
28739154
3287861
1179995
18346509
42079494
41583689
18498438
15998044
30484953
2770981
6353700
30972651
19086703
39316808
27418073
6764121
23583897
43314376
44529751
23346539
21845138
1019398
15500835
26961363
31870597
2555264
47220001
42181883
40892255
31948619
39050440
1876249
1691971
8596307
48848072
26081450
11098736
15727457
9644343
39995907
24167882
16036893
3554577
12322582
7216514
33103698
11234371
237358
12952841
34993957
48329308
43883776
18148802
12945571
20224967
30172318
2146613
15271381
43615048
39016006
21740252
30454132
2028178
24610522
37981176
33120615
16437107
11586434
32043179
34091055
27924933
11845300
303983
19450880
1088210
6979156
11634461
16724019
41391656
18069066
16845155
35383737
15142413
28460088
2282562
45437190
27040875
12130608
42531130
13160916
36987827
37613335
32956561
9391168
8173415
26394742
1077435
22829657
24145105
20197879
25270676
8474053
10757090
42324828
48300024
24847796
6071105
42565396
40362469
6007919
43410257
28868671
24584779
10188828
1419213
39151954
2906060
13879959
24142782
4917795
20687960
19080263
20923524
6561818
8313733
34343759
42733242
21363161
46558982
15671052
9440789
23429453
657634
26392899
36253723
5734628
24968931
63186
48155139
2977402
21906745
24705033
27449458
34432825
7282768
36539255
15009172
46988265
33675604
45546124
24477876
5609745
10766530
35579766
12828577
27434176
28268382
18545794
11922372
14613133
6497021
23531495
36175731
43923007
41907572
27674141
47063094
13475133
18640046
23450106
24527945
36473920
17422265
39910203
19423653
778107
43347256
9946653
22510389
28065858
34779594
37898111
33264773
23815958
47794989
34766388
15511804
13655249
12048772
37390878
18921007
11574015
22107527
48985195
37343518
19916043
9034095
23612988
37947189
31166126
6027840
33617742
17050267
8127762
45562948
9476999
27267719
6765002
15650664
25095882
35284690
10963635
39103123
47498385
8304154
25623344
22717616
18604530
35217847
40958362
6766955
18935813
23230498
42675089
39951100
5214133
30968854
18351573
17585148
4329447
14115859
38383683
28538399
7573268
21343647
30281550
34309940
42655442
11963916
4687029
34992760
36786306
43143086
4963383
16264373
30183229
39405498
22242858
11837575
16282034
17727864
4575470
19468318
9499968
11706235
13083130
28112590
18123011
4235714
28201465
16274652
47026196
8523640
47256850
13746933
27688206
9801237
21106515
7662682
24177611
10543944
30029376
12005536
12959857
6041490
43021516
9829257
23123464
44998599
7262105
37297321
48711501
33352840
46868792
21870983
42583224
331020
48911126
42331964
46693124
11161429
18017803
33279263
29835434
28939217
41640419
11509128
34623627
10562571
18116910
3655679
46584088
15471490
17984021
43614204
31918027
38506522
2567152
26309748
36770703
22909265
30912133
18324122
39769617
38021376
21959858
40734865
43121501
37749696
24314161
13413861
21809600
29562191
32122449
9809910
43315591
22561452
42392219
30967948
12978484
43129025
26155262
43453488
32553463
19961104
32530656
46091884
42219424
28657888
35881219
9930185
23623253
33374362
45364265
48034752
43899876
33210162
7904308
29707640
7423700
43751971
21775017
3483294
26730205
9560997
16417692
3831247
9582968
39746798
45296290
10008600
10575562
6194158
2406436
35461580
26741681
3872768
1694269
23772843
45518239
2506857
13565921
24588502
38474487
12154102
31614048
5675840
17270066
4635942
48416227
44424011
17021766
12214020
27549207
14382562
40461634
25670894
7534957
40057972
20654840
39102132
48085769
15597587
19936081
47533669
33767311
43452443
7354529
48187412
10206922
12413341
4515975
41895423
41974455
24282251
43884037
26978105
6259613
13329659
36614177
27685811
16874804
43122809
12235991
1878312
6847604
403661
45499659
17432826
40972204
5057253
10649655
552099
30830277
25483639
31662744
26063503
33245521
35424793
43671437
8795103
19438887
20717329
47011387
6479953
18022637
22037982
30847533
27573803
45454856
42491369
6933423
6480096
27758808
11832330
45862259
38414779
48915063
40442405
47266776
31903709
14710581
34166017
9372960
45250378
32721722
45237952
31392067
15934022
7469509
14437711
2267321
4442538
2694692
16457009
24632421
30932439
25583127
37356164
12123984
30458364
6216165
44101094
9617837
38344030
3400872
45903459
31631608
17011354
17215428
4584363
22530748
9943808
41927899
13135009
13858311
16787700
29252046
8437960
5150304
3026971
11743019
34810313
28810117
12245858
39873883
27759862
18808455
35608368
31139999
17022890
20840526
8355740
32183826
4197983
47196026
35389519
28688031
27047245
43480606
7271620
11656464
879343
45085498
25140199
32882964
45903956
3121000
26225075
37178545
19339992
14700459
48497162
35420035
1050255
33921008
44749120
45619863
1785564
14767841
14267863
25322669
16642543
1643318
45794308
24509953
20148781
40908913
12900015
6874385
34084867
11186123
26999870
16996380
39665147
22019199
6657889
8725410
24264613
3008220
37681384
32919957
13650203
6059758
31154520
44913998
32135443
29981278
22835604
16946500
47125299
4108149
28528361
32616194
21978142
45369000
3093542
4758000
47307651
1713892
28874515
17088487
12004581
4980671
10338491
30939736
38238191
44133274
11527631
40344656
38358017
23105229
42249042
9219810
22924316
1173242
13561998
6672547
23339584
10211059
37418140
5992709
31130007
23642966
29522652
8703746
47061350
41863255
24883485
30219163
30192916
23893844
6749996
30064845
7226085
6688822
10895709
46893535
5775256
37422403
38579219
20621811
180913
32559404
44657813
7735373
18317263
43834544
9738012
17346875
28081052
13775173
25470058
13909865
25581617
28143001
32820262
8325790
11670339
989641
23469167
40611675
8151362
40544779
19169136
816155
913565
13956911
8314316
25637050
37241489
46503420
24963998
32929145
14242141
41306874
46997362
970388
15753491
44962839
40876818
14171187
28677161
37810661
30089604
8739431
16472662
23314224
33856624
11542269
33321884
23407992
21442539
7335207
31114818
5212225
32985444
24276516
25715422
2294500
673052
4312344
32261279
32657125
26415388
13271753
25553383
42518127
577175
42065909
7769282
43549761
33081584
11421334
21337999
47258984
23882807
45413998
38992341
1932236
39099731
25986676
41293175
7713917
14833368
6838302
28496804
30690943
15087068
12886682
19033222
8499532
18380560
18989526
7103742
32897262
4178182
23971079
26232449
46511019
8984324
36831553
13695366
26306205
36538527
24924002
8266643
21950571
46797872
13005665
9639061
22869417
2636912
25938477
28217114
33142426
32234839
7093725
11657721
6587536
34989727
40527300
1395790
34483299
6294948
32132664
47148418
47150768
6470358
38400896
24299257
31678120
293026
37771364
18039562
6071560
18609735
44260979
12311510
23928454
1852357
24184189
35135908
18494487
34187243
21123389
12968308
25647303
12587603
11614026
45675351
506427
25715956
18263127
36334882
8144181
17145909
8747521
14335115
15275843
29591474
35527894
13638558
43221467
19161629
14262188
34243655
35164886
33892226
28610926
29276151
32357871
38996946
14012519
46009783
23544
19389
41837887
28971953
3564780
26381675
18895828
13171546
17571775
41600822
27587361
34292671
1870066
19639652
27807222
1637284
35370008
7849869
39859975
461416
24480348
20853567
5632729
5888734
1534355
38613980
15263632
26831692
30457006
5476733
44655501
20051592
36938214
15456212
10076125
39393235
8809900
17778610
34584186
32279105
39730756
48431314
46969054
40716387
33269644
11440957
2260914
26392196
32369522
10490012
43828688
18591613
19319212
7502353
31108707
23702663
8156974
9786899
22659796
10405413
9022124
29199288
9975467
46544980
47129917
32781119
4809049
17014400
18531459
26636477
25793656
48014370
15161669
35528097
29939077
47361053
28071436
40770902
31563509
5261512
40170801
27809938
27966511
44616549
39828984
21321808
41526472
46751562
41248380
33944113
40913551
11477144
22552976
17677953
41735931
30115517
5733264
18656177
31704349
19517090
11474807
39265560
9558897
8284221
47940266
38168175
7281147
14293527
600101
44237176
26295002
44554253
36980955
6644703
43573682
42077423
20557033
48065964
46321616
29771235
2874741
23235598
18741214
41437459
11944689
14563358
38894773
26699778
7181369
32922394
9958193
43674191
40325295
11874326
1003074
33646738
37568074
3527576
36998526
5045849
7256220
11133902
41464175
35387137
26571275
35991323
44755808
39785798
36674827
23086018
11030021
10437282
2774513
44661460
43026291
25728515
47865594
5972379
8225189
3990783
41597100
38567472
42671117
47162161
23306253
37959102
45648213
32522225
36754961
17348228
4065278
20869084
33562628
45956457
39631330
27269082
39800101
13153394
20239381
26237544
11795109
6852166
16410992
17529602
37279471
37053911
8986930
35358414
4858884
18657718
10319667
43434939
15261219
45195619
1513948
39784028
41687746
19783589
19940551
15885877
24269205
47592427
21721358
46777151
6156355
17961540
7029701
13562557
41841890
13387215
9826552
34749111
10056299
28357082
26276
42404662
23678631
39329213
25038747
10423946
43880104
14124049
33404595
15960795
43991478
22213964
19843477
25801869
44514385
12831728
34648123
17975659
41436072
3759818
39747450
41593799
16603255
42642487
44219610
7092778
43814520
30469471
26206439
8135242
45162056
9697063
17365915
13254685
44449110
10914698
17502956
27919308
10616176
2674234
45117319
9673212
26699580
47495354
40153747
18022330
20395657
30888305
18711814
48842273
27640167
46104964
37857794
9510477
39311571
13750139
21369944
27162882
25791020
16509376
39769328
23390975
14247954
6451217
36235334
8013406
40782127
6312325
23285594
41426568
24974655
46621966
18519466
160854
27099696
9265441
39794121
20553385
43731743
21606851
10984479
9613294
47276997
15591259
37140534
12148689
28442724
45344173
27877158
2400045
2261422
33318111
36155642
46718153
6152695
21406612
33727812
48355559
30337671
25663629
22907102
16297404
11005873
9254025
9366734
47029916
6017303
18187270
9568906
25602052
14813458
35876824
21472761
35128308
27632140
32279966
24755136
26042679
34566355
43559048
15244404
4543270
27165416
6232633
12990340
47280741
40068942
48547788
25448457
5523871
6141360
5136681
6930670
12975958
43720326
31663069
37461010
20898856
3373811
14175686
4129291
28685151
8244684
29676400
1856776
42073066
46713612
30196089
10798275
30023085
16393631
9011770
40552930
20368280
6647296
4926157
21832284
34545071
33890032
11795380
39076806
42165403
10416355
15751205
15998552
14305074
28289258
23285324
16769565
15172265
5931002
23452891
26828375
6655222
31962789
12144292
31274791
8174131
5286061
1786504
38470155
45025352
42848079
27110377
39019601
12585830
20036126
10036903
35951870
32208234
41862630
14809204
26166850
36594886
36461948
33196833
46535510
4600597
17354321
33800278
37343890
48275781
40490103
6167687
15864036
15272262
47341835
29488287
18703976
9260710
48422031
2843382
46489356
21745852
47557855
28982697
17117565
28311497
8657878
21142665
6041383
5267744
27347257
33453622
39059376
23344955
15842512
4218836
7740311
18078541
42310176
31176203
23895349
25217840
48309458
35375750
37051891
38081125
21549860
7344198
3254958
18159783
4285528
17506659
4628287
19246358
20324819
44974901
22270114
3390134
34279013
13071366
6691972
44485906
17611110
26324144
7088248
46763971
10908660
25564109
34666797
17092336
31866746
29003204
28649554
1711936
5309493
21191297
26309771
43873682
3058670
34748300
13531496
25522775
37665445
136991
37459849
16934684
2179491
682351
37181767
30276712
44460257
20851433
37397658
11330743
15415484
30524139
3580778
34299929
34180968
46147198
28926386
21638413
15177314
7458257
15885770
10435812
9616231
40561471
30342186
26535896
37566460
13394505
28546531
20730760
38441104
36777497
20236522
20902780
5222095
7813938
41879054
24613118
45919554
6873519
7749965
30115555
36826776
46917185
5373543
12542555
30969884
12951733
46236248
4741502
46842027
24324300
20577230
32080336
43478616
16947681
38472970
16835700
15437005
40769034
40977843
17538324
23039006
12422584
19507331
29608978
2377989
26489139
8346756
15803998
19046744
1316385
24742012
24284221
15947301
32905415
6789912
17711985
15109706
13395552
33164273
14761691
29845685
3629549
34090971
18126520
41994281
38187540
16341462
46898682
17730028
28555258
38514598
42430029
1528199
33501796
12745825
35573991
7442395
47513976
40061987
43762524
34369084
32320202
8977913
47235317
9279312
33877965
25031317
348015
32549868
21018328
21154325
3202769
10635269
44903431
42268663
35579203
11941116
36786204
48867689
24299999
18510663
5012801
21167808
14954209
17543005
5715454
35995609
12679872
13144892
7741784
26268215
36133768
14524494
24099949
13687603
8931297
1328097
4012989
19677294
20830703
10383059
16734499
9934107
15539670
24445919
5482458
35711515
36641118
9759145
43854888
43615796
3556454
27953401
15452354
27958600
45346737
33054167
28253825
35411658
26011124
33700895
2168266
13929769
5593196
14255456
1158218
29737608
29497395
34113535
43426400
10896596
43843389
41288581
44935253
20311760
36804802
36206918
32340232
33508926
6202691
15901486
28163442
24597854
23090269
22881792
40188380
9935079
7043042
43552930
33243392
3564959
28107699
28396415
4255155
16339193
33758062
16044683
26794812
10084403
39270147
2137819
6444947
15015233
4483779
211939
36971529
43779480
30004226
16438745
5345484
22088442
33294822
45765255
24893079
4638794
15838749
45635451
25691687
43961688
6928835
4846977
39793409
11768505
35121958
37210472
30027986
15157263
17258141
24656993
3639455
24254914
46654041
6233008
27043704
9704299
10691318
12016388
29917600
7915784
23627528
63833
37678968
28656028
29926506
19741233
27947107
12360666
30190219
12328314
44651883
44160331
10208624
2582937
22224124
19964695
19952331
45854598
11517807
33486832
18486556
46406448
46211210
36949742
36025295
6510920
20270304
2775533
28872465
29853767
10720421
43971500
10620932
17937735
41192526
17565839
30034618
7102397
8192388
35029889
2119689
42068946
13419810
39243930
23114211
16853131
48930492
26949103
18851645
5594964
36275623
30536815
10381153
31183894
8163042
33249761
18122060
39416538
32538717
33900965
10716438
41782687
2778974
42055094
28386721
25573732
9373451
44004730
4982708
6607046
13093683
11875760
18954735
37050284
30797043
45165108
47001487
34819132
31157085
37314831
44213811
5091729
13857377
26131393
4545437
17746505
41194649
33221096
20183703
39756030
31121991
17661345
4879570
17688847
24165246
24865596
20591024
43250010
30911047
33590553
36652312
16527004
30078718
22789628
39048798
36461515
5491627
1170260
39605322
26065356
14941057
18082418
41029896
36594477
25420348
20324342
38046406
41922224
2099105
2522358
26360064
4916748
33979704
29013974
46097823
29915237
42954550
27484076
6597698
5867647
3511835
13862684
17961811
34100807
8781605
37878538
45856194
28426271
35229203
13006507
25519065
18830185
33145675
20705554
47548072
32498125
18225237
35524048
7045763
37665962
17542655
46346091
48302530
4064466
26543029
18613747
14801143
28570507
15455845
41735015
36905837
9894632
45564684
29083274
37244614
29355334
2649334
24333291
2907206
7882622
20344437
45297116
20282114
647549
2480316
3507627
25452362
21042880
17981393
1183277
38363432
4961792
19803062
21172387
29746928
38456126
3157901
22066129
40664671
46044818
45170332
7822563
21650019
16209349
26433939
4394927
26448128
35250317
3988853
47093696
36600509
19696888
42816799
8258090
15678792
21921041
34526235
15752688
23163053
4503205
30380216
8674649
24214865
21830540
18014486
7680798
46791456
46596689
17379402
24325712
24394798
28960982
30388624
8738696
30244826
31667227
406073
19838036
47649808
33291966
44760502
19826023
44501700
12379362
14215460
40409709
39241593
30023030
34372473
5972008
20771944
33280
39660164
8017671
15522689
20417797
30785001
13949347
13685495
37418421
42937089
15656102
39199761
39205002
8332623
1890394
33017420
7597712
24077535
19307389
29273871
23864743
46094167
44575596
22137770
33192431
46520841
24753189
734689
34339193
15311845
12754273
24994195
10725970
26232671
42056947
6732302
33850185
20012259
47029394
47218661
3732087
47807084
28792971
6187582
41218516
26812859
5193634
18807446
40696397
22213223
33698275
1726973
12901736
38538360
37868186
23941346
12181648
9441344
36980417
828601
45069479
27005207
23420853
3993668
32866091
22044687
8702909
35631525
7763776
39705915
18425690
46544506
6588568
42463716
41477552
22411070
35116463
23464016
34109171
30453028
9311487
35643520
12858787
29443995
26356712
28426842
35960930
11353046
4855469
1458813
17891353
32559415
34622721
1376166
44290759
46234567
14280911
9480599
17205835
10219271
33117347
16445578
45550558
24661103
47830858
9497140
28785503
4663435
14152529
47465652
9077844
28867493
9286807
33431946
33966670
15003666
15054977
25985720
33945298
12779659
15836093
16515187
28752261
28871759
36095256
34810160
29028732
44545244
25363253
41243861
5152318
48939849
17614721
27537022
44875600
34651026
44344611
30319852
44585592
34285037
38178845
16129503
35384428
43283142
18376969
7980949
21541972
42758923
10149627
17430111
24511003
27447938
29419932
42942102
48843028
32033616
930510
36784871
30876530
25423405
23629140
18098900
44547853
23447300
32192412
14555748
39065435
10059574
32624612
19939692
39384214
43895703
46752535
27403478
13224774
16101651
46831323
44595466
9731524
23185294
28493784
30568902
19088515
37869920
33495195
12058157
1157086
24507106
13155731
4261234
21359157
40665445
34906489
29992105
33381865
22132838
22414741
10609347
11158964
37728909
13670762
11980736
22154533
30650884
21055760
9112913
46853732
15129633
7585285
28162623
44580384
39623865
37557311
7030358
36712834
8988089
47902426
37379457
3147949
12973891
18354745
31850657
7283579
4257255
7577363
22772518
2457477
25169437
37422190
48178229
15574376
32019878
31408580
4525224
24280757
5926127
42011232
18691109
11032854
16961421
39605312
37550026
43394635
20052826
8127932
48333378
5840140
26412139
19024711
11780897
5690312
5581094
24273293
33511062
1799778
22891531
25833933
43762854
9595061
45885916
16769649
11049151
7739121
25482453
2997597
46073253
35376878
25049811
28085797
22482829
22566787
11036090
20905697
44061258
14212685
30715794
29308667
34542848
20721827
4927221
27991208
21179251
44264921
1381762
48160733
47520530
13296470
20431622
26993205
39029514
38146795
31770801
48535159
2149472
30589179
26947787
17987456
4377653
42966629
17049707
1577131
18989134
37307010
39189904
14752591
28669838
1477571
15865049
47035245
40026181
9662301
26609446
13502122
45744392
28568896
19212715
12010929
14750561
31284827
35706009
39494356
27480927
1181621
21587372
33162017
17695130
24464763
937749
2800522
15461099
20226302
2870832
4236543
8637172
29195936
39371146
22118198
1934995
6202748
20425798
26524058
4401514
38524155
43289408
25217067
13818335
28411493
16788525
24256206
3803900
34524387
17906983
34802514
23970096
37606214
32224268
14894608
487268
21195052
40413294
11224556
11589130
22674897
13865397
27002579
18744545
33168398
42176004
24410938
42284838
22385248
32234651
28184448
24705819
6361519
48912147
38562130
24607592
31264138
46832827
18001387
10554291
20784374
2578246
559092
37118946
2512820
14964918
38262713
9605922
17738397
37842763
25070156
44413957
21180604
33826575
43333608
31367165
19790756
41176287
5583994
46679430
17356736
28272302
35143690
30753927
17648008
32212908
6606205
12193451
26048453
6906745
1478802
32665428
65425
34594175
39339838
33390503
37710126
40903554
25019371
22324441
16662159
40243581
1080349
30297044
14035819
42640925
25783171
13594931
15303155
26311692
11535740
35602810
10624294
43414387
24147722
5454557
6164454
40183065
2198253
33866630
6841319
15884628
33809195
7158527
37367654
47436285
8371132
15385684
24241395
33775790
21244092
26848720
26207762
47923029
4513873
40924493
18821374
39955083
2059191
28700346
15687398
8604958
11455088
45653342
37249932
24448261
43739909
12781429
33341746
26797229
57435
40166397
19000579
26856515
47787395
21981969
23194890
15078947
43141593
37876279
48051633
13804668
13818451
34283269
29101655
13558790
30348906
39121029
24267685
42454234
8728862
10517661
11838630
36006827
1913433
15952107
31590120
16942679
12723994
33658953
48280255
13684525
41379003
46018611
3661625
24192052
27840377
34318611
7510918
20820529
15541432
13768364
33703014
259661
44417968
30464230
38291106
36894673
21875771
5233627
22099207
21722035
8604228
36370128
44900312
25454358
3228112
38414772
9146029
39523074
41279951
2261644
10022900
8670554
9661837
18343014
8164738
7019848
10260783
42742555
27601120
15281771
18350397
43722388
10968555
7523294
8588459
24541083
6279070
40637341
45629400
26212684
25821724
23633475
33142016
46969145
16308329
4188643
46134821
47367990
29500174
24093001
33083411
40679886
505816
2641989
48565836
14422183
19902333
43979013
15875762
32878732
44796820
2310706
35133929
35427473
1244224
8434723
27911684
20549991
6299220
13479529
42070669
27852580
7325146
28953373
41317928
9423943
15172073
22041820
5768183
37820289
23587184
21925026
32597655
26567238
31739656
4586822
39030026
36023602
39665798
5048660
38228408
9369347
1066482
18182810
47999394
21177838
2135502
5915759
27479323
27446641
6154383
4600900
27018257
38384807
5264903
19276108
3655760
26351785
38938241
24326761
5222633
37503551
39185371
19494437
28020817
44716055
5404629
33981366
38278799
30296451
44465783
20045597
1853557
28888644
16047308
42083635
42698516
15172466
48761377
14362027
40911989
16769576
48335997
48225754
34729047
27913119
20821472
19812604
12612756
1434689
34141391
26211801
9482734
34952920
5573411
43039452
46920861
24108179
29999188
18233201
19926497
15577138
44481894
8769923
35190129
41358446
33805863
28336489
14744082
23475404
15026030
33169840
31040530
11906482
27404282
6400047
6783967
19386782
26154817
35400955
40951956
39672076
12121994
6926887
28515664
30465233
13040264
28687660
44665287
5905653
14234912
11156574
29387010
43607053
15447664
6853639
26614364
10330459
4794063
22057847
41434875
43603153
5765558
16124087
45606120
8017499
29245230
20383012
18918431
26966346
14762565
25508672
2640016
30656762
34370228
48828005
26283551
7134610
5936352
33508712
17002248
19627860
44708911
22533371
16992689
5117205
42543181
45040121
9379189
10190911
7775893
16794391
46997033
46748059
35878858
16706712
29582673
42762489
5620447
33893364
15809934
24589408
40138445
2812012
4373211
27235618
34375257
33258443
30615967
35308493
37799802
43468878
2635171
31075309
28990190
12436172
36221621
32352270
28747832
33068402
3677482
10027835
29915534
21773925
17165386
33599974
11086265
36172914
18436158
21514643
42754920
12997922
11699801
4386431
8920360
20114768
45619651
48066765
44458642
27630694
32673322
47208098
14478687
30682603
43853689
45637921
24171945
43636824
20158392
18719997
3152868
30903558
41862449
36799165
10687660
21476077
15163815
30055226
33901599
5438236
1298446
38368489
44561167
40585034
48250385
9853596
16139731
17988957
15393443
37734149
13152007
42474323
43838014
9324371
6510658
216865
25479529
5451948
40483956
29738439
17341152
6837307
20215897
11869976
21635350
21116039
36574479
9725579
20240384
36016715
1360673
1197017
39118104
34707571
15928906
21745032
34943758
18889187
4836950
21919120
42896136
44311240
35963665
43621149
32844843
41542314
8732910
36224695
28594401
33646648
9522541
5471176
25685562
39583463
24295497
11909770
41359259
41041369
48848511
10526971
45898611
15653103
25751715
8856676
40247418
46039720
16908082
13024637
24993052
1009314
26439060
39758592
2950001
34904956
34888239
45620149
12947913
24086262
18185757
23123224
48444691
10422683
21659284
13775792
47224205
32254129
3544864
22315892
35626363
33195408
25258861
28525539
15889289
28711996
32432198
27222781
12530271
7382372
27069182
25718065
47059314
40534105
4870353
46813457
21957042
10801976
27434392
30308294
16125176
48246679
1463940
34668899
12198479
29888760
1714531
24908313
37111371
19349457
37540636
7100823
8789722
37030469
36576946
29150113
16181725
25049826
153598
27295811
9323058
35535078
12331316
40729462
10060666
43068377
19379065
32132353
35160405
19671317
28844353
30456278
36048200
12058785
24437971
36290167
41777390
22848679
27851282
30010547
10559735
40993771
11007482
28639610
20848744
11527119
28996515
37885915
7210372
5102125
6448098
9077201
16958016
18262940
21350396
26928314
7907972
48707749
43771605
45187731
24106722
16785568
46501912
48758034
19281396
1589292
48922490
3250446
12288944
35857511
19003065
30920126
20145027
39963968
40126700
31962830
4316747
15377994
22921420
47133171
37144110
37185159
36726806
39029703
1838571
13126252
23640314
3203846
24601027
26986037
47685820
15832292
46504172
44912619
40319149
7514554
38300349
13064978
33247382
30368819
7196088
19522702
31277031
37182197
35647220
16232310
525014
46667182
27233885
26219866
1889969
47114408
26830192
15084157
6872993
47634726
37525226
45654278
4518026
252338
29481865
2773201
24513144
30473222
47095875
27254171
23267172
48415135
46352495
5208284
39575393
19013892
32875482
6528325
28140787
29463643
37998426
14788753
44777212
29119478
48389675
27289417
31725019
28195466
26558932
10218716
34600304
28756492
7656016
42228430
24739195
39492248
45160932
37742578
7206050
39164344
21385281
9542492
8839742
18822207
21332803
24530672
39873105
43895444
17529900
4835638
33686432
362552
15399079
8971399
37878064
11677812
730485
21506303
34078767
38286045
43046304
41371874
4017296
8647373
46067499
27480222
32286198
46480192
16357297
46663559
30324602
43046679
28693294
24792675
27949102
26437360
7000772
26521071
10209012
8650952
38436560
16198636
2968093
3721266
8240914
16371761
18082650
2928045
18943603
41706894
34268748
25882535
44304376
17020679
25361176
40070912
11122925
34622640
16155590
13794223
9453869
46015531
15097576
2255934
17791903
41911636
7711952
38833425
37084511
34493980
5682859
26198898
7957722
35596333
34638617
5312869
37911762
16859361
9142901
42061069
46402519
8731673
521358
44717069
5897753
31222141
23915321
46328703
16652375
10623664
39180251
7197935
28223628
13669545
35027587
27958479
4827125
22217972
33150566
2369217
26536258
10570131
40560281
2644852
38168175
9262860
36653573
44850694
10940447
411228
33023315
1685450
2833920
9782822
20801747
52655
14569766
4775261
47632057
9454440
22883641
16994310
12653953
265148
8842420
12809614
43807914
2457907
44681715
14064039
2292541
15375010
21401956
22781025
6474884
42317482
47322414
27725949
3310983
9254997
46577309
23240493
21367307
43264870
44213056
7510090
41904204
45598931
30891621
30637746
45800488
22618492
8151890
40327943
5457235
46868117
17127900
21227479
40648971
20790309
41662083
19995121
8900125
19568079
24458611
19232540
30490103
29551021
30148641
29070491
36887690
43796044
19511041
13857217
41844271
39097730
25618469
11266457
48798444
48756734
13969460
45956149
17161257
10283774
23200043
24713360
46702751
36821196
28565397
12137454
11890183
13577608
44536510
30151190
38077976
43907591
38083900
1419612
41663332
26836202
1043053
23030473
1951773
29413312
28722353
22061417
39299286
17345340
46296998
2842295
31595476
3685686
14239710
32931502
4064628
26862451
45147964
26048900
24931013
14987788
16600945
30738994
15983237
41112524
41067290
36658364
2244259
2731302
376559
10116463
24884429
20629742
34791725
20373960
39114027
2860616
24764420
27940595
34749865
42611312
29086189
39147579
40104663
36377260
36783538
18499332
42415043
21643780
9447955
43192019
39488156
24488421
38671705
28324874
38868265
29819592
27765409
32611401
18330478
28746818
24324739
4510468
21999320
23414712
36093145
2657035
17110752
31153108
47854407
36085890
42990254
33192534
2364041
21605330
34445821
6623362
9051377
48223025
31155624
25443139
4520314
2646886
34620157
335717
41043070
46740469
11489113
48018592
8286662
13820010
47231103
41393631
8900928
19342284
6303960
4940037
44286234
21508467
28646459
6145476
33721849
12868528
47746714
36224283
12553953
26706401
24467739
24091843
43702710
19992342
39822983
44668202
2087421
28363292
37846604
42024479
38453807
38152708
787489
7376635
45402687
19372422
35089671
44444496
24056051
25279098
25293579
29624362
36786618
7261535
7398763
37981171
314574
12523916
11756544
37462111
32003692
44959002
24752465
39518113
17904920
11459690
6821598
9062943
30393090
40177501
32720594
31077172
41750022
30415067
21286965
958191
35799976
1294177
19150917
34915294
28976084
9515648
22225598
47805448
6946960
43874848
17708230
3336068
21003829
15797543
4193250
41485580
27054081
4776378
32696515
325581
30066601
15644098
25342350
39799523
47427479
2305526
9790207
32275435
35098696
11476391
22290879
884682
21318094
9635269
12689695
30170637
43052292
27350751
30097218
3610892
14354622
1910687
39626422
28518250
37743463
48416873
8789065
18212104
23709778
8536021
23983231
30750683
8700223
23036824
30009316
6635648
7690435
38797420
9984556
34214013
39158298
12655610
28678592
40147458
15582977
34338945
40557024
39441400
4479733
19670135
4468075
26319977
4650829
40209550
19729185
11014962
16190699
40736649
43228874
41959095
48835798
41430012
41224972
2064575
6829992
31695500
45651092
22476423
48639123
37812551
5535421
39494445
46072633
34823252
40074039
16625182
21342816
20886889
34973325
27159757
15019306
4742129
6590791
42635867
15502455
27992537
8269693
23231604
32384455
42282466
41217728
38254827
26083624
1013076
5413484
33353570
23539982
48322146
8424605
628281
40739919
11195774
48420407
20931055
4964040
19187150
30651858
43183060
46351188
21714799
20568965
12867043
29723279
19081859
25849778
41270852
36091687
6470832
22497481
34613233
16198842
31688256
32841343
41730054
17956698
46574944
16412569
22911701
48065832
46228832
1207875
19808864
46715339
29233257
30762801
10780981
13319567
8937059
22614094
33484144
32475125
41970711
27500870
37452428
23473777
10862550
10256974
41962058
39271990
31292830
42255495
14952393
13731557
35266400
16801089
44044998
47509113
19183738
21703826
28256968
39997097
12458222
29529667
35934358
15913690
21825742
28650491
20319027
16945538
21126988
46466879
44022698
18496934
8121924
18679057
21995323
20590560
27964145
40190168
15803201
17561273
6989095
47151304
10170164
28240892
38100956
22341172
19252145
28186641
729207
39210905
44546344
45544533
48187530
47767472
36078268
4880204
7523503
22852149
13406445
2630053
29828558
25343641
36985216
36531365
39714913
22288760
45270964
1886476
33201072
17651898
47874714
19231808
533952
36828992
8988747
9914315
13095569
20524844
24123902
4184675
40023376
37262477
949869
34790930
40243968
4709722
40473760
45377055
33507196
37062805
14644838
33780798
34628728
6180059
40260402
29312041
38087689
19102670
43495368
5452868
8601550
11045721
10243061
39619638
15217027
37463903
26274017
8910893
20985073
27345030
43718411
45716051
46018509
36723751
43317171
35350518
20202527
3410955
30732216
48726398
2434076
8464779
42520397
45800292
8575975
12641336
26300278
32634821
10501120
32449646
35693411
9465517
44828695
13262763
13345620
46789739
7962434
39412592
5676087
24269022
30326522
47478265
2398880
2151595
16521224
39906216
4618302
11959734
976878
22267437
46689606
46117390
40372408
21362665
10983617
24941155
2140216
42850633
37425014
41519208
28104556
22430648
45119897
38522561
5300328
22933029
41113652
32693413
9086070
7197823
13353746
19658531
22440645
11492665
46533294
45045095
38929337
22834469
14270129
44343094
22378634
25326940
26617377
15431253
10706053
17132985
27999746
1104613
6229680
14994366
45399311
38581996
8613924
22186868
46408910
13090520
13846959
25399433
10823271
29911144
25240783
1861080
22125238
26395551
13046933
15182428
30774966
35069848
40939440
29426793
17725717
6947381
6104491
9484391
27915112
9601440
2386909
13005380
4705302
16647685
46864047
23212443
32656691
36007008
8339908
12493081
2267249
24419420
158650
8962190
7785906
47845233
29297752
47426414
36104190
26977085
14726593
1348172
17344131
33992059
14805906
8241325
28032270
45503051
47581087
14909732
45379743
26222829
6624938
21976464
24474598
2340642
14872535
20163610
33739759
24404093
3818035
42305060
16633514
1313418
20148043
843096
3224647
2320667
24183425
26239621
9632954
29734534
27025871
9102806
5959789
18302856
1143843
4606142
40606913
21358258
48768399
23403279
42231835
44767900
7103929
4310988
17600884
39468443
16345575
40434700
7770578
2504617
13640621
7274022
38572376
17827376
25659672
17468630
41687714
34932496
48213751
41013753
23774745
206619
7958963
41837252
18179547
28785585
4837744
17203634
19610028
4000498
16299350
37920847
27167016
16635487
36965413
26166185
31697864
13840958
18277683
40980161
4415846
44813246
22097955
12587349
25139663
31210781
18254880
41157566
2641355
39490736
33054790
30937493
31027072
28173378
36999508
975913
659161
41320850
904284
22172785
17317087
48663864
955434
1000830
25421227
23124455
48372107
31201308
908716
22464438
10365810
40828497
19673583
39887175
43332470
24465702
28569426
19247748
48586381
20703862
8463664
4881411
42937986
21534763
18997821
36162263
71628
27486377
24003763
1240421
12700955
16316257
14726240
26830980
42112329
43219920
13699342
25907669
20835497
9080220
43274460
19478636
37979632
35691486
11317749
15568326
24879322
48349168
10784084
35188573
18249481
27412505
34883591
6775723
21463135
40511445
3642104
47831208
6269025
48171111
26997786
34869976
14687533
11989925
13131637
16204659
22384423
4619122
23116814
41840466
11584193
7582974
8160887
22411306
2295768
3452185
4784241
30174353
21583291
23855184
304982
11473758
5949370
34855751
43617224
22631928
34242419
4470994
12317026
20399050
24967182
6491465
21738339
47482874
38605503
48996120
33571450
21027562
33518534
15533840
33679578
38172888
45770811
45192307
9110668
21121415
22352499
29929058
21352975
10109532
9389417
5932835
16856535
32317443
613332
39146230
1798506
13843369
19987417
46309166
39144316
26484308
16885963
13225824
5395028
17577941
15477585
18037609
36347984
44345647
10246634
28970876
20545823
24649395
22839807
28181611
40252045
12242967
12023245
15420140
42252998
26071975
45803108
26710306
22002541
35769963
10642417
44972946
15182658
33986713
29423203
25918492
12572884
48308023
38231843
36357420
21713561
20131939
48274580
47860713
15283428
34597240
6131069
41364213
24880955
10596840
7641970
24831905
18989970
34951271
10100636
7026295
44553038
1516749
7551493
26029596
20587305
17139308
15549743
29747771
21413829
30115181
36686649
25215465
18078065
18099904
37082841
22852849
45332116
5160944
41729644
14402819
9716284
36017833
33722243
49050
40606871
13174304
6214872
3447278
39398233
67491
48474803
18523442
29929445
30895790
1963457
39839534
44725480
25918167
42061123
45198365
12037115
10070349
37132625
44225217
13251393
23405501
21606810
30929296
44444660
5711810
29680577
1150838
44410963
12031543
34317783
37159593
22776071
6147381
44456081
12358395
19138047
9062617
8043588
30573515
26653915
25045291
46778412
48527115
13881051
23474378
8065740
16811899
45818956
5210728
14102010
31322098
19444445
15895000
41732324
34777426
1784452
17649033
15833056
7251370
29739077
28170402
33187116
10417676
36009334
35393464
4314807
29048137
22892307
31998298
32795104
27126800
11164240
14787638
40461375
37552757
26655422
43338617
43193494
14496858
26249887
47207011
30073378
33667020
5594151
15566895
10427974
43533083
36909957
36662655
14547858
10805005
32644672
46793653
6102869
47444802
3984761
12800114
45253034
44765507
20834058
9491069
27149030
14095088
37132217
46122758
43359264
12158564
8572334
44986483
24907085
41582868
41612860
5990087
14722649
2544673
27656938
22765320
20468829
17588556
44501587
16754206
4702136
34199871
34292495
33786360
2191768
48702860
40966057
27245568
17616477
47222575
21358853
30026273
11219429
24973653
29034028
47372781
27735084
15989466
43857228
10400601
18343823
30551791
27333150
40957330
31075845
1551986
18747338
44198227
12886420
10301716
22945316
11399381
32008102
34589636
33303908
23946201
31086383
34227087
5886715
28073809
36003146
36868805
992244
12846648
37722174
4528166
43999158
17334482
46645644
13305437
23551056
26386494
48475947
25781164
13693596
27361222
37665566
8445621
12736515
41970644
27293615
37355680
18579078
48545506
3503253
48076822
18059486
43496179
47223942
9501514
27081564
14640101
48146632
36947683
17847491
20387691
6882522
22177324
34267031
20259150
13829491
46769893
4176502
21114724
28599202
45731579
6108311
36178527
30152007
24380836
14875170
19231713
33852427
19502257
30486020
490679
41336485
41575
7898218
32583840
10354883
39133882
45792611
19242545
30065161
36153772
26604265
35623373
8347833
27980742
7566252
41714768
18170691
47928528
15006413
32904280
15579572
22211080
21303356
10920294
31012014
35856518
29229298
24845351
27165773
30444445
41592462
8752644
38686693
9247941
35791230
31595943
9068721
1122443
41638280
34925393
27805939
39107128
28057120
15633066
9810051
121329
26708354
25750015
32348956
33278938
11600924
4659278
40199067
25930443
22174601
46650267
8690745
47784854
32252890
9896732
32241356
23828124
21961415
7090750
179220
26152391
30441267
14626933
13800109
43014757
6868272
12172873
29297076
19419395
37924712
33060037
8255977
33913021
5632695
27689678
33563476
26154086
22968282
34032404
8723301
23389748
14397377
47794014
15543497
8424766
36935318
16634210
15132508
36292628
17133088
34552288
3835886
36426511
48242265
1627236
13717681
27932482
23248161
36720644
2647022
44495296
18910945
29566300
349544
28478610
45205001
48531073
8914388
48578535
19635027
9929288
7846250
46456216
10858695
39392892
33775863
41126295
39984727
29580220
23940346
29706578
26793628
2208650
22708830
11793387
27379075
17480641
25285460
27752866
9293303
22080723
44145752
39432336
33361299
41302077
11047826
45626467
28896045
39468705
40732284
13662416
48070594
8936963
12680353
10216005
39891770
4195642
17185949
10278149
2786592
21731695
47481353
6483844
15313180
45711793
35507928
48626210
48670943
43688342
24090719
18860968
29203028
43327279
28384510
36734833
12406032
12062726
4894183
6717233
40398112
23278925
982063
37854588
9528797
48968315
42030057
29613621
1409050
35937858
3280401
36786353
46902120
42253164
11459521
15686970
46040851
32303191
16019095
29809975
14485313
29763440
39476459
41468196
22404851
7805388
23324254
46172404
20664615
22098862
5735169
2543523
13750128
41497354
36308136
28915177
47559265
46575804
17816824
5106302
38035739
1510841
16810436
22698754
45212314
28156330
48667876
7714479
17817878
26739260
39333517
13500722
47842194
23154675
9627546
16716052
36140774
1225391
40437234
9604695
8348734
4721420
6718992
25318556
34421693
38732333
2581956
42452963
23669
7789587
28779471
6820589
5298528
37654106
23030879
37497835
1822056
13412220
17380963
4317156
19380671
16178842
44356780
31126141
27497506
8402155
25278819
18019682
33360262
35715814
2885703
23513783
10783332
16986660
22736599
40968731
30192268
43792370
5157096
42203081
2491059
40125365
32789711
8284298
35832050
9618659
11600476
46504901
34515154
1202120
443980
37254530
29164941
35954625
5847322
961427
15525498
30046610
15133979
9846478
16416086
26382647
777184
10298206
35794393
19427834
35811634
28472792
32784915
5515336
896974
34690366
4293315
14654656
45683823
38327149
15587110
10398355
37544525
37744228
12520784
13489356
31407208
28203514
11912731
16284317
26311053
5679019
13630524
37751333
552898
46601485
39588255
21832955
14970176
47805206
27126523
30296298
27575818
47094550
1222020
26725923
38006544
14966167
48067547
26769071
41266229
26842882
46877572
24055169
6337020
33317271
42060229
15122890
42376066
6233712
43137398
37559721
45609726
7512644
38646683
19203548
31631308
32266653
35190036
33673879
20229388
29031974
20557882
41333500
9088006
35255854
27658377
2721076
14183542
12708268
28891500
17211060
11989466
5043905
22478544
31697735
39941206
27310121
12469097
45299950
9623987
35624754
39396643
17889781
24881336
6380029
33013513
38441034
12037265
6158062
4599601
19379493
19943967
34302028
5158727
46850535
12555916
6433712
22829577
45972483
41202407
15331198
43732517
29291732
5586304
35652028
10712242
35124861
17686134
25844343
46386912
32217810
2227022
33016613
33876269
26923907
34826369
18339054
25325037
33141376
26697700
19297573
14220766
22093433
21746112
39208619
15504561
15583434
5714910
47981984
2239966
11910675
1228498
48564094
10063094
10945048
9449497
33867899
37737950
34468325
15100925
4853902
47341542
15786720
47190245
7020819
1598869
1684993
32124959
6027464
18920610
4604266
46551462
15495752
47072477
46646283
24977313
8006182
13343468
42804235
38237090
43159478
42331186
30767054
30598200
25195195
22207099
23981173
10250578
24367651
27610388
39797810
6663658
31804327
14187850
45505252
15379464
36055010
31764384
27520693
8476003
43908463
6531790
40388783
39518439
30549898
33302815
31173079
18769093
10667595
40956654
47953640
4044881
17135991
8559955
6617027
6428221
38323053
36854390
10936372
17703993
36289666
25609960
10158407
16424862
18616445
13740868
36858772
27579007
28339526
12472506
17087220
44873628
16465497
47569573
48828965
11780805
22635220
30700030
11299058
47106318
15304267
39393685
46427855
2191373
10720507
10246241
35975454
12102664
564724
34326413
7545585
19864803
47477120
45417540
20049695
40037438
25884947
15869870
10491787
32465898
45007010
10001252
36528268
45168297
24934352
18128935
481747
16012507
15395763
12388977
678463
4596497
20156782
36181614
15215920
39101448
9681517
42132645
4557078
21183526
35849294
11128046
40298713
47923286
19532593
44663430
21029255
33902653
19862860
40974139
36421235
40322318
34066901
18399332
44686550
405449
2733172
28576374
6817648
2282869
41232196
13496850
38380578
21538939
17983701
13566880
34544369
28981596
6283351
42429033
21368417
28409613
40595453
36118888
18377635
26113545
24800569
29055117
46481419
28540543
6907238
9505507
36119373
25145055
15666160
7593779
34071406
40933908
27827783
42320799
4385896
19693256
35996754
24813698
27478175
38002106
7283529
41115337
48096783
18357343
42317185
34249530
1515582
14481908
11318319
38322519
20115731
45260027
13631482
36975912
32904774
30762184
34322952
28525594
31557254
15215857
20249601
40750608
36548011
8134527
6324045
28572199
32698686
46994649
9013773
35362839
30388927
37926187
39281757
13847253
8325365
27835276
14414815
12193064
34849782
15058292
24691036
32139820
3838857
31869299
43136565
4379180
39688535
19107095
48759598
31290250
27667846
12115074
34426563
48459417
24435841
48813002
11042030
37819452
8089325
20087587
45081083
16541674
21084426
2930084
39916043
45132302
41985495
48356523
27985632
2709962
2703039
33305342
29486860
48459677
32664369
24029470
4619583
48881889
31922853
28128128
45863688
28208430
28162837
26097166
28900990
27099994
40723676
39954444
41738370
40547652
48003162
33634602
17109235
24952125
9944590
40559521
8630273
30759136
45653484
35163895
13706707
43726968
640972
5457390
43840094
24266085
32590221
16975060
3018201
3714423
48965291
19766521
39791045
41546448
25857095
37946547
34361624
176024
40951283
48587373
14922021
14534641
15173616
25549715
16321851
19669059
43906038
13949983
17052429
42410121
34522923
48732922
40370479
25374888
13350773
26865033
21247883
28875798
8493374
23735285
4406983
47902448
34393031
42328103
47668429
25681071
45995264
26257856
34254004
17900246
24897361
29855910
47212790
44504558
30643678
42855473
2616630
41979522
28427061
8803111
42523247
631638
26865753
13505445
4127005
33474976
9855263
37996203
15952419
1074531
29825858
2562485
234019
8711960
45332839
21410572
40427068
28095018
41844100
44881698
11171061
29392804
48212233
4357317
33371532
29147761
14428412
42813519
39939880
19279026
22420963
29017801
45504634
42390778
44133787
6614406
9006160
8780732
8170345
4873538
840512
12597502
6229646
19307051
17284893
17237821
20050077
36028974
8407561
3934900
45669466
6813744
45021273
10548075
30412509
31041617
38207882
35632991
20392556
10922078
14257997
20513790
33884015
38890228
33384617
35353054
47444062
44616227
48423825
36056448
47643893
30533461
44312609
37991826
48256975
21739524
313864
7598780
39359509
42077422
7913628
35121391
25401235
5463259
21340194
35263123
10649061
18769408
21374994
40362370
26038064
24367770
27612778
39014566
31929770
37768391
27412834
11387614
45972335
17890364
40743839
1135671
31276487
14056689
37677961
32141799
31380016
47720048
48685153
4238118
16676186
42933974
13781197
30621717
43814199
43054391
13888129
19286692
41731345
37490829
4233196
27507103
32921604
38844387
3085336
20542156
40796057
9522470
19643776
36320268
35613878
18170754
12457710
39618293
23160278
30441518
23940251
27141898
31043862
5751179
39456922
35054470
39603380
11210411
8217191
24527507
1323046
16880905
6537099
5707846
45052829
5872414
15905371
12379448
47048331
42562867
898380
44959394
22908593
41956627
15346161
36479190
35494080
31016193
15678042
45018381
39881261
9672676
36684977
44989392
6631404
19730115
18320883
15075873
9887365
31819891
9474011
36098805
20828077
41148290
30286080
32673381
7824084
22342505
2964672
42572541
19654274
7941754
21096837
26913008
46946151
33329969
12284752
39475700
31618537
6005366
48817009
43891869
43524877
8438466
26668509
40555532
1326354
26984597
46085466
22788561
10991814
17325722
46296330
37154697
33324206
7943575
21192312
5735147
2688231
44022919
21475704
33224871
1479207
36766869
14628256
47954056
42195036
6279386
31142295
36726669
2964094
31862147
17223360
2969345
7112112
40167517
34953670
27537794
7476387
28759744
16975836
22837118
33001516
29836359
7445988
19072663
5255344
17652998
33259444
9946965
34027316
33708836
18596615
2525152
35055437
48832475
8295365
5468367
3315292
39763753
10986913
40478354
24750035
17539447
17015675
20057923
32691130
46677531
2045562
33639270
44758229
27623082
15391129
5412457
24581015
30276595
34813220
35791984
32625683
40034212
40350351
31502164
39137004
18764141
34713392
21070674
37000787
9015217
34965059
3320543
15013717
42447466
23462678
45175717
33848318
10821749
18012361
48051861
1919302
14906085
18248140
39345771
3042067
25598139
11082842
37789032
46650913
35262612
44441634
41607124
41380813
21586210
45788773
18066330
22246959
17181779
26589219
33680244
43001500
41517594
20341469
10321605
8599148
12640929
27163356
34796457
8902447
3106276
29803721
3057135
11864018
33133606
19746533
14253036
27947226
16303835
33831003
45527394
34365404
14339028
44818352
23314483
48339252
20090598
31960715
29050320
14663883
34071626
13338774
32679895
32918445
48184145
32158249
22802692
3738481
15540684
45476341
46328917
40242259
37153719
23794207
38094587
5186380
3442698
20905638
22903437
22422036
10975579
709042
11050920
14999777
16211358
40353769
10772536
5426714
38372694
15711545
30983989
1153181
5638234
41005251
1599357
44445664
8101169
17809955
46893170
24298426
8322622
14018313
42631277
31967339
20351509
17188949
22766548
21504267
1413663
13677998
11371115
44975803
33497685
19697152
44710846
10784643
42464680
44060991
14926330
37219513
1556915
38978739
40037428
10192571
32904082
32789403
38036098
24286347
970937
24358461
30667150
16838887
42666805
25442328
684395
39330847
7258890
9088549
10133151
5437861
29180314
40673964
40748562
22713042
26232473
649854
36341918
45728772
42504076
24947592
37665689
40364345
46558262
47731630
12640077
101338
31818465
5161241
42619198
24615655
30691657
5224822
16154492
43819562
9667042
40595847
29197696
1821029
28908236
9942792
13689300
46950877
14441490
40098707
35371125
20987306
47629384
2877929
48546687
2139730
18872935
38934060
19207872
46456923
15913165
47962441
6482141
47686415
23469585
37394375
8461163
27355699
36041385
24558646
6105470
7846013
3171214
10738507
37131730
22440964
44501303
14074197
11579752
33937789
32952928
23976799
12924224
45489654
33004995
9612627
23415463
12899617
14504499
11729036
39974782
17226750
24492855
18087767
30708856
36597491
41836595
32902518
21250229
19678976
12871035
44366964
19714284
21213855
6720809
14541136
10861212
10563514
30121270
36602953
21013565
27946879
31455409
43795201
22074190
11588982
44108129
3170031
21924836
37761353
36236181
21887015
35517895
36895365
16734777
46806339
15347262
13641222
11515086
17366870
48964693
32140785
29129758
5173147
10352642
45157296
24903471
23258260
30033554
2174391
45631149
17701968
46356293
19866427
48687073
18904159
30147751
46830381
15933851
37821
2243458
39824421
45635843
29195160
21548103
43577159
26774857
38463997
13676530
19857906
37237112
43791546
21788143
24456067
29269677
36094383
6607346
14212683
18110716
12331585
4818099
25764721
18014896
27452134
30202281
42340297
43453913
30109930
44586922
16593035
43885584
13531903
18276317
2058683
2420303
32084107
29900629
47400556
41710489
10368589
47069764
12781045
14521868
26177364
9332324
6540598
9467271
43275762
9394584
41345995
43316690
17849569
36046045
16158204
24481826
40575956
46753375
26860878
35224347
22538623
47316718
33310504
11111599
26675815
12641659
44503353
39373619
11015644
330792
20413048
44846721
12376003
43932326
48464875
16710093
6540167
37629618
17121277
48959073
32028620
45783555
18642089
42367744
35953693
9888434
46620949
5351609
24214752
20027764
42397447
2910628
12124507
20668845
15608247
36302197
42109619
44172561
10444175
15168924
28438393
16964327
36865451
44665911
28875762
10835257
40072421
6581095
46084603
20337722
21800587
38660877
1313466
237259
36230399
30602084
34673683
18076789
3437767
12787728
48386862
21728602
36302382
24822311
19042831
11919290
25858022
26940695
7217772
33963453
18787078
32772483
28572169
26030194
4593490
22294667
5234258
19734698
25264113
7423726
10507860
21563328
42914082
11194987
14563577
18153610
27164317
13369559
10173532
30709166
16968951
23564550
43169376
15866695
39447894
41102136
4701518
40894570
8153617
23445290
45874888
33240489
28178992
6277502
20795935
25342397
37514159
46810533
710442
3700785
4993249
48312874
47483355
24760472
33030671
41677623
48463683
36938756
36884213
35608982
36539791
1102255
24600261
42550844
11165177
47553325
32948519
21739833
44019682
15396733
44266298
31080990
12444553
43320200
9246948
22985403
24631955
33813374
33300888
1397568
45701035
29232778
6765807
5805732
16780393
36575520
45277015
12854701
398965
35781957
2492325
34472551
30420683
26046936
9602325
29908948
3533643
9035389
26473536
4422296
2952180
41429703
21834041
38459151
10171849
24433575
30168120
23234386
28595943
4068110
35115366
39895303
3935988
19190288
1012321
3925692
27660159
978662
1845979
14926414
5361274
25445390
16353830
40995340
13996897
41050541
43919017
48111347
6083209
25527438
31588256
13493030
31257853
37884071
48774635
35937464
36321237
17583614
28602625
37700641
132121
7408681
30366586
40493901
32013734
40517264
2079713
12733744
44617389
25400590
39056189
4849539
2932096
24303290
37559927
14885551
34967331
18391579
8006695
41590180
43269585
34187790
5201999
44320390
1562834
31191021
47818443
47620597
17451493
12677548
47817660
121825
15878552
30332926
38414188
19279990
44899876
17162727
22677556
39767850
22468494
14752899
7773216
28530150
29819563
19168348
6878855
42377152
15605599
22818906
36388181
47949196
32624956
14494583
36985552
43425843
13739528
26624499
40286542
8813271
37282601
8968337
10707638
45598563
34433051
12735064
45602435
45615631
43694234
48408261
23478237
42938344
25416941
29088473
21651295
36442412
3562749
24543554
5988971
16656404
30677555
13377201
2447248
29682718
755055
1844656
3139301
45409861
29825503
22801808
38589238
40684039
23535287
38456179
40479733
29301024
18040831
37677778
13620998
755890
14474924
43389765
21287049
37974529
25525724
37591346
21937045
27389950
34349603
41611770
5692760
994837
4105750
41086196
26543417
44828800
21019154
20821097
6820623
38141465
48266522
40616664
40687911
34717868
20415348
43285559
15680026
17284941
14686458
19231234
28468841
25500396
9347644
24179308
7521088
38619379
43725347
29325276
21697190
33354766
28989624
5090168
14935025
48760556
20067042
5722319
38008176
31877689
13038180
6687564
37937159
5032258
20201316
46402352
19037841
3130407
20082705
36932397
37816100
38186063
1367193
44773138
9462912
19728266
29453962
27195813
16922189
10370581
335651
8090625
9903344
29229069
25506731
9212706
2235983
37189354
33167744
22804216
34424135
8005922
35486249
40534808
34994417
8554513
17803251
22589049
14314307
30896643
27048808
42042963
28723151
30638928
6802780
31267100
2806076
19083380
18343765
315168
40950842
11590187
23067499
690638
18476690
37317378
16528567
28431768
43248824
25161821
36317967
42889328
13495110
26931736
22731557
3888972
43240206
35906608
44540242
21271345
42657097
45409880
26723787
46456052
19316456
36719400
4406938
2490908
27132539
6753578
17731273
31743807
42113498
34750122
24645676
39044922
34552159
40366746
41113802
359496
3150315
9386231
20157771
1089741
24175135
27308553
8348731
21968861
33733116
39613966
35031162
45201046
17577028
30487992
42049113
16825547
9586861
46653361
25243240
35872337
5123685
23464756
47581736
3068575
40681568
33278931
46931121
34192663
28700035
31727571
20685330
2060574
25694701
33332822
41741011
42689878
42575438
9218370
27421304
37532070
22036938
4543170
3151933
41235086
20901131
35879357
32065912
14198129
33013279
42262089
28774206
2055110
31783188
14302805
45621060
6488905
45062501
15203550
13507333
26639461
46516475
27836112
803168
23488427
39757385
32522641
15268574
45526973
27665037
22878133
34380137
21285457
24125644
7756180
652777
47186607
2866078
38803824
34423924
22441773
10478900
5955005
45917656
16777887
9723909
30417509
41981573
18423040
9170680
26154825
17319897
14511651
37078728
17280528
8219853
34714017
45341209
32874046
11146835
46863185
39236094
26623957
20632679
25939038
45373707
10848954
12762683
20907909
19808528
19952523
25524118
34184618
45231097
6983750
23796314
40300870
21246829
7310352
41586748
43659030
29559702
39369
46775403
2364711
12422924
24345808
15050785
38961629
34121557
33522879
26230505
13297055
21733854
1267329
4659959
15949402
40040427
41810161
44383792
26107514
23721427
10023972
1871908
45413832
34736922
16485962
39197727
26587800
18234255
33030983
37367231
27194990
28100050
22429595
27797531
22461296
30707856
30527907
4214727
20824501
