#N=9500
37510876
89165452
64582170
57937635
51379516
4685458
49012758
41879764
12670299
62402644
36730048
33458577
79987247
40739464
27593724
61679756
87377412
90187814
85044176
61690869
44741679
2866776
16956342
69595833
4919391
65802495
72638406
16872896
48635580
31601415
10725115
51306866
19269560
41380335
80658502
9499751
82265160
76860114
5149716
50945347
72665398
67724209
5864853
18307491
43612052
9139534
48369205
25686543
45446135
82177399
26218151
46879470
69681010
41403848
68691052
59780120
88900540
22520615
6147781
69062339
12331854
59594780
42381989
81503434
30848800
3798387
4350035
31319812
75928341
9159132
26564118
54357907
24112156
68458943
41671911
89659134
53943400
37925430
71202017
70300290
12496389
75064303
49922043
81634515
24236933
27654061
53632338
1321825
10188760
36803002
26680350
2562045
10229604
20067225
77153399
89778989
18120047
66924527
76489319
21570433
75296977
29838800
84419621
6186647
14515543
3746480
18457117
73893111
25429041
86387714
1861871
2595499
32310994
3751605
28002176
22915108
17465301
16829336
64891476
79360340
26573398
78346749
15658647
82434241
1947178
81962496
85023295
68283239
81877551
46650519
27400813
50593954
15323256
62156765
77979530
30872433
68567440
22319404
53514864
22833541
35560344
69843890
46326948
9395885
76536305
11172840
29757257
9838586
80505939
76794727
63701692
15872782
57883195
5429776
69144571
23913940
84945
38372776
22366050
31283597
12810886
36977673
62864424
56184448
83839325
55660126
49091194
45733899
58492684
73920974
48240218
26164459
83557586
35154108
51372253
48181343
20916901
24696155
36386894
46116781
18911532
58271916
18461836
15452879
5344831
30771795
73281515
59051348
7045513
57122002
40152798
46876439
43388348
7204298
7093253
19589050
87417443
65420221
69227305
13811849
62097013
13086110
46525831
16859866
14237206
26676098
11794449
46533745
5784623
49848603
27654945
75192277
34410709
77940042
32421365
36543483
5209905
87893138
382174
50419075
13733653
32948500
39783186
5282922
10036856
13406657
40611746
55089217
75056832
56141195
39019643
45237147
89098905
19849733
5065417
39437086
2375099
33679471
18878799
20842346
87171518
21448528
42770912
88117227
72730136
16261852
17644933
26524455
74159484
39167299
10635889
80184356
22911644
7860152
54921177
26681263
10083450
56204176
87803199
29819685
57292291
19169910
21655353
31145442
17474634
43119571
2041911
53266377
18241577
69163896
49805059
89304292
38968393
26509059
70472294
27689305
13835993
50211258
87622191
84225129
16255655
2775736
6746803
86480381
88026703
70450626
10611689
51997389
89161886
68633288
8164332
7630472
1695276
50269407
10587155
35941881
24877994
23128016
3461318
19187286
30195503
23296000
315622
83012713
84406691
1744659
30317114
19860865
33955603
84846455
58961949
20025275
4999034
8029802
57352316
17512938
71538741
32228402
43833057
81531413
66938012
29628550
68776942
37487020
25391413
77709140
32480563
5690708
64666138
51898943
355287
37432791
29139309
88820964
34179222
46029450
58039057
35720660
51148916
85663953
79847421
32415771
52922960
59219721
26741062
6607538
45413505
61740952
55540391
14204507
84488096
10934616
4237137
62801426
5006456
1184329
13043002
70831621
77069045
27233347
4243257
73517949
74987193
54843484
30781906
88708563
85130535
44108729
46123240
216769
32740993
2111324
77408333
27799046
13806215
36733735
41317148
12692622
67502857
26089399
9967370
21686670
5928159
74786433
31242048
24424836
14365284
76059656
48071988
3551096
42496154
21133398
42736043
58012255
59962950
76923178
42585322
84913765
83101361
25495540
84792062
4941947
60038733
40674598
58215523
72847218
59480879
86961374
2725251
27299811
20161239
25430938
62178247
71753324
60421148
45432392
48086473
82547813
33563502
8422213
32548678
56217524
51420449
56062866
15426933
65299185
84071817
88823407
71855328
59643038
55706808
44117463
18460049
77441516
52927344
42987774
70121967
13664692
66800134
67544314
55371565
20141540
55259791
88479479
5150475
49606960
11868890
21147883
49999135
49079603
47251765
66735813
40790591
57854889
62241049
88587152
65177482
5912403
33116599
27737865
22666613
49998917
62923744
47205900
7319549
20746276
47921264
2577653
48543128
46658594
84018148
38625710
14991064
77386456
58094213
74252593
89857825
53039288
45629743
54996947
8289012
61130501
4494763
23937064
64411032
37812270
55470553
37439617
54979414
54851307
36547746
47194338
42679368
23661091
71018260
4741896
62453149
1262670
80543131
9917417
31667530
6631692
52265122
12472096
77778631
5054924
10106473
16344502
26233900
74749243
31985808
74601949
68453094
56932494
58716512
26971415
73082857
72352871
72625496
79518701
12171939
12886654
47909703
37937472
51457943
69755590
14448766
34019356
59845141
55395063
29385920
679057
586685
28693822
2365623
42917753
69071025
25607231
74608695
41881952
78029774
65303315
15885437
41481679
55583262
58097266
26079544
65297781
60180932
59738841
13092622
45968092
33162336
68404113
23488706
89172212
81644074
30787328
76367061
59166083
54808377
692098
70047059
29402557
49872798
67008393
58559059
27189072
19311081
81039005
25996515
18031719
81453678
29521796
87135760
80535482
88166335
56590703
33688783
85946465
8060129
16422133
22479386
34240125
77010040
82951379
84538776
3961615
47712575
75674963
79369025
25405820
41069301
3038666
42577122
22683725
29180935
67770055
72926182
1279362
71318952
68208344
2629584
918196
31605462
30545056
28330323
73953495
30014198
89000274
63467079
64070004
29662094
29778008
21434974
73048425
16722427
8863813
14842591
22306755
34605662
57813982
54562323
18385575
64107732
46540692
21491168
27901573
86701104
4717837
70383402
70400756
36602882
62334529
44321498
29385592
530858
29580049
82220041
37677819
59338180
33689071
42635030
28347294
84789205
84304786
58205834
84665673
64508152
28762233
39478057
87953711
83956251
79755256
87144408
17689782
50089588
88506956
29251796
88033973
39848580
8048873
7562882
78950915
43287295
14741448
18899176
34586664
41975494
48530970
85292790
12474509
20633490
30063868
60391461
123532
19796634
10927224
26671240
48288065
35055983
49972802
809303
47750093
11149291
70371077
78687987
52305616
48658376
21202922
80471091
32631289
36495203
83071434
41535363
8700631
44499579
60618207
39543875
29500985
27897479
36712545
23816673
1993582
10267234
49464237
63702292
43242194
66121242
48432063
28962386
59039515
20307134
20688227
59312106
49093676
3196325
38968689
43568149
87760711
74957720
69133282
81345927
27794572
20055479
71167157
40890381
14998594
32720727
74564954
77417937
7387521
26445311
64602437
28541291
38758665
73592995
87003854
14279808
78815352
28124929
80007783
89977409
42947083
89225527
20343417
77259152
5685614
35744594
64684868
6414784
47163147
49077802
81912394
58637816
76790510
38446430
38059051
27830658
6816830
48119643
84549125
50579855
59420271
81259442
13271062
5962481
66511268
40362549
6005649
79087944
56911471
62515881
51117616
37421556
83539913
56332448
12574283
89520831
60315071
87340691
86486016
78775332
44020917
43465964
2062389
48959852
13113223
80189409
33531534
27970600
78949372
75023307
37308793
34941414
14748174
44642138
90206832
77673325
73701079
15223393
9453952
973539
69225969
66518792
24847272
84269083
86267378
15483593
3034815
71789740
43319774
24503675
58196567
66794689
30352741
12122980
15428318
56876248
72973662
30241851
80911808
25491582
60275133
64400280
34984583
27324850
61191060
56467063
49702997
54211164
36247425
14668784
66376267
75206887
70501415
9363679
62717892
86211262
43897444
50264764
13593173
48258709
84400935
27557210
51366371
45210118
10882943
75436468
66214440
47482080
41700343
16511528
80757000
32950282
74942845
50251145
49355478
6979896
20219637
16517836
59568521
32774163
34417370
57012588
84222620
74540154
37199859
84186752
72618089
67372360
56113830
57769588
87142339
20674441
16674267
66179904
69245678
53650864
15219748
31186536
56975081
8750061
13302308
11989479
55328429
49446573
30031507
32837642
37661375
59179099
72350467
2555933
38801544
50127217
1296353
71769492
73655690
41561124
28072922
86582126
70480021
16923012
41095321
2446059
41678764
53273403
32443779
19542766
68409408
6469687
89617852
44985602
25155257
54105736
72207972
22490787
11785197
42586033
32220799
35105442
20377554
22223250
72993205
38765677
48205152
49985229
43696570
58807189
42814728
82883535
45486805
68033962
65494249
78071918
60252281
3619621
56597620
25974092
1658539
23423806
71564431
35512116
44511254
74398095
23804163
11105563
62003612
66929756
3692103
9997549
33845862
71861878
64268099
4491599
66802732
61131588
78904126
51063036
13320384
65030767
89122910
57664887
7781681
43358252
2957922
15761813
1961082
14657437
26143285
56396424
50646177
68899961
11707953
33405691
84128107
28608032
79147085
52006063
14567517
22080225
35979450
29354263
76792771
74870136
15837474
15739696
29294828
13873359
33673750
27389121
57249086
45764658
36190589
63753493
41397169
78550486
61352152
35814659
35744885
47493325
26172095
17240485
56505479
73349922
25992231
32122044
85774139
38550483
87760238
75463255
35537455
32842939
13516789
42536699
27058932
1964114
53799570
1905706
28357898
78159093
62932157
83745594
76101114
47890104
74134965
5582510
24289224
13858827
81376189
90238025
62721471
43072174
81498255
5867059
77825783
59175373
34611807
82044509
3013028
54917299
61946466
64734380
77517631
11552674
60470754
25153226
45339841
65890478
29223550
34862305
73791604
15042053
81344253
52002228
5084503
41759762
86189946
5784824
41387357
38304015
8739770
38338036
36980015
3806506
61505253
67514899
56162344
51428133
1581666
10012273
49133292
50393792
75997251
52364405
37946458
84830276
86179677
82211160
63832499
14181496
25251677
21789376
81691175
39584491
37545906
71033304
372404
47885931
87295055
74782946
73057625
4933264
48566408
59715117
37894162
81810745
47416857
27633695
2294840
41437875
5748646
87018888
12447333
81416976
37918353
27468923
2481401
71998180
56959483
42043123
4223946
75917186
55977094
82391496
20695711
79909976
73988249
15839459
46561931
63845415
7700162
13342508
57289102
38489288
84031885
81994092
79515904
5978981
3368673
77259578
28990542
14581671
30584158
56712035
60419199
56170174
60759440
50688278
49257858
52775922
76316030
12082451
55221475
47800743
80136871
4856252
14831669
81876459
79872921
33219423
6556313
40944499
1044248
47028635
49223384
78052903
60109043
73989951
67238440
79037002
46675420
44012131
25896097
64663985
67686220
9730920
78645941
7983518
46105873
37175406
87804447
9998911
3679205
31848847
14452697
88510413
15233331
71862247
75320146
20412046
32175175
31261302
81971116
84974970
58653217
46967058
10814463
71322041
27314531
4709933
34624529
53745059
66575912
16165177
57751669
41186325
35358672
41470534
10429072
36106962
33496201
37439224
85796214
5418792
16615516
32840451
84923892
66554910
21170696
25542467
28690931
18933829
44341710
16487681
74160507
77581177
19652527
6104530
36697512
63819472
9867645
90192977
67727015
6873211
71056506
16281135
30757253
89501710
79707958
44723473
22044373
9561033
20823708
34439387
82478526
40310606
83403379
59381425
19347603
73970492
52934382
83936874
35023323
57010534
87085155
68055977
22367288
27566680
67970509
18238160
67826082
2994434
19136471
32929504
47849582
71804796
8306802
76283781
48940961
70146925
5383389
77854986
17332508
70763102
22769633
4580725
2446627
9432887
6447042
7144354
20430793
67657473
87101720
57217346
16126869
41002099
71819093
75862753
49990598
64976075
89351690
16380202
26878477
19065299
6106326
61815802
22863835
28409878
52384016
42819600
34298041
24870287
36568977
84485408
49800099
13336745
88383683
67035898
60735719
10523194
10292634
53463447
33014228
27583245
57131878
30514117
81261501
6843018
58244687
15094020
19581222
70286391
10273876
55312676
86451465
49430073
81165410
51777860
84361838
27513729
6250622
21546258
46803813
4715856
67835349
73014202
42851027
77860489
38226887
79005897
49242591
72959390
68065194
2500110
18055369
50288860
44003055
66167481
58995421
78208297
4820143
54518547
74084926
32577428
64397266
16157229
55318236
35135305
45527237
44299204
52443541
73268391
25444533
64039611
33598454
80224861
16270939
35578755
10101522
55517498
10940703
28226104
36387645
17776333
48747056
42137888
63027064
37528382
61347338
4476874
4123371
43976340
80371281
39411321
48992817
10745585
60879993
11019032
72941765
43992471
338294
78653930
21153561
35469673
29252296
88269700
51606962
32487065
24638052
53609043
19129853
64897994
69729049
65983381
26482894
11218674
52524175
58550190
14888635
89104623
86089218
54962051
85233523
51109320
50264953
37973785
28053820
16887522
82414362
84537836
4322533
55118622
30885258
23133862
55596336
68498856
45115272
88247920
13357212
31473682
74129995
24880097
38415100
39993999
85192831
58182704
68063663
53669553
44194597
50176585
3871099
16463522
76430723
47259738
23055500
14861055
27293048
15249609
12564988
27295740
35136202
52922296
71255911
34120027
68268591
57598416
55141644
13641589
85851550
60210740
83308583
34135996
11420891
51966021
62180336
31523277
85721732
89620703
49798454
9214699
45479487
28344986
65141647
43053292
19966690
79539515
2296066
71730932
70363408
31376317
27773454
1016175
74903705
13657494
50712008
54627002
43480491
66664529
2066631
51715554
30273473
12826186
43689284
70147614
37977913
44293258
71974824
76507033
44141215
2937091
15806677
74159820
8378296
57335756
40757225
19969382
9176107
61169750
25441102
50830857
46722613
14115960
22037792
20276703
41910628
55781104
34043994
82014937
36391056
60974070
79759895
50375859
65098273
89646027
88422791
51720881
152043
69037733
42183980
41715020
66292420
48720921
33402595
60142539
29643273
51321100
84778281
48595250
14447137
11325142
10276689
7929533
43938956
56506689
57966334
50145692
19390048
44803549
73988667
57748821
86125798
80363869
52203069
85111017
89493984
868682
9536900
30170648
74478938
65196684
8312425
77883506
561272
53815119
65614258
71298024
36873963
73453139
38318561
78251228
39119810
44020001
40213200
65526889
18600265
13162785
47890649
33374851
48927752
83874799
5545752
1014780
62603510
32818011
57057741
40806960
16639745
16073841
21858223
86845433
64635412
26230930
12269247
996873
88674781
63894744
32979463
48872736
15816953
66032184
38038028
45326546
6903360
27050415
17636240
56959038
35968658
35749475
27829099
29396595
2754913
62977741
15690664
3280174
16178266
40983899
18948737
20044313
23172054
67360917
56059809
63638539
9289774
20108128
58267411
39802045
48077791
38680903
10834708
42224032
59128824
82721237
27690306
21677947
62815382
53620390
29129939
78305687
32994561
55101359
13705931
71208364
46799475
64956766
74581438
67867578
89545470
23321444
35718128
49783516
58071143
17435305
5371128
59737730
62280338
1070131
10450961
77587384
69802080
90097096
14533726
18934501
19905855
64319917
82798009
56243320
20625828
64278581
64599756
33519822
80035509
38999166
86876927
50665521
47144921
32743617
32149450
21245577
55500302
90016448
44412388
70067037
45404967
76034621
49286769
74942955
21518052
82337490
63053658
32351203
70191241
40463810
7870117
53912536
25177712
18519428
63377188
58839631
55976697
25600590
36892895
29369987
63587870
35616934
18516071
7382967
67493316
13866626
67083190
57166890
44611481
58627768
20780268
42195637
36000193
38682904
11889297
79416849
12146249
22589848
5964710
88012330
87019722
79600690
62268972
56588082
52792732
37776598
21946736
8090333
33746345
73009586
10853916
37688526
58373619
76383070
30549778
82060051
40988770
8455422
17870246
74149469
4111198
53830989
30306339
46833345
26536655
79549450
54935763
86117544
7303750
16614021
25743358
11915264
26807958
5975998
34641346
26186022
75763877
20670774
87486418
86307820
86369592
6204471
7138748
48047193
35394299
22094356
45673429
57089302
76077848
54289258
25326753
47527854
27294334
41006890
82147583
30669111
53729324
19805365
60374186
85638487
80056064
1250983
67523919
72355560
1945746
85704196
10433229
79706058
6034807
81281947
79169072
38322399
61060172
75294392
74107389
50038622
17750133
81634172
13246173
10033618
8478548
56053488
55630272
68358847
77527567
43825841
60544926
58340838
29999302
40606827
89848192
79434129
71038862
72069724
43405955
12489688
61153013
19401282
536986
57962408
20221775
3874679
35948635
82755175
39027883
64206842
36792449
79450140
54639248
28926309
44653346
11853325
68775922
83538056
7813921
19186729
85560164
1421723
40226270
40815174
41301589
17778468
17511797
58549174
82650335
24004673
83686327
74924230
89429508
86912308
22013773
27716600
36580421
43475418
27446350
31311368
9567594
79599764
16280417
24269546
50400388
32848915
4039404
49589193
69711516
6392198
50694083
44744990
31853758
22447802
4787000
73002416
6861758
65240749
46596472
79459730
24825165
87024020
52910457
43196532
31815511
68788355
72003875
5269052
33907824
19580211
86764576
57031672
29199376
73681503
20230142
811194
53387400
69380830
70628735
24966526
46272065
28246281
39957990
49101343
87319669
11279876
7889568
17652028
40415584
49822453
26549273
53362258
55208509
74372102
61442658
26546458
34880531
52423664
80488102
48609777
80630835
13083073
18285154
28388182
20294103
41099313
1916084
9904498
23108765
42382453
75258537
68904347
12660237
10161738
41211774
69667640
61114293
48317116
62836380
77303326
66347569
42427172
82169601
28662050
20975195
9018994
17791981
58004379
43526453
48888653
30324623
33726277
83038971
67435842
7955721
82123230
17990547
49783632
24895962
25938043
11205840
46580423
27692572
33242598
39297446
83144659
78564885
55544591
53703172
20409208
66867350
37685518
2935600
73150607
82603694
53220817
37226165
40636952
9163380
81533801
56099683
53138782
25770556
915741
30928918
29905714
38710892
63786129
38577792
50049164
88495472
49696867
7282977
16281538
44927713
55486479
29441486
39639301
78927242
87751279
89207232
83966743
45331825
21448408
35924442
23450366
44057437
27425989
74787270
46274599
55763245
36667566
3693487
67598466
52454850
38876414
81577923
60395353
65540658
60614550
42766187
53697557
4769153
23530122
77090053
77022037
66809238
31940208
40682070
66694124
23903078
67758824
48042301
21881459
67640971
80232077
20396721
69516463
61912745
19603327
24064735
59898403
74462717
36550698
76270544
63793122
63585757
2446997
89362791
83576725
55845396
719688
66857505
89730742
46970885
45149844
36339967
71848739
79770755
44656870
18651822
2021619
71851478
39543849
73218363
69858133
18319332
72527018
45451728
73747967
35390611
59247662
55361484
10669595
63214941
55307170
46163956
51742657
36851602
88643102
16719220
37848279
25482428
21707661
53390775
65372147
37112714
63416721
34680540
59232760
63055393
69357974
19053257
73726970
2708141
72424969
5890029
16304990
37136407
76454066
90120107
6204639
67766346
71787939
36239264
83205909
18455568
47770854
35023437
70736948
44644298
66745184
74707504
50360281
56328572
80224055
30691607
68129954
361328
37056191
40179503
61062048
66649833
18361912
49320565
58136776
16772186
19685963
88168508
12415392
80421345
90065793
60215376
74810437
53332370
60202035
48182472
37968621
3126556
40011878
86279444
66017642
10416612
84733450
19668674
78448618
61346351
65369041
9434075
11032904
60656358
3301215
83475108
80246682
1589726
29634601
41701892
76090419
29514619
69836340
42450017
5610908
36733423
71746966
8111589
87097374
57075479
8170594
41939178
8842539
11078890
73279619
46348967
22217994
4870723
26033258
50498167
50313446
4712682
77866485
17807797
70659677
1711488
53840507
20028414
87482933
71853607
43599177
33640402
23903711
33102917
42436676
69232944
39886050
14671487
90190995
26641820
48232940
68825329
40393184
34227196
79110896
68408895
20315709
43453452
44807278
21320576
62881683
13989273
5786630
57638620
54217291
32114887
4478556
53720524
48162861
53842531
29433520
10496260
62937351
44920768
64950492
27765189
50775573
84977855
56688548
21365666
76498637
85739368
61448058
43717913
13911487
35657444
23601617
70728758
52305393
12301628
87267570
76976688
50021983
45405368
53160064
72230391
74202026
22369649
5770628
19150225
62638805
74762753
35795769
16655786
65878819
70222638
61326642
29409907
8479218
42682804
50167609
14264347
53311505
7274237
20116296
14916354
55085676
11299989
73711188
47062330
52529646
23345826
23816623
49525217
61453343
12274039
66459763
36535425
31464469
2741499
73604456
45983019
8883934
55823132
27062769
36468912
43227044
127461
50975923
65948495
79621300
24376995
84398052
19878774
23922186
8816307
31455167
8023345
30503968
31848986
23245707
74738054
52142484
11542584
73315454
6401541
52543195
45201888
53180970
75731450
84107566
17781324
403874
62665023
84329713
26935307
57226613
67528549
10756162
26598928
71800444
41226150
72188434
75581745
78673608
15898841
50045964
89856181
56511263
27499539
51440127
11703122
1422599
27224566
30733014
28113566
43470572
67061745
32827946
35399646
75327576
21442543
23701611
63718568
77172034
88534789
87912770
30627685
85978106
59780013
26144119
86468699
52802542
56289593
7019405
79067428
31121202
4030049
19899678
44808141
26076939
24215561
52703733
63559034
74003995
53921270
67019245
8070926
63467794
11385403
83431659
83342633
16004134
6900447
47539422
46544349
2556682
28132757
4483566
89759408
6977470
60104527
60932918
45468739
6652014
74722981
40651374
76563062
68203110
85934118
82354409
34251530
21945191
89032464
68273414
65933068
62187100
55633842
86622893
51858786
67114894
76531212
35803210
59709786
76077390
19406665
42060782
3047275
21155287
16112664
10310114
33242356
34936136
76459937
4817365
20338953
78253496
44967257
65942278
33951580
45472551
65055570
37711741
27745747
8328987
12639572
69560176
82061939
78768949
81825306
16055576
7405108
72187447
16396545
89382628
73030114
69985003
7431742
82987162
78162932
71426529
24100177
9908614
14597183
69940066
31583733
26130299
44301916
71228331
886708
67973463
17726803
56726582
25072169
48435572
88250674
5604248
59468495
66006363
71363841
9637859
89909031
80006105
89407333
18145167
81950886
80292953
82072072
26255214
40370609
49737941
38312969
25893736
68574882
78716885
25638150
32089027
25243591
66578453
53501527
15893751
24384918
59541232
40209533
951545
60700701
22244311
24490408
49830636
47830956
81607736
10480526
53247488
69788844
80848005
26323096
37179296
21405968
13817754
78192245
86210498
52896684
31329709
255585
36485854
53473294
30793322
50321125
81083465
23677159
84210296
47417843
4916996
89090532
17965221
66711138
82603690
46146980
33132672
39350110
84833469
83552517
1366146
26924391
14093171
59442037
84238967
49237052
6929095
51171071
28346160
67438536
16410830
68106416
41195888
57898354
44123454
7116162
56360830
15149246
18760163
85369765
29452621
28455859
78220467
43551866
15062090
24737204
51563511
39830156
37983964
57909078
50942970
32174109
14419049
55106120
33996566
33067896
20890892
11224183
16243865
31973368
26242648
48762476
23982962
34079726
73271149
10457832
60089624
61241066
75946625
80554305
78882923
76150756
85127394
53483263
82238356
65481935
58486865
65388058
60620811
5809854
24973652
86086850
69911168
71601154
15698852
4256007
88557656
79167524
75231536
57731389
7990406
63896547
47224952
85258755
64240102
12030083
24761207
69785320
54091768
71529494
67160536
25399660
65646025
1129083
66730023
88583922
76594749
52677010
40414406
64783961
7632311
43622499
51871622
47138785
54777123
8264953
758095
30826266
71177118
11334989
82240062
84715276
89906445
35194868
41981172
66188407
29671940
24965338
74358409
28692108
77617094
66031453
30403262
67312103
86517960
85786637
29653140
11810787
26528323
87041908
84645964
50743527
60579000
43606669
27864313
5434481
27337835
79673107
38836205
58195467
11678545
47045194
42734104
5201662
77256553
88749459
63563622
979832
19081868
8326956
70022471
10304991
51247118
34866625
19142587
74707172
59258314
32861233
89148449
66034796
26462907
41039295
4362838
36628143
88002458
38441207
56848277
59392369
67994562
63524636
15461362
78210507
60038642
25718270
13371665
76276720
69667590
55236666
2690986
8776877
28813463
35155845
62896029
48273570
47341936
76531354
57292348
64957143
6398326
48109153
61671958
61568389
43286838
37655255
70029867
10093713
60696646
65057266
43931007
61517679
3485994
61476717
46322466
74011922
46300681
48385000
55069358
42374337
7906826
57785142
36130849
52273518
59547534
58098299
81231223
54118418
70133028
9183195
3285184
16563562
4822315
5500327
81788522
14676749
67208610
76706226
56412707
70912592
61571272
54187915
86928838
19724072
15176036
88187467
426188
75659969
21961797
87534217
6243487
27366933
69971232
49766175
61292296
77162741
59698896
53531652
50833233
35053090
4360879
88034858
25025040
61879191
28541718
76815921
48514043
68029643
86868579
73958417
55717379
41847199
39011879
88991371
781508
11249692
66225670
3141972
69416481
66328489
89296609
28210937
56324638
83058492
61800904
79494269
26329508
24645805
49170772
53048376
10028050
14215313
40976764
19942744
13365148
32245700
61680966
46289251
12312264
45021380
34946538
56976008
22549315
9245811
22765701
69373160
32083211
71630806
4095364
41205544
10003850
6238117
38143658
48563994
38212608
37155098
30323496
45014757
14617755
16439083
83805236
61818930
850164
8731064
48511779
38809522
1417060
16659586
11342713
45586256
3955688
7184351
15693931
43426156
67412600
22868520
65277796
81127668
61626955
69590871
74795510
51689857
39759134
988560
89974123
64931476
22537343
13884413
51459521
24532450
87322544
56557796
13307151
52290643
7314004
31852192
8950433
46080804
84437523
4158362
11375949
50779533
11505375
83075411
49881984
76534933
51491566
67420550
78065783
9937098
29831737
73806950
33449359
46561283
50184842
76089710
13471954
69738518
88545495
85151726
11225298
16515525
49243791
53188584
43340209
32966825
19148294
76525696
16188479
15141613
64386611
18550539
72631174
25220443
13067469
72711435
70202775
41554467
37588813
4258832
66737740
55004078
5105732
29093274
33089329
52179949
77794216
18570229
58513219
53513594
17391559
29770339
63425316
88010591
34040289
57064514
16778346
4006681
83872710
87887941
14244064
39166168
5483069
90169739
45267669
43246627
35122622
47427566
65066728
54318359
89403101
19128090
21914749
24659408
23032683
14519100
83916730
5764246
72912295
10226504
80338278
19630968
85980051
6360802
71232245
11517232
44925429
19140406
61496241
44706542
82404871
14324326
65632123
33970067
55047117
69573728
68429900
52537888
48274466
27422261
32403610
46227316
86345408
7395649
12476303
89002062
31856806
73690226
15675968
34764950
86230079
73977476
38648724
55946442
33168998
52091839
40270992
71952512
8469159
47171915
69324419
29918428
31010834
67792020
37273792
2509229
21299261
22491262
20134278
73780775
31326854
6491584
15234637
69076971
47272468
29036077
73326093
68825480
77710148
13432117
86366227
11767260
22292101
76806885
15675450
51466487
25106304
64832701
2628092
50284356
87894706
73266024
82894636
28501605
46492759
86516155
54108576
19252111
81414409
85376318
40029761
52499883
49469117
76448561
67484503
68696989
41575930
59893976
72709254
47426512
62873641
81292967
67825435
61075615
51700581
22576374
48838395
46555572
48671620
19612069
57639721
59393101
8256889
68112106
64643030
8724271
5101745
40465882
69472351
28914526
35907201
53831201
56749005
52505753
16356255
7590527
67721360
65883043
68753960
63149912
51334702
1798026
29592385
26732685
12237220
76878634
45638379
29226325
60649476
79528519
83088805
61261239
85000072
89782618
63010361
5660771
29501921
66437220
4558681
87374774
43899145
55135073
18958570
49158478
56518018
40723213
10570192
4571448
86281966
66955934
15041150
24602017
79810807
24447376
52827931
73260895
16229157
56359860
17871145
71121862
84778448
83556188
88500879
60822925
41764321
68306765
1102090
32377148
22538075
21157232
49899828
66474292
70350680
68485358
38588286
51946570
26174872
33864259
61263922
61679949
58878752
62327399
43507711
78283536
8218219
86718071
36873374
16840920
61831413
24564958
54354607
5439147
23275491
1677738
59720834
9387173
45768690
51678483
54210945
27797408
22540177
53148094
27886005
18404110
42310486
76457652
80932648
36228548
46719132
70670148
18172238
70845216
54109180
28523264
41410162
81627299
24886658
12308416
34219938
37875890
73023092
52676869
17451937
85621943
27642672
8042351
26909853
17971282
10621930
1062850
90161403
4136066
10837608
41678354
9205087
77815563
11222144
81996125
18056310
66123916
16560968
61382598
10918678
44215505
3636606
10585369
47407361
58744392
11018949
71793069
20423953
59134774
6517821
9409586
40195714
9671390
69154046
25847002
89793505
6485863
80475243
48483049
66664604
4755669
11939833
17458963
59759253
16831853
65435156
28407336
36688862
62595464
39229616
333309
87058145
35142215
89816421
65864293
38320439
23617800
46758872
82747992
18939060
68580056
11989164
14348711
81861511
62668183
35621760
41310455
11554884
57203198
18026840
49205641
16730041
66841605
42273807
12835541
51876616
2839692
79427721
36355553
47270944
4087401
72500514
2677476
68555400
47682244
589044
27306072
4678740
49912441
70758827
76323973
58452170
39570982
50460576
40551055
51113299
50152187
4767239
34082867
40473157
22918859
6931834
75628125
14964989
20917739
23657820
87254688
27302373
56823944
54105040
26077092
25782001
24818269
2088431
22732952
43003504
22410228
46797246
88392
81710272
12671469
25863397
17901114
60191308
72042014
17267440
88764056
9679030
53582005
27151033
55095033
7953870
57747720
33453928
89693927
83865366
57083877
33149648
72958906
31041943
29286770
23988660
74782674
53548390
51411828
47669331
24398736
30949956
15609401
64474996
45292782
42730161
25555007
72367299
43160877
62362984
35419060
61613023
44833998
45628135
41136938
3124728
8509943
45615978
66620052
38027903
10906460
26041934
3862877
30453870
27992893
47472005
44310457
8596967
29149654
20461872
13543554
50173741
57390799
63129240
20403612
44659107
71302909
53442024
36948239
71797855
17528986
80040926
20476084
41709269
37118191
67254585
8238301
42215665
34709518
40578118
15648650
52186215
69782665
46640873
76393414
879550
90055975
5332209
85303414
50709538
34804697
40664314
11253752
84465317
82076332
38695213
7710868
89755055
35913037
28640938
32805394
66069718
42922734
24955124
14954592
66636151
32545066
57910183
8050639
54256928
61045454
59257777
66042802
50386739
28318523
52544829
5826136
20830061
42261136
44639100
39455786
40589381
30321607
62808540
58238073
82571277
2782176
69319930
38433285
60093320
75968205
79583895
32598749
66536584
82660059
47294410
40069136
50021763
87114730
39042862
59947751
82392339
12422878
13497973
44560603
7488462
82017317
51437037
71624276
1671755
86051117
48380871
54084933
38000331
41509988
79168143
25621616
32938856
65085350
30583015
8978195
9431621
87173837
75554340
7951071
14121920
31913304
1026274
80324012
4722391
26619984
46449778
19315360
4934416
3214280
83373566
7597811
61829186
37119545
4727029
37836822
48050786
6870883
46650415
84112339
8571131
85816418
85288602
5444285
55653729
15142803
23673855
73214174
73051917
25124660
6924797
24047908
27190913
46139915
15357858
57140655
3169191
24719122
26191795
69070230
31635095
27737645
74604407
23992364
60802383
88106147
62920032
54188448
70033376
32567622
70557362
3126846
30162688
51629423
72020431
54173180
32340887
70282820
66289377
49004008
69667371
32518507
80423675
60300259
42970723
62372361
30948860
5832586
83334028
70187774
84715824
79376356
38668887
76748261
51322332
6613935
89806395
11836034
55364711
66906530
2404933
18927938
2840040
47723133
19288536
73471235
78133804
73586879
72349074
15254493
40313958
9367112
79797785
18051314
10835022
18621761
50771958
32494711
11366762
3957672
13002511
7967563
28054023
32054951
58675490
20969922
41499225
22899865
9431101
36436772
45550114
26415425
89889403
1102429
59839330
17435282
1122161
44362934
33272921
44465585
25706709
22262643
70265715
61176023
39012981
50073936
7254999
46814286
19492199
75132824
47637273
71197561
21025698
78817726
80805727
35775625
11538821
76796078
49083375
73265677
18280994
25931309
38309719
53937745
90230269
15476396
74412361
28390201
18656225
11010278
64449871
54780687
54983287
1675402
35404648
63932320
30581737
3855800
70910637
20028263
35590750
59069548
80641835
75500073
67278905
75743274
76942251
28523145
39998707
4635690
16439581
54593250
25951041
22833323
51259008
61840068
68553796
63402083
54190330
54125539
27760616
44258093
859662
62784591
61343666
31548848
83271684
82287098
39998675
11841089
29636429
50340677
82040643
4898561
88807823
20239384
17228190
53790184
83817188
75655458
50418274
83856259
75067867
54360974
26013152
78106926
79383362
14428257
35641467
81665862
34749500
55226025
73164427
41044439
69762908
50790193
81800174
71430594
52650669
61391622
1534071
24737868
33266479
43284883
77920371
16501263
26672197
13306357
75105535
90210930
72321216
86307301
39326730
87210942
46711236
83318520
23949082
87967501
69928757
70665443
8501435
83955062
57196742
3857858
30977889
70065939
88389525
1892176
51380147
27912800
28125143
48499189
37067498
88498841
16612686
46097638
31645729
8194891
12718766
79048234
32367824
75360275
39596065
46258211
44745483
48993736
13389763
43533640
79466066
57707320
85202326
76377201
34460797
77380804
5718334
29085713
18685791
41960348
64017033
74614583
81095303
11359927
31886503
62703485
56853112
80151419
14862495
24331119
47560692
27608492
39452169
76359614
12098415
62335953
14352072
72945468
41261295
27416068
48581315
74822489
4730147
79555147
52142491
5375083
40178636
35491611
36802305
15804833
51115046
52657106
42728080
90125443
26240440
23468708
47840989
14005616
32590727
58987628
75128951
61451079
87243702
48849841
43491166
10886572
21074658
77186005
24364152
38172431
4169545
40759793
22679998
89605064
20860134
88384505
40306403
24373803
56110190
74395200
44810377
51239603
7900289
19259372
23768078
83968449
62611606
60586986
29126666
61389648
43477551
26279110
89693538
57840753
27775183
56555162
76772421
54635852
54500084
55337984
15492432
4814481
1383283
6029118
30782285
86736332
13757939
56161204
51297051
4870586
47978534
25551005
8955149
14181841
28381390
34914716
54841782
1221958
17109435
74581181
43429735
57370422
88753928
33138376
71318333
63389332
2055078
21434437
20627043
31169226
35438325
9463314
45765821
4896952
64004804
46354705
16922905
8887352
8182670
25746045
67649062
15280317
87419616
45774058
49590060
8643056
17805281
51994226
48042224
31472638
76077254
82024983
76302090
25364596
31083298
31367520
24245912
42619476
57729737
11163729
57137030
30541373
17192134
89661117
59707672
55117452
38172035
81426860
12971915
64635978
28576430
21875004
55940258
60260183
27968777
69329459
50850833
76582644
66166972
37750865
26904173
32196282
50941685
26418193
72852308
78713823
63887784
13082183
57216071
27188364
65705220
57725914
42567326
33808307
32972705
68530812
42145536
63786058
52850430
81346912
80429345
40049872
65639852
76860800
9409350
41636134
3162486
84833593
31162095
15454314
77059181
72219604
49593975
62477863
52780410
59770125
2981375
18183044
19110588
89740158
74871039
31896912
24753208
64286514
81912772
59436648
87414007
32532249
55090338
84534183
87440685
3568545
30640522
24003718
73698313
14825758
82207664
59441797
79508036
30676115
56110340
14581318
922818
61557474
40980111
34597365
40659537
3491218
33562006
77463676
46470574
82318149
21717765
55566561
48606132
49380523
76079934
74613449
35341564
51521793
53893661
44920591
20120232
15814764
32046055
85990141
7051346
33015172
3331457
64926718
11236921
66286490
45334832
56575454
20897937
37488893
1035359
34929486
28754269
22977482
37229535
81154013
33712017
62587243
51220252
45726307
85772583
24558141
20719788
62154598
12885185
38078897
12874536
5863716
80497042
70764507
82658683
32374629
3261875
8778592
1075510
44911468
45388553
7845938
55540095
57702076
8734624
49791502
87949952
19333880
60999089
64892292
29933761
59719335
48548285
26662111
25006519
23617985
83406581
54374516
30763685
78755093
29315479
32360030
13455034
48122413
48986256
73880091
12782743
48600408
53640039
83479572
79621374
59420102
89361315
77482218
60002125
61134369
79042413
4541283
79650120
1279754
88077632
3271650
16196440
6413923
14989155
60882003
83104301
76385112
25059037
70137280
65300059
52926691
55107399
29824943
35339669
385847
1723676
1036796
40712659
65953562
84368258
2139156
71151602
9710570
88689805
36944465
71734250
59246283
78447277
57862093
56816939
81663709
78532496
45564437
13559623
10337667
35822966
84700645
11085053
43865970
15029881
35475116
17587022
54721551
9584891
15786497
31406813
26020115
6918538
38573503
85051960
56141312
3699351
34207137
28226321
10927146
30230813
85605781
74162968
87033569
69579598
11252502
68104085
49678453
9741471
592603
70986239
63690621
69670764
47343562
7762572
32041955
25890224
73534149
23314738
73814777
80601584
64566934
12701779
22510851
34874152
50844823
27914991
64505830
75709948
14354164
8497803
33447245
87759808
62910466
18929483
19901145
1511031
48995106
50425838
17784475
21171840
23642677
37411672
37628809
21453337
24478424
8727216
42325448
83182566
30481429
42596622
58090733
29692782
52106957
66329484
42101947
46868500
13560827
56008027
23746327
88577982
35837337
14517762
67858663
42883059
60184378
41208931
73976557
27823266
26783161
52106427
73793032
73922965
12933248
28901592
69377890
13029482
49979412
71462451
6575457
72522271
62223290
63494873
77840836
76972082
52768657
76343921
23122173
86966471
1654313
9228565
2202942
64687903
26067009
26649732
59156503
32361111
86159395
3353753
25763859
43110197
20656803
44891439
76278699
71637391
50655805
69649064
6454025
67707142
9239161
33330585
84931436
56984833
82459841
1496915
53849909
37535811
56173231
85627233
84763528
27216411
54895181
65803211
77265024
83955898
12223961
55802750
78330877
43049198
72946951
71122421
38565122
20753037
65969259
6629635
65183366
54682288
60409903
44857065
73025707
42504329
41120745
64918144
74868549
44924029
17057309
39956301
43022284
28956820
12215676
18960317
21685012
61189283
35062874
21462274
5625021
40908388
73105799
78942081
4484076
33677538
76886786
31935487
27303296
11286971
17953356
20326301
71906582
89639199
3736320
79841187
39369405
67930340
29344459
16395872
1901745
78350490
9224249
24061967
79005433
41276393
55631068
222737
37047886
65888111
38606476
88666566
36424312
20911885
73788919
44282213
78107867
65599815
85715756
6976995
11114014
47782
16589981
63799019
50269794
7539604
31980352
4457157
66028595
22727594
7171623
49573403
89595058
58197856
40164524
78782695
4228507
61476582
33349886
20114944
10947423
89428216
14877647
63875723
33054018
8189104
48816458
71130872
35969424
67151598
62120639
19048620
40027988
9050376
13302291
27296261
13244634
9252757
87535535
88188816
23382537
20707391
9408879
82545987
53969349
68937943
26916433
55847188
32012783
34171671
5237297
37321700
56374197
6688542
15059265
33656771
43953305
53398485
80743858
16920804
27123609
53070262
77479953
84465352
67539367
4049534
30010727
87039444
57603845
48311767
78779937
12570175
56988043
30720937
55629554
88372162
18408784
82994762
32093514
84941083
68047475
88798756
3746059
4201050
52985238
33394404
43162913
27032500
26274876
27673596
11174476
14391882
57264520
73430419
54454624
70749924
36695690
53432585
79993132
26517294
63057349
48058999
47190621
58865882
84045778
44368417
37762271
5201325
14947287
15028383
81195024
45330048
35813517
42085280
51288138
25952738
78853153
87222942
87591649
11882993
42142700
27994057
50187259
76764597
18218353
72755664
62490417
10178396
80625237
31934132
51060297
75925091
35746846
74555829
21103611
78844453
29421129
22733888
14256302
41350864
69464867
20593368
65775535
9860779
53482127
35798820
10094713
66970160
45080242
59597592
33429359
37111728
81509329
67681595
86007805
8039957
82380428
30556284
30851723
76433770
67920911
66754469
54821480
47152394
26618324
70103348
46071774
59803890
43519022
83912935
47308953
41087711
57361241
29976715
90016067
58245592
80968579
22230746
15024424
79702139
68338264
55997765
22837547
73469371
75551168
55451521
67438235
77680283
52885374
54347255
3095914
2252141
21619769
74968133
72814244
38548058
26584326
52408840
12494937
74164935
8035318
17332238
41321645
70849274
39258136
49268944
43221168
73000065
44142483
30760284
38348215
85118893
70696598
57636027
77764761
69604510
2566147
13090979
74584369
32116856
14211110
18377781
1171522
54805335
29867431
20405404
26053121
42669391
25857146
66896323
32843290
27436045
68324103
63786326
9111730
37991696
5126461
84194508
16135474
30757215
50313687
70962189
79087757
1092088
55069880
64673782
66753766
60699291
70613494
56206587
12428958
49655776
60243975
71016118
10235838
77448041
66281883
30890423
9826101
70154726
88822221
40790589
90057940
11816031
40143489
15167222
3339846
64619247
33880821
35423286
41919459
49221599
15892308
86147600
6071947
66104214
84310289
82280803
48270333
2441342
67696237
13146465
39419938
73045935
76467860
51079040
67621939
67860782
13801826
40769137
51830411
77006190
647100
74890717
80209810
65774243
71536402
39650185
4183412
56392846
19530977
46021860
24633276
21521719
1837311
85774769
17833881
63352571
14584566
16607492
53271405
84900303
8412230
60074523
5423995
8607077
18760837
8336426
87763996
27045637
40122037
67189694
68530005
6606482
3354315
22043249
61590831
86877181
20119207
48411553
13243194
88259259
44184549
29108508
75421463
10218365
71190203
1226389
10081166
1417887
79928887
64930507
79476308
90055153
22797309
68821194
82826707
81965201
58464389
20574302
30249256
14999179
45319003
46486756
35265652
6727135
1924041
13179278
73633987
3593573
4227004
74384687
84571420
15449808
29651929
74195074
137199
69772316
83281128
16884284
83925205
80123734
42133197
10655113
7228446
31082109
82090430
43736029
33199569
24948834
65505299
74012501
69983528
38591868
44562715
22086374
4826773
70064093
80685899
70982925
9272154
60510821
26216381
10376346
15312609
50129614
81163947
73502916
57580735
74891018
46484711
73270092
72895288
82784713
298308
35226042
69616165
38625220
68480730
49437069
45215306
8397055
29449786
29380778
15248719
46232247
13134100
24093849
60791939
20175078
44766543
70629433
45198212
47820392
946023
13543318
82798880
78006554
8501828
56044268
1995730
53949999
54455407
19152869
84902173
51923089
56995313
20179096
65143538
41567299
19987283
15834528
83398336
54951164
16246678
81404871
75690309
83209023
51060930
61896131
46710491
68679776
51167033
31654894
55271513
13189470
5041489
8238235
57494447
26285454
73322486
73092862
40781450
2532318
33891181
64723077
58513176
15428013
71925438
49309010
29902588
55286120
89837850
1993465
50994480
4771280
11827565
13794178
17982156
72631155
82462722
15055597
13408263
37977563
8097028
28516901
27428648
50489660
25165750
74651586
75754005
70790168
20685304
66308374
15752767
18463168
64531264
80937790
57259050
16639318
49721161
27909123
76025265
66550194
61899525
37200302
58522749
29446411
3065080
2926559
40706515
25968783
78692193
75141363
82282540
47857369
3351151
43027062
64985656
26109207
35449906
81179256
36521025
2222136
1777109
6548601
32937742
29375570
31216629
10833551
30864054
73420968
56259599
20308587
79761069
32453114
15618845
55596190
60473520
67346298
86217991
55815153
15419868
30834824
71790212
39255477
73121714
48975568
79310781
55540025
61321807
33227769
60885770
11456047
59534395
44135164
65581973
3587815
88761517
48045662
44823953
82289092
65393523
23806485
76423366
5648503
43713218
38522548
59628200
4658367
33410053
55383167
55758566
66414392
29446734
4298267
50194697
89315314
59387386
27566636
66387879
49865760
45426999
16750606
36124075
37430204
45623647
17536310
49013862
78206050
54385764
21017468
77599350
59745020
51826891
37900818
36270304
20538475
5112495
75978657
20633425
38729286
7420057
51460299
87953320
30381421
35160882
4111685
4411059
9521626
53873261
49637273
13741684
7996795
61376960
71389
78666342
39151222
53400547
27996394
606700
84890744
40924202
39698532
4958340
31288416
14271947
32025271
90155051
38116833
68558600
59423127
41025967
67288637
88033041
65325259
7453986
7122880
40488424
26507411
67513566
45876466
78510314
85403920
1064078
3709362
36920842
50669948
20028146
58759804
58805817
32641792
61416028
9635786
25426585
44666694
12866990
47888738
53716672
12215547
87340867
73003588
43123711
65950709
41318275
62393785
24836834
52680200
29859315
66345583
38247098
72359647
26296012
56284576
48483078
40644130
55414841
68411039
63597756
77636354
69077401
49170031
7215207
16749334
68502421
49271472
81200023
651442
50797872
52446708
40825461
21390157
31685313
52463551
22597499
78888076
32534470
48741252
14433102
29233293
21533195
53696147
5360193
75901882
869735
70322039
48779999
68028487
71067263
86161350
51904771
52328067
70917611
48193736
7282936
67850978
70207224
10236938
31559606
29407715
20761395
60095535
70526283
24530862
19929081
64106248
64454974
3301177
8691680
32470580
23873100
17364938
52826412
25288154
8605507
4574872
70988401
52868649
16123716
18739196
15243739
75444660
26528755
3066632
68236512
87295998
17774996
40799509
79725544
43197695
30615056
67964157
40166454
78153660
50325889
16627904
55414567
13468018
51161702
63060367
69894169
70318570
8759430
48251539
44549754
45986859
60184781
33732828
19108534
12412680
82460442
12177107
7208148
29482757
57025261
27437003
7570454
46310926
81918078
83495012
74764866
42711397
17638268
23538550
22739093
36857871
37199827
64087825
33823850
52576756
54300937
21642629
25768816
34506196
59800383
82550551
8361949
47772101
41522387
6931427
76938157
52977685
26885471
70021146
21912303
82447960
17252550
86059068
61796061
39206681
65856744
51226315
1455928
52514021
76588724
48901269
3034021
56356695
81520513
83914845
26807940
1278364
52092247
33468266
7627871
83761907
41028164
1430522
42567568
78794703
70295957
78650636
31065381
16171136
34252220
7586860
20651899
68295870
20202324
10569745
19234377
85076347
46371216
24288284
49480000
20232029
39114381
81102802
29548755
80242148
31822598
65073299
65384118
40063965
82690103
6197349
22677962
52483462
21384566
35650557
47729321
35608445
44398416
4962145
67252862
37689975
59118161
10082153
49061493
25375977
35932154
85196094
17079971
26139187
56907528
58627199
62416899
49122233
30763828
36209080
86591655
82008633
72633197
59186768
89119628
30206641
75062784
58761030
76487765
57509746
81502141
24250800
40089208
78442066
17577608
57170708
78878483
33742184
64400000
35599024
80029631
9792967
9772190
48702773
35455913
7785294
9346995
26207818
52780579
39005195
53825884
27404887
64622630
42426556
55857609
11842221
25452500
89286663
48992514
52236965
17420538
3060075
78406817
73168500
71297208
74085425
64504333
43279459
25446178
54607032
25826834
31326857
46070679
1986895
20839402
9248094
45254716
60591800
44115559
25375692
46116190
11399327
43280903
34264033
88707681
56820946
34583332
44949160
71866125
45932439
64080149
34502038
22012867
76055016
80397792
28017749
30122871
9897301
17452625
84369321
80269978
5323562
82221080
18306209
28465804
50497603
36866160
19879024
14475610
32716232
53828414
83585782
84675272
76709957
71414325
43758520
56688446
78900894
71119012
37364087
5403195
59758757
25837871
84245119
27415769
51984115
82298749
36003551
1360948
83862687
73881866
43447393
48591383
31723477
71690050
8586779
36021992
4149928
37784235
2623453
19774584
67368457
83905081
40916752
1505135
82763432
44373133
19324359
73497699
11360255
83259840
11408077
13826612
64103757
73679994
81662219
32106791
88686063
52371685
29647180
16754928
42158389
62007344
21488228
85951485
67540122
61052545
14882163
56108968
42149403
8968373
69107833
65863322
1141649
68277244
53914401
9265733
33012878
26314519
43573245
69267267
639707
27978084
22414394
13480590
56727556
29290533
74193236
71931135
81946921
57889837
67000325
46456905
84717223
50685684
52552946
83164778
18903142
5913790
58734760
66536082
79560348
72564214
83682545
82125917
35264366
27599882
37426112
53995611
7158436
15595161
28336497
77409117
42984152
83373862
11020979
75046422
19077237
16303399
76664435
35490016
44906239
16314641
65637583
73286069
13266166
28122780
5913642
42617061
88337067
76420546
54587161
87684432
37299848
56082663
26183429
71518755
20441445
21830951
7142738
1482944
44344634
35212636
47871762
58187731
64296624
66451205
70115612
55320846
61647161
60349794
60102433
43353794
74782100
18998427
48856051
60899106
30035714
19743097
59763524
652635
20604322
88754499
42984627
56031094
17124842
4352478
45859641
442125
67736318
43663727
43861183
57890528
61166012
53154181
78322119
8975778
4804044
81499443
66952038
90026991
75817695
22587630
66231368
85616619
79212714
29112954
1135581
10866702
70872400
42742650
29401633
54823229
53113281
38632149
81905078
16682716
8349785
2195913
46830943
81579415
72747716
62440626
69818409
52190234
48350137
68556301
13757365
76760679
5681748
25848031
23795623
80451077
33624917
37118414
65964661
49829635
29974179
30126556
71715070
16049171
79879370
62503109
63168152
17914188
11765988
79709164
60101774
17020371
19698198
56123942
83494630
2041105
85824114
1262108
38432869
43323083
62874552
59642958
52965056
15480672
82473115
58410833
86220040
55528907
78877860
35838105
68364566
13925008
40497186
80945585
24614644
43448806
50737121
73708988
48062415
84995618
60010966
75711457
5259365
89390718
42033452
82232522
53858237
42501031
28637557
50523536
62091652
47393880
48903468
66287847
994257
8427832
69782974
31865559
77414341
64952852
85590920
77668982
61043989
68782005
30208464
41155656
85636391
37475128
13698022
44084583
61219876
42353873
15161628
13276844
17016105
89782422
53594965
75068326
52143004
71493678
1620067
67537429
27883247
40475636
86754874
59378699
21263491
76563746
36524640
71478984
75642488
88542539
47460518
19888332
73395615
64466960
27457634
23035432
66505253
43077774
10406579
47943032
25337768
15629207
49931880
13681404
19123041
53834912
73448258
56339200
25094055
32878056
71032556
58754549
19212145
81924753
4337683
21518132
921258
19715725
24018466
55754156
15146924
73243558
64164323
31843807
88211708
74629860
12628853
45845
89473631
66510996
69744776
83389989
68239791
67830593
30483146
34517466
28740857
22053826
75556645
56589507
13665911
60841428
35900490
69427638
81003495
74871958
87749666
35417103
4568801
41024909
63323457
55036742
56765475
79784464
19214954
69649487
56889854
17851481
20551069
77817267
88521206
1914183
52906842
33722324
39089736
80162945
30694446
43884975
80121540
14715217
20689017
34488274
70087934
32762156
71927972
27070016
70303157
28208381
62343646
21265683
55993059
55272618
35821788
77365988
4378234
73097097
49098418
69322587
19580276
120510
6394049
36282506
34558071
62993898
74761503
66938386
71775029
15979229
4679582
45633266
34877284
59660485
34293926
24501542
52709000
25203215
54976370
30521098
62465323
78804653
75693896
68877071
50894384
34458316
9751194
25305647
53516821
30461531
44412162
55031395
37296064
33650151
51771004
39353310
81468870
40265897
62258804
7625387
71351946
35269097
83072965
82109367
78685110
80824336
41258796
22187902
52987892
66421718
45077203
83838253
27910268
22719204
40609501
7072361
52675119
69539664
71143486
88735427
64899092
82495636
74994016
69676379
42431282
83238731
67344506
55327107
59163952
8473331
86536048
60976204
28317612
73982253
40850570
56497208
27836444
65087079
48844324
59399640
38511450
3841623
43228752
2321531
41777709
42803462
26178876
54189693
76374196
60381475
85475036
85472714
40064353
82005285
74065497
58837800
5558403
40354799
40524684
88437748
70405720
84287419
1609258
43554028
46145809
66013492
7652884
58686804
8059253
45002701
16170888
17673542
33797538
72158915
66392656
77838017
56679266
37531026
58964657
81151483
1800745
3469751
83140842
71476554
57930506
33710698
18313116
7370656
60199080
27970889
68312114
26851691
38141610
25845766
35901144
77709006
39437863
52900184
42515916
80635711
82938787
15745598
41530887
46209522
87213273
10345254
18873360
65777784
35730280
55494906
69744266
20574192
17272870
49430144
53163437
50559850
45245242
62075852
10792166
14831013
80079280
42466348
81200548
50682605
76657904
73250960
16676714
49052153
41695022
8253941
20588448
36729265
265950
12669256
27336162
21435489
64864975
53628454
67767143
86889713
19705660
20314122
57660756
56963021
75918526
62821210
39767683
30414229
53730196
40059443
23880465
29396675
56058445
7949588
15489515
9089375
13039562
8422772
9947328
4965756
79721616
7919192
81126728
69080462
38054282
63957708
25401970
49708887
15406418
28936645
29228957
52992640
34645596
66573170
88928962
45504297
9091014
71441865
78267389
24333521
74250999
15930877
85640785
28452694
66643650
7066742
70875671
79807431
434781
2028136
85822654
10641154
41598534
17169020
25162115
60079020
30034914
68198950
20479930
52663778
84541050
34389411
35797303
79391300
57482156
89220722
38970533
56491118
87440866
62336511
10426360
27281929
21020852
78574043
29310647
77086220
78365586
68847535
65718402
80043627
32163227
68653634
57212664
71769515
58867730
28696790
39599090
49104761
73907901
57824143
16866475
5149749
67157256
18310205
21904391
991038
1779856
66884022
27548381
60158937
22799283
22102318
69704907
34184632
208456
50713113
83101443
88571960
18167932
87314769
4314587
50643713
81519528
28515873
13654048
9762969
45038890
72024948
32238285
50241775
62400512
88806271
54978983
66166217
16530349
45270370
45176282
13354544
25568363
77179688
80704031
78864652
21893862
475417
22816814
73620122
14028805
86036675
65740996
57774220
77528865
66048715
36989664
71756559
73726984
13362725
49258309
66530740
81358060
33682015
85512793
86484296
53759545
81442238
2473559
74909430
19702007
39730219
22900514
36953712
55285826
61712237
37531462
20007364
58180237
27030139
7879126
46504586
80241435
89942282
2268179
5772306
82571732
5110563
22498250
7196244
3738290
87309918
52751571
85123765
51656095
75804180
84010736
69100116
61740231
34476965
52008916
72998296
74694394
32921901
71155875
35278461
75265625
82234947
83861863
11675650
37038705
8186844
25720031
74469128
7370550
87407617
73524057
56859112
73105898
6921956
26178297
8864525
35653823
48681016
1113029
72805980
14063949
31017395
88824824
60475560
50032572
19087015
73576046
20899556
29389901
60654552
23150223
63589975
45196242
75675019
57689244
34303202
816294
28562414
945071
22245063
14301719
66602101
30680814
45724996
43001758
49230906
7751496
34581468
16100690
41829259
55714780
43838390
71234823
69737809
58633139
10616640
61430739
84655118
87999334
37533551
15458310
19208829
5900730
82626665
74858725
29126830
33358131
50304855
85994320
24592971
63297874
40310348
5083967
53183533
37973500
80153914
14613840
37655862
50600313
62512301
42328060
76226972
56938876
60618183
8307070
45711645
84600931
5380812
69196808
50274129
31632820
4565270
16083729
67023901
49268534
6037493
14866135
8765160
77256982
45683972
992628
81847966
2336848
86913678
20053317
72051262
29553601
42351540
67061427
64623342
5573424
71959878
67919901
82960856
47750877
74659883
66764838
15810426
45481616
64631537
34190400
54858920
27030361
81779860
52157766
40503374
19030512
59432164
79506157
67142641
24830748
4328950
43278273
2019210
57360077
67951778
76723460
36663884
36778115
85351550
68437065
84596194
24209001
64993643
16196017
13424075
10661891
73866926
71870026
80872697
19084800
24144165
74434778
76776988
62749348
64459227
32730842
42137871
16085040
75177206
5347992
22811537
18702498
65576496
15545751
2179816
31173662
81621911
39960444
23915546
61142549
75177047
49883801
82518551
54331752
14062716
13287673
1522818
54782126
47725861
78171544
14041436
33128441
81709176
44046146
2095101
48374187
47803636
36789879
83523503
37958332
30021497
78999411
16522682
15886457
24173840
33952997
78991741
20479362
55033397
64281746
50357623
20845295
17304708
50714501
34292557
49530591
55811813
13601275
22224313
86331045
68195993
60245291
31033340
33334988
67976135
55555223
55100685
9845304
78502006
76257717
21435650
85868665
54825571
54303309
8628341
3694478
69169601
14709995
41855364
15671726
46977037
89893122
76802739
39507742
85152689
20691282
8789902
41214393
17138907
52229023
55297704
34861004
64002781
47211742
49967928
58130830
48786841
69092969
60143279
64366966
2915770
38865965
77240324
51131093
56867333
84168346
33572738
53497875
57982959
23695867
10602612
79202920
4740433
56111457
30717840
25421920
3552374
46810879
57650313
54011528
59959867
8085962
75143077
5871950
70158526
52608584
69721176
56153500
66177199
21277314
77376643
23518302
53732257
83321978
89291979
3369458
26185387
9876871
24378887
69030039
18955434
44741156
48485080
51052137
52559082
55640585
58021608
21274471
77101013
49564351
50602076
35571541
9661061
4018116
7884399
85738651
76681386
48443862
69026857
24142521
39278682
84304666
24476323
50362798
57136591
79415108
69240572
47405349
81171438
69887732
20544959
39636921
63915698
64578120
83280530
12768235
50273197
80190881
42406020
23013096
21386914
46583959
27687141
85906036
89320356
49690538
16711793
52538865
9165180
74972192
89916198
79165884
27168075
16794840
71372227
9731242
88493670
71086465
8344014
23018141
77705658
27700464
46606392
51147463
14304922
74823274
60612215
8743725
40287591
86072062
85575955
25730879
28997228
49730228
69194242
36781490
40525358
13473226
52872668
1732920
47804117
54604982
79527282
17436833
18551171
72019386
73120853
46959153
83630808
70893551
66661750
26558195
13395541
43516743
62268873
77294822
16019307
46273778
13417771
14556711
57074833
17329351
28270262
63949363
9204869
37204640
74158823
20276062
55919109
70001311
12455639
11850908
36053811
7507896
34565981
43325642
60122203
73960927
70547404
57072613
57498009
4628631
36022947
26350720
8981060
15995094
45360675
1462595
79448946
67822044
76536450
64859095
79858107
62799246
80040540
79178808
53019156
75891137
7820423
44068201
33947500
76681368
67534928
64461793
19119317
32338679
44511863
3049590
16462917
65918773
2533290
31147289
85897572
20027852
52723670
7518464
8279773
49272255
86909771
14589850
78213938
85470829
56552180
679298
81513715
75883028
71358385
8950955
41943637
2872680
48266897
41219331
57562050
16679873
19949930
87803352
15875761
68843090
72249925
75565629
51754826
72755438
50157243
59862731
83481704
75185040
82592319
83939924
61308318
1438942
29771295
59018264
3957113
70919153
19570914
54046384
33939390
49969329
50934058
72457931
17044254
13070648
21269401
41492323
804112
22840465
87287051
30560133
88821889
71228112
6892010
82142096
79523735
46705828
49004037
89791781
85610347
81153377
35652252
2290054
69215453
30585767
39447350
21644354
36979762
41335209
3112326
33215084
14408699
19347034
51188530
65801932
12266536
70162561
25938897
41977604
24268577
87792564
5151747
6679793
81954377
31919806
14621683
61465579
32829106
39584284
35623152
83320293
83671549
76800110
34576329
47571099
83856006
88362141
18532028
3764678
8410134
55498916
53760179
38856768
78814123
71275970
21346659
60538933
27377608
9879957
18309481
17588784
5838187
44965565
63791735
1972422
89340701
46771023
7326051
39758814
46162736
49073043
48743964
36100449
83194105
17947812
29039071
61574952
79952007
34766736
40254499
41286991
48418418
54217834
17510109
18275190
43898362
83200326
23713076
9788824
4041770
45077540
44047050
75599390
45874865
88754336
84896372
31065510
608287
48503008
62748475
81795912
37612563
12279775
78795003
3102777
28245806
84522336
21320452
20148639
58081943
57770290
23776882
30143227
10319472
6043407
66295739
15593162
60642180
68885536
55991775
18692381
70936300
27026338
80953019
86542980
69629673
17876987
58567036
80796001
10890445
50468700
3000909
34509786
55767594
84522668
53515949
79830792
7924016
35283787
86621758
27938716
47450817
89467100
35581113
66459935
35651228
87660204
49851388
41949798
69682861
10449060
27989363
56126945
29130290
44559655
27975944
79083673
6986542
79831961
77795092
48114283
66434731
80461867
52727462
47670427
76598651
89965787
83459035
70235301
78082971
87404659
64091228
52724507
53815871
19654534
88342172
65435055
17977342
39402327
85694060
85289541
53052395
55163333
28151001
40296617
37573113
38393984
1288581
30605884
85130855
69066850
85636822
18764304
3863215
34495300
54461393
78096975
11882816
86304377
77877698
6842088
15072411
44436694
36115959
60114441
1677191
48939845
51474620
22937802
58083557
30530727
57138540
12755778
89323845
80007018
39008036
6967229
24996754
3955356
35219062
66366551
65203634
32625146
36036536
87749866
22612484
58407017
219276
76774353
52715589
33441004
60976129
45207971
42759502
77426115
80373446
50473014
62589913
20943893
56049262
45327779
12940507
67381523
63997743
82356616
36493888
16536303
43481791
30363828
10485347
74327541
11813639
49187393
10012662
67879520
87530590
17571756
77425052
38511897
15798223
79241243
80931503
55283639
36568149
64020113
86569827
59429553
84673753
17262134
79737011
78917740
53063661
2317516
12371259
28945063
20358448
77863685
6050956
59404251
18550189
51547955
45798502
15667744
51906804
82690907
62188092
30502317
1773532
69917434
47830395
32248209
42673094
88645015
58963812
67388597
51079985
50791317
51426167
5756013
35932098
58903119
48030104
24118597
72209068
6241199
22894107
51204198
59313496
44753002
13605749
74616070
71374776
53357596
25213276
2888111
80917375
82520659
54405547
41258948
27244340
49435381
63534398
47018122
19048654
79906120
15962429
45323972
86592844
64256673
29459533
11813500
76944051
41788905
1224490
21004870
37177704
68391105
19082073
56431051
45111851
50498154
30886417
49970289
44173846
32942618
38732565
21142051
36759943
4970166
67974551
70476219
11870351
55361903
31055692
63974683
65046900
23439381
87598063
74779344
77562623
77920629
10589010
55939181
76344825
23083386
73656422
52480278
4762878
58833920
25544633
66875187
78057933
69677424
11237724
23031795
86432675
15246023
43417501
38017349
83349816
84346273
39420526
19629293
62048627
7616311
66626620
80517557
17610383
81411059
64190334
21623442
73309429
59239249
54016383
23864547
90054133
86556127
8419269
9621315
71025988
27600834
55637463
36509762
73494750
86241702
51347919
29898950
3629832
30804853
88846824
63720523
3781269
13287839
43252673
71781071
61739553
56949186
88060848
86236942
79835255
76684710
39340683
49444882
59435117
57710257
15445278
80432817
87263764
71068436
44233853
15999850
25839709
59645762
56895468
25079424
64095494
2026690
31302127
30159310
27023583
57042609
20467849
3733823
41798286
58037112
73970223
47236236
67363932
11376138
46896258
30390373
17249593
71880427
33999604
50735924
42180117
16110467
17682588
52747538
26712351
74838091
30838007
760285
85800269
54868778
84027298
15419808
65253107
45993143
9691460
4773384
15244322
34164362
20013601
66295675
62406804
62594085
339978
36973559
65860170
65265832
86640770
38247293
11183934
89622762
33053336
61166204
79648117
33094498
3393155
25952066
60771447
66219230
6982988
51864085
61349295
19517779
77461972
41963347
30748820
47260723
75009784
20682272
62007559
47669517
65955697
25433245
68467539
25324147
22066414
9096501
35565522
68751633
5193957
40267731
9974645
71692463
39256672
35179675
44056676
27423926
18969078
8907361
4869934
59198834
64652114
869572
60502583
11684873
57203564
10066548
75503165
8823891
44976576
18057938
50935602
22115174
3366830
40854662
80008626
25048406
3902543
67031416
58776988
5235119
72744683
46528595
9119411
11832746
16210597
35149314
4037616
31503869
34505248
75733987
70429875
34450864
15399632
50436035
7915333
48379673
55339972
57445227
48138289
4345026
14691107
81814565
32356549
50052049
36952119
84710835
38005043
70401049
66020357
12248393
67849333
60911937
11801622
64220097
79528755
74956729
644066
37253
32807618
71788009
60334355
19993840
8019155
57269960
66829688
40720107
241384
32478570
24237743
38057349
62238478
36372683
44862446
19379339
83780630
38284695
174101
25756650
2551715
5108420
72180396
3629236
53116807
8578518
63576031
60975125
23632734
589682
29952899
12813778
63768854
74798020
24897777
39032672
57028576
34351118
88215989
52434035
60490092
59598685
64928528
24342763
42842054
6577751
19205237
39507604
17216603
85315682
25309879
70656104
23725237
45085502
30303205
82391683
56679408
44469973
31022226
10818956
27070829
45404880
59649626
6219805
17769444
80796660
22550308
4594540
45594650
10100928
59239132
36147329
16756631
39834401
5137526
75068075
61094772
5623180
85931349
36810500
43074069
70474378
40352899
31583555
60139718
57566857
51369457
45860452
17399144
57350970
41419330
2334647
9119060
50586591
55403122
13174903
35202009
12449380
17089033
81180946
83594298
19404730
31009803
31938557
50473254
71247971
60870350
24284272
34282736
15456971
68191226
11490513
82068285
54519667
70464099
14279266
40167712
65752111
76174747
86798122
48231910
62566364
37181526
86194158
15384582
42953741
67819495
25754688
588707
69417928
50171143
51655741
40665101
50011833
42801831
7672605
18448859
26897003
46343047
22792222
23638687
85405184
31276415
49272643
14351954
4711988
28354520
43619591
89253826
13608383
31100219
33771377
28665406
65961410
90108288
79879895
23848658
88651568
65833545
39182967
28752826
159310
80587534
14476120
13046598
15904828
51579559
67390261
74991941
32671488
81765808
64616045
71053229
8048051
2401747
42465988
77441787
14746137
84252997
36966073
56676602
55388810
33913090
39035512
42112752
1456720
14046349
56399315
59898741
47157859
48845434
86010331
58846337
64682706
53146562
17389961
12646511
391694
75874454
10375896
51868260
55201381
43697922
28587241
20856264
77905611
29946616
21959338
29803160
28864186
3052983
17641090
85009683
32456370
24989162
57447061
31807979
38622115
7553881
45622035
78561522
74412728
14347393
22940000
52036195
34238491
31765508
2270615
20257059
2156696
38411599
23281018
34345117
37525936
70374250
70630551
48102451
1082429
18906354
12162070
15588128
42330238
64385552
27562622
648390
76617048
49893180
57919569
31794218
4874778
12758265
37105146
3860157
70358903
81424492
49765580
85715057
11092436
35592640
87226042
58061580
72619288
43156769
53964566
79673486
69291821
33207821
17424005
57227926
48309741
19510142
78275507
41681848
78018505
49403067
14462446
26306454
26502026
26644928
66422696
1014620
32649363
45930655
44344578
56377471
70332056
85906564
88739016
24764480
34706977
44069273
4097014
64679427
64114949
2240369
62249481
83797519
75148081
69647487
69202420
78361518
31741638
10356064
8703026
51712051
22901041
78067519
31617382
25487405
65729189
1975665
28403667
66521893
65848599
30171639
39372080
27051200
32683211
44669743
20667466
41761174
70204325
73590269
2429946
52051054
17342289
82851994
14595099
68520188
37905849
40329980
69658492
70279587
77705024
20885508
1578293
69147260
84071954
29641717
87333739
89457297
26377067
69965653
8633437
38797399
69222052
84952338
78117358
62655662
64715419
18810822
39331228
89886895
56247980
9827953
37455955
20555726
26429769
45998743
89111697
57876263
52874957
30256608
50184918
8557763
27063554
62186577
53547146
66348282
74998275
17368086
62307483
77829668
72477225
13931100
32413666
6566390
20236919
40790160
23324434
46562148
34296467
29503275
52430940
35692253
55131809
63190837
21694030
58803507
83373787
40338713
79424969
44317194
3193053
78248342
26744242
32448897
58921927
36179059
75774424
87418607
16624486
48376383
26899626
65910835
83944182
63357130
54975581
45408395
6493693
65554784
84381209
88854214
64621467
60973728
85731848
68061927
70067051
53088942
69628538
39056593
37145659
72910252
89306576
42477781
19326415
62298808
28408098
61753320
1038197
27398041
60518981
40963652
54682201
35276121
82668878
20019411
56863437
79670798
32760811
79623105
933317
23407481
74855991
68293165
62640302
14126529
70167013
31010458
15943283
86968287
21483641
66401503
35067460
27007768
14069683
47823096
42744234
1010057
72967964
50324546
44449464
6726484
48544774
34662790
50146309
2998080
58992225
67490333
60221105
9353329
76500738
4373777
51017180
42213086
69859776
13113468
88433247
73448727
9526816
21275405
33384451
84725874
33815443
77494365
55997159
13059626
46588756
82669689
46810593
47725104
1779772
9786674
46830176
27030318
47404190
72905977
14510599
49638895
62723219
37330952
48586150
15771276
24764001
19387336
44029839
86661050
75320276
48641466
40064276
15050943
77709962
27623710
10212339
20755817
30905609
63577471
56499034
70597277
62373541
18507543
894928
46483078
34116108
64174200
84253344
88015296
81916382
67429648
72786370
46951943
12566951
10682437
61991438
9836576
15800685
67121998
46596774
60269333
61181505
84174190
4838604
38437769
86968102
36884869
54506784
32041957
72937555
19475114
69702348
15890462
56125060
8454353
52479735
36350813
72507818
16823696
86962550
34964439
36346321
62103933
56694130
74464000
66615377
66603065
53489802
45781353
77674118
34156209
36914352
22743735
68939713
58203736
55664610
54926145
35680939
35031669
52589609
57047092
35083679
42731619
35144352
1257870
26196536
17139663
39638264
19027003
52211000
24858617
50003934
33615946
67222180
61824690
2457821
20834024
60662572
19333593
80600625
54930382
55466497
68960617
38812750
85747192
4006421
20632941
2336536
68883847
71681615
81591615
3386364
15309433
88268708
18004688
51869607
7169533
36662288
14779646
59273069
18595054
29370062
78429245
31158124
46388156
72895743
73374229
11967024
5732189
35600721
83373633
87851257
41452929
64954195
18179809
83410656
25372575
20684951
82728546
46981107
56372182
83572908
75631677
53689826
81099175
53076025
18573585
38146464
18067234
57143209
52577449
77686930
73231907
77267127
29517520
15904756
67163553
19257131
327015
79864558
84397793
18419438
69671448
29775898
39581620
69228483
682110
50125093
54562770
89405639
61599431
74415980
2473733
22555652
16599865
42952710
16492414
51680376
57302640
30630305
55644927
65560322
29653034
38810775
81837199
81994014
15577740
59032620
25109339
53641202
10193109
36105519
69087818
72176590
29093788
61190152
14665713
73260097
78775663
51880414
86931905
39043779
57816115
31254648
77796862
55169490
75900071
57595734
67769074
63475943
72710896
16834152
55456748
37909021
23233034
22804578
38368298
33670163
48839511
79253821
74803385
28266520
78745356
79631291
38994501
46083692
72664490
53035299
76578192
39731884
84314300
37160881
32980541
74380250
45604578
1684752
77650417
84157753
75134839
32418545
79752819
34801875
65334743
32652170
71274347
61296496
64215068
49364478
49116779
20572991
508465
66905719
61005643
32661664
6966800
76209203
41239124
32932606
40454624
39417311
78484967
81667675
63289928
12779413
68463458
51696826
16799913
26715495
4404933
21816588
38817427
47100649
35261152
4038246
58687102
21909869
83913342
25125701
30339636
72461061
31300972
39580426
41422542
56530065
81672540
64284195
17238203
73555438
26181264
30520573
66377383
65705554
84937842
11593102
67713125
41747962
47291892
66716950
59631693
29037909
58289061
34779181
60147172
13351283
82108530
15045025
63303858
11452281
65558354
81009211
12522142
65020908
48157887
67388348
39291862
79850727
38102931
58451254
7178055
32209335
35832732
54784281
69726054
43189880
54551211
996175
53849894
89987608
80161514
24852512
40624362
44937778
24404276
45102147
21781050
52139872
21220296
72544648
89180140
537446
14334948
16867419
7212669
58557161
29285417
52574233
72672672
77627221
22618522
42643775
52733282
64376477
71966695
68729879
79589986
36297227
82818287
10481006
30846870
35223736
448236
85772216
4640352
43998028
5365475
39486403
53209733
2166474
58209700
72312721
65058401
27511412
77832002
44888437
76134490
23391821
11439334
11512521
24893939
48492046
42410705
74253404
75036491
35669467
57645217
50592604
5450357
47594551
10032770
16808279
12067008
28183832
80406741
55403950
81038296
74932626
71526704
71147013
8841697
12181912
66214343
20169964
41626923
54440181
14932727
46105593
88747883
53197289
59351817
40890536
63705556
6741237
88341812
5927511
30219110
10050666
22043457
60375702
35527543
72098939
26651539
28396683
18879161
77207740
74127247
9891282
66090928
40828416
76666295
78921734
42288614
11774162
76970862
67254955
37425922
51985439
77003777
29340971
79741734
52610579
24282349
39261668
66772128
78291146
74134055
41577033
46256748
21678143
15207787
78864485
34703401
39693800
44519437
8987879
11116811
14782455
4958612
58902819
70273427
64892132
73684497
46767284
46081865
24985423
80501179
8084951
62493706
24393197
5058622
21963689
76088452
36241204
36861238
6678719
13518022
33939535
7852870
57642264
77224743
65763987
34345048
7199146
28576989
11220606
4029266
23947617
34759029
30316481
75468322
4989767
293891
48699074
56516106
37996914
34225342
56107981
3026328
22013640
20038370
40551043
56836076
50893357
4206806
2921703
89075850
46125759
46964793
13822507
4780840
51509220
37186998
23124442
3169880
4629371
66711578
45446410
38729296
11252886
11506213
8252872
38723662
52546978
14473732
72141749
34970585
12211701
17553235
34208910
36911189
59395013
36344237
53914373
52067508
48331048
46206910
56736966
22828543
67189198
66885510
71906399
29822964
32557627
28146489
29457094
37633700
36942316
15423821
11960048
44262849
49209236
84029140
56831913
89310018
2262031
36072138
72495300
47034137
48408223
88114673
73246817
7327505
59746814
7707462
85580543
6986129
50751337
61585081
41172145
37366233
34327883
25243534
72099495
66657551
81454174
14033273
25673652
82929468
56464586
18180908
77680936
31632843
81767109
2243399
88548342
26961519
77913916
74630628
45520944
41080718
9851483
65539355
83730588
52760685
28689750
5479085
37547609
13385104
27257198
87662236
37000363
57920332
34039361
58066221
40983899
70258331
29302312
79226369
5248531
6315367
26663800
56921161
33334501
36289214
14579484
13917714
71690575
36833198
64779145
70231590
29083755
28824422
18333229
78251502
15213076
15304646
68471888
21618998
48118365
41070491
53622875
50667767
88670058
35514655
28763909
33491155
65009799
22986945
52562569
20060995
63230866
62108210
42341676
900411
54848640
49479911
39388570
73192610
7749443
17438346
51898361
22565877
13611346
74762208
81513239
65327703
38919905
8885021
58246124
87700599
42650433
89841845
21903858
55178903
60754856
77510588
52662211
26432428
31489704
62187983
67969320
43814079
7259570
64595390
51761841
53389655
41730468
3433848
21294248
56917190
3827000
48869778
31302639
20017267
17325926
54111842
78815204
41469307
56484588
40137904
47280365
59205155
29086988
16126894
74250317
15806052
46020884
62207852
30196733
77925625
54928413
3373930
63785863
25603540
22864921
48327993
32095406
56546903
89856848
44158095
7098175
55543358
13027476
48924421
31452064
66106620
69360879
20160924
65922566
87529434
11050915
31153471
56688462
85014561
60356011
12042465
57342944
58345260
7279439
26822803
85873387
29324872
52242633
15457869
65241759
38051643
30204770
59670936
49448727
15797114
31130619
29907379
24091294
37170856
69813543
83024764
71917679
72081445
9110009
34769095
12324596
16286355
42531085
44645997
9155240
2010751
76496650
30520141
62721873
68204568
64830170
51899142
35816738
14190990
75503100
5570822
78852917
86141280
28540317
1024972
81955821
65693387
50343836
31316530
36986802
69465723
73914755
18632207
41240473
64557278
63971635
57928599
7131115
40520334
39882972
68885100
11022502
8292082
37423596
10822731
13871453
32122804
66646042
30245916
25588074
61095445
48764130
59311568
4185459
53096931
22414761
50639291
10190209
71128114
47651776
18354595
28225249
81091102
44910573
55045499
38909787
4934925
18045627
28496016
29497831
13074513
12945128
199771
66154254
5300791
15910314
73875538
6534730
5550597
53215411
38010130
38393610
85917200
36896807
25279793
24390346
41536647
2987515
82085615
24386489
38294299
63694023
44913375
23664938
21459271
36999871
10413771
65687095
76704739
15550888
10781684
37170260
7644336
56023082
82528716
70499686
10359716
2143751
58774601
38890612
57548212
72846948
84847442
43010478
67093785
22292278
14038356
88883783
36426841
18391592
69723114
86362985
23718375
79647129
13251167
27505801
50545133
85112884
54905410
39534478
79640176
26492227
44891545
8878275
27146989
61868589
83458710
61719105
16329164
57661278
25776795
86271359
5753163
44038788
28972122
68460002
57599062
85896765
644293
21797480
66406841
61809610
73111818
86462575
29101995
90121908
44334016
82744280
77206333
28413183
84892934
70761901
71078863
54756581
87403191
55677885
27023048
25797432
17425933
20307806
51908115
53471632
57299237
9026785
58173351
33325358
49299333
35801581
973547
10568307
38935663
70194267
32707615
54723535
23612183
18091340
12915575
15920833
88101346
6444432
29067945
11619977
55092334
87134602
27733532
61605759
19735576
6715242
45622942
54204302
34742194
24364953
67031906
23973879
49977453
22371769
13835434
20214650
68599543
21029281
68110693
55945753
28065708
86349899
41807959
7691350
20239995
6471143
58586513
57964993
41602098
32183343
74136446
65220200
67399026
21018290
15982817
55781275
43706672
2741612
58906020
10768315
64637501
26143761
81872069
11246427
44022227
83056154
42353957
12653790
83213573
53494419
14137793
1857982
66109904
35336816
39354838
34008627
36602670
26403169
74078548
48115523
36517942
53118155
49237382
11617751
49045243
84974830
68608879
14421981
9837736
14245883
19146247
34874698
72371535
70549540
59142470
31368436
90092582
60593163
70249622
62839215
77634515
50534602
52753145
13584901
70467771
84685293
31663704
60220771
61618852
20960392
89128142
24900190
75806537
35996177
14742497
16106886
56620718
35846620
85525735
46696662
32124349
20330332
65982229
41003098
70706959
88799308
32852439
8736991
54692273
1198643
10086069
64049614
70316832
39801477
53654822
81980624
23066441
10703311
61342630
36718662
16887480
53131964
10157693
59699651
69625460
50629502
20831152
81657680
3722270
46679027
70964434
62854876
39873374
67432922
8150659
43453592
15590659
13137420
88900922
80892660
21131812
42018217
82128416
60069833
16735036
24435135
20637994
58081404
84065832
8210666
8044592
47437829
55240129
31261816
20352123
59701405
28390855
45885750
10693246
12601019
6805653
3531512
54704217
68153407
33325887
66746864
44802670
24948000
63739233
28366329
70497868
51311980
25283181
39176905
20915463
30387257
30619303
12427328
50036811
36628003
24704162
48516401
8569330
85788725
2870961
64716374
49008159
15789836
20563721
78895358
29630427
28902247
60455626
78207354
4834360
80111512
74741256
88169966
26183756
12427253
3083147
31320963
11880141
66629549
8557602
8488135
70600446
84241301
77973167
73254035
9542297
10649062
45645440
15586580
36780566
58814750
44152653
41846425
57893033
63395099
18439732
41673074
24067886
52077739
75199723
78648020
53927755
62314003
85086819
85112794
547112
8187223
22763361
3392006
86279104
86299926
2248593
87596412
56182628
67324105
9092219
65689341
64118497
77080691
61683928
66667765
921716
52491179
23406693
16219959
39327212
56611993
38206976
17153491
69883609
12885720
83811202
59064962
61766891
58383220
43833057
87405107
12158120
8197059
72877038
70416317
11600922
25174489
78504192
62226912
74939233
22261529
4005413
87700732
76158974
80926373
43261072
56435382
13163967
38528325
49746607
22173721
58462009
25321256
23592290
10818647
22852454
6911606
86965529
46095409
46225100
17119622
86261694
31991804
86846138
47702549
82162125
21107635
40485257
56242663
58221498
77488501
17836180
13329041
44439660
1207216
67762406
76466372
6688775
62723871
51799940
5908975
88831431
47643362
74202427
88414309
14103118
48490670
50936507
51329531
50083716
14233296
20523484
38559145
21563303
47222127
7217292
25919462
53136137
34730380
19890107
44892457
33048841
16628964
17300259
39706913
84768442
76772160
6150055
72513425
64142440
4156578
3440172
72150747
33540244
7195381
37477802
34507212
88656955
36703211
12289671
11524571
64403617
45034982
31341853
85893842
84335991
44220536
6029355
79977305
1681539
74994768
9075822
65075552
22110523
12261724
15040482
83988642
12629720
1993477
69073252
63725318
60866335
67978416
34672944
70766657
8788427
774591
3701165
77132384
44033218
57504690
51916343
68759776
50948992
77371317
79864486
76092311
24022621
2768212
70901483
8339612
52884245
87064099
31518694
9855506
71365629
13047004
14915389
20638026
31377143
72828461
29052374
61833303
59189988
33898353
67065492
3389668
28474998
36446476
6699665
65523443
78289323
64795026
79145291
46590306
34832320
58579898
5190828
15683009
21617592
55571009
48554542
24512363
87432095
18471690
85190117
32211226
71919862
32336929
81835653
41277465
13638473
66887646
85017812
37283944
77156980
12102640
68423628
34685180
48407154
32154639
76628153
13182641
29962706
2049017
41399478
19149311
36962305
21353444
38862091
68838854
58388915
30082852
29572246
36704492
36801829
34336812
40625574
12126020
18698456
86681632
46509654
48088154
61464291
54398796
40593940
23955424
53945487
36268989
48307028
16708137
2191933
56062760
62033164
10813394
55336712
1529658
52020845
39857076
53214530
8779239
39266608
3168046
65014648
66969059
86328919
24675808
15638356
25677566
37349991
42343927
6700965
63844483
7494213
37508867
453309
4324951
65898397
37237350
15560679
63977893
44924974
81628540
726047
41987130
30526174
15479636
38565129
43241606
590468
31530107
15498215
44031174
7089128
40338840
51330702
42134977
59059442
63544430
460225
63755508
34849713
59442099
63391174
3169262
43344095
53465960
60497897
73654129
82562377
24182140
44735469
74671469
32585989
75496412
3422001
77534569
14889168
78768646
9227014
28292919
24440979
46893000
64434096
36687776
71529398
78036273
41674752
85553935
28694717
12751750
72097959
13164075
87831629
81658839
32921366
59939967
61153584
17799380
10402283
79624533
63329776
59489058
71249468
45301421
60607243
86636980
49791179
58329874
54327667
34067639
35592447
59486828
65613603
76647824
66746649
76225464
49341556
10406625
85189601
87264266
86903747
62172744
70492710
27891662
20505255
86855610
31021307
53262676
44719605
41163226
8375065
89761980
89131816
56346112
67243867
2277369
32309313
15723540
4221051
66574463
58704037
49194624
82990180
61121763
27306268
56340023
81285864
33810914
13752879
4500480
88505181
59012084
41667489
73887101
68603980
38976204
23619629
80108082
44887611
26691250
42281411
23762577
22518113
86854447
24036799
51520327
69789943
55984851
28753128
45276428
73834284
69315898
3371979
8133781
70085900
65228979
42587144
58269008
35555734
26474420
34566616
86351705
62141729
74424909
31751096
78745898
65822218
87178379
37826671
21125033
4173137
27160589
89975779
42731411
88798129
39785573
22767199
24513515
72400568
49687230
23388072
47184127
70963623
9876625
55796638
11816892
11156868
87846349
5186015
39454030
54582691
50391708
36084233
55129456
80336316
34822717
22402851
44697185
83005242
82399707
2882879
33175351
28612461
31673830
19964212
45768238
57635006
44813593
72859067
25216441
50457232
85245072
63121114
59146731
70453382
58200290
78364501
61952839
14747281
45044308
75103422
89703236
41789017
1261515
32726605
35639131
42067476
30253144
23297930
31313514
35270870
61459049
13211139
54577848
64288825
46884243
44642795
13902189
84606362
59347620
52345328
63044125
14791690
76654449
52515855
80234168
43453008
33320193
77099417
15294046
74988916
55325531
38460255
6149886
49444040
74207085
84074826
10753962
66715899
52088881
89836000
70943023
68903849
38060521
81668677
31870260
52527882
57028800
51806862
3045861
44555930
47424504
10528270
6291147
33201440
19195662
3134750
9642586
30064901
3257510
48567415
68839030
5881491
54503171
84058686
38690078
7491186
31985944
82901588
67506500
54918657
51775479
61007971
18517212
75782640
6123501
70313399
30965645
12472869
4382358
82767591
38264783
85956688
63066233
74890021
5042478
79380761
71610865
51325172
32959496
87626020
84314245
75030345
57441414
28495608
52072741
46038491
11718311
48800912
31126109
6498529
36401445
47726464
36368093
38453814
44816995
83900633
47414665
38448054
45941711
80409295
19701358
35108387
62397834
55419097
75012781
43967307
27904889
74234845
57260927
48179151
30184606
55818637
4441228
11402923
88510922
3271829
14912382
5219781
84133092
55133270
60380437
88197632
2909469
24201085
62772773
78102565
19442546
38738995
18746696
10833324
89745086
36015886
31829230
18430527
8997831
777936
76956380
69975739
44050239
1442290
25221547
18781683
39041339
1169398
68224166
83291141
81122363
31512737
16572969
86185461
52223801
36179351
6908482
86790529
76492164
5517402
59355869
8609222
39243910
54464435
50737718
52798182
8501678
31051294
31724148
29272093
28461322
75514090
26237815
25268555
34134576
24052149
22291142
46000199
82030661
36711429
48201795
66670527
51022561
70643619
60760602
55683272
31420812
1391080
8918284
67882942
56523493
76625058
48121504
58179352
45962757
1170048
21074034
69479586
74323597
46460059
74767903
3192766
22863138
73919291
2977413
59868001
13755113
57313338
69532029
87093758
75938869
67808177
5909925
85589289
20706431
59369522
28248612
53787870
16601211
22543227
1245062
88594142
30662301
28435080
18588942
66733172
17096451
46347600
66445308
71130831
5080545
72582236
71948978
53245137
60164178
35914075
80585973
16911355
71624470
73457476
81183833
62083204
47101746
18274027
57340677
57168561
42768311
77439010
34026432
18257070
82130926
63059982
51488824
35662754
11338629
62491342
