#N=10100
1530
1501
1293
1954
159
1080
1984
713
848
690
929
1454
77
742
458
482
719
467
1809
1432
1617
307
1620
529
1588
1571
515
1758
279
898
340
18
1342
213
1971
1890
231
1293
227
1838
613
186
995
38
466
434
1116
1288
850
1945
255
1088
720
48
457
273
1735
59
1417
260
1557
127
491
1896
425
678
105
837
1123
40
843
1017
1721
1004
1366
1621
1585
1172
1033
205
1668
649
631
447
757
840
856
1475
503
1733
212
1662
145
1814
233
1589
1998
64
437
106
320
1840
94
543
1863
194
588
1380
1947
827
1574
1221
1893
1792
1591
1283
337
1567
1262
1284
1588
399
1872
1000
258
611
1595
334
1745
598
11
220
420
343
1956
483
247
204
248
726
934
1783
1631
610
1897
24
463
1497
421
863
1856
1031
584
1261
1406
1925
867
997
323
1968
178
111
265
380
96
1752
677
1522
1713
466
1096
324
329
48
590
400
46
1601
84
1834
722
595
1626
660
394
409
44
1342
1262
212
1703
241
15
514
145
1017
481
211
426
1832
137
1490
1735
371
2
1432
759
656
1322
1490
207
62
201
1660
1059
1052
1591
275
82
1021
640
1189
538
1441
475
1935
591
1093
517
937
97
208
1931
302
1613
1790
553
1713
891
1260
1289
991
1447
1592
69
1227
1413
1013
1636
893
482
1199
1157
1047
1293
1383
1417
1655
995
752
1450
1796
596
583
192
342
1342
1293
424
1901
256
139
921
663
179
1500
1592
520
530
879
1737
1879
349
1774
1631
1639
831
1108
205
1643
155
1309
45
697
1685
900
1919
1441
1480
728
980
36
1961
1865
1072
1660
1413
712
783
652
973
406
248
710
1386
965
1877
1631
1396
1339
1598
1459
67
1589
1222
244
1864
1191
461
1443
1210
1559
965
301
895
802
876
760
182
820
404
263
1020
1726
1277
198
12
538
33
1937
1272
451
680
1824
1726
31
225
420
423
903
478
909
1107
606
1426
134
620
499
356
362
243
1122
1430
822
156
739
607
76
1709
1583
1700
1892
726
649
1598
1749
50
1766
1943
1515
239
315
1927
972
428
1370
1779
701
256
1678
933
1421
1409
691
658
80
1473
1025
820
260
1300
1493
294
1421
1042
275
1806
536
1526
70
31
1268
329
1000
1194
1728
1114
544
1769
835
712
685
1206
1329
1661
75
1704
1656
1726
1770
1967
322
894
18
1615
506
1193
178
947
258
184
1475
517
602
1887
1092
401
278
1833
1527
72
1384
1024
1131
68
448
350
376
1690
1847
1319
390
707
388
1269
1880
1559
934
437
1916
184
24
1589
1425
201
1608
1703
1318
206
892
503
1385
1759
1019
781
134
1201
946
1501
1300
1140
930
1565
1271
830
335
1443
86
1193
412
326
1203
1824
424
165
1327
1402
1253
815
1265
1134
1484
604
1624
261
277
634
1902
1807
571
1736
312
100
1673
1828
1186
1143
1031
1761
433
1032
345
1037
940
1023
1356
512
136
119
1331
1104
1511
1666
326
990
359
914
506
166
1938
913
506
484
915
530
797
1869
1153
442
1858
1396
534
1323
124
428
886
1680
1181
1476
609
108
1221
520
1307
1413
927
636
1419
1593
103
1454
1999
419
1688
1489
1378
798
454
1757
350
535
1715
106
437
888
1248
1854
1071
1516
698
88
802
1808
36
1114
437
1778
975
1966
37
1685
209
953
1042
1332
1478
1621
448
1920
485
687
98
1269
859
1026
1818
174
1599
1425
1157
890
495
1689
1371
259
581
471
183
1291
199
1528
1086
1320
1475
1421
884
1559
1579
203
264
1660
271
1515
1452
1127
1428
393
1018
709
1373
1469
1963
236
1107
900
519
1734
715
656
647
1323
52
1666
436
1917
285
1124
1738
1920
375
1192
208
1588
87
1059
109
1162
1464
1992
1190
1136
362
1063
1718
1817
628
1864
1087
1836
1046
1425
887
136
1380
1756
621
809
749
989
1712
1231
1105
1150
1478
1369
38
118
1973
327
1630
570
1862
989
878
1855
730
793
1260
104
1392
910
45
1575
1959
1014
1007
75
1098
1962
1885
562
1753
178
1555
1803
1397
1711
931
1846
909
641
135
6
259
85
1038
625
1845
793
502
260
952
1475
568
325
1916
1489
191
536
651
1706
1451
393
1225
286
872
1995
802
290
1711
1346
825
50
1412
1634
684
244
566
27
1842
1028
1693
1069
1559
1523
134
1380
1280
929
1529
258
924
1607
1522
1230
1485
582
727
1900
1908
1661
1934
1192
1810
1168
1068
1100
846
1538
335
773
1913
613
1378
179
685
1206
1851
1022
447
365
737
1695
565
1383
946
1586
1117
1067
1966
716
294
1209
123
710
322
1974
765
516
68
165
1838
1733
1928
172
772
1664
1201
1929
284
753
243
1798
1192
979
265
321
1621
401
773
1200
593
1585
887
593
1946
249
1905
1043
678
779
237
108
1404
707
972
843
1823
891
1686
930
1562
1707
1533
1313
1802
1865
1549
421
251
1632
312
442
1640
1081
1132
1346
1571
1126
1248
1013
1818
1974
1137
561
1328
81
1601
893
1772
422
1398
692
1906
1668
1765
1381
56
359
551
1809
1993
1675
1311
737
1511
5
540
1001
1752
1275
1877
1700
1089
1499
1404
435
752
1179
1939
1080
517
1730
927
967
54
1849
830
691
367
877
498
1699
607
1749
639
953
254
1266
1124
494
628
821
296
1097
746
225
497
1673
1105
651
596
1550
118
1079
137
1364
1482
395
193
1111
713
1193
1503
97
1494
1374
1829
203
638
303
198
1975
518
514
600
1074
1564
288
1520
1555
976
1517
1413
755
40
185
1614
370
125
1444
51
1059
1699
129
268
1734
1179
1526
5
664
228
126
1817
1444
951
755
1555
8
1756
445
142
220
1477
1671
1142
1671
503
613
762
1066
1745
365
791
1966
951
743
1729
515
1741
321
1290
784
1176
1062
332
943
1442
1110
309
1536
969
915
1522
249
1611
529
1352
1437
868
396
718
222
1415
48
236
879
1445
1851
1225
957
1589
671
895
233
63
1223
1077
349
583
1837
457
1163
1748
992
1341
173
104
955
719
1089
982
670
1987
979
603
829
1654
931
704
997
61
1799
1051
115
1157
1714
1082
1683
335
1421
89
1465
265
1575
1331
385
1455
1016
1974
491
1103
445
510
1600
1769
115
568
657
870
1349
389
389
642
1337
1034
1917
1822
1662
1594
871
1598
958
577
1881
119
315
412
1407
1914
1972
1982
1946
677
838
1475
1112
1246
1220
710
481
706
1496
1356
1169
1516
1815
323
1394
507
1079
294
1718
838
704
1912
1156
402
441
1425
410
1294
1587
471
8
1593
255
401
765
956
1658
1126
1981
422
1984
846
122
1308
1687
1543
789
241
32
249
125
302
1471
1732
1993
1147
281
382
1729
437
215
1608
828
1743
1187
1640
1419
1679
1585
1135
300
1119
1602
1023
519
1446
1510
983
559
173
1222
837
310
323
1894
52
1862
1844
167
121
1610
916
864
1632
324
1509
497
283
1379
909
1534
1720
600
156
1957
1980
1330
1780
203
1723
1864
1342
944
700
462
49
328
1741
677
1251
1701
1979
592
1356
1134
483
573
31
1193
101
309
1378
206
621
826
177
218
1608
1916
862
1222
1607
880
1337
372
721
1373
1078
483
698
659
345
1288
552
1226
1546
1291
471
1722
1816
338
1689
551
29
845
1662
704
1357
829
752
425
1885
1235
158
1965
1738
681
1118
862
581
1854
107
1120
184
1705
1197
1825
1918
133
33
1265
751
1287
1333
1326
1932
832
1953
931
945
1961
710
363
1498
1921
1290
1319
99
1264
755
1462
112
846
365
360
1787
1064
1792
653
1383
1190
1932
1426
1798
944
1817
1001
1888
434
664
1024
463
789
1517
622
1822
25
1007
638
1595
1910
1540
194
1502
1302
569
1577
124
1045
1165
399
1835
1431
52
797
1499
1825
779
864
1972
1876
1951
1842
968
1492
58
1627
874
1098
1099
1401
850
680
1626
368
1621
1968
412
1725
1210
1734
347
1481
375
671
461
635
1854
904
1357
572
907
902
1784
1785
618
1404
528
1474
690
861
218
482
1503
100
1957
1897
758
1121
1821
172
1802
119
1020
1740
817
1557
1279
1725
440
898
789
1123
284
823
1700
1145
713
1667
1699
208
1802
560
968
1607
1343
836
518
585
1320
1702
1153
62
1745
1906
904
1536
1560
824
936
1318
614
1966
1866
1583
553
33
1890
505
308
1138
1241
195
1218
132
1531
758
1960
1260
1876
1258
400
1691
1602
209
346
522
600
685
210
1413
1452
1475
1856
275
136
48
1726
751
1265
555
1921
1108
665
903
616
714
1326
702
860
185
99
191
1345
1522
1609
103
312
1631
1234
1179
1558
1620
1782
1808
550
1385
1227
1613
831
156
1891
1461
935
1951
20
1915
1855
1141
1046
669
1284
1020
1025
1241
1653
1979
870
1133
73
57
1841
192
1069
396
1024
1381
554
1070
1723
1813
1665
383
1884
1463
96
880
869
1629
300
468
86
42
1368
1047
371
963
1906
1256
1293
323
1431
1888
1612
1689
1843
1955
101
1185
1849
1340
1930
202
287
1004
594
910
1023
844
1543
700
1101
1040
1672
848
1584
1558
1671
25
1826
1406
712
185
45
1658
1588
658
549
762
1256
1647
1496
1368
51
1377
424
1751
1811
765
1743
502
1029
696
1900
114
1178
1
175
708
1313
83
1361
1498
597
1831
1552
826
1403
903
1710
330
1596
561
944
301
9
102
7
1309
1737
1490
1046
915
1519
340
381
913
689
92
1348
258
1486
1974
1947
214
428
649
1560
1515
1308
1591
1387
1738
552
1285
293
1144
365
961
262
822
413
1149
976
606
1652
289
8
874
1050
1375
311
1272
1989
1741
654
1356
1342
412
128
13
1039
545
1444
1852
919
1776
881
1987
548
1114
289
1808
1940
687
1041
778
1683
634
1005
1778
1830
571
1061
632
399
685
1671
1329
1817
1583
1012
1187
1627
1669
1414
1376
1228
1768
1698
1184
1175
44
766
1605
1005
850
1774
1905
805
877
1160
1640
171
375
1405
1514
1312
88
759
629
399
1344
216
250
884
1647
121
487
593
95
417
13
1040
359
274
1101
488
1339
1188
1608
706
785
235
1101
1507
1317
755
683
131
1859
856
149
902
570
572
397
1054
26
69
1023
1056
501
1740
1940
313
1378
356
881
633
403
1373
1606
1722
1362
789
1267
1628
896
1828
425
1400
285
1578
505
1960
546
328
474
970
11
1284
1560
631
804
26
1433
745
1954
1952
1028
1125
453
1260
898
1735
1893
1440
1203
1940
1542
848
895
769
1032
177
1929
18
760
1191
1854
1381
922
1534
1641
59
516
1925
1717
829
1498
211
670
719
1367
1459
975
1954
1898
797
1488
1216
259
718
1283
1456
1861
738
165
1380
268
319
182
863
1461
1717
343
1688
427
1949
159
779
845
1212
187
1857
3
620
908
682
538
770
1934
804
858
545
1291
924
470
289
1197
1849
859
466
963
216
1733
838
1529
1649
1104
1391
1034
1431
1208
10
1392
1322
82
138
1192
1735
1913
1389
1957
377
518
1445
1727
1064
1431
731
886
1085
1177
568
688
84
1735
581
1057
115
182
1024
482
329
370
1254
573
348
225
1804
221
1979
1314
512
650
1454
457
1439
621
345
1554
761
840
1536
834
550
1470
61
398
33
1634
296
1097
1229
1756
465
1028
1213
127
690
490
152
1329
302
498
1655
1276
554
1886
1860
1506
461
370
732
509
772
152
1437
428
545
937
847
984
1075
201
986
337
781
723
418
1805
187
97
1675
1470
1944
212
1417
1049
1868
1933
1217
395
1599
580
1072
344
50
943
24
4
1863
646
1999
1180
1863
262
362
1420
536
764
130
1161
153
1906
496
895
345
1485
275
1916
334
636
1323
1255
973
572
763
489
1081
1378
6
1125
1227
178
818
886
1727
40
1733
1818
611
225
665
1259
3
1012
1063
873
1594
1639
592
1523
106
1194
492
927
1491
1385
483
1957
594
270
750
341
452
1221
1596
1910
1430
1951
1153
1353
222
96
638
1131
1862
1425
723
71
1976
1399
1031
1179
1704
1107
444
1978
1234
655
1650
253
1819
1530
1188
986
1791
1646
757
520
1729
1499
1157
1535
678
1214
407
1791
1892
1325
1484
797
138
1924
1178
168
316
1790
328
980
1280
120
1509
1276
1739
1543
229
1714
359
1701
1364
194
821
386
1127
1331
1766
1526
307
1095
1630
2
62
1970
1608
1389
1841
1780
953
208
1915
446
824
1966
1047
468
1627
528
350
608
1323
1421
1068
1490
621
44
1467
670
1896
747
1476
1661
395
1117
572
271
436
1632
307
949
1828
1950
1400
356
782
962
118
1019
1649
1373
1541
1834
800
1023
466
393
592
1163
1638
235
352
802
1531
567
681
941
406
1930
1805
358
1993
1915
1610
881
237
1764
1314
1189
1922
1816
573
517
1368
849
874
1747
1199
356
811
1278
1148
1785
121
590
604
751
1136
48
380
333
749
1112
1677
289
1568
1492
285
1942
1059
1404
448
166
1644
64
93
961
936
1922
1652
1469
1157
557
1624
1371
1898
556
814
1246
1743
1268
1100
903
1988
628
446
1627
875
882
1494
893
1761
827
516
1126
1572
172
1752
1910
1208
1538
1846
1787
1103
1068
999
652
814
1990
589
1283
1281
914
456
361
1754
1565
576
1983
1564
1110
819
635
1699
344
1817
1662
965
657
64
1865
877
1220
787
451
254
1010
506
1975
709
117
826
919
1161
1335
228
213
1
1910
1164
929
1855
475
1262
36
1823
1603
40
1101
223
1288
1077
426
966
1778
1946
723
744
831
1148
232
1400
1935
1134
948
1334
762
1050
1516
55
1132
110
260
1095
102
1997
722
1823
1196
466
1798
322
1300
480
685
1476
1558
1576
955
1875
1657
1099
452
601
814
340
261
707
1919
1849
237
479
8
264
373
280
1244
699
25
874
1167
1317
79
267
1366
1110
964
125
1920
1856
1866
1498
728
111
340
107
422
856
470
1883
1841
416
106
1729
1020
1675
698
370
1976
1151
1237
1343
394
1413
1303
1684
1191
1552
703
864
1571
1755
1601
621
1690
1485
80
983
1459
53
1776
112
1397
875
1474
1093
142
1547
1134
633
1200
267
39
711
221
194
1424
327
423
949
1707
950
507
115
984
1150
469
26
1207
1790
1100
1344
639
747
733
369
1960
1510
790
1309
1036
489
46
288
1731
1895
214
475
1063
1474
441
1592
409
1358
89
957
1944
680
1370
306
1594
796
1053
269
788
1224
22
650
916
300
1263
748
759
594
517
1256
832
741
33
1915
1064
1527
1946
1896
1858
1409
30
79
1530
573
1697
1324
8
1830
690
137
308
1723
1388
611
1985
1112
674
1504
1763
1777
1222
1360
119
950
1970
1612
1670
536
1865
1778
322
1458
826
649
1008
1868
634
1872
1522
1411
750
140
181
276
379
480
1792
898
282
403
99
715
1834
508
1280
1434
190
335
657
850
1395
116
893
1402
14
1137
346
1224
1121
1825
1673
474
203
1701
927
1482
198
1832
799
9
570
34
1436
400
761
1388
1219
1340
941
984
400
435
101
1757
1056
791
15
522
1995
1090
63
414
1991
722
1503
1096
683
632
1262
1207
1017
613
1717
47
1624
1421
447
235
1383
948
883
644
1380
1754
1741
534
1239
1369
901
23
1100
1342
912
1338
39
1314
1834
1476
1615
1092
1934
970
1432
296
1601
1389
38
1943
1796
738
11
1572
1347
845
515
815
76
1216
712
1560
1111
205
1745
1599
1504
564
1699
1185
1986
1088
1661
80
1813
486
257
101
1594
1744
373
223
1835
1167
1057
532
1212
1299
545
516
548
507
258
1513
1144
1181
343
319
1021
1054
1968
1906
1276
1618
1823
1712
892
957
170
1814
1909
1650
1167
1303
1955
1759
429
1139
1194
38
701
1036
1807
1520
1613
825
160
1290
795
1116
1778
350
526
7
1168
1309
1984
1079
1049
964
647
606
1696
1852
1317
1259
564
391
880
601
675
1182
1424
982
1360
323
472
1045
1955
445
1033
213
1182
1218
24
89
260
1463
875
443
1269
1239
1733
879
1287
925
379
406
159
1699
1621
1694
1822
1101
509
758
811
27
455
1742
1707
1816
189
1536
1401
1004
1214
1818
194
79
1154
389
1952
807
943
1324
766
1123
785
909
1878
520
1184
1507
732
482
303
1070
764
640
1553
170
858
1628
322
1584
810
1578
1107
248
128
346
1890
1071
484
1821
539
299
1246
708
1726
814
1789
1145
1203
1663
1719
106
1517
1036
1783
368
291
1718
818
745
920
1005
1450
760
359
1058
305
69
975
185
1017
1832
1017
875
1363
1024
1611
125
1426
1540
589
1126
324
1149
745
508
1993
1547
1241
1814
1739
602
1089
392
455
290
526
563
1495
1587
1611
585
912
436
1265
1237
1598
514
1980
300
1215
1440
824
1817
1600
1641
1711
622
251
1081
1168
1347
147
799
309
335
1238
940
952
1353
675
1618
1321
1675
839
750
1258
1741
1300
983
1477
1399
1841
1626
549
978
1390
1072
1897
905
934
369
1038
254
1561
1370
1384
328
265
1335
32
1000
1222
1013
860
1099
1451
718
263
344
1142
294
1292
863
236
1921
1524
484
581
1528
310
680
809
1669
1314
1676
1548
48
738
1265
556
1020
583
123
1563
142
1278
1550
1576
412
1495
279
57
1372
1783
1753
1783
1997
617
1902
719
642
1809
1576
564
1266
1381
282
1936
1719
1125
876
1901
440
1288
455
1010
1309
498
1297
355
123
940
748
32
1786
1136
1882
1278
417
535
1586
78
543
195
724
1774
104
1158
1059
261
685
31
1888
1874
1980
1958
1713
1397
818
800
1607
90
1597
1613
594
508
1161
1789
135
339
1993
1834
1798
1213
534
1567
714
1844
916
1471
374
1254
51
1931
161
1026
1583
1356
1790
727
1647
437
1497
1089
452
1249
816
1265
1797
745
542
779
1300
230
942
691
1094
1244
1470
1662
1863
887
1093
1026
347
806
1680
856
152
1353
1674
557
428
691
716
1187
1452
514
723
1018
1446
754
280
609
1580
1699
1222
1433
1825
1026
569
1280
982
730
1347
1492
1097
326
1625
37
1368
983
1842
1241
1239
645
464
877
1069
412
737
1280
1175
1025
1388
147
1875
639
864
988
486
281
1934
1491
76
1020
310
1059
1402
642
196
570
187
1639
777
805
19
52
140
1790
1680
155
1893
1471
1151
1192
1284
1330
595
1025
1498
996
648
913
1181
1018
61
1669
1306
1275
898
558
1793
1383
62
725
1108
230
815
428
340
209
1004
701
630
264
1039
701
275
1600
377
584
258
73
1295
1956
1713
787
771
748
1925
1516
939
1068
718
1832
1911
680
1891
1049
1424
1640
1579
740
104
372
432
1440
324
1691
1784
747
1733
303
361
507
1185
1408
1306
1699
1810
857
798
1107
1158
38
384
1304
1699
251
1471
1127
1978
1650
750
1108
491
1185
99
1577
1959
1481
386
1669
1562
1397
1202
1930
1599
891
901
702
1700
760
1166
296
782
132
1834
572
717
1821
820
1313
1602
8
1009
914
1227
619
1634
290
361
1433
909
1633
241
754
1472
896
1635
141
1980
1404
420
1477
463
653
1859
456
195
1847
662
811
304
1131
782
833
1724
937
257
200
1824
729
1635
155
604
1345
1563
1774
1360
231
163
946
1384
1768
1618
450
458
455
1795
1384
1543
1532
472
1472
1850
1846
575
1524
1556
1529
1009
1669
567
290
1036
1274
428
1775
52
857
1291
396
1328
934
1752
1606
656
1075
913
263
1355
513
124
626
897
326
733
1047
958
1888
1405
719
1075
1737
305
1705
1222
13
484
1657
1973
357
1088
1723
278
677
1136
836
162
842
581
729
1617
241
336
1851
1812
1288
85
239
813
111
857
1371
515
734
1221
8
41
570
1012
250
522
410
1029
1886
958
294
254
1877
1669
340
835
1767
429
1049
208
15
475
1975
1383
1443
39
565
592
950
693
1094
997
234
491
1044
1664
637
1896
735
1631
1081
1069
1915
1485
1902
354
1787
1559
857
573
234
633
1033
378
1260
1293
1090
315
1499
396
458
1046
1953
1014
1855
1149
1372
1006
815
1667
1717
39
1610
3
1698
343
1941
1214
1768
223
1541
1857
1817
183
1732
1388
237
1137
1858
895
443
1888
1192
1247
1643
848
777
1705
1733
775
57
1714
785
1267
506
927
1018
1717
1674
1912
407
1801
568
872
1946
595
1531
1343
1136
1970
146
1197
245
344
470
380
1559
1
1648
18
433
1233
1651
300
692
789
1254
1107
1310
316
1787
1979
1855
416
1342
1046
1459
3
1197
1940
1725
245
1169
308
785
912
733
1984
1569
858
368
576
541
862
1047
28
1923
1381
1320
1774
461
1814
637
1252
957
1338
1850
1520
722
1395
1214
1417
1460
257
1576
802
1787
318
1616
993
759
1950
1973
956
1382
108
708
149
920
1950
1137
1653
857
1300
1402
1438
1059
455
749
1306
1935
1399
284
1101
914
1701
1187
794
1
109
1464
1804
1010
1864
248
1233
1189
759
1456
1710
1093
1838
251
1862
684
947
1132
195
964
1793
1465
1277
485
584
1914
563
141
1521
1331
198
1542
42
1999
1778
675
1489
1778
1923
1667
1619
1459
1674
1597
1748
1173
488
426
1783
1174
1687
1308
881
1807
364
885
393
1233
386
422
1731
643
1765
1368
509
442
1196
265
602
463
1994
465
154
944
1108
1322
1391
1758
1182
474
292
1881
944
439
1857
1575
499
414
1946
185
1100
363
134
1766
172
687
283
1175
272
137
309
1492
1357
1276
1554
1794
582
916
1909
1302
1974
1854
467
1370
1940
1886
72
757
1314
1583
51
1778
633
1890
1483
1441
415
145
1309
780
781
1476
1939
6
694
638
1886
1281
1386
54
1277
1047
357
582
1741
1183
571
933
1148
1980
949
162
295
1636
1475
1780
131
1636
1808
1834
1285
774
782
1301
121
1413
1696
273
447
781
140
695
1307
1174
454
1251
478
592
1984
986
126
1757
688
516
1505
282
415
741
793
1034
1494
1985
653
1813
1606
291
1409
1357
576
1753
1475
1410
684
499
696
1862
1710
1492
909
227
298
1611
695
849
544
1206
1489
1382
1691
809
381
1682
379
805
403
691
1716
1657
325
1610
1512
1418
713
822
790
1205
1396
1483
1194
1298
1976
1893
1510
1932
1803
1163
1959
1123
1444
8
429
19
1722
131
1090
1190
809
549
588
908
896
689
628
1952
1870
1751
11
98
1950
1744
231
44
90
347
1974
680
162
393
694
1868
287
298
930
975
1766
984
601
1902
1653
342
722
1388
820
1321
1941
214
1801
267
1868
1906
1654
1884
71
1854
628
23
429
738
105
395
938
1756
976
1947
373
307
1774
702
1622
265
1522
1845
1890
1049
1521
1674
347
1896
614
1984
1835
243
1699
491
1868
333
360
33
1801
350
1863
1435
1826
1112
615
114
1128
1509
1181
1778
819
916
324
216
702
68
1503
363
60
370
728
1787
819
1808
130
1834
533
10
171
366
968
750
1262
154
427
1107
934
1351
690
708
1897
1045
213
256
1157
782
7
1132
78
274
1995
921
99
986
1275
120
105
167
1486
1422
1547
1257
766
155
1221
1520
417
226
1454
87
937
83
1889
1432
248
468
1147
176
1581
1158
618
1009
89
1980
1324
1107
1077
684
1064
229
1098
1392
36
1690
180
995
65
330
1732
1814
642
1506
1836
1864
728
515
1330
432
1559
572
1512
1082
1686
982
902
1083
486
848
1586
1672
636
1852
1655
1042
1625
1851
1706
695
130
669
421
1222
1220
1321
533
296
1399
758
1364
920
1330
529
179
603
496
54
1497
815
654
177
460
1595
227
1804
1779
929
163
1037
717
1352
1893
1101
689
924
364
218
1376
479
1871
834
741
727
476
568
1549
124
1844
1763
797
1060
1951
657
259
1741
83
742
655
812
1588
1617
1106
969
1179
470
1548
1886
791
985
181
1144
358
173
1622
795
1168
229
1770
784
1812
140
1244
653
1016
1517
1086
1715
1598
1038
149
619
881
635
1421
1737
122
1006
1705
1648
627
8
1966
5
1449
1835
1026
827
861
1630
1541
1159
1568
169
1567
1745
1920
491
1566
979
600
1514
1198
1588
956
858
31
918
822
1697
1683
621
1003
573
980
1065
1417
1840
1287
1702
505
1371
1593
266
693
1519
178
940
333
495
224
1456
1001
783
1556
37
35
335
1236
201
1137
1109
1642
1939
1600
1584
1779
1716
1335
358
552
682
1121
73
87
1754
1629
1684
1159
1321
1494
1441
1901
964
748
1221
1245
277
1198
127
1003
1642
1953
57
160
327
692
1863
1163
653
1238
479
594
1368
888
404
1037
751
633
1719
1421
973
1136
679
162
913
466
1118
1718
2000
617
945
1482
1626
1809
740
1607
482
625
684
58
313
33
190
330
580
214
1762
1331
1660
1025
741
811
223
656
1045
1639
910
943
1216
517
992
1137
742
462
1769
115
923
424
754
1094
1869
1984
1454
419
1012
1250
554
737
1032
1292
802
528
1767
1028
189
544
866
392
1952
78
1776
530
1812
1069
1983
1345
1805
272
999
771
1641
1892
972
203
1866
718
661
1706
1935
504
1525
217
338
1666
605
240
1036
787
617
1865
267
1150
991
909
1708
1711
789
1033
1075
1107
242
1437
469
697
1986
159
783
156
624
160
609
302
1613
541
1073
1818
66
1171
963
1468
874
1802
1885
1281
120
675
1079
1683
791
1638
1081
1989
1895
753
1914
1830
1536
623
1991
764
547
67
1673
238
918
1902
855
599
740
1162
1583
1594
1682
1210
645
881
1885
1884
1045
1245
1744
328
75
65
1217
1734
1839
772
76
366
1535
752
1593
214
1383
319
1605
1694
1459
1146
1924
373
1392
1244
1769
1204
1837
1082
140
1160
1613
121
1111
785
226
445
1658
1916
1681
1767
774
1764
1370
1273
609
1690
1304
459
213
1086
1755
680
1047
631
1851
1130
1064
1120
1470
461
48
1271
1896
666
1128
754
1208
1891
1585
360
840
1501
1154
1681
412
593
1919
217
1148
1534
39
1567
1273
360
1567
1174
1661
1046
1071
641
1009
1383
143
1142
1901
1237
1169
1291
1494
84
1206
1160
1089
1004
204
638
1889
385
178
1582
704
121
2000
542
700
964
102
1462
479
1689
498
1868
1926
907
415
1053
186
1528
85
776
996
645
956
894
1115
1820
459
307
123
500
24
162
1422
1036
439
1682
928
414
1407
612
206
1592
1896
1316
1163
888
968
1854
532
1440
1821
102
1531
1136
877
1251
139
402
283
1962
1079
989
166
183
551
25
717
316
651
1816
1160
1334
871
1008
348
1310
355
1971
475
430
1910
685
1668
723
1440
918
968
178
1767
1294
238
896
881
141
1909
678
1817
902
1157
1761
1388
152
1429
1562
1095
377
1278
1926
504
1791
1206
1630
1688
1193
1756
1262
1151
116
1941
871
856
97
987
203
767
1450
1522
56
1958
1005
775
1827
1500
1051
284
1170
316
1487
1163
874
546
12
1875
426
42
81
1765
723
1261
286
327
652
1773
1981
682
711
1493
960
1724
131
1505
1725
1543
773
735
797
450
1443
1384
1150
1443
563
413
236
1104
1763
821
1479
396
609
513
347
413
1062
487
165
1431
1362
1455
2000
1032
1175
1433
745
765
1736
1857
1301
443
1264
1180
1207
1902
651
1859
1626
1367
655
1409
492
639
1895
1860
247
74
1569
711
1431
773
723
1010
286
410
1698
1332
1465
1293
1035
564
1680
1806
528
1792
276
1285
1647
217
1318
16
1514
632
391
263
734
1537
643
795
431
864
487
313
1313
1398
1388
848
740
1344
56
1230
478
331
1529
1244
588
59
410
1631
1146
685
67
1694
341
855
1621
1940
1549
222
308
561
1551
1533
1368
908
1101
44
1235
1510
1309
168
144
1235
1744
1470
833
958
1357
168
5
1453
787
1213
73
402
1749
1841
1631
1431
672
1219
1193
1086
875
1324
116
33
1179
1067
1366
73
425
675
402
1229
113
1108
1395
346
1381
793
1380
385
1908
675
771
761
1169
855
238
29
344
312
1412
1284
145
1050
668
1548
1085
691
1672
1640
562
1737
1834
209
1728
1045
967
1439
1329
1148
1615
1590
1507
1917
523
1583
953
1927
617
1504
609
805
616
598
1966
1977
319
1889
129
378
1806
795
9
1232
1243
732
1717
262
1825
182
84
1698
1067
1924
1407
597
966
1450
1760
255
1330
11
839
640
722
77
290
1942
525
1778
811
574
1553
1278
1515
1424
1351
1978
621
126
1116
160
291
470
958
399
1280
710
563
191
1860
690
1290
762
793
781
1996
513
1573
1952
668
1534
1060
128
370
1981
1246
1224
862
460
1836
1089
1203
335
1633
691
279
1089
1294
315
901
1098
1898
509
1210
280
1651
487
288
39
892
539
1606
1523
1326
1147
1118
786
1832
1774
1701
1944
1899
955
498
544
1397
1965
188
639
418
835
1889
1618
1302
723
435
1612
1596
1749
434
1370
1657
902
404
540
1758
1345
1528
331
318
746
1445
1798
0
534
356
758
1990
1797
751
800
1534
1609
1626
1691
1128
686
1178
669
535
1975
965
1117
1588
1503
1012
1870
1470
1225
887
963
1189
1354
1442
1243
545
1003
6
1632
263
1586
1618
1844
481
940
513
902
151
1646
1704
1418
830
1906
548
1719
33
230
983
949
36
1977
1522
388
808
439
1237
1357
740
864
14
863
1548
678
1774
1580
788
1310
1641
1177
1259
241
1313
1112
1872
317
736
1085
637
1450
1428
90
1611
1082
1152
1452
142
816
1785
320
1316
1337
1090
411
332
463
381
54
51
1400
1864
146
370
996
376
787
123
1730
99
547
281
789
1382
602
1383
779
1668
265
1500
448
1231
1348
1448
1069
30
278
412
982
191
1906
1473
1311
213
1583
873
647
1131
19
1891
1754
1609
1680
1407
602
935
1560
1280
1663
1035
152
1001
604
1318
1170
657
1491
530
507
1510
1323
135
332
438
1566
452
1297
1200
1820
411
211
347
1006
1188
289
1323
1716
525
1570
662
874
1278
274
390
269
1083
150
424
1207
815
1178
885
569
323
1142
809
633
886
1432
1916
1848
1466
58
1684
1473
207
196
1497
94
292
831
927
1009
1192
239
288
1876
1336
1247
322
245
1298
185
203
1691
699
1821
1161
1481
1966
1858
164
1994
293
1931
419
556
1905
1109
1168
1727
1640
687
1163
1316
1347
1042
1554
1091
1950
580
485
50
1487
825
530
1662
1856
1747
1317
415
1564
677
16
180
26
1311
1389
621
1470
923
563
766
1784
121
1763
256
1536
1417
1048
342
1537
1661
1521
268
1413
1227
345
1440
182
1082
842
1827
651
706
1234
1406
284
466
500
1146
1583
442
1004
1528
1028
789
1651
1194
1881
1388
822
1269
690
737
366
1974
1044
1263
1041
799
431
579
593
1689
864
768
1348
1139
1327
501
585
54
1415
657
320
1835
909
263
372
1055
698
528
903
1160
1693
1546
1375
688
832
905
206
1185
1715
267
341
1726
1442
1290
996
1272
1087
371
1735
23
1749
500
1462
1855
1566
287
152
1981
1278
1800
1786
1448
714
470
482
90
1191
381
844
432
826
1494
1173
170
203
625
1538
1507
623
1678
561
1894
935
1618
145
1585
1010
352
195
273
1529
1759
965
1067
1280
544
1246
1202
1556
1794
1260
656
1291
547
633
1140
445
302
945
1172
1186
944
191
1350
608
1794
1390
1179
1267
880
1309
905
479
864
263
521
1431
1896
385
900
503
712
23
593
545
773
195
1717
1117
444
981
1837
336
398
1961
1872
527
952
313
804
844
887
1085
1959
1877
811
579
531
1393
1673
877
352
610
1250
398
1272
99
194
735
1724
107
583
1876
908
314
1452
1
165
551
1870
162
886
1454
717
1823
1346
1418
906
1654
1484
1506
1628
397
1339
1594
204
979
819
529
152
1848
1200
712
867
1350
591
1344
132
3
107
858
1889
1064
108
1299
916
1692
377
1844
26
1530
166
477
192
803
1217
118
827
972
1330
1440
981
293
564
1967
1218
588
1679
1717
114
1044
750
1033
148
417
1365
1073
1666
1291
1678
1993
1337
1807
1260
517
1976
245
789
1388
434
1036
1319
1457
1519
1976
731
1501
474
635
1410
1525
896
333
1669
1076
752
73
1839
115
1955
313
1176
1263
274
1015
1729
588
254
195
511
1420
1961
1344
1169
461
1502
95
91
949
1740
1077
299
1821
1582
1595
1681
1079
562
1525
940
692
482
604
1977
1686
760
1534
520
1278
678
1168
251
1500
284
1074
370
996
799
1014
1093
1920
1939
705
140
502
1476
598
582
1871
1486
779
1158
797
1844
443
1609
1926
1298
1352
1027
1179
1327
1621
1573
1732
718
1356
1904
879
1519
831
222
1437
1230
1985
363
47
1113
1803
713
689
936
715
1631
361
1589
257
899
562
468
1407
1607
37
1346
659
1829
281
1838
1073
1100
82
44
238
1073
1625
872
1004
1335
867
867
441
1501
1018
1570
1817
1462
1027
1789
1493
955
874
504
1391
209
1507
822
1199
1182
1756
1472
862
1452
419
1367
512
733
447
136
1337
1367
292
872
127
1556
543
28
412
514
1358
1432
1565
1108
997
1012
1010
325
1066
1728
763
747
1495
1496
940
1687
1362
376
1839
1081
287
465
1683
737
329
99
1587
471
670
980
950
693
435
996
97
1115
388
1726
4
319
676
1268
250
1809
576
564
291
281
532
1374
1399
1994
579
1584
1593
1858
1872
607
1522
420
988
396
1039
1320
1051
815
1554
69
1050
737
512
1311
692
1687
1518
738
475
918
882
982
794
258
400
1165
154
986
336
1452
1619
1569
1825
1669
1346
666
209
982
1766
817
2000
1740
488
826
1794
1954
1655
600
299
1494
566
1067
581
72
104
1858
829
703
1368
1211
70
393
665
1158
1459
364
901
1836
1425
469
329
1617
1947
534
1172
1194
97
161
476
1676
1355
494
963
1167
1687
1402
490
61
1075
1417
545
1356
935
301
700
66
1383
874
1507
1809
523
237
444
1196
880
1454
717
865
806
425
713
631
807
1562
677
68
769
1073
1516
162
925
687
655
869
919
269
559
1574
351
1713
1808
1771
1801
1434
478
14
648
735
152
618
1619
1595
1954
1182
792
47
553
1050
148
829
1508
56
211
829
309
1345
1919
1290
209
1023
354
374
1293
1787
1229
186
305
472
1117
1001
665
880
802
349
629
185
1900
167
1986
534
1060
678
1748
867
911
1463
1579
1338
1379
1836
1731
568
1589
1549
1925
756
1070
1304
1808
680
642
315
251
617
893
905
200
1808
1550
1307
787
193
210
728
1732
16
84
1743
1608
810
247
182
1087
832
479
620
1392
833
1105
1936
872
25
1423
1347
859
1529
1798
1337
1021
1357
1540
59
462
194
644
431
852
1717
1496
1426
166
1859
1704
467
1884
88
1959
1457
404
1080
513
1526
1609
337
1992
1523
508
441
239
1404
1337
1789
1859
474
1786
1370
936
1427
1994
80
165
1700
1975
57
952
427
1685
878
1387
1322
1915
619
1534
529
1830
1994
1727
1547
1548
894
1989
863
3
489
1538
359
1820
1299
1705
294
548
107
748
1548
373
73
1484
805
1407
768
1789
1829
1233
1984
803
282
889
833
1
684
890
1500
1326
87
1113
682
1098
1525
751
1597
1547
1001
1735
1117
63
1569
1110
1159
1460
21
1536
1805
1026
1393
1538
1971
281
204
385
945
1359
1246
830
1087
990
1588
1932
1944
1979
192
1863
873
1381
609
450
905
551
1531
1624
98
996
585
710
1056
1112
1334
27
1779
1289
1583
115
715
255
1242
1156
1490
1610
181
81
1549
812
1697
865
476
500
1363
1724
453
535
1482
1832
383
1917
1377
1471
1334
45
445
1664
1016
1328
1317
1560
1209
1633
974
1409
504
1370
384
683
779
1640
1946
1195
47
828
242
1065
594
8
455
913
583
1332
1026
113
1472
1118
790
1457
561
1685
586
1801
1128
47
1467
264
1033
1188
738
27
35
1118
953
982
676
677
1053
1682
1869
1124
329
470
302
351
1767
15
999
1106
1314
1204
556
981
777
1307
1015
279
1527
1449
1596
62
1075
1053
885
275
372
1438
1252
1930
1796
1399
1264
1979
1147
287
1796
661
1145
1796
549
775
427
1693
1967
498
1781
8
1126
1907
374
543
1178
799
1124
1448
1467
442
85
296
1109
1818
252
977
626
486
1585
2000
111
813
1812
1300
809
372
1912
401
1815
317
1635
583
729
18
1862
173
1776
682
1806
1613
1777
711
44
131
1192
1767
1836
1069
817
1215
631
1255
4
1440
1389
851
557
37
767
1232
31
59
722
998
685
1623
368
606
905
1095
1569
88
1963
278
296
122
1392
620
881
1563
1211
1191
309
1597
883
1794
84
1769
449
1151
510
1033
1374
1542
630
522
718
1717
1038
1260
1576
1733
1792
1840
887
1677
1685
272
1853
133
1697
57
308
515
1956
1557
1345
934
1259
1417
1777
968
846
1295
1267
1356
1485
1901
141
1748
1469
178
846
115
598
1058
267
1552
575
1795
267
1182
102
752
1171
1022
298
371
1157
291
570
925
144
1934
252
1367
1215
180
875
1964
902
1353
23
231
291
1047
482
472
1727
1394
135
1516
10
1524
454
1243
307
7
243
675
590
637
673
1221
719
72
934
1252
1279
1523
383
1113
1505
976
1750
1820
1321
1089
780
654
1827
611
1062
1211
1660
890
1443
1633
1861
1607
2
1370
361
600
729
1468
1237
1412
869
608
461
1850
1364
1686
1656
1104
1039
1110
1706
169
1592
616
1395
615
211
26
1030
279
73
491
1245
1402
1083
894
1807
1318
1042
629
951
1462
1688
1219
194
703
646
989
1399
870
1961
1533
1217
977
405
1812
28
375
396
539
1034
672
1851
794
1596
1766
295
1621
809
1580
1385
1733
1268
984
572
1648
1748
1777
1472
309
96
984
1128
1406
1391
473
1416
1933
1784
167
1131
240
1076
85
941
418
1400
716
236
1077
312
400
1604
63
1680
796
619
1439
123
487
1182
690
36
1098
433
1902
689
1692
802
1987
1091
1046
1300
1101
1129
668
182
323
404
1836
1917
249
1164
807
1887
240
1116
132
700
1433
894
84
700
135
408
742
1100
1146
1043
198
687
433
360
1074
918
806
264
347
850
598
1115
1109
805
924
1692
1755
1984
126
1681
616
733
759
118
400
1479
1706
142
901
459
610
281
55
1516
1555
810
571
1957
109
1233
183
1793
634
1418
1051
1384
8
517
1367
1836
922
941
776
1724
413
258
577
1246
1533
1063
847
1095
726
1246
1387
41
1143
1339
215
317
1042
766
742
1251
1410
977
459
615
1596
426
1503
1641
527
517
1590
1611
1169
1515
842
438
780
1601
150
685
546
48
1827
826
740
1450
17
234
1356
1766
1234
1238
1382
33
1113
397
1900
1429
494
1360
1349
75
1211
731
735
1242
730
538
1498
545
1302
1720
1751
376
1252
506
94
252
1443
561
827
1201
125
984
577
127
346
982
80
419
149
1060
1784
1970
444
640
186
185
1237
1779
1238
925
911
1245
725
1443
1064
1976
1425
685
436
1844
624
1999
1081
1595
490
369
833
1020
1079
179
1059
1144
226
259
1404
851
1391
754
1310
436
643
1912
181
750
17
822
1983
24
60
438
762
1030
1952
1155
1205
1470
1291
654
404
1936
396
1243
1741
1818
1312
1092
1542
1398
554
1842
255
1894
1895
1803
768
1994
1204
1987
1263
1031
487
50
268
924
1865
551
1509
1355
700
1604
638
579
1932
1091
276
357
981
143
1143
661
1948
896
1569
344
1041
1224
731
173
1500
1655
763
6
629
160
1416
509
293
1906
1160
121
1673
1548
745
17
110
133
1215
762
639
690
1093
46
297
344
1614
868
1725
1519
1410
1494
1469
1046
591
120
309
1954
1793
172
676
1613
1377
1655
1437
1055
1246
1792
1938
968
1670
1036
392
1192
433
1430
620
94
1902
674
493
364
1346
1349
1180
1081
327
137
1278
180
796
1021
175
765
852
88
1117
278
565
902
575
921
603
1406
572
781
1972
388
1602
1538
1772
1145
1185
265
1021
1485
246
590
1342
256
5
31
612
530
1648
1016
1967
658
1704
87
742
1613
349
264
1435
626
1180
877
1060
899
353
1507
567
142
462
874
143
1990
585
1311
87
1919
383
1597
1006
1433
1313
322
1916
534
1739
478
620
165
1528
558
1567
281
967
1553
775
653
1488
1693
2000
472
289
832
1903
1110
928
491
912
1394
726
1127
1518
779
584
1881
1914
15
1394
62
599
1247
34
457
1949
313
65
1083
654
1016
1404
1168
1013
1623
347
1412
197
1978
207
228
1877
1948
542
79
866
1012
930
294
1417
147
27
585
1298
1722
392
1309
102
1493
1680
1487
446
223
1263
43
1426
370
1648
412
544
260
1687
239
1525
1974
1150
1014
1595
783
267
1275
849
749
636
432
61
900
1630
616
1490
1899
666
402
798
893
396
1014
269
1830
1169
747
1179
1713
1090
510
379
366
1190
763
377
1961
639
860
688
1737
802
1446
1854
1732
393
1087
1101
1774
6
227
1066
1010
288
1966
651
1899
100
669
1334
724
1764
59
432
1230
123
1517
1273
1346
58
1686
1884
1514
1053
1209
1074
1062
1081
1316
708
1440
382
1544
359
389
308
425
565
1377
1349
1718
291
534
1936
916
399
1221
1902
1588
1463
987
1076
1117
440
1991
128
200
354
84
934
1607
1081
1994
1679
377
267
932
1077
847
1528
815
225
1376
577
715
1457
812
200
1358
955
346
547
1085
1432
683
1637
486
1267
1191
1447
1384
371
704
1726
747
1301
1421
1404
705
1065
152
680
1510
362
208
958
542
1857
1855
811
313
1357
307
1449
1389
1859
889
1040
1884
1263
743
1658
1624
1847
748
1344
1039
798
1695
24
1556
233
915
995
262
352
1546
1732
1987
941
947
864
411
448
1003
349
1976
69
739
226
1639
1340
1353
280
808
1951
91
1014
1243
1905
1553
1003
413
563
1893
531
365
605
1228
1123
972
498
304
62
473
934
1610
1750
430
1843
1317
1359
532
1403
632
236
1150
630
1462
240
1935
1433
1554
1883
197
1287
1303
1686
76
1173
1262
910
25
1370
453
1167
947
210
876
1072
1753
1915
1170
739
695
445
775
910
1139
471
1129
51
1236
710
1023
955
1211
130
867
1610
1591
1892
457
1301
866
685
291
317
901
1405
1903
1457
1662
1168
1964
1786
1307
747
1782
1530
1236
862
1029
724
1499
892
530
1602
983
976
1153
289
1469
1772
1010
549
227
1330
415
1887
185
1178
1494
1877
1862
1217
4
219
1954
1362
501
955
1364
137
193
1898
1910
1555
892
1137
1951
1381
1280
920
1988
122
577
784
1145
1237
393
752
1317
276
1873
1642
1707
1085
161
999
1999
364
762
1467
671
1082
1448
1216
47
1512
1857
1031
1837
1601
343
1647
978
1340
390
836
1921
117
879
118
570
1231
1924
708
1087
1798
680
975
136
123
18
1456
1034
379
1802
1017
1675
256
1131
633
622
1003
1256
142
1863
273
399
245
1547
91
195
1863
144
568
471
554
104
1000
957
1124
1089
82
1654
460
705
1546
329
1485
77
127
1821
480
1584
983
186
1618
1170
308
493
127
1948
69
1835
32
907
1915
40
981
1911
875
1470
1072
1378
551
130
1664
1912
202
107
1598
987
838
294
1966
256
321
1568
1043
360
423
292
358
1606
363
435
1926
3
1166
1955
839
1941
1362
942
1715
1083
371
1557
314
1658
1270
1747
1022
1025
416
841
1214
1961
1145
1193
445
1261
372
366
1681
360
1269
414
1608
1226
593
1898
226
721
1013
158
769
714
730
1011
1079
688
1331
624
1812
898
1697
463
1516
1885
821
522
1581
455
1097
1709
1195
486
1822
1711
1443
314
1327
68
1953
742
1872
201
1635
42
1681
898
877
432
928
1791
1826
1813
1643
1436
304
366
1426
314
1703
1054
330
1928
1043
1508
384
1375
805
585
197
1751
1108
1830
964
1180
1609
1691
1971
1086
1050
1116
148
390
1509
1276
10
432
1107
814
1985
218
11
1266
1544
111
1145
242
1178
1055
1921
368
1230
1929
664
1274
1209
522
641
1298
938
660
1608
873
822
1519
612
1197
891
1331
1246
1162
1118
343
120
1745
933
90
322
810
268
1993
147
1957
1162
141
1075
354
1585
424
1691
65
280
531
703
1626
628
1725
393
171
213
903
1042
1817
1410
473
1423
123
265
773
1106
312
830
5
1324
1251
557
1094
663
1520
144
1603
1805
1098
1904
1422
1233
900
1512
1934
1130
839
1494
1012
394
1730
207
650
1017
1954
1943
1101
1431
22
1892
673
588
1037
950
1504
158
1490
1700
826
1866
1447
1911
1743
1770
672
440
561
445
206
804
187
713
697
707
359
966
363
1652
758
1878
855
1724
1527
1322
1904
1805
1776
1625
696
915
566
1677
1682
1746
1209
227
233
200
700
1494
107
1481
796
1732
787
708
208
929
1240
1477
350
1533
263
165
1547
279
1109
1303
1059
1462
1234
1264
468
1454
1512
1452
1971
740
92
1220
1141
819
1137
88
1967
300
1911
1174
579
1708
1214
628
429
1985
1056
687
1664
90
69
1796
994
223
194
1017
1927
772
1359
750
42
1717
526
1052
853
1279
621
792
1722
203
1961
1951
1722
1229
15
1743
764
966
1061
1869
1097
289
43
1977
296
1866
101
1620
730
85
667
990
863
1248
874
61
1558
860
1275
1772
925
1175
378
1980
908
1049
682
1339
312
1215
1825
1120
1993
621
318
1120
1135
15
953
1741
1223
1420
559
802
133
14
1230
1787
1936
100
1836
946
267
1773
1741
11
1180
1911
1515
1193
1222
1647
802
1316
1487
303
167
1395
1236
1977
1625
863
1287
545
1573
790
522
1130
393
1432
276
63
1649
698
1036
273
497
1988
688
1869
391
349
160
942
1591
534
1510
634
213
373
690
1080
1291
940
466
443
839
1090
1297
330
226
1578
1471
1376
644
1049
1585
629
39
782
151
1893
759
68
1432
957
764
1137
387
1134
1526
1751
614
847
543
1819
1590
509
864
161
1302
850
934
422
234
14
1453
1246
921
147
23
82
460
245
1748
295
1012
1630
54
637
963
1121
1650
1238
1701
34
955
1429
1651
457
1228
880
1059
1363
970
1431
1094
1749
1223
839
1687
221
778
165
1233
118
683
375
1110
934
1431
1726
1421
58
283
272
384
941
201
771
1398
308
1910
71
712
1665
208
255
61
1445
504
1522
988
1103
1926
858
1452
1750
1388
1385
1513
1372
1442
1592
1675
1786
514
1614
1543
336
861
1770
1597
688
1864
457
46
763
194
540
900
1402
39
130
94
175
1914
67
237
458
1943
364
140
99
1078
61
686
178
752
1774
740
616
349
1583
642
1543
706
1949
1864
793
501
1213
1751
306
659
27
1939
1899
124
1874
318
286
1729
78
1857
1343
1310
913
1882
579
1867
1601
1975
807
877
1136
1680
356
1448
1094
1043
638
996
166
368
761
345
65
1580
281
587
683
873
386
769
944
1905
1174
1046
281
604
1060
1167
1282
1571
964
131
1028
1314
1253
541
1320
270
235
1821
745
1625
64
1479
897
1408
201
1914
1930
924
38
1898
1624
1012
429
1558
1323
1933
203
1593
985
1651
879
930
1995
983
306
1499
1968
611
1757
1267
727
1100
1277
1427
1922
1278
318
32
1744
1027
1912
509
1690
496
1355
173
1391
553
714
498
99
339
624
495
1015
1696
1743
1144
326
1100
1991
1744
1179
442
1109
332
1978
1292
120
1677
1781
1859
1155
1960
1106
802
1460
1336
897
817
1874
1604
1325
929
753
314
1812
643
1597
1026
364
1991
635
1290
465
260
211
743
1955
705
522
264
752
796
500
213
1906
1085
1462
1736
1493
1388
851
1010
1118
109
1161
1229
722
48
390
1518
1526
375
1078
1723
306
1950
664
133
1954
1726
1765
982
891
1415
752
612
1593
517
885
483
270
742
292
331
1831
1556
839
1648
523
15
439
1804
69
1572
1501
616
1997
939
369
1415
835
349
673
722
265
234
1728
1110
690
586
634
381
1355
1180
1493
625
1032
824
1209
720
388
1311
745
1897
1576
562
690
1025
547
462
1185
113
527
438
1437
1156
1988
1585
919
752
1675
1455
889
1172
147
669
1417
755
878
341
418
492
177
183
1650
551
458
227
283
434
1936
746
1119
1371
894
295
680
1679
1911
1465
1864
945
1307
662
1756
1836
1792
1076
780
386
606
235
1285
1627
167
1423
268
24
735
1537
1315
1008
295
1267
1134
1216
384
1216
1816
1409
600
1644
1190
1915
871
1122
1499
1405
913
545
1545
980
67
305
1358
586
1131
1175
710
1728
1685
491
317
1079
1326
360
1401
976
1059
614
661
686
773
511
858
1467
209
954
303
1933
477
1239
65
1925
1618
626
1877
1404
1490
662
1854
606
1609
399
121
349
1302
787
758
372
1842
150
271
1750
301
1905
1163
720
477
1508
1868
996
64
1882
491
657
1137
1658
1551
1327
1497
1897
928
1259
1098
1335
1592
1373
1388
1050
101
535
292
810
586
1582
1428
98
852
1925
1887
429
947
1407
745
834
1107
252
604
1654
399
237
1242
36
110
1726
389
985
1271
853
758
1735
1950
710
1383
931
1173
1947
655
866
977
479
126
113
743
493
673
1454
1854
366
855
806
127
1517
89
1569
454
1537
226
1980
904
491
352
1462
1981
1880
275
749
969
619
740
1307
1737
1634
1440
1290
640
750
1042
1490
682
1338
1160
1002
1506
553
1342
918
633
1736
1627
1886
953
916
1186
1675
910
99
9
105
882
1106
1868
890
1437
1133
691
1593
68
1704
330
1680
275
1050
1661
1030
1920
1607
1292
1191
1226
711
699
1279
449
1530
1665
805
1218
904
681
435
112
734
199
1845
1065
987
1263
831
1872
1724
19
1689
1130
54
1739
729
381
581
935
1947
705
1613
57
1644
312
761
567
1226
1235
1947
678
268
1670
1213
582
677
1559
1982
812
626
1037
408
1950
401
1674
1601
237
877
1877
1322
332
1504
1744
1296
1077
1530
1970
1064
547
967
277
1466
1687
1436
96
1043
308
933
945
846
1119
635
735
349
164
1239
1725
1358
545
815
21
1480
870
214
1327
13
982
1003
1229
1525
1281
1285
1370
1086
1128
1164
98
1905
257
753
111
770
914
1497
1067
1250
1137
1353
1337
1509
388
1807
153
857
1676
323
1227
1458
165
1945
155
637
157
649
988
1666
907
1789
1794
1930
1840
1058
146
1665
802
1715
1913
71
965
1974
1356
1531
574
1830
1631
217
601
1283
1746
1529
229
1950
1650
935
1743
1200
1873
1420
392
736
226
175
698
431
194
1174
1193
382
716
1434
1399
1526
343
357
1672
790
915
1516
1497
239
1880
1295
207
892
1506
765
1251
1136
1637
217
481
238
423
1968
1239
255
457
1760
984
1634
1534
1485
297
1554
1886
156
1294
1118
1637
644
32
1430
232
1885
1642
369
1129
1477
655
1399
236
956
1000
611
1511
1923
1272
1267
226
1499
1337
1981
42
140
702
1210
963
1093
1086
206
412
591
1789
306
756
607
1715
173
1684
142
842
1626
1446
1078
1340
686
139
1773
1931
246
1900
1639
1721
833
1178
1610
124
757
681
938
861
549
1836
1625
592
1025
924
1573
1332
58
1139
207
728
760
1382
1568
1199
1894
316
292
525
1510
461
554
708
864
929
1630
339
575
1103
1237
1958
1253
1143
1020
136
1309
876
1568
1330
379
826
1604
4
1489
1694
907
1811
807
273
414
801
40
1625
1522
525
797
527
1546
618
292
536
1381
1560
1835
586
568
1980
940
742
169
818
1781
1911
1098
120
887
1076
1840
449
676
790
1280
1516
1271
994
1423
622
678
1452
1681
1176
702
794
992
298
89
269
1811
121
962
259
163
102
1467
464
281
438
400
1050
1612
1603
1963
729
93
1091
759
413
1385
1503
750
886
627
404
1148
723
488
1969
1307
1995
401
1303
793
1700
1822
1472
64
1675
1269
1241
1531
1326
1510
871
412
123
1707
1257
1664
499
1319
345
1739
1905
359
1623
1859
937
10
447
1202
702
1482
1765
1636
589
202
1267
144
386
174
659
914
1387
1165
1156
902
1651
1939
1319
1203
1858
429
559
45
1866
1613
1855
1736
1309
966
1438
1067
892
4
812
888
259
1093
1486
1473
1231
1495
201
927
1958
1660
1584
447
81
890
1087
1812
1006
947
634
130
747
888
741
242
74
1876
255
447
1746
162
1403
1230
305
1992
1715
746
1537
541
1344
1954
1579
694
1804
270
326
139
1621
876
643
1747
1833
505
814
865
430
69
573
536
1488
515
1858
1412
1959
1
454
1173
1403
26
963
649
592
1752
811
1665
1093
1894
1940
1875
1043
581
1375
968
518
1188
735
1895
1025
58
1122
76
1000
298
957
786
599
871
653
1197
1878
1655
281
928
659
917
168
1219
851
1801
942
75
506
187
676
624
606
1120
773
948
1059
1266
1120
214
1700
529
576
1403
1437
998
1358
949
996
1365
1203
1441
66
810
719
775
1295
755
1843
1883
24
1557
294
1658
61
1950
271
1288
1567
590
1639
297
1536
20
487
487
2
436
1747
1556
1298
836
1164
1292
1516
407
1376
1855
1173
286
31
367
1939
344
1830
1217
826
1682
1650
1269
1498
60
253
1049
18
51
1184
446
1139
1354
835
6
1763
757
359
1662
1678
1089
266
806
791
1688
981
1165
1519
148
10
1558
627
1589
1016
449
485
645
307
1573
1356
1831
1612
1132
1591
521
1648
101
1523
1713
1839
871
298
579
1826
69
612
1276
1598
404
1522
421
541
178
1104
814
584
1356
1290
477
1961
223
683
1534
1485
1933
999
378
706
1094
1415
1260
1046
671
410
993
915
208
1755
1176
1863
1787
1761
170
1594
191
1525
550
1395
1509
237
427
739
751
978
1550
1226
347
963
1447
48
1187
1293
52
199
202
1682
1740
788
1969
1859
1693
192
1569
645
1487
797
459
313
1411
1213
1487
1892
1190
1968
1074
586
1780
299
219
597
1997
988
1091
814
460
1414
1714
323
1096
218
290
1491
706
1215
629
1616
1829
1690
827
1963
22
1962
1261
1047
188
775
810
1625
303
1675
1950
1183
971
1677
1543
136
761
1496
476
48
1513
1518
861
1534
1387
1383
789
309
1667
1309
1144
976
216
486
680
1007
472
1135
1676
1564
1147
273
1640
834
1359
490
103
713
426
1402
1630
1980
131
1479
1188
1520
1717
1481
1609
1134
1536
658
739
1210
14
1545
1332
1352
431
1846
1924
313
1358
1593
731
645
64
1145
1527
447
1270
151
1235
612
205
1708
354
1026
388
951
394
326
643
1638
321
1106
1114
1487
1871
118
931
331
24
712
1528
29
1562
60
1875
1375
1656
1101
389
1528
257
1180
1763
1404
1074
62
307
1200
448
1981
523
835
1679
996
999
1540
536
661
1247
438
1151
1911
155
187
848
1217
1429
128
844
1210
208
1297
548
1701
1097
1875
