#N=2900
7835956
755618
6515572
2895322
6306791
1824843
948117
2695899
6463668
6337455
283042
2005556
6964040
7056219
4546502
7685495
106554
2854082
4902280
3709316
1757406
2305526
680148
2025248
5898596
6396318
6640742
884682
1228053
1635186
6559535
4940634
5792220
4690729
1947205
3610892
6704568
3020663
5346249
4458112
7783416
1636824
5869055
2211938
6949665
4625813
2783214
7740632
4030068
2596754
3029168
2665551
7750324
5627223
3794507
5013913
5168265
5005556
5668541
4697420
4252966
1868806
5926822
2181328
919554
1859935
1198036
5179849
6580641
3709425
6999058
94869
6030553
4176635
7838725
7619033
595744
3119853
7644857
1364517
6189823
335337
7281044
2736411
458958
1722344
7755373
3404238
752589
6733128
1703991
5005031
3882645
4066887
983292
4149706
3689295
422003
6590791
6485771
612265
2822423
3599538
6821520
6514283
7652264
2907569
2164620
8273424
1832912
2493474
3453412
2809772
82092
6324431
8398113
969755
3955638
1700247
7090952
5783876
6047105
4021739
8142940
3310985
3494681
5968915
136916
2743131
6701761
5819626
2200746
7651534
7290668
6847344
7283056
7788841
4008050
8081147
4820011
1956532
5344775
62374
2821660
2045730
2368793
6697866
2288804
1105155
4063143
6002605
6050937
5669513
527058
2174024
3174068
3684943
2200547
5660684
542385
1983620
1462351
6696795
3301870
7911827
5772687
2135302
5902223
2051517
2736372
7691030
7544873
3299045
6103582
4533795
8166927
4197030
5568115
7629592
3464219
6803631
5475547
6810305
5428837
8185508
2906870
446777
3142558
216927
7131726
5188983
1615142
1960524
924108
4099961
4942997
3721170
7808931
6621193
5850038
2370720
4520841
3011078
3542119
1906551
1899072
3470727
3666204
7174485
5087438
7997308
4308187
5700040
3903435
4982060
7976343
2689942
4658444
6363576
1535178
5171202
4264875
448574
8360921
136331
4701030
6731805
804525
8371604
5033745
2838959
7238602
2614290
4045399
3004784
1173740
3134588
6793290
7012290
5799691
2320791
4093872
2259519
6133698
4146886
3257009
1612767
1154764
2420635
2098700
4019996
5220282
7061937
4157545
4562509
2265199
7672820
4631453
6375566
1133002
2419455
1726953
4233817
4373942
910810
7554888
5504844
268290
7405892
2918417
6473564
4597094
2880379
7412511
4520931
2992121
836373
7924067
5544769
5610354
6380157
2795844
3591166
7730131
4894726
8341057
4299633
1063209
5145391
4648613
8242579
6455513
3749536
8022323
1802491
3575913
148995
2586427
5138120
2808798
2971431
7471054
76163
8298259
1099530
5006864
5857353
6569413
4477303
5682317
4952581
1583418
6311119
3660110
3430498
6764909
6129059
2584413
1230631
7099878
3832470
220255
4653022
173623
7873328
7626065
6847794
273590
2548389
600459
2732635
3083173
894916
3479299
5374298
2940118
3462954
3108429
1616831
5827278
7781199
4225864
6562921
2479603
464444
3779477
5534278
7439181
7161944
3943769
2446856
3658847
3690321
5436958
4669223
2123130
8011069
770727
5950955
7875217
8115544
2186729
642267
6364799
2949738
5199262
4256679
6045677
3737231
324360
7674357
8234989
3761420
5716837
5355326
1435263
5027534
4523902
4992325
6436490
3186840
5419898
1923017
1567191
359282
3898496
4582175
135852
1065184
6697619
1756341
4684138
7646991
6786399
2108119
5314062
1462031
6865712
6781320
3912243
4972940
4890913
2879663
5259550
3622696
3764817
7786332
1524436
4270454
7982428
4513473
1619649
7994009
957914
5395017
223430
2833312
817949
1312903
7724440
7460629
6313336
5509411
2332929
5324367
6585801
6942743
5959789
1892772
4823800
3965973
2646783
1268217
2048239
5883219
5031652
2427755
8213905
5420964
2650805
8398420
3555559
4634633
7770578
6534603
7510461
1843920
6452266
1767321
3409568
5148421
5127700
3922362
7333611
6733580
7774579
7626422
2118943
4927209
2179381
3555582
1917734
5173565
7579959
8030484
6079315
8020689
8186951
8225486
1865404
6426173
627841
5430957
57565
450050
3015730
5743140
1367745
4237237
5049622
2420599
6224811
1327513
7491177
2640582
4614637
2847369
5447040
6973361
3009475
5415817
7319017
5230643
7504251
2492662
2776926
6263830
6155285
1760777
2121036
4844448
892000
3111184
5348620
2724426
2015698
7188493
693518
7357147
6422427
6655502
3339423
6517621
8056270
4643807
5603543
6051276
8247895
2964616
2587737
712225
6321566
4826355
2453717
1240421
7680771
1016149
7076186
1310837
3802170
7419853
2429220
6577575
1095485
6570128
4964301
3068552
3699459
5381410
4017724
2838199
7009233
1629008
914078
4938386
7739306
5572319
3463539
7535670
5053051
6171383
1191901
5081145
78976
4370961
5507629
6369934
147372
2589726
7291617
5634595
6324368
4269093
4546667
960326
5804062
7992892
7460829
861260
1305570
5322108
1924120
5004239
5233096
6685153
1474847
203636
519268
225549
867161
8381907
6092406
5230941
2506909
2119043
7156982
5851296
7488318
2922777
4675359
5955917
4021321
8297435
1398424
4963776
1909497
4942802
1210714
5072114
1870532
4711331
3022405
3648968
6462785
5029459
689276
4182690
7746476
547362
2543144
4046221
398390
3973363
1007352
7999007
5974119
4234204
1175937
4465794
1834849
4787925
4557492
7467545
6387937
4865623
6686455
8180777
6005662
4909383
2049708
6631565
1181939
6402947
5893085
2280095
5692984
141914
4572939
3700255
3082365
6979781
5972262
3742777
932637
8116541
6823070
1508325
5332748
4798013
2841694
2777305
1333380
8101870
3714483
1140553
1793354
1777072
6131069
7784098
6660837
4056762
3671873
7311845
709963
5751171
640548
4926121
8402942
526551
661386
7749589
6047144
789113
5329708
2357705
2783793
2025057
7076631
2555443
6398025
3149825
7472823
192827
831908
4870804
3419485
5352649
3526235
5007699
4112225
7758993
3346799
854095
1194688
7127235
5758229
3047390
4264735
653353
2889408
2805666
5353274
3689438
6415321
6238044
3691075
228350
4037032
6860199
3492621
6205198
5251310
5535412
8116736
3889259
1344568
6821786
1240424
7110636
1660900
6191523
1087697
4629565
3505866
6557299
5795893
8038269
157982
4392462
6643472
2133362
7733739
7525231
8408364
6186970
2201011
8174270
5145730
6241835
1608888
890602
1021854
1362051
7124236
1294950
5582228
5577326
8094279
3458901
6022939
5441336
5619050
2940399
1767064
3877598
6399316
1403431
1394797
958013
8002117
7528242
2134999
1546768
5324220
3167487
1041240
7302570
6565381
7188521
8153374
246837
5109759
8136905
7123216
1546910
4544064
5056720
2487780
2652943
6249852
3082540
6607664
4674845
7884476
363633
2482801
8374696
4744708
5209949
7233015
6455348
2204022
1900904
3438921
955043
5012107
2262719
7559197
6318544
5012155
16468
4467015
3562849
3592841
4999889
1992522
4824514
7216868
7815241
7388673
4508400
6541457
6244031
2192044
7919781
6962318
206245
1141681
1222753
3005927
8265503
3016427
4182372
5298798
1176202
4739240
7103564
183957
7542728
4784922
1449305
7767021
2400518
4503720
1701720
6193022
2587282
5845842
5641861
4207177
4078034
2316356
7031677
2215106
4919192
6778099
5739565
133711
1286179
6616327
1756948
2966705
4773618
7853133
1128627
992244
5606512
5252035
1668045
2709100
2384403
5355586
6065301
7550890
1916438
4265879
551161
1313498
4701200
3325504
5585500
4796321
330557
253578
4885541
7718874
15312
7533239
6786764
6729475
4776102
2313816
4771470
3781373
5180013
4286593
2257592
2897412
2867631
4722459
7987192
6176907
3439148
1799422
6999729
3536333
7974679
159049
7071391
2838272
5928340
5331922
8320781
3955077
3171658
5762303
932110
1695838
5690530
7406341
4891397
3928121
5543803
484877
1523781
2282601
4352355
5945134
6253614
8034118
1283311
6187770
2110570
2836208
2234744
6840680
7808335
5136407
5574103
1739469
5860885
1973262
2160264
5491871
5956360
4409213
3005165
1935770
5214442
1762409
1862537
4406520
5337733
3261202
7475916
3988648
7372381
4728237
7595216
65844
446940
6857103
3953026
3679891
6371267
5508337
4199969
6068866
2208915
3600841
7989206
369014
7360296
684444
5420098
4020590
7604772
1242756
3006625
3741314
7768069
7011336
5340605
1349085
7232215
5681071
7736826
1829929
7214690
738112
4522819
5177049
3419229
6854689
7889923
3235793
6232815
3532521
6489661
4773294
7583939
1828154
6292309
6273098
1489673
4177342
1013965
3863457
1884688
4405290
1334102
942376
2712513
2592927
2022260
8335679
6876382
1522105
5717111
2037641
252276
6078130
220519
3116829
3555267
7290794
5156133
1459520
4358583
7594900
6890986
4244233
338481
2114967
5259133
6036216
5226047
5018675
5462748
3875705
4626170
1674568
7330116
5720228
4126546
3433548
2618568
4838741
4203222
8048981
4750514
5545448
2522863
4273119
6370697
2095747
2932211
5971233
5911928
3047743
7256419
4776018
1918493
2712265
8232314
240458
3506861
1350342
3325898
6721573
4955589
7315943
5958023
3896568
3101659
2221198
2163718
5912981
3021619
7067775
5526118
3410788
2108144
3360509
1340908
3332856
7527212
8294469
7124815
1135910
4062643
4544154
7887098
1678035
2138797
6881972
5324560
8128681
7738146
4419956
763550
1059021
7147676
6670218
4666243
122071
2132971
6439337
386862
8020832
7893024
5099002
2069880
7185288
4243297
1456440
4618042
914694
7165219
5514054
4592206
2384608
5338749
1005125
4763475
2420117
2077219
3837997
7365131
6679125
205673
5436726
7736172
7025605
7470639
1160299
2668602
2522140
6956313
3697861
474343
707736
3789098
613440
5500639
6261996
5634615
2037381
7665882
4780611
175304
3587080
554525
2918632
1861299
3858871
6398380
6741487
3632324
4861797
7352954
4523462
899480
1099265
7290396
4948499
2613986
7380742
2047797
771969
2842156
8270904
3617098
460495
3388826
6396650
7006114
3787397
1862077
4078802
7159478
190065
1725781
5105655
7863646
6463206
226547
1536582
7798534
2042255
3962317
777081
5643067
4360982
6895279
8319655
5834095
1842017
4538586
5120287
5564872
5315054
4882077
153840
1864381
2534822
4534573
2927312
7971312
4605405
5286414
2053823
736419
6605969
7812500
6327064
1598065
6594293
507658
7021452
7742582
2534728
5225196
256805
1460280
5053262
6714462
713808
4687145
2156925
238209
8344425
6384065
5280648
4029268
7347070
2973511
2862561
574291
440881
3868985
7090446
2651324
5752749
7941297
1218207
342798
5920006
1785104
906322
1796256
7485777
1074448
171933
4885737
746472
366117
4557537
3408991
7686114
4182860
3367562
4315157
7446996
2307137
4100099
6772778
5466023
7403577
4827239
6199558
1049629
2082542
4366510
8343344
2021290
2366495
2369868
4123750
2709328
8241875
4557716
5533433
327976
8215817
328200
270873
4023396
3308069
41429
3370957
8079258
3993818
3148450
3607611
5251115
8039916
4878932
2199858
6353948
2744697
4766441
4049678
61251
2000014
5973476
830933
8067168
2537994
2499427
109288
7913898
4751899
8138626
2990496
7125814
8363524
229444
652439
6572205
7391004
222507
4471647
1676096
6451928
1662072
5984650
1685968
2134234
366810
5237662
5616839
2766426
6486203
2163711
5276240
6368874
1264899
2481271
5967490
6157528
380663
4923402
6036086
2708494
5694444
6473375
4724712
4181834
429932
2100558
238300
5113973
5742968
7034840
7699352
7937838
5617840
4858307
7860789
533776
7161460
6386521
5900187
3050722
898811
2794969
3334777
3517372
2100608
1044087
121442
605562
2162351
2496104
917175
4446003
6043443
2624153
6876927
6659353
7700984
4546853
348013
6215130
1417000
2841045
3010442
8017456
630240
4407661
3043590
7044131
5487709
3105218
2649337
314832
694361
2290690
3395930
4428439
7291737
558730
8098387
649740
4862662
6703023
5979077
2317483
6266563
5263466
834731
1485854
3129853
5916969
6138081
4742938
5144198
1536173
4973866
4929503
7329953
8348373
4394793
8106270
2410857
358647
5328903
7609316
6342346
2837199
7673445
1165389
7039462
4328757
3080664
2545179
3369853
3649004
4416144
7714102
2133613
3327763
6691166
1320308
3706163
7535301
2702465
214695
2616221
5035493
534709
2157076
5937516
6969539
2777366
6144935
5359695
2491704
8345871
5176957
7141131
6278081
1018118
4494282
958904
7841661
1062428
4065752
4448783
1088381
3956328
3746698
8031601
7565866
1551236
3491468
7852472
6076972
2613379
459145
7507978
4908564
2313102
8202582
4543237
3219055
732456
182737
6693966
5001183
7092232
2646849
5319176
1586458
6365247
5303153
6326270
2907440
3042816
702085
1466781
4800463
5128855
7473526
2646787
3884264
3811482
7393327
6978995
638207
1079436
7715396
3298720
2027440
1993518
4360499
4935090
4141274
1500506
4047117
2615400
29166
7624995
16023
6603581
6391200
5193730
147577
1440659
1175746
3983230
5336649
2153676
4177984
3662044
3663461
5315270
6106667
837283
2196992
5749488
1985389
5721878
7348222
5502351
785637
2859993
3821365
1525874
4404732
4832123
5532770
1835586
4167188
6165687
979396
4950541
4017983
4574348
4514011
7432071
2738639
1674605
1423608
7272715
488769
2826178
6051671
357179
1785287
4885114
1334659
4893039
7869634
4488228
1680985
7669764
1388654
7399243
7336498
2569146
3598328
7777084
3789583
2150039
2147703
4815049
436530
7929306
1835708
5772799
531855
6809318
4119228
7007431
1221044
131590
3974284
4099949
1955913
5302249
5425481
5256431
6145446
199870
6032967
5625136
3266659
7229508
6734308
7969415
7189564
4381681
152772
1907927
1713509
2628398
5912733
6007125
1920842
6369784
1653570
1934425
5588274
3987638
3033147
54487
1109069
7082036
7084469
5109483
2090195
8159003
7633465
3453703
8276605
1736852
7300828
3707245
39944
5286020
2340034
8215030
2668172
5934375
4405194
4116384
3640949
2476342
7286948
8396418
781509
6075933
7311279
57179
5811962
7294505
4313412
4409587
4991840
1858859
5886019
1569885
8292399
420005
4562876
7502753
4630301
2014808
4300603
234914
2617847
4815660
6743229
1485181
5226819
4862245
8172830
6587925
4628226
1211015
1085138
3657723
263971
2950167
7087161
4335767
2302664
2454553
6933569
6355348
1976461
8399407
5417010
3723038
7133098
5481460
6135543
4395386
7806962
7894944
4835079
4066059
2522234
4814377
4655744
1572287
234019
6961815
5502786
970502
947044
6544972
7913956
7271597
3580896
4632608
5812199
4357317
3411485
1467555
938338
6663423
4199702
2868942
520888
2737711
6084499
6650600
2493700
6674295
8306102
20702
7820316
3883340
4580358
627322
4479501
2196909
6014771
7367815
4399940
5018840
5897469
6214741
1459398
7633580
1221123
7278036
6352371
8091455
5677854
1002789
6142535
1461990
8127837
5213682
244011
7820205
6754498
2472997
7263980
7356155
6783738
1716386
7813840
2383448
3022551
5521687
6206970
3929324
4403739
1118591
3559442
1197282
4993618
2591363
1281208
4473061
1600182
8282975
1948920
7149257
1284953
3862245
1217979
307632
1392577
704407
3489617
7808344
7032653
5547594
7952316
4400290
7103835
5225546
4586479
2026620
1117947
8021772
369882
6139850
4534974
968079
8326074
3453950
991181
4341627
2524141
5794319
6998022
6496676
5931278
3910714
5403061
3446965
8161408
1994233
5015148
6352024
8266029
2632363
6853760
5660163
8223812
8010608
4107598
7908101
4590131
6321491
6420191
7811804
6223777
1081024
8386899
3984447
3863202
6540256
276997
4437466
8273042
6020701
4027007
5417706
7092699
6342221
1365210
1809384
2138205
2382785
7908265
5539259
2818552
1776545
4485957
3249104
6353869
6196108
1487910
5188328
3031107
8272560
7834906
2239329
151215
4780036
6640843
7835737
6677215
5599690
3343851
5788729
7338003
618179
6985889
5283315
4204016
7392426
5244513
7942339
7974234
6131720
3986695
2502841
6766069
6699850
4694587
1165541
6098394
1625351
286815
791777
2644737
5988263
4008487
725479
1036214
3974546
7425278
888486
6671688
2725672
1736233
2054688
4824164
8003464
2972194
7605070
7828193
7522794
3955644
8404786
2299043
5696846
6218255
123920
3534848
3069236
3812118
5306617
1914007
5641946
5193291
1919258
4952049
2967334
4643594
147728
236251
4699606
2085646
4617000
6311508
5076163
2015886
152487
175271
6792794
3649426
2356800
8157144
6668799
2186531
2175123
5095390
6082412
7655196
6638232
1155229
1103565
3046719
2928142
689897
5159349
5685664
7737714
2731083
2877381
995475
4029252
6798099
8352877
2601113
682413
4900892
6566486
4913062
751864
7045651
8324020
170269
5982021
4506802
4514120
5863321
1390551
7860576
1075023
6524906
1160480
413667
6297370
5652478
4295577
2428266
5741676
6742239
7111832
4489283
3985992
1428138
6115685
3451985
7378021
7112745
4149028
7930836
7932435
581595
3997023
6750611
4066150
118700
3116251
7996938
7721691
6209038
6700096
661355
227536
6851395
7461484
3869104
8320803
5963339
3726434
1252393
2756247
5683694
1306990
534007
5393511
1936333
7712958
7857185
2113703
6500826
6867206
4115217
7858839
3878323
3634360
4479213
3740403
8250606
4230235
1583727
5981502
8258701
1609872
4768432
1463985
1498144
142670
7068409
6140485
976133
2878796
2222240
3223575
2304050
4164443
5946327
8232631
4145525
3923372
931879
1575380
2988883
480856
3379626
3071313
3793755
3182371
2156675
5202497
4381534
8383856
1213070
1318108
3045121
7559155
2805577
6701053
2099929
7123006
3918245
6162559
3508138
991190
5687249
2481420
18918
4956348
1824144
5503538
3867881
451022
6605755
8327571
5097102
3130648
914637
1524651
7210837
5116213
3989427
5996819
5338735
4997308
6922532
4754069
5459226
7025964
5716200
7280764
6548261
2927055
3408702
1026718
972272
3664294
3590669
5858774
1088466
1373121
7307784
3950311
3763921
6408500
7412934
3572451
4329811
7141818
468617
1214018
8187479
1925511
7484288
3518059
2471475
2829960
1971261
6588462
3411096
2789145
6805455
5521543
1954783
8154409
369441
6456892
2575828
2217548
6960991
5548156
542593
899284
7880771
191469
2078688
271116
6037227
6049186
1887731
1476498
2139730
7602813
7864037
7587721
1546797
4293014
2352257
7592117
2716400
6299554
834361
7061047
8085494
6841285
5578581
1085286
7905902
8371065
4608347
6061707
600778
351124
1753988
7609655
5497636
7372896
1316777
7494122
3909456
2694919
2022462
5895403
579408
6504416
8168857
2364681
1576613
4462703
6757756
6998747
1147453
5336470
1482466
7000208
1868776
140908
4886940
1844195
2293679
7190616
7241111
1401124
3263489
2791093
6292877
6413515
6396833
1555251
8405052
6424053
5048904
3928047
659939
6624728
7861195
3706153
4016926
2987867
3315250
4354679
5516281
2557246
6401086
4274950
5046661
24581
780622
629716
3013084
892554
3927127
7383411
3518248
8193368
4804261
7671019
941855
2906172
4916348
4477005
5764114
1357569
7410246
5363787
2607802
4873328
3324296
2595640
404978
758004
886985
4174724
443978
6376505
6427721
4416944
5421498
8298069
8045983
4039674
5784307
7077153
5512542
7190623
7251512
1898089
2754670
4874851
5552059
6492172
152
3333720
7159768
2536917
4972884
2945555
7401743
2566291
1708654
4640255
314026
2920481
680396
7370427
3888400
6539653
4780962
1381823
5447154
3902222
1460525
1527077
8235642
3614453
4435952
2376661
7689423
7605892
7808092
5151732
2265797
5873235
6770837
4214213
6478568
2406592
4170293
2761487
5185658
1721566
6893252
1353600
1965474
2550744
5522858
2506576
4025891
3812133
2854691
3920077
7009974
779464
5501126
5858981
7268424
8173454
5911962
2537691
8273487
4868250
6790896
6461585
7804668
7297637
2977312
6650474
154327
2448727
4278236
3832058
2689484
4342508
7174136
7868899
1458245
4644118
2585278
105814
8145552
2075227
1352344
1150993
4854434
5737672
2880411
4730733
2833360
3977105
7090188
1811902
5473583
2426652
6417666
4087587
1666702
528585
2372238
4732270
2692636
2869120
5067923
3230586
5817656
5463411
8217014
1352431
7841959
510051
7163471
6994559
154185
4024672
1203975
123701
5837705
7313307
573937
3954851
6913523
4663536
3804237
4319389
3693343
5889081
4648742
5344432
769342
2436510
2597740
7872050
5461465
8014513
3423573
4465225
554844
2230355
2598960
847400
355865
6072192
313976
30484
1120360
2300669
2483157
1882854
3333176
4320402
150614
5527527
3903586
848549
2604040
6758911
5119739
2212231
5680085
4240685
5385046
2993228
4448477
3929633
7459668
4126611
1866264
2640837
1874489
7870162
3466817
325381
4951832
6423308
480720
7647506
1900885
6572756
4665633
6215650
3350208
2235458
5856880
5554676
4138811
391808
4012219
3812446
8170579
2686856
8202209
4388805
3943561
3255258
2063369
7752224
2252122
5339496
7584020
1549108
5851723
5453510
2778054
5714326
7455815
2317965
5915266
4095236
6155940
2430175
3292162
6205533
1030040
8398465
4475849
326364
631230
1325363
6953631
6715167
1676688
7880344
5258829
4601337
1003136
8067267
168204
703014
7897773
5063903
1704446
137397
931088
3393482
2732453
3360579
4572025
6418483
3736467
2883800
4333528
6237091
1729684
703675
7767235
3150486
4716127
5259457
2582067
7483288
4389730
5485352
6877207
5601563
7366526
300122
169493
6447695
1931960
7760376
4132815
6720965
338336
5980510
7231458
7657364
2557505
4621618
5018348
432768
1154116
3629853
6879857
1512590
4397549
2507778
568419
5642840
3803119
30108
3539473
7198168
6528826
6577085
8365463
918831
6778163
819118
2314880
6554389
1945432
1085698
7899508
4024366
6356398
5543232
5572409
5058129
3467502
1388495
1962912
2574918
7642305
7305472
944171
1688101
1638051
538310
5036760
7948345
1911283
5372389
7242706
133387
8208923
7546345
1537344
3157166
1807079
4162575
7064882
854458
3139301
5289668
1385350
4231661
5009123
4183914
3095217
3825977
5089584
6000833
1630747
477595
190813
405861
7994735
2099707
7037028
8074371
705639
4711289
96859
2629754
1529435
5051756
262658
5784770
7435678
3886013
1023274
4708607
7879109
1841032
280545
5611437
1136444
4116539
2027723
27777
2195230
7545381
5810020
1224886
3826254
6501107
1778833
8330365
4327460
5259132
2500904
1009278
6115246
3455104
2367096
4154666
549471
7720038
7694889
5660464
4416905
7592242
4428061
2267671
3637981
7507400
6517107
4042060
1921309
2892342
2627757
970344
6652520
2242306
7856053
3905890
5107039
7863095
352853
3318182
7553887
7455801
7052183
1960580
2905632
5990451
7803170
3299008
6236526
102647
4165795
2149234
6887654
8264055
7093958
8005922
5586091
3624765
1414302
3884358
7583216
3318844
1524291
2746630
68660
8402959
3553037
1788857
3242601
1307053
4675999
5593306
7483561
3995125
5500804
2540017
2687318
7700523
2066606
4087292
4558387
4311741
6398670
7291732
2677963
3469193
1115012
1701733
4451550
1028851
2360066
4836585
3250184
1531333
2126986
6689803
8093751
2245984
46251
6059295
5166885
680874
92502
4943544
4241199
733673
473411
7010027
6075529
6164865
622015
5676655
1633778
2929477
700112
976230
7427644
3019553
2275060
2548357
6188668
828733
5642992
7903774
4780975
8291003
1166944
4967849
5489099
7775377
5966793
223341
7783069
2292222
7403526
164565
6001538
2718546
911404
398874
4531087
6102539
7909936
657548
6845227
6090560
1634563
7812679
5240886
4379719
5315366
1218287
7391152
5761989
6736830
8223127
2801904
4734961
7411057
8199151
2925701
6607964
4163208
2141896
7634078
4684980
7663161
5602664
1120852
3218866
3832332
3873539
7667313
1819376
1956378
1965940
3783067
188236
2497313
4022599
5398568
2486770
5824851
7578025
2960085
4935262
3745463
5946146
4742652
3736486
4035943
783805
7383887
2411621
2888735
4964807
6497521
7377688
4703725
5657313
3961554
2012956
4850554
224764
969702
4701534
7878628
8170469
3199669
2943936
1131141
753936
7936685
3822982
6765955
5423940
192609
8977
4843596
3958847
4762600
4557714
828463
5352473
4324101
6854441
261082
3773600
3416133
2690769
806759
6670183
3976647
149020
3689530
1209234
4435258
4934692
1562720
2445733
6350644
241552
5331375
2512745
3630372
6756977
3513736
7577156
6589771
3219275
3130384
7820128
233613
5317415
5091391
3483894
6371701
503706
2966841
5155951
1647515
657739
5914046
5700806
7057155
7164838
2579907
1989525
1517441
1321168
47751
3837899
7954573
6984398
