#N=2800
5702249
2512413
429524
1671512
6904268
5042246
2017555
2974602
4523406
4932898
1493473
1993398
5899754
5202088
584415
6508098
3499741
3355626
1380233
7210943
1043861
5467101
7131729
3982929
1270967
6034671
968910
1106905
2283118
3401752
369612
4030737
2771520
2550653
6817332
3253040
518840
4248032
1481129
2530007
6196518
3454760
732357
7231657
1025721
5068790
5127865
4128799
1635139
3753133
7242588
4900933
3519508
1097058
3014018
164061
3074927
4730533
60667
6092382
7793607
4982334
4376779
6681854
2031812
1892674
1095285
5152208
5891514
5866370
1121024
6804862
2429039
3503568
2103792
4736923
2757024
698105
4049585
4574207
233625
6145530
1210288
2678820
5185505
5446860
7266769
4822546
4776927
2241708
1038976
435126
2950521
2484105
4909943
4042979
3841161
3068916
4031183
6250027
2760705
4780831
4701070
5532117
746543
729060
10711
5346192
464480
5067430
2687293
4718180
960025
3603429
3252052
7526334
669932
4348434
3783570
3665175
7131188
6394872
2688558
6070917
5806319
1841026
11796
4754509
7471586
6413727
1548956
5068589
4034288
3295384
4844779
2563726
264580
2783282
1982273
2909675
3430779
6923864
789501
1273692
2256871
6066993
3742764
4844758
4380621
5228698
299990
1060271
7751928
847532
5382495
375184
1532815
761444
3205552
2402997
2379439
5416947
223809
793935
3030803
1384871
7744828
4518280
6515878
2898409
1443547
2157087
3990367
2562509
5370929
5252113
1686371
6354066
4544768
3320350
4640145
6615833
2841151
6700118
7154718
4621051
5009632
6293192
5545380
5628606
1502562
1585503
1709518
6002313
212482
5675898
2708993
4846419
2398107
4358791
6071417
6721039
4626159
6578255
199512
6856863
707345
5529396
1037295
5092309
7642574
5103401
7301116
6060101
1690486
184899
6239046
6544401
4790630
3959876
3242462
3340249
1373021
3873621
3293320
3206064
3277791
5513577
5938377
2840443
7572633
7333163
5844901
5609296
5194283
2510117
5142942
2778411
5726822
3097269
5631194
905847
3412915
6439591
6984430
2309459
3234270
2279169
3301939
773755
2586855
7208842
7210304
6006958
7759205
4943118
4431062
7600723
5780944
6445215
4835543
1286711
1462253
3334784
7629729
1739246
3946669
2045673
4987218
4144349
7524354
6354978
1761418
426830
3205321
4705260
6847521
1783889
7532315
3256472
726825
4419897
6613012
2267186
899270
158482
7002174
5825848
2765180
3817607
4306335
824133
1496982
6886382
7228115
5584056
4592029
6965695
2361319
6472241
2382930
6420898
3149657
4219533
742684
744806
4336320
2914422
380437
3112418
4483461
6299640
2844001
5777904
3105013
2913423
5233303
2507941
842886
1264421
2320625
4583328
759392
3752927
2294352
7425795
3222737
5959789
4582765
3103796
2645958
5326772
5678214
1728225
7723214
4991636
7527743
1223902
6270962
1920798
268417
6545558
3194627
7770578
544601
7760447
1393911
3292256
187316
4099559
7668403
6407699
1612350
1173598
7693565
4174564
2166404
118941
2637205
6419367
5265582
917733
5443559
9952
2040482
6499312
6560675
5606945
955485
7565404
6566172
337839
6000957
2597555
5700041
4415720
7573131
4457727
2787227
1619618
1810583
6494805
5877509
4601161
6170569
7574624
1537358
3587037
2693359
1719472
975808
4579004
6040625
6784248
612651
3596912
5543827
6835272
6880773
7781020
1564447
3291991
1801173
908611
2864425
565688
1628492
5953513
2647144
4132423
2905484
5049423
7487610
5466260
3063802
2583532
4881264
7657887
1934603
5277730
2842222
2031560
3966353
2443713
1240421
940754
4556140
4926181
5270825
2912156
5979847
7819210
427566
1235484
7120120
4074287
5758545
4659444
2371403
5437722
3808188
5279225
1308994
4904078
7748370
2569290
7812303
7443535
4815665
7743044
1311377
7561884
791139
2348972
5050948
3477615
3509930
967358
6109709
5291615
2484589
4744363
699090
3516654
2640314
1784050
1702884
320823
851256
4255553
3452101
6744110
4694229
5903079
4255150
304835
5593626
69259
5455532
4417156
6951905
6802405
2510936
4476899
6679043
3406964
4531281
6058316
6322769
1365346
3915899
6131310
1427423
6078415
1813770
2319490
932794
4610706
4032097
1270520
7401324
4712397
2488960
3712768
309452
3509264
2012677
1176470
957355
6493128
1906220
1798380
123362
6267347
7108993
7784102
4924195
3165935
1465791
7354834
7777924
5677484
4317539
6947933
5145621
4366439
5450768
6825648
5049382
7159700
6621561
3011930
4402945
6143071
1700091
6972983
2551909
2682924
7110251
6322350
6369765
2802248
1852762
7342636
666525
3943058
6318311
4732736
3228012
2951681
3037295
153364
531863
7114475
820539
5483348
7157058
6131069
204087
1360826
2756755
7641865
1311839
5269963
3591162
6180541
7026106
3392933
3476534
3631377
4469588
6867130
1459096
5749705
347699
3773790
715046
3366629
1695441
2398021
2419818
3762821
7172826
2211890
7120792
2529471
4602634
5796231
2697687
402223
48987
5326793
3374077
2294672
5407231
198228
2027381
3394729
6763346
4449405
1495655
5883258
6519430
5525307
4358033
4821071
2078349
6157025
270185
5772621
3065196
7371303
3805404
3966729
5449256
1324560
7671784
4200411
5070618
5210895
4191521
4917690
7759563
3175848
267291
1335876
598257
5417977
1222448
203461
5093349
3133723
1525225
1698359
3446957
6041008
3874260
4145729
3091829
738882
1290591
6261841
1922047
1804217
4134946
572219
3417317
1784263
8889
152928
5291333
339047
4650399
5747060
2577591
2689314
113428
394796
7488003
5252100
6518237
3394990
7526766
3324218
4987474
7141229
2272553
3135377
2178512
3993363
6656836
6649748
2126895
673201
6226901
1674056
7726705
2587763
4332931
7509843
3342530
6707647
4924831
1284458
5633632
2182795
2364686
2024703
1039934
4093013
5565334
3194019
5570890
7548912
375039
1852097
4962716
6119191
4318542
2692139
1866467
5307009
422847
452839
109871
2962511
4504500
216861
7085234
4788659
1908386
1381445
1074015
2742036
6759773
2932302
466235
6111674
3622744
5685916
5685497
5856423
2142354
3718793
2586196
1419223
5373556
1593951
4252723
6174908
2269291
737002
4520511
4623711
3111714
7733011
3717278
7555842
5471850
5027163
3038017
7006351
2461673
5305088
1599175
648098
7149559
1943694
426177
5606322
2866936
1966704
2593601
723131
5508612
992244
5006500
6362023
6488035
2839095
1654396
5485581
5465289
3950875
906433
3395873
2261161
5853490
3841198
6305499
2565489
4896304
4730550
1813575
5995529
6818856
7385296
1543237
6916759
6299474
2336095
2143805
3621466
1601356
2880005
6986590
1667584
2167405
4707626
1002453
4537180
4866896
4579148
2069416
1689714
2216318
7394675
3119036
2611374
6108269
898323
751914
6740776
5075069
1591653
4452292
7742098
1085822
6370517
4096328
2001381
58112
7103800
4474877
7773773
712600
1602338
665131
4793600
7004105
4263306
2467764
2500555
1686204
2514742
6410679
6768318
1286406
1544087
1859460
6530868
3663254
7000262
1611858
4496346
7669206
5245149
3645770
6924442
6312405
4832528
5366505
7287715
6391200
2195913
7108642
3082375
2438233
3565200
2325836
3826924
2577101
7793023
3929877
2081261
1228335
4189965
4908858
1918913
5720834
2699199
4919010
6330283
6494431
3530083
850576
744764
6772745
5976616
881310
6188064
6281329
3170592
179073
2632199
6921054
2866816
79913
5774684
988098
2372814
7737047
7659215
6564687
7579913
4335777
6472797
5632506
2209659
4163278
6553926
3368143
712300
4803080
5749667
4597339
2713961
7703454
584681
7535288
4874093
5332365
2972503
3412913
5152258
1875660
1146370
1202091
5547100
5877638
492258
3648127
7320509
2646812
7255265
1270780
2126118
2309518
6918581
6004891
3450978
1074219
5458477
3954962
2089119
5886213
3336032
3018673
2152735
2415691
3886159
784554
180106
420217
2266543
3273541
4168561
3108733
33207
1898972
5720503
5685447
4232863
5373103
520694
4945747
2192200
3961227
6021915
5167736
546414
7336016
6148475
7412264
7782305
6910447
3056852
920341
6295889
691555
2235584
3465942
6358012
4746566
4091656
6321185
2563707
1592963
4551604
2187761
5506110
7510775
4488127
6450491
3180903
3722841
6087206
4864465
3414813
6525900
6182636
974151
6717086
7078029
3678786
6861964
614557
1688670
5848131
2829947
2173544
5329019
6537660
7200202
1506233
1822067
1092954
7539321
3926853
4880830
4863009
6218994
4329872
765285
363284
6156439
308028
6724681
5845204
1764036
6972189
6944608
4458739
7695122
6463471
1990116
337207
4947985
7355127
519112
3455662
2136717
3146160
4715593
5430621
1130287
5058589
4052125
2676311
5547860
7714332
4097724
5179084
6013434
7620632
801978
7474610
5707367
6915867
6740597
5145297
7117067
7644511
2468623
6681289
838860
1798364
6981469
1492323
4541783
5212953
5903444
3869471
1339247
6820379
1378496
6293976
7350730
4177794
5741962
7532151
1700898
4317093
3700480
6378825
1236638
1726111
57387
562070
7638801
6259460
2000048
435778
6805651
7833634
6863195
7186538
5096581
1768516
2752254
672312
3197080
6923066
2490975
2885271
7309650
4364077
552014
7658580
1800270
1424869
3155045
3162073
2403828
1974368
5644812
674568
1927311
961301
5725397
6526397
7293810
2006414
735958
6782487
2737053
4418053
4434284
3747643
6411436
2992563
5344712
7475184
6776791
5290273
2333257
6814445
2563807
6967145
3826909
6478197
6184416
504050
4680636
1729260
47057
4683511
2112546
2564289
830866
3718982
5790439
511323
6432736
3481280
2348203
6152785
5169991
765095
5566305
6776253
4055773
54439
5141926
7125721
2726466
3206113
2987536
3248984
106103
3322858
1797561
4455156
456993
7837126
6780088
5322768
3176019
6233565
3937225
319543
4449621
1632533
5326495
7443326
6151289
906481
7749854
6233739
4549323
5511866
957701
4093427
5167974
1935813
4138185
6640856
2423383
6828052
1451423
3490948
2189239
1123810
4838442
2297600
4661107
7709898
708917
2179850
1783944
2304692
2156423
4169669
3321244
4420013
7533473
7080925
4197159
2237988
4599412
7619271
343891
6861888
7118617
5690493
6675805
4473507
5189433
6772436
3962187
7490987
6492507
7731640
3626078
4291919
912057
1804631
5925954
6244225
7186802
4777649
6146823
5576410
4476197
3403694
7386229
4618858
1804887
3741262
1217471
5577524
500654
2493399
186083
1968483
7664434
7743370
7674695
4861821
279929
4070548
3188283
1523962
6142957
1144821
5529339
2507832
2457830
1148305
7260777
933765
301452
2066503
6030182
7020714
1598806
3644967
2724761
4067364
3240608
6564072
5391441
5695546
1992340
7446089
1457163
2125987
7463441
3604146
996912
5919342
5090966
1366835
3157997
3635124
6526992
4381034
2410430
847438
170227
4517648
2743584
444113
467696
2385215
3619326
4694817
404359
4000690
6515924
4708437
4571732
5108726
4238382
7029727
7822649
5693018
1129075
867473
5676555
6793451
2084718
1455842
2679844
6616964
548068
5002928
3534181
5056156
5943855
6889489
4049952
358369
4664787
2936254
1980856
7458637
6018894
2859297
6592332
1407197
7633429
4705380
4449452
5708739
5900652
6955176
7179838
1498999
5946129
3544087
4113607
3307755
231147
4840291
2406156
2655287
6222448
4484693
1006204
5585485
2224701
437072
6217514
4369525
4757360
6284934
189679
4611697
3065868
1886952
4121120
1248064
5968103
5334276
6368902
4401653
332421
3635751
4548766
2638374
2636313
6436691
901599
5415861
5781218
5761464
972456
636962
1583366
569132
7207972
5018551
2843086
7772581
3503220
7309038
2542439
6142727
7653951
1141178
3082224
6626845
2719162
1566450
4325229
2733151
7016261
4857422
322811
5952076
1736775
5060453
7818848
2303510
3766779
5144255
3501472
403324
1268991
3728189
4889421
7275391
838705
2697423
4553516
5200493
7495088
1401261
3060503
1027106
5585391
839148
1624989
7826012
1713563
6631182
1733714
387559
3120647
2425733
5973228
6596640
1293674
1997967
6642039
3363455
3875264
6936657
2677278
1156975
2889484
1515372
2721875
3478213
3042336
2475629
2139990
5791355
3655871
1544728
7242118
4922754
6965586
2157182
5415672
649378
3510535
7147981
2254332
4364008
1132059
3298635
7794602
5093594
5962704
6868756
686177
2041663
4047173
485280
6275100
6574646
6313037
7409621
1338222
5090981
6659759
7758637
6389238
5896492
2419143
4408310
7347083
5639582
5810021
6107691
6235047
6986528
5339296
6795697
3732781
3201840
4499306
249219
4407417
3921041
2821583
7364272
2929937
4635902
2012244
6705480
5236423
545429
749862
742960
5865118
86641
5339493
1304302
6389410
4619562
5761663
562765
6567910
6663494
768395
6602724
2577121
1460829
1619765
3483561
6634424
578265
5267637
4883146
314477
5349055
5352028
4064458
7239480
790188
5278991
4493463
1843686
7826596
2566842
4560815
1537232
719931
2706014
5150018
5215027
6938170
7634371
7805186
4086372
6470941
4306333
6256935
2666406
1041499
6055925
1751278
7427163
7081957
6694493
3413394
5949576
4561839
5948842
2746017
6109877
5292396
1249995
5122872
5612738
1170285
1854801
3550588
3344904
3607844
5355648
4573216
2175172
486804
2822227
4992812
3127909
2588208
201010
915127
777711
6813969
2220160
3337143
455754
2132653
5304553
3203559
5615337
656446
819396
987005
6843032
7243085
2591444
1385524
5665381
6086958
6034941
5935063
756046
4192218
1074363
4345734
4522270
234019
4791802
2212781
1810496
1227042
6534968
4603943
5681588
7250882
5872591
5092196
4357317
3971481
1707537
4628332
1653414
739686
5558935
4780882
1577703
4344487
3190584
6893693
4654285
1166096
4860700
4250313
6833323
840344
6717307
2309488
5586897
3564760
3517814
4369928
2708828
6447461
5894727
589392
2893565
1901110
2708032
6892359
1641440
967851
6232772
4712533
7001983
537822
913672
2524011
7530203
2024487
2032992
403972
1496148
3343730
4696381
4523835
3093447
3152546
6631675
1216969
179306
4233728
5638575
2119436
2877270
3993617
5721361
3841206
7423044
1740181
7822962
4768908
1129243
5694950
3122234
4477972
847620
6052560
7654394
6449604
528339
5852637
3547592
4812314
250283
1543834
5055535
1876478
2296614
2397946
2741769
5899871
679832
1644958
4238076
6876064
3733948
3981180
3181619
2654136
7774313
2128012
1646674
4491272
4170704
4233049
3986953
1561390
5524220
1125131
2902012
3556026
5602354
2003758
6920154
6213806
6410595
2657588
6298084
3560118
1041488
420185
1661795
1643769
5751011
256896
3694445
403186
3370242
376980
1007462
3283041
5120683
4576999
7667694
1932687
5872204
2185196
6499379
1968194
3362778
898254
3799247
7228549
2756538
3585939
7079097
2173850
1616100
5877899
1898323
6561094
1832549
1404899
5789324
4671199
4050029
2640839
7235725
87201
2419672
3593837
2778722
3187996
5868170
4805872
3273309
3904010
6662419
4924499
5332321
3974230
5981717
7376683
7312827
7746062
1969839
524572
275527
2218381
4045350
7656799
771769
4324725
4518245
3148485
5275475
3286202
7384542
2965261
5148480
7071677
5565668
5136225
7754688
1964160
5983454
5512184
5735063
2688189
6782783
5795639
3824778
5399029
5406844
6788255
6793909
6914832
4319223
7622103
1446612
6884000
2461928
5463285
6889251
1232043
2927318
1633587
5977723
7476240
5239594
7175630
7156990
3601507
6316146
1565877
3392472
3295265
5892776
7779425
6026786
707128
388795
4876524
6445121
5655386
1792406
6335181
5468220
5275224
4483549
3146702
7158124
1229885
1859340
5255663
2417695
3291079
3557368
5965468
319250
1638087
182858
5591112
7372410
3020881
2836476
3453048
4431854
5185648
6714003
1150262
2102008
1896784
3084118
7273315
7350541
3680557
1175006
1644892
5280475
3253663
1287361
1902460
5975565
6408262
1021669
4292228
2971829
1919281
5105984
2568138
2105677
5001978
2078010
3242736
6429028
5490829
3902419
3281592
2407014
4140593
5906145
2668694
2386244
6566936
5421683
5029022
6240083
5761343
357531
2701388
4441473
2719100
880791
1683337
3436432
6942389
7026245
403691
6976978
104006
7653503
6026316
6412951
4427181
6503692
2470810
2407189
6925201
4538822
7578321
1754349
7179210
4410386
4520596
7490228
6823714
4671491
3538694
1319870
5478431
1143971
2758135
7122669
1778402
1820467
2356115
7128786
6922239
7753563
274036
854430
3226322
7362625
3265515
1343366
6741866
5095363
2668869
5170851
5199613
2491309
5073754
6852357
5426672
7012480
3951533
5503844
7033061
1718097
5725110
5519137
7205570
261042
4089927
1812991
2738229
2442553
6178123
5391183
4527241
751412
5428916
1206330
7784134
5333527
5837871
1571014
7735751
177560
97097
5510631
4904637
5224649
2900823
7086203
7819420
1556810
7618735
837297
2352528
5464068
1429210
4715952
4686187
970748
2798243
5187047
5078686
5426711
7802268
2644285
130653
7258764
3208459
6213119
5437777
5660311
1473917
1548494
3112924
2712449
2609807
4981809
4568604
1344013
7307469
6305496
7044283
1478041
6571462
4799950
101254
458461
1241083
7339141
3055437
5211533
5224780
2434401
4619431
7706879
7275827
1757535
1820987
5388149
4062576
3889283
1870761
6601468
6778687
5971116
5307220
589168
4837714
5426482
2139730
5152802
7574035
1567707
1376786
6113001
2882241
602114
4566399
3869551
2114360
621036
7755476
4681276
2998575
2185270
5885892
1211051
4858333
5771705
2840762
5301109
4273970
3739646
617622
5512893
456775
7044113
6289439
7524913
5692448
7735398
3099390
784408
5848841
774672
1546601
6852690
6327755
3268737
3277450
4596459
5462462
5570206
5958759
1110897
5166938
114187
5533664
6720599
821108
6941117
4683487
6601078
3282870
1413510
6386829
95237
675038
6394041
3748897
4908040
1209931
2324718
6401181
6836151
2286918
6117865
3575240
1054670
5646276
5547245
5801074
3674938
7566643
5844572
2740608
5609713
7133079
6432547
2037112
1383405
3658247
2593351
214249
2511007
61845
7156162
4186341
3606999
5184110
747553
5670234
2213781
37800
283316
2584285
555622
7634963
5867996
2416970
1294712
5143977
7796503
257704
1956929
6551494
4148062
2895975
5749674
2774300
6607136
492529
470614
2531505
898088
6164666
4294847
1972052
2762162
5100140
2293703
709753
5386917
6792871
6645553
7651729
4556289
5978652
6340251
724019
2460468
360382
2510421
568383
3949643
6900955
801819
697135
3452213
4580519
1627060
4075631
7434442
2145948
6076659
6089410
2725878
6358082
6841724
1375783
7553223
3340833
1904201
4898563
2236581
7830275
1311477
3155644
2841558
5303243
6053599
1215459
4250740
2772841
7606564
2575881
2772116
3384675
6910076
6539957
4309451
7321113
5838973
668406
6583445
6881951
7087687
673468
5968234
3500891
7311583
2654660
427625
1237300
2910460
6244312
4988717
3848235
4942046
949472
1052503
2604132
1448896
998232
7164100
3545263
3505806
3395533
6915225
6752338
700984
2964419
737667
6120396
1420720
5233351
237091
2910169
1201886
3313574
2396640
5397657
6907575
1346688
4088584
6902226
1302266
3362619
2119105
2337914
7340577
7217646
2603407
5067008
5332427
3091940
4470039
4593469
2694549
3274179
6014670
1743963
1543699
2667691
5883305
5673925
3354839
4763518
513529
3644230
3569374
373326
1309073
7168724
44421
49339
4106494
6127727
3862042
2741460
7574508
2273569
1885219
6674841
7760344
738957
397391
1195859
5742174
273960
1730480
2670353
3700659
3033149
7152853
443160
5160396
7550610
517518
7303578
1658531
3564025
328904
1259734
3062229
1080069
3350671
1365034
6393220
1588473
179615
899666
1676600
1146261
5600824
6564484
2160158
7286806
7305380
3071821
4413302
5860706
3357500
2580872
5712754
6765618
7765643
5020192
5215453
4116868
6974674
398797
501795
6412210
5072437
1020569
2526849
1762198
508792
5493554
7075247
6873355
2462217
2952117
6149478
6154018
7099105
6251712
2873504
768048
7554321
1155803
147952
3755257
2655230
15935
1550165
2972148
5885519
4140030
2938447
7725838
3166360
7321227
3885361
2633613
7675152
4196670
1850326
798812
3031336
4123130
47251
4148200
3693013
7737766
2603888
5654430
6537392
1041075
7783471
3122438
6340574
132016
1528465
6846457
1293791
4573510
7197076
5999682
973669
3457221
3840477
7696122
6809450
6852065
783287
6199713
1165334
5567196
751561
6046511
430117
149485
867686
5201957
1200374
1562813
5710960
2738327
2540502
7651455
917347
6657492
6001600
4118330
6812755
3134110
3599841
3739855
1482578
1117548
4487772
4828413
6912835
7773111
5010105
2379465
5448152
2958823
5137079
7765451
5178825
3068161
6789112
7144874
6654372
5625422
6185686
5899506
1144354
3046385
973228
3962392
7008111
2867490
518489
3072900
974905
2482293
6415458
4494166
1368087
3878035
7658308
3856744
1648333
2051282
5082387
5522702
4943373
2068918
976339
5197326
3577163
487064
282562
754866
3804441
3139301
4249651
4345337
3201648
5269113
3443903
3935211
1215959
5199571
3820816
4320740
437579
1860797
4675859
4674718
2229702
5607026
6614357
3965632
4271284
2336843
3869737
6909421
6331755
7652650
4914764
2145671
3845997
4983262
3668590
7299105
7101027
6820539
901434
7106438
3376528
5407707
7277770
4735220
4085365
1960019
7484882
2926236
7471096
6908833
5900362
5427444
659116
3600888
7259270
4525237
3845089
4057088
1994657
3509458
3130026
7094877
5640456
4386893
5722235
4688051
6397670
7157964
2767385
2657102
6992043
6481309
1322341
5317750
5090339
482503
1652298
576048
4865875
1367025
5573091
1622848
6008175
3973880
7595800
3202182
2530580
335630
250435
2063154
5709003
5906508
1372642
275778
5829224
5727646
1244040
3063942
165921
4126077
1334761
1674292
714344
163212
2988826
4514290
3456629
7448648
2842958
3243027
3198851
922585
1867049
2805992
1443299
6583543
2275121
7630801
1790002
1507302
690512
4756599
77284
2808371
6871739
2088656
5561724
4957963
1729181
5655004
3411733
1171549
5848841
4040054
4546583
3380179
1671332
7376977
4249796
1243747
1375978
7556234
7319286
2446880
530871
1652499
4793541
91192
6263662
4873404
1430018
5045516
5724860
5152003
5086647
1913776
359475
7070095
1546230
557632
6969537
6535054
3788340
2468662
2368722
4332981
6293757
7590959
6000999
3856937
1087836
6769098
7025362
5666787
5493340
7603054
2552212
7083512
5824549
541520
6988544
3441390
7798870
3811084
4792528
5179927
367546
6965218
100558
2174551
3932666
4500875
3489705
7295360
3338280
1941138
6171982
2436820
6503123
7071902
3994950
3261050
599132
6585683
2437949
5573202
1101879
1334066
94968
2383158
582651
2500834
6488863
1942317
3443538
5667311
5079369
5356370
2355925
2763058
5848220
4477307
1162595
1548567
446752
224834
3278015
6940081
5605245
2565447
5796143
4572641
146475
2865931
5483804
1103883
4801608
6558721
74789
4757509
3057670
5803709
6897296
821552
4702949
5250543
2634759
1639685
6671524
5718619
1600463
4299653
3353929
261135
5433927
1346671
1782964
35942
1143938
1032603
2418972
2253586
6928838
6882593
5227697
6088458
352468
44099
2824425
2111081
5023587
2236117
1100760
1646753
5350168
2386638
6419020
4079515
39222
1695245
2364690
662702
6705727
1330631
5641546
4721359
202733
750360
5456970
6053726
1267140
2699754
4189264
840380
6530125
5183598
2587406
6081388
2183887
7751683
333695
3376834
4725950
5877497
3067734
594027
1670790
4047148
1714824
6539895
2829519
357433
2861157
1307742
1127898
4214559
7104389
