#N=9800
16609280
41156559
82154952
6547081
62292192
9376340
92423516
28208789
59550543
44835008
9771756
28446522
23572008
87550408
3835267
6428112
18891212
18182612
37217900
63266866
37350218
93223997
93160574
26462713
50616452
940704
37490509
4913611
33559142
36833810
7907081
44665825
74904368
72778612
44767192
68687028
45865797
47588507
53040659
65707647
21263000
18261349
24611254
51747521
7222821
20256281
3813838
51664347
76872395
40033903
66146293
45491130
77211171
92219870
85012205
45702841
1985187
656698
31610155
84933318
57969443
31168470
34502259
40820966
26912815
93218685
15646369
14761776
26325507
69382936
75700019
4119105
45642154
4354973
82537309
51598475
74027512
59819936
20121679
31381265
93466359
8530049
56518926
31508330
90234682
22919132
48696311
47695496
38727256
441685
85034685
51752103
38859281
37323574
59778222
46754665
66893178
76907060
35101758
56810028
23740782
71345045
52225423
90083680
60971088
22717373
66080421
42646247
957203
46195256
9465965
521653
14335368
68203420
17415645
77142812
80231876
48254626
58700811
21578779
92226031
47711111
26577506
26708242
66470397
78911163
11652907
44686776
53166278
59796713
39188231
64300729
44977583
29508050
58606884
52928466
56363796
54488791
33180282
35039175
31859888
71906172
17709634
33232556
84011544
65201020
53045627
93256723
86672221
10989700
29604899
4081414
15844340
43706344
15055335
56387246
60348510
47896194
5498545
23469175
49422756
9680181
5693844
88089118
7747880
38721719
19748184
55928246
22628903
91917737
51933167
33230957
83934628
48548615
14790555
25358447
74568799
42055926
2215449
21154432
29748986
20502180
85066080
55497094
79397835
63199141
85492327
71482961
94513439
30421990
17775331
91977265
36535927
1575751
68340934
82463260
50696441
58474073
38598705
85437947
7983109
3384551
53044028
93179807
70019817
68774630
23142998
88017993
46910566
77753269
32128352
8855518
37144346
56470565
4608393
42518500
64725703
89673962
53707630
37139800
89926064
16199579
23636331
50112667
81522937
44470486
43864555
61298495
50490964
35214154
32393919
45446929
29404735
18873024
70036808
16605449
21864064
41429730
55889641
72658674
75212549
10261413
4247124
29229472
87784863
45578058
84850871
27585902
95787899
37508050
48107095
39813397
65320269
75205845
6248112
20224441
28583148
43254027
28904576
39647661
40413044
48124521
71450121
12799286
93048961
28607078
91359435
79849017
820807
80231853
68411549
80586702
18516551
89312693
40418602
60198960
80433786
47342820
14082433
55974502
6791407
7504876
33565284
45095828
46622697
93637712
25923491
23539112
2840982
15383681
64237541
27613758
85719187
42843043
52083477
13199944
62389897
45731208
11437467
50877731
61715302
13702482
40168100
54357592
43482533
89115783
80720153
24459284
75155039
41181183
22409217
57735580
56922179
70571199
53775963
57687211
29360355
45143435
55341572
9830850
25704495
55998124
10133907
72519243
15056771
40955895
1762476
11512166
80055907
32338611
45313257
7357710
4823574
47092318
8241064
19023249
48564369
74142596
36653692
52023085
80299004
82481645
3959617
95274969
41210844
43236153
2345638
54133131
19438940
33947074
34300569
83828879
75544978
65218012
70756766
3544605
56939989
4027491
802534
11261822
62118663
32824565
33720271
81840326
33131574
30138469
78409558
92581285
89883593
84815674
48063468
19627661
41270801
56763464
92929331
21681339
58400839
3002190
19832562
66253687
89045723
65122557
13072113
72000373
8278023
5292900
37345697
80281793
37948829
2581595
12145176
76318338
34296617
3581802
3430768
36590290
70898503
28197510
79121442
8819557
43544872
87340005
22738331
19589462
32966251
28490766
1848777
88187153
44600094
85353631
87785200
17045350
56844534
7779212
69258302
58639856
1947697
34764102
6700242
57670492
2888604
8563374
72887570
93746327
63326926
9836884
53508849
62078946
80692638
87821438
20684852
58559036
88977380
28851191
17740685
40819099
79930673
47138772
35005578
62158370
28509097
80005988
78430675
32808304
40435141
34494200
86543240
40317206
66479124
94176869
80822923
5182277
75880074
1614311
74841104
1247980
25184246
291036
75997720
56737228
94884059
26437287
40818350
48158281
44960519
5205539
5813520
52375929
53233301
85643217
18331321
91740794
74174473
43936475
76908690
117934
2618702
88406372
55534284
95900472
18296794
17772237
60984800
13195719
11033690
74550068
55893887
64487019
1446978
49560433
50522504
81329404
77516769
70216437
42344760
27188216
48012238
50813930
68648234
57532508
11468744
70434847
49435729
74056538
75921399
84542319
40623651
37361856
8673203
72365673
34915672
39704701
41342172
82474733
53341832
42586672
73103090
40937080
48568141
50761200
68083665
76346067
38984644
84932179
22204199
87570831
89183609
25083356
39345185
94253388
8096779
68055833
29117074
95537037
33432887
73163168
75869116
64297978
2446184
3572127
65627127
48480940
82402870
33359126
43975269
47008378
90058532
56945515
68893416
68262074
11776556
17755112
88745494
47453813
91788571
93160844
82829272
90970222
51590203
5892978
3699939
43203368
34622945
51993906
19667921
3738535
70716984
10860613
33274477
50005244
17209258
66871627
39109297
69998118
39340594
83069754
12718587
21796458
45168959
51138304
14120206
60362744
22006542
91624651
95268168
818349
76174267
76936293
25833908
8386834
5873659
47746033
58139073
65488036
15880548
8807308
66504058
55315366
28254981
62442851
45499573
43251141
62134658
52079544
91883156
52147762
37900795
57620284
7676252
19409841
63735388
18535555
95738202
21188193
50054010
52935501
9588067
67787432
71062634
12691500
80891388
71029249
66469111
49331765
95023979
91208809
76592328
38664833
9815793
19607465
34911819
89460030
82011612
9986896
14178748
34262872
44471510
53094580
28488521
23744322
19711639
42547195
3085171
42802701
46203752
78306579
77912867
31500192
21499670
34637011
42262390
31559623
10608896
9863928
7343063
90962772
81393016
91588488
3753014
50999390
33635854
24924923
75281281
47748739
119011
91727795
40377977
20727188
67986567
81981327
20659151
72948939
30947069
55422219
95533461
49307185
91410535
43275856
85277803
85980047
58631740
67002087
58820186
15686125
59114539
11794575
87209758
30393626
57952634
13431717
10321734
20490741
24805911
18157112
7370762
75431824
23741228
54436651
34671662
91077629
85637883
95880559
12019104
16243510
94655311
52257604
60069383
5430487
19247742
18275716
27159861
42945615
42491174
81629237
59119994
28720913
49881942
12341666
54675517
72065519
84665806
26768248
13119978
45414088
90455885
83577738
75363788
63307226
64838768
69434730
17622150
7957998
35828874
55801500
52214128
89224823
67613488
76397293
74310627
72342128
71824543
76174251
18429246
48373886
31747294
46778328
8649022
73856424
23715860
62510895
93549166
39251718
32352363
25582241
4653926
27148659
18738970
40532684
80288702
91484396
33605855
57860650
86387497
42644052
84228013
71856836
14914196
91311361
4572750
32740002
88516507
58054282
44426956
67690919
39724864
88534497
23062468
76781753
76347259
19067768
30158532
67966925
69201418
39807330
41446897
94764869
42899958
57898201
6926828
22428051
5096898
25565429
8236263
14530661
27729856
88956652
5847711
16777819
37398480
42558468
84353047
55429214
52933044
86536086
44628451
93586738
12187238
38598326
81226847
42983959
80509976
24954828
61123654
9040175
92947372
18152322
87838040
55075533
52801302
77401400
48795414
86606238
93875574
15319612
43286576
10952036
86161798
59329243
63068399
16572891
24229050
93856961
45404389
89989933
12912473
6030125
12359890
3806904
88731976
90875645
77900306
71469801
28047456
77574958
17242136
72475465
61391020
10436640
6280119
62235065
18129451
33475802
77923287
21487163
59801440
18560959
78527264
8152532
35100193
65251439
5772128
64882744
19508113
39374264
77630042
9105569
47941775
52127872
21946599
17262175
62828189
34928973
88831291
86215618
16183938
6805495
66195346
95195956
26910815
68844318
18915404
92682289
8277987
59362328
73603526
86252534
79500767
13275825
2380404
4821074
45743326
62437864
21856328
10402544
26036115
25502170
21762595
30679600
23903309
21621252
59074511
72652572
18745035
82025795
54623897
51631609
14498306
93391029
76280552
30268526
95169956
55593076
53682389
18065454
14465187
60327701
83872130
74679692
63572500
70586166
17568372
35340782
71005375
30957783
23243574
91396516
1598861
141343
6208714
81894364
2876216
73088717
52632300
1717052
6091114
57272869
71391058
80269781
94261074
20687475
11189763
15668127
75731515
27958314
30233324
35825496
92795202
47889590
91714946
28231718
34184417
21214215
46700833
75648860
29358922
57705857
23751426
50348124
93305128
29159998
29262063
35762790
5561228
29963057
60969621
56464960
59051796
50703582
7643643
17156571
75599587
79271449
81474804
39906019
31203113
16947360
74754177
3127109
13705173
70500731
16134510
54575557
87895294
23598602
51897434
13614423
60440730
90631429
55689687
92145964
58202396
33902632
9396794
45136269
66951262
44869665
48821317
76498850
71143996
24412194
66325394
35693568
82671962
64527443
95795469
28076004
3242187
4253446
83032599
89773242
17209063
27139534
37281749
12844495
59197873
57306006
88568363
64334767
32429032
21787055
21312794
13066127
62991370
60567130
30918578
25056038
69765670
59012748
10173456
35450427
37780233
1797951
70541726
54595957
61285256
91542023
75687032
44112572
21648009
90496691
52491493
4364567
63981661
76015744
54919759
90903107
24876973
66781308
77625598
53966531
89439311
56785665
16751175
72538958
25405086
67945830
14882582
34315242
21232515
42979131
95552328
17787902
71156322
13603329
13512551
17172684
69894014
19793966
26224705
51887067
26515030
11079374
45484809
69118555
51138771
22742076
47881135
5514068
73381998
55443559
37215355
16900353
31380578
44845346
92260002
25693470
81316941
67943452
69406541
38048239
6426435
81948998
4275350
53983638
39749316
28322211
25551605
52610572
89318937
15145330
6402258
53436476
55980604
22742733
55841046
45624702
45400079
27041201
2902339
91085271
24062981
88410010
55283977
40290734
94172031
24316550
52326929
77872328
80642
83497544
33772888
83086424
42199682
10556765
28432033
21742370
69646900
45009900
46208314
35882461
89808353
18263151
32199056
44959528
11946279
63403470
77325989
84958435
2978220
45135955
70404919
18375872
90277980
30967427
84003806
50903329
24235908
64869386
44099440
47637845
75901488
57819749
54654391
20457312
36949866
18025758
10137681
33764439
85845174
62548789
38287031
44848825
6316871
64835586
63673539
23027845
95028876
66793660
49157142
19205974
50897976
39437492
30412067
73978277
41335144
19134419
41407515
72638064
23571524
82319692
27587080
55444176
20869883
71232258
44923256
37789053
28220585
78232519
30081033
40996349
56231918
69491446
15778911
17892652
4410336
31483505
8474329
75822902
15895683
9719649
84833907
72959700
32705974
45881274
67174388
64737081
91602896
55127824
79654610
2730974
61449809
52394822
10520919
17684456
43011673
1294363
42311645
21827861
22000601
56629588
25217438
72942891
65081109
80335407
9418323
24627435
15587822
33358305
25592620
73579610
11617301
73556259
40388938
64008894
50318379
12046564
81122471
27435546
28281641
61863414
88250056
78368979
9383149
43830182
71412811
21183812
75333763
81722058
92650424
79701336
87588480
75525658
2088193
75057300
64747585
10663644
33638441
72651839
21741004
48076362
67794297
43648408
57841506
28342374
17490048
22882832
18368549
53862683
69829117
80556289
52480265
44419874
6956167
84239338
3100044
85730754
24573388
91672428
28737204
51728392
16176768
47134806
10778073
87464550
41418859
26699372
84962641
81602080
39461167
74132596
24838481
39451923
60761986
34958674
44577451
59667366
83697342
68455887
1382418
25409243
73600121
2844553
75923455
17265414
59665949
7467617
91597176
7448622
75495659
16206024
40950319
24752219
5715947
18682327
2501909
90460406
21841830
45433670
56763598
34612870
13370610
85919808
90914472
1094620
81904959
10725190
92888573
58288098
90895766
33141491
80129415
56334707
39218604
68455838
56311864
86820953
62615585
13954777
1101928
50743440
10490077
22267992
56853936
45899168
31444122
87711865
33696807
83268961
32063060
66883791
74342025
12275990
38618475
80189282
38849673
58220486
50473051
94350708
74198684
34561059
89962888
46277203
34626469
83041278
5840253
42357087
85719025
11872145
3464700
74873937
28493129
95234536
25427496
65182072
46805986
44215162
55648805
62853017
43530562
54390695
62868941
90192744
8029943
76437990
29716231
40538966
18625428
15911992
4387820
27921481
95974591
41525236
40436950
88309383
93362254
28571734
73496012
45448714
79419016
38873791
49446441
93954684
83032175
77252334
9533266
79992970
35288226
35861736
96024077
49377819
80964378
21034577
95080139
63530977
92416188
13804239
70754772
86743947
50581028
93506211
83524532
7665208
44202983
46468842
49416996
47913540
79796344
34622221
92042274
20067958
86485243
68234107
84421418
3039205
76567734
8275156
80008894
81950408
85540984
13553124
84941307
17433401
24658390
81275900
27379831
5672240
93866838
73288562
37823041
42915820
49303228
71659316
88891838
92329444
1276123
14794775
86514893
59728386
78780605
23808166
66290167
83446037
26269999
76146261
19070312
29220951
53377799
5019394
93049102
68107583
84934735
38269033
24657196
53589776
83449063
50131269
63889200
85554644
58588960
62203725
84667608
53013785
8946818
74097063
40418177
37587738
66657797
62706726
28041845
91374568
32141793
86183906
2939350
93089049
22768462
48654544
32211850
19873841
16124660
89383695
43450387
65948585
50859971
9129552
85740576
32498045
87582310
36289101
887035
5575175
87860533
45174171
12595608
5962706
7439265
12315076
9545892
71323230
30564933
72501566
26998843
35092745
63415444
50324807
95480825
2894621
67133509
38868155
11027080
46216076
73127350
34320835
76248009
18361926
52190869
84055101
66214635
82007134
44468568
86356491
27583193
20461452
37734906
34884157
92456814
66759662
77790144
67687953
44324386
30075814
9086122
11277662
70255547
60520823
17794923
56612669
26471167
20917433
344431
11309871
66008068
89369050
16733591
26796534
82790917
66223736
39586533
75898145
89027567
58610742
48621585
88739037
24044639
5578869
87737640
59372487
22435276
82317955
58601831
67650350
55860268
44605300
89522740
13642877
68653282
92917491
90871864
15161296
50949366
41619007
29179905
73815160
6578133
46549856
83250002
6892772
73236170
15579417
61880186
34892156
69169729
77646341
1001396
60712153
17747219
40023311
770655
50824927
26457687
48600157
74167611
42217391
10555644
92645249
53414640
53491986
76571751
83856483
20585016
11737832
35040874
78670050
86605159
34288987
69353687
6234210
75656212
72947640
77053315
80273846
33890759
8457576
59899122
91621712
59941497
62962293
13565624
82814125
72697317
80280297
72648139
16125987
23406377
53103659
50677124
65598158
67510595
64833919
83419234
37954967
55776300
35355513
9316362
80370949
54672775
31009673
59824522
91422367
39056880
68595739
54978350
38309048
44556079
31540454
16619713
11730998
24868602
29325328
44769611
91174955
91477546
19544480
61488864
53848220
81633064
81883205
16782549
29555628
43661245
48063721
28638605
71445352
76722739
12910315
20546427
59290409
87992794
87268784
71047643
35351458
58643285
58041521
56292960
32825081
6671852
83334386
63001388
29733648
33887783
25225131
29686091
72232952
33951417
14209285
37065670
86681062
38221960
64758829
35520649
6819519
5944608
50331916
50898925
17432330
20957522
63921270
22846391
87244961
28625498
47609748
13662124
25818204
51369669
68998575
4427319
72978205
49446603
37776257
34651183
92298458
25877340
50080432
35167281
77913981
72027326
68346842
51160413
66006066
93417847
19792359
51960595
84552279
29374394
21581281
29189564
64356187
35295771
71276644
12146462
37410920
30843704
40703550
55994511
74431465
19551971
62691063
72930648
87791772
46502543
80610752
57131176
44003359
12656732
1424065
61357194
6021259
70968995
65971680
48649097
43469194
86457966
64982940
89966340
95661833
82325510
53952921
52209725
32488477
75036566
67482913
77456409
87055866
21151578
27907074
1500817
62403826
16188520
26923522
30660596
37102809
6517645
90310737
17249791
41239098
26495071
91425514
53412163
62103427
14117340
18269782
84146481
86836133
78697431
36013419
43452108
84440659
74956356
19330437
85675695
22584326
46331335
84152961
85555048
89391379
11718554
9180921
66346856
75125711
55009503
36389860
54456644
61318547
2379291
21864278
83866936
95035271
15871799
69746007
12560572
23321208
35612352
48133061
43384025
28860398
91700690
58725297
33368590
52372030
69039103
1522734
67672904
87583582
72434406
14937752
57648149
32632844
84815045
29956996
55272693
89730956
68614195
67195992
73491612
3384021
5992479
48724555
21038324
88590592
34133654
60467511
75977184
41355580
87075998
19262354
30095434
39328660
85726194
31845856
19302751
16059147
59731954
52735152
64539059
39801562
60766333
62294779
11963776
91124090
57382802
84116702
16239344
3793799
61203513
59370683
16949323
48045514
14590900
56610813
47217034
27381700
7995139
56714830
45863772
47747337
29576160
94289579
20025909
8230672
6717527
1171225
47560089
19930392
26572445
36847905
27837786
65682244
39515603
23887075
74884746
53589003
57516815
87512287
82884477
47761625
44779783
90982136
828480
21812826
48615674
86542205
77557928
56287803
27138669
47614194
62325054
55949114
26135676
53458310
56710584
82827136
70638781
45315809
26696232
56930201
93372303
3950711
25401124
81966601
973885
21976084
5308152
44358816
42732504
87942341
46933145
57570582
42366462
44929902
40294899
26931497
59403535
64547360
28566374
5793181
21478518
8866744
95278530
73952167
78859530
45998401
90734530
13708579
47983507
22745521
66132703
46009327
37580451
3425040
76658449
52655070
13847206
13405811
32029297
19765548
80179505
2003243
17275683
50038591
20129992
10351165
94405123
53610354
43068842
19699630
41158278
78169978
26047215
83883755
17821262
3714575
94054894
67989009
78219503
36577806
81205070
62707663
3954504
19529007
24181460
63252638
20625772
90121659
63869933
64629680
2489864
30140913
16476876
41528144
51673469
62559639
1885949
13269118
47055702
60938865
89692415
87918149
94952341
56936266
85868862
45872254
21535073
92080714
21387565
15511840
32623302
239688
73129829
36741867
94943236
30099802
95422705
86639719
26195419
68332646
82756430
91605347
74507445
49957238
74245821
73007976
50107563
36987085
19616704
89781179
590149
32756149
2049287
83683713
70004819
28391773
59088315
6023232
59457412
21147877
73025638
30485061
1336453
43030027
37359162
8303517
38508008
61693685
38486915
65233699
89865201
32799192
51963151
36103095
95889675
37258736
53391272
90970011
36396935
82900555
87731892
47550063
93394957
69697515
24595398
63981586
3537987
37940438
63641221
63575977
54415050
64599237
89165899
89072937
39125644
71705478
4420228
7877935
6432110
5687723
13270548
88365732
67553143
14704415
78751823
39523290
861801
5094343
3238119
23450498
24109224
52638003
22954664
64016997
4723153
21258586
34943991
70605636
79565389
33645609
70450079
61382114
25473593
17460421
23216334
65851335
3836993
33336131
90647388
48710004
68778206
33169759
44217535
28029853
13842614
12221105
36285171
12014928
77025120
46640117
35099460
90735854
82518476
1696078
63676631
30157517
37733198
1298382
155557
52786901
8172016
87593283
72769406
90265884
13623428
24483829
71243948
85770615
60597925
57477629
39096095
40748353
53930771
66600055
26348307
1827685
31235986
85685055
72955469
20892892
94765268
33403382
61662848
52360958
60002880
62378249
64605586
19549923
27729991
8602275
14621121
13946133
73969855
82889203
19021936
58496440
59925904
48369945
81278146
54453198
3546858
7099666
49003672
52103085
35364069
36703253
24912217
10343094
25523413
74155713
89873670
42404309
8004127
33888225
22358998
75056583
34648258
56003311
39532428
13783858
65276047
27771919
29527823
50077041
57566924
5255616
11821920
5472706
44823087
12742105
40053152
82087399
67775598
12300419
27190868
25020974
45783465
81400130
51113051
79159105
4715211
90589071
54648937
28987545
95279968
62395688
70127780
55468025
25330890
11760509
80296036
49802632
4808620
58875832
38255121
52094218
56472530
95119816
23180
93379315
41006508
27752733
54896531
42754623
1120579
76434365
8511549
62664361
15248544
91167606
24510168
71767666
29912729
26856874
89503392
39811942
37064798
58367271
71211990
10131884
6951889
56023830
11547511
83358029
2403302
39175306
52071037
59133216
88716934
68310448
73086410
32855510
61235779
13065792
68846700
69099845
61185820
47987570
38154193
74124505
95858503
32256919
16867900
86140788
24395702
31136121
64639953
26932914
86019008
49791786
33187999
19633860
53620527
68412206
31286992
73913713
81101999
18364215
20650432
55861423
7074669
60020618
94652437
26739560
47919972
20859130
30945651
21664941
82772694
5897274
91860230
9717715
42464843
81771780
56104460
93502788
75760740
49451793
28348541
66385147
92211259
95419420
22950494
14310440
83350208
47526403
53263281
59844201
11289546
56669815
91852613
14938734
46704271
73793307
91833910
60858657
68730063
25048377
60448338
73054979
94076057
10088450
49653255
45002056
40614666
6652667
3717872
9375592
53280535
28969122
78038279
16464444
46672838
10027717
91690785
23506006
36236857
92633467
2595214
92390812
44569169
18059305
19144825
81885615
5063244
5349157
35013945
91715085
27012321
50359888
23401723
83677627
65513784
77604214
75887810
65842700
84015759
70788750
61980940
71419716
16899910
68010561
55417286
23166831
69830861
95097319
55514418
39886045
48064298
80575910
73245987
93327181
47599687
48399294
81475296
9388160
74376837
80694058
68313361
73978320
19449729
76441136
7789817
34274710
89628456
5099059
3861759
12596042
88492466
90010380
50606056
28336705
32783326
56359968
63692414
29944816
47033021
9542134
62680059
85380744
67579849
24846693
46455510
38211526
8626082
781238
37114800
398517
95847954
26475851
4752128
81215020
82852680
2690758
65016577
15596039
47250220
44495006
92633613
94759387
91830680
28849714
60684291
2838510
9326947
54150280
63304757
92295904
72605912
37833366
73528859
29368322
50824236
45674272
1096726
42831191
973285
45242574
91686390
49236560
39663172
2061370
50802069
5820266
86084164
20521570
19002427
83134460
83307953
2347523
34075095
88992170
19522767
6534011
35573753
13071044
16147994
60075017
53370670
77841215
21612756
27854587
28271596
7993045
44700987
86497779
47184802
82380351
40183028
28188645
33038117
33842905
46620832
30280498
82857840
2949704
67857244
51258529
49059365
90355784
78864757
62144710
53418416
6451723
24989642
10102362
90344000
68950406
38462261
25516083
49569619
48223337
79193601
72417444
56848243
58360636
46314750
53599783
83945860
6340123
16171438
2757619
47025066
43671128
58463255
66202937
84533966
73541460
6997398
21518280
71540994
72413033
37155068
77919680
46751350
52079237
6243727
64827917
19380786
24842550
76966108
73192176
87415094
20832965
26102693
37852086
9018402
74578253
37428345
19751866
89958684
7103936
40334364
15425755
55177163
19525421
93809164
63015685
36604092
30624366
80403213
89661315
60265309
81115831
10239577
77963433
67302077
77441178
22465435
42228611
68071082
56133143
81693109
49563008
46418188
82168067
35027367
85306537
80659570
64928035
75457502
74532929
47966773
55412569
52260217
26765104
78961329
1748423
78652473
42982778
66399057
95327383
17985362
16905502
48417380
28838400
90101624
25073466
43973722
935917
91179129
18508074
9714955
95565043
49139267
57151652
1508496
66139333
44452661
40730267
51564887
54648559
56876337
21201669
72491241
85115420
44152632
35978551
31389367
17928716
59601042
84097181
46910002
85186963
57447504
57947540
19468304
89165707
29934338
25465648
87260963
91654087
3972432
48603304
32620171
79039935
47302617
91421856
14574445
85844103
79893931
30363218
78197319
6364543
11652663
36512690
53726053
60827542
10981135
77935812
67058714
70454079
26649677
23566088
4282284
64321798
62616828
90042657
1904743
34320252
21493215
73261285
93637541
20972498
35904313
37238316
3029115
57498515
11527925
18814853
42250410
12093012
18710554
41684629
48678491
81468748
60135181
71830241
89808828
36567056
85889761
78096252
66171795
92971505
56989260
44883254
62417055
28296576
68549441
59287085
71326337
520717
37356972
56399225
52547009
74445799
25710391
80254262
49851731
34038538
104299
565781
59454522
67885433
16153074
11451876
87699921
23568124
20544106
46316202
4998887
88958257
21106992
55892166
30554450
63296310
72373814
37733596
53010240
6592349
21930112
14927112
44013709
93554800
30688833
6896372
24594068
26275479
18713588
83889576
70624017
28258867
19016333
82606272
76225513
88624950
86947771
41383719
53172863
27625850
59812836
45146722
93007432
53850683
18121978
27424480
44889696
4345090
15803483
38083127
58618640
59018939
18841905
71720963
68960732
4413354
84222785
71348119
86295088
86494722
3436868
84057746
82676981
61035009
30262127
34841794
35452087
59321921
16174509
42629767
65262044
40565779
61628369
4146577
43564613
48380514
11620997
6806568
41766450
87428171
53844848
82937678
86098207
14428550
22101804
93652614
48761893
32331688
6474876
36840968
38421367
73045485
88399245
47835187
25582922
66980207
53270911
27425946
28663502
71648731
77041398
95719093
93041167
47851481
88565581
36758044
6614064
20232826
49001721
89472399
1329964
74019924
60835874
88485594
61706658
24373741
25741363
11920925
89950322
64073017
79085349
86626181
47462563
21419038
90604277
32760601
38316704
77662181
46424549
63588036
74647565
29189917
7153512
56283122
75841043
6896379
22359949
13181666
18902862
9585423
28636524
43487997
12313265
71065759
1307855
49785733
30463420
92311973
63479202
3324140
51214080
57666311
30625530
14701962
79142335
12942096
20939678
9332294
37618242
17234631
91038149
18364442
83992501
257133
68526799
62659377
84033518
12774526
19148767
10018491
93312158
88214392
76783767
58567533
40602338
5035883
20910157
27139280
75701519
5812891
7302236
36512118
74563977
17683434
28365909
8373665
9927480
3705047
48937772
19253799
63885757
90781016
80481270
55936750
46867242
55752272
78114235
12578651
50105995
61578002
63878351
34744625
47612054
71747884
72261002
48066684
59977991
15097265
19837044
39189401
27288915
24222427
42749834
4753936
7755954
24660862
55475894
25277306
70462917
88800382
34812530
7949006
78517400
24728998
12426141
68892216
40249903
16536233
44740301
15361369
48569574
26734093
93127250
95585370
11769892
91767362
28229640
55392216
83848351
30218242
31043192
57138605
16466473
18088972
79921669
17082274
84841572
1279138
86504777
62513910
10282982
44687158
30126491
9625184
19082720
91929908
24151915
24888534
2570285
52609834
52877746
49024204
14964200
35963514
5919355
52417677
7919011
94051399
58952650
61313372
48355395
12954220
11820562
95424200
29287400
78642531
26617497
56931288
87036157
76421245
32387419
657798
25604437
68840210
20076895
90234187
89359623
67582081
68050789
84189708
37645634
51517858
43104849
93190150
28044502
42511583
28068653
77249266
45696003
45998429
84096436
48971196
79706821
29218032
7370327
6959738
87646375
80839879
24543869
86378359
50816808
94190836
15184529
31410251
14084213
83138440
56787024
5169915
29936447
51136557
41084858
75099110
58076981
35196892
65121497
46835237
92855580
78110224
27756456
92764808
895234
54878404
76204495
72747082
72215284
22570449
17019495
1268016
30023071
26393034
9757455
19406557
18670248
62689715
9226852
8914298
53201993
40254093
60125057
85480964
89099576
40491592
9977613
11241744
72984939
21614899
53682406
90772
15778615
7481678
16560313
24188153
78703121
88237671
90331213
70947268
27151004
86666462
26114187
10616514
42326412
77711366
44783330
44359576
9487722
3576385
44829241
63761030
47194518
54237091
75503351
16421457
2110279
22966340
53599339
72894166
5836284
80804354
79570460
26194088
24818558
58966268
64500567
42359479
61086667
3664750
44833081
51138116
78943676
79046447
436809
32570462
68223644
41206945
95570335
76370319
87025494
25195776
22861305
30773061
52126812
52537011
58862119
59859739
17130056
7398611
89363707
14245822
55985795
20604192
57733522
78499080
32483227
60835816
93566399
9948550
20761075
390259
85304933
80976840
10822803
55269865
33040127
26456950
84825078
8938184
53509014
56252433
69108964
66364295
6514568
26870699
70010581
51463508
66536033
2884234
47452816
68759515
52552301
12090341
22724590
31501331
80972682
22534677
74678367
31739764
55287244
70427861
24171082
64638694
82540339
18969479
66484787
24101943
68987937
28572645
70472847
21748345
84341491
42238265
30957340
51091061
90978292
67126347
4010691
93816519
46371934
69966101
80638550
55654595
27157659
189913
52862965
83836544
63287433
38854132
42172308
25252176
22491148
5201603
94193907
58438396
46021543
72515768
49669097
81843217
74874781
62838207
86831006
67854056
81903600
94474620
47080369
31765399
20754413
64688217
13177969
25320964
77412068
80448637
37395256
73964742
67546107
48612459
76267861
72638883
16362983
36970705
61701896
60092753
89823687
56281765
8769299
60218326
93680987
21434515
91052212
41624351
76974608
26960012
20773686
84741827
12283832
16995778
18587430
30037074
21879775
63372959
83965709
3447325
47506156
84822798
32300507
90947225
32249475
39297156
10936987
86913857
43187019
40023756
51323454
29605360
58640779
21938409
65206115
86660262
40499908
2655824
20850665
26836407
49279806
38381534
4718022
16850383
29719629
85858098
42111366
18432449
15866803
33746536
5750444
52598932
52573323
89043352
80010238
75979245
30713762
5516856
35590402
13581659
77422978
63988671
60439246
6584143
77478502
1113916
65809597
48267126
84019645
17072757
56722011
32429423
43265530
14899925
70779018
45890806
69991295
42968456
12682005
59307872
77213214
47350719
7192320
11197703
92933215
13057006
40388843
17132103
58737505
6205357
49182414
9402460
21113794
93928956
36814547
29211376
47737898
83340466
87585116
51590222
8410852
41822086
92294032
93414725
75552257
62414188
33208801
45287049
61795242
95974912
86719178
4579136
50457505
90175314
5412486
14364737
50359502
68787111
63989690
49335044
81131564
85897085
7191539
87942419
46191058
49514082
37666261
30751302
13493238
80366655
89939817
11036128
873455
29879844
94809550
64868834
35222571
67877515
54607872
91819732
45517407
92583864
95206650
70696394
39815812
67269002
46415047
35628084
83695548
74132606
76747131
89229145
39706027
53717458
50276158
50043382
70624469
87943232
36851486
37060736
79493200
94663599
12266578
66648248
90697273
61535661
10260962
39442840
56963734
58064008
92653083
70861014
52768052
62541274
58884972
38791354
79613454
68322442
89524580
90506404
69030205
23029672
38952987
85702646
17696615
92976553
47795522
68167359
43053658
72831514
24794158
47448577
3966325
81374544
56387286
85858059
4571927
48236954
77433384
82142720
39899582
30111808
11976042
13976698
17531446
86602531
79910401
23710676
33895862
66494907
51553417
79367560
5333057
76620061
72510750
80172883
49922894
71004009
43373201
91645082
7428813
39459614
25664917
14148267
76802617
8150332
8424675
53072833
42940998
47321575
70166678
25922883
47183988
56017137
64709924
28424395
87310295
13415493
68197260
50568303
61161850
9536982
41460436
55803801
26697166
36110367
36799682
88921439
63575195
38517212
65980165
89320547
58696998
52118211
40327217
58333410
61249334
91746727
78946156
51621741
137587
48753167
57252960
53363219
64746843
51294431
56267136
71345618
82897270
93263904
9107866
39961674
78879816
39953695
19004119
68419354
68575172
94322470
22941274
70294649
14423840
48465580
83596956
363588
86908877
44620491
75427255
9627593
30172765
64796615
90408782
42814369
18609949
40562155
31699709
28004851
3000786
93646858
62237751
42935596
14384088
3757797
20957555
45064088
67418524
20721650
45478079
94320524
18462255
70515695
21301319
14060252
57596703
73580090
55579960
15844909
49051352
45234266
15258812
83398397
80790291
84450253
45718286
86645099
72164994
34092851
61807101
56105191
79262770
58479954
56581667
3923625
32379274
235905
95626010
7701625
36863021
71002385
11582830
39005628
47522618
78364855
89123919
76355420
24528738
10345694
586096
256581
95087601
61452186
37680111
90185193
46888884
46229060
59441624
16059803
50870082
3327146
95563525
13902770
26100680
56345762
4337616
59281274
94016511
59227251
30722421
93897393
58083393
63861602
80525336
67207198
53836117
78778225
14332949
58875782
45901719
35173911
58616471
39506034
49166928
26054676
65347195
30829081
91398979
56114477
51139904
71570938
11830092
73821389
9565153
62859407
92972878
75753992
63162479
119117
1143858
62900820
47975683
25479820
10025484
1747110
52874249
91000336
67480132
13762664
34862937
6395685
20610609
67165421
8762464
52941472
30695698
9232718
14292803
19828041
78888011
11922141
569409
45010686
76888512
29851162
34300553
92853760
13173759
261659
82787061
10267663
52875335
80832199
68645572
49668775
30306979
73715211
56137399
61084446
27755681
2301142
32236847
63709137
36469723
95569747
73252295
45471282
60988333
2370662
53862258
33877325
31073629
5321873
10710132
80074753
51281028
34038894
44670325
2906096
43426325
1954862
37662092
37810186
50525219
29533986
28135002
3826159
45959530
88439883
28847599
60086544
435045
67310726
25060468
87038441
34581414
70881633
26212650
27111008
5900658
48540384
23167193
81642503
50080846
11274864
35404427
48374932
86652570
42715463
61284004
40219765
82073269
42731732
44278809
81302686
79614457
35735120
71018560
20476612
26568463
92180500
35026076
9436604
32729312
84822461
95429417
7470406
64980975
73712267
38547441
54901782
33063164
46495954
46238076
36309539
20662295
88728965
21694554
46432805
91285821
53155898
30544581
35374209
59157276
8543689
44887752
93741471
43770283
74878061
81490536
51735484
59451187
80847242
10047188
25258906
19841486
56320776
3526591
44682819
75252728
88091487
8663706
31357251
25833659
53549112
14614985
70269491
32046770
64578656
50491849
55911612
90038623
56604518
25090083
19431
95417032
66049691
12250934
88074800
15426874
35246920
41688296
34192281
61005755
84370039
56335941
9762293
15671673
46078730
36019113
78499103
821453
85758221
16742265
51604168
56105968
80679956
54381268
72175159
9143659
28490957
65425155
28582817
57227487
55080392
83808497
7342232
85226443
11607640
80990130
77274594
70281166
87961883
12459965
85847088
68698366
10257211
69783181
33212571
45257277
80904519
320463
45257286
64255879
32102310
93262901
79970810
10099922
60493937
41353630
76600842
67303471
10344762
75417947
84488880
4457575
72200857
56995729
7951849
71970101
89068247
64814628
80474079
19263517
2202754
16063906
35485795
95643561
23482288
67495734
34603617
51252266
64258153
48034385
80325070
56606014
67372590
38617180
29539080
27794092
65612493
35786521
17418216
5887187
3217089
62096777
31109351
34834382
63967483
39177222
87536023
69804730
62611874
64410172
79817723
37202820
27185244
2593687
95643570
6833648
37841206
82609232
66967197
7652139
15265421
76311516
61670560
74182124
7608312
28356185
44979501
59725306
32569432
51361440
9381462
2986333
94169295
87972130
43338360
28766379
11168974
23125850
86027007
25409053
71828554
15787661
72202877
54955221
60792481
13034337
35906452
30189067
67343811
86695682
76625206
37123297
7266828
67918001
63806249
43923007
91826754
89658062
50343844
64186725
87835772
52052958
55687973
65402916
15366781
54816136
38779372
81799921
81940923
70239346
83849803
16873333
85638807
59168540
19048769
30603414
76334153
45250771
84207488
30220514
17992478
43310831
7920674
59383822
72131248
8751813
89619164
27640029
1822289
32894511
43102377
57036482
36686177
871837
26623543
64210487
7478839
3143652
32553744
65067590
19204165
24681263
32428190
55035393
17438013
69837998
77039552
46113639
61861919
40896657
56903465
54648657
67219584
33772487
4368283
44491219
6929523
56724653
19141277
75429434
30811960
42230540
30412939
7079316
27996624
58083517
66260368
73054876
79979488
7872481
67243026
94812399
7243250
58630192
74035841
5928000
42579705
36142895
85250174
7213261
8280699
57734604
84884000
22728365
26842964
43683631
59953567
62143716
60516318
11514363
79620121
58336270
48837541
68369423
36858948
50981749
12707654
58387887
40415476
19770715
35232857
8612833
20776557
1315250
16050487
37892946
16717826
35366444
62465821
62119196
52972888
81592335
30891640
41200368
93418424
60739248
17770939
48439204
17127221
36783674
93320449
11250698
21477322
93895793
90265394
13074687
45169899
88976940
57758655
31802642
95034159
33917607
27165972
17487237
19201049
15287669
10030751
85242257
16997181
76913487
31227556
11772520
22777537
4756017
58033055
44979220
78215653
77027266
85762382
5876523
49909978
95464657
51628930
8402634
48725893
1288454
85959659
47970883
28546407
23841048
4636670
77546922
49320184
46481929
42060112
64602419
32894113
29157265
54014700
5224661
88739576
61075165
84383091
73838317
22580365
15609415
89860465
72339129
61720914
86337726
84891220
41507343
46738763
84944102
53086602
35358636
68782048
62118611
43334213
47039486
9124490
88798367
70090436
19321390
13587816
47506473
45191345
27669452
36457690
88979536
51485197
49504884
38494799
7337301
80017853
80884863
49928502
3522739
22051535
20213570
39598962
34550744
23024367
45983753
16162053
25571617
26628049
21742562
52994121
50575846
11552676
24406725
75210551
57187589
8733671
20521990
11048783
52251809
10787881
82992806
50484737
78751522
4090657
88253563
53448799
76495113
93436953
64318558
94567404
22104417
31792829
28218835
18388690
93492750
19355703
90459492
68617497
72092204
44793512
28587395
71405296
50405088
50276680
89292187
46138806
52521863
9734109
58699603
36370698
62679986
17465774
58271174
25302722
23635545
29420236
85170242
16531335
9896161
32525728
66348568
3715727
34340080
8863132
23969199
59478879
77907126
45665979
40030102
35290534
28992050
12914341
78153109
4266282
32358443
18121703
22042828
16151164
43094124
41233829
74139525
37377263
89870230
63454564
36172481
41707835
54127701
87248140
46222768
6180434
32789274
92089062
75786528
9464827
61599632
12906846
19448777
77220218
51277555
61719386
53177425
24725768
76595899
94635032
16827079
50810904
9631205
76849000
38051640
5716860
82007226
45288586
1204782
48162394
43930489
79567968
30088693
47947267
54458865
84777332
26433906
23324447
30489430
1443307
86056051
18983040
92272918
88373017
58646419
26551786
81163488
54582394
7898689
60388621
23567451
36018080
12759264
3914345
29445399
27366680
4512078
33844832
1358097
52280441
52677327
92023223
25109102
41351362
56116986
65738044
54287902
59594225
33308397
46110016
39814016
32286659
90980248
65721131
7209529
4064024
18653097
20774867
65618569
6484234
82232983
19653106
41176307
19996210
34005893
91640568
26008583
82875263
77207506
5374874
27171339
45929591
70509863
90014685
83103460
92562762
32429646
42781512
19780208
35625364
85773395
8696511
59680756
86916223
47068034
21038288
34485456
46772489
69185511
80569088
95951554
62236773
20250839
45575739
28591253
47170630
49036688
20633708
90307550
65881541
65508638
33196654
58866131
73987101
92188665
74925574
11346179
31407908
53048118
45687323
10548234
94897172
92272104
38642467
87034393
295545
47892778
84559995
81464561
6948738
60318249
50375815
68249146
69120210
92579052
7957544
87506707
17758773
85768697
91714522
7015409
87561538
37047990
79980558
1204547
95384382
21877455
61698856
55463300
88794573
84058846
67945767
7862779
91976559
25353315
2474398
14870984
40944040
24241746
31088746
69343219
25801665
53836764
94895227
16217129
13383903
18228848
91832186
10743364
94247160
54666531
57678478
86356990
37703609
58103103
70149318
74524708
63726509
12243636
22121159
80931793
88122288
77196078
5388381
15669199
80449275
12836278
79822239
6204447
33043707
11855608
9051617
9584536
75056486
76666379
55028570
37244165
54625315
37165654
83708513
7890169
16962922
95615376
50811298
93822528
28980219
57905682
87007175
78834717
20161348
40965081
75543412
11016714
92786804
27155729
31886961
74244828
75832572
6530255
31756456
58062797
67442749
28425239
85199593
37812321
56644689
17862915
84179279
46735146
20202732
84133138
87722498
53784021
66635156
27509242
41418979
80789129
37744333
46042093
3291305
43748260
78821904
82991308
75169753
53145602
47363158
25356706
77091998
52373401
69731133
3331216
7466830
29630428
6384176
67336677
84276668
44513169
93700184
46141
55052649
1022336
17497981
60213255
46968668
20449653
85804910
91416886
77497824
90036074
1823815
50943623
3182133
60279928
35628150
49813047
72093605
29593383
86269199
73760781
79510197
40100705
31550666
36170153
75997386
92514633
69676494
84230527
85500521
31241473
78588161
29443019
84697295
31651954
9011971
51591783
73595455
91808837
28156696
26554201
25417566
37583887
15315473
49409086
84226324
40638392
94187475
32936449
46123187
46168494
42210115
43340043
94746946
69679660
62533660
26370485
7014112
73038647
5642366
90661128
77187805
81539832
20431048
33105512
88700126
13243135
23435086
47041254
66391271
86612810
11238727
10612105
84001190
9280707
85865238
51289875
90555206
48018981
86766335
37386770
82065175
7134081
76846384
6940085
62665548
24098639
20728119
46996611
30454468
54746160
70230080
44082293
88879707
7187912
44274051
76262497
42891865
32862277
35802527
90382791
37215246
36561646
55390494
32711315
14765502
72449883
60563540
87772062
61993807
18195879
56580387
13688714
75112160
87351370
82251967
15668937
28247797
585585
72806532
20975801
61906454
1605792
95848242
47220836
60336048
46015400
40459970
83152701
30250657
33844506
69595923
4503931
21796144
78980611
6751400
23033441
10456076
76971287
31191675
48305092
39123720
3832642
62080374
59443223
59103573
20230007
38902406
41875622
34719132
9764364
21167559
14685618
37309745
84436468
6760865
11786973
15764742
41219090
13556777
25746726
12048362
86655313
32356156
33366329
7088160
25820114
26445392
92794611
37847566
61962658
20828344
75720498
40769070
41850367
55144443
51831576
81550876
29138041
20708063
20033514
7058245
32771092
7924752
60126398
68671726
145401
94270196
24621642
63774354
57545091
27994196
13285658
18130778
6536042
6920937
10333550
84012549
60522734
71966267
92770695
21193588
75017977
55179681
23541120
56339492
26006401
31123513
80987
56683422
22540597
12108761
77575473
94742993
42382977
61896203
78653710
67014674
71328731
92667447
85092321
39414313
56061780
6364721
7797228
53167120
77041830
69010910
25845480
73932772
92988290
37591013
32256094
53282111
29173280
88457607
90862131
3926605
43186542
84012226
75147950
23837605
4329410
15679270
16089283
9971928
25171098
20589889
16525979
31914417
71209293
78727600
31617085
37498286
25362892
69429945
27321640
3109057
72062620
84294467
76280304
74309805
8417733
39838487
58459980
59850301
79874691
6849905
24818656
19348937
18246441
94072305
42351948
28961108
25111798
30103020
89485950
27860306
80024223
33838379
297332
68314633
53364708
92830767
10176646
56857460
93407325
73670799
57472380
32356441
75876734
36441817
15849825
79211059
90607423
51610075
69635271
60525753
23207090
61389977
11600615
23888959
68960507
46852554
35515158
31855118
80722424
90251197
27562974
11709590
76513672
3506565
58137987
31110874
34027068
67149473
95425081
95654510
93834066
21030563
16506616
31269300
76478020
60279750
44179414
30081670
63006611
8245293
83528764
33921757
88469471
95391688
22977426
71709015
62170131
41303962
4292143
69012834
13737525
24056409
84215230
45402798
4083123
25592139
66329419
34412558
69355408
74394518
79147894
1128391
75196169
52266866
21693512
46396350
31876765
35934121
77196533
29084854
50419449
22740701
45547956
16760456
33221557
77713465
5980496
27760923
27566437
76275735
19401230
64374728
54576911
58623090
13677004
65710566
86880358
87974902
85908291
6790642
33801975
26881028
14038505
28799819
20390101
81799392
3803443
37395536
81554673
54455831
18140524
68262618
24122770
63874492
10779960
5460634
50147027
60348388
42963319
59231710
56302450
56818140
85301349
84906346
6346358
21742103
14405901
80089716
88776553
59027263
27355763
39605782
6490926
28279114
24996375
17598191
244719
45387613
19255012
47895680
64936687
84909658
57482658
18662135
13727465
81075199
58537316
25518943
4045938
20748804
8533987
5999729
50471782
63559246
70500445
22296642
63609177
86022265
87337579
83774397
52536336
95116650
14609406
84932736
28034395
75648763
32946804
82992665
76490926
64988981
25016648
80878178
71182193
72447460
56164820
22812148
77029261
72392138
16984956
32649834
66317023
75618368
31539285
28175140
95990069
19081806
65602690
14438406
33485928
88260930
69164990
63643601
5645880
35000644
86589558
75685356
33761463
2561449
57976017
30216374
28410413
48609188
24713358
48370045
91458200
18376308
5827192
78983052
40678741
72010215
1110549
38141883
75668299
47061104
93216077
20115288
81635879
73381760
41313417
4445953
82615050
68767972
11657669
60604150
35842807
22591733
17709339
3545088
70191037
9366829
40106642
76080369
87794615
6337050
42542853
47078774
73737568
64460604
77872503
2536858
92381916
50089446
40965807
90156637
28851
19834316
74841872
15753550
86806711
7149070
27391910
56614526
32925165
85105936
77498437
66901344
48440697
8342510
59478447
28714294
52215841
33769592
33537515
40715841
63243109
12685875
65246272
71200710
68118688
27783057
92214678
36828905
84664220
21131490
15314765
18878927
63671232
67692801
22965266
64795811
8827531
38325975
13719714
627447
71268865
69155927
7422897
19726403
86770296
25708854
29780404
11500000
5130109
55455266
71509570
88082400
40607188
37463215
13589658
31289783
73762463
71083187
21514139
4348918
88103885
78265591
91953662
94915422
93468896
80679292
85679722
8200084
1660736
40603788
27808175
51542461
78425632
77754044
24549625
75270296
55182371
70365139
70634057
47691336
14848078
68649981
74492742
9317404
94344378
73150097
44379270
7977170
17582928
73892175
8435257
89228463
80836695
11274370
9235700
23832437
17582181
45075934
14995534
80761901
58218156
46094132
26992836
37758962
57175299
84828112
39239865
7491034
55517061
1984076
7802220
40134299
70345603
35946270
95581761
86367208
55567169
66527095
95581913
24394466
89095481
93200888
79992763
91607884
28295815
94803392
8836903
67463906
21461404
3505028
88372691
55062820
23522459
38204725
33122723
49684264
29311051
37255789
34292440
49986388
62282099
67895951
40592539
80018396
76419102
29054666
86825296
65776329
12035240
36984651
40441703
93527598
64905073
19792997
21334606
91475535
11905613
39935501
75131216
62438585
76022569
50167966
56543722
69878196
43497300
91906935
15391824
75364664
9577315
62436490
9393849
78303704
26080474
46141499
89233101
10642773
51623051
84444271
59938251
14547643
68119578
20648706
10756617
8033164
42491009
77439106
16344319
45507029
59952932
59566876
40498488
6144373
41274292
60676788
89089997
64172637
20893245
83598961
4534440
61917238
70959641
93895977
85110604
50041327
90558448
39392456
46744523
37075408
16324692
73893171
3791026
94690040
74197698
29357512
26292471
31587606
52089799
87421069
5008541
53808559
18292584
14425326
47698003
11705281
74387169
5491036
94241823
89619634
12639320
6678464
72846634
55521940
3337528
45718148
3296804
53483040
23067763
7454978
67888007
52278279
95735474
9037140
6961194
77213718
11871338
34911402
26579065
94321241
69128485
25186840
40714182
41190929
70681784
42206967
48107085
80807536
27455342
87563359
16772999
87761006
3340935
61732112
52225136
45894489
22650385
91881827
20198659
5393110
42363131
58850867
79920710
18521756
31769428
68089793
85238279
13590098
386543
1392224
88210685
62541181
85148683
94547216
89123845
85914249
49355251
56583727
2598161
35734336
22786048
85684514
35535870
53486447
39081727
90986936
60299456
51860900
84122322
91991419
21512401
23841375
61685065
46434543
63927104
18179330
67703249
83846054
56023039
68488989
46887168
89703470
69457337
33838059
45191965
67143744
83316088
48224540
68401304
47557274
198466
65339602
46602787
75192560
27790617
21824452
6864614
64348038
30348499
60280947
30306354
9681483
90557898
78109361
74771295
76121050
58196291
33817886
71562512
62359570
33635278
13049109
79115131
36917218
46561972
31571050
94782441
70362440
82629700
37665328
954486
21045907
72152610
59381961
68327946
59482580
87515954
42623668
68645310
20667016
4326675
48236994
65553815
14436847
54516695
75557034
39162164
91876722
34786234
58513403
17848064
92758060
1090762
47544081
38174778
72239533
79584977
91720738
69407953
61583793
116344
37612526
83361588
12670030
6469633
25704277
86877271
66848938
72900619
20408316
85756827
24493453
28323924
86036782
9878309
58679974
40770800
76688762
12592283
38068175
92026266
66343984
89186908
24891230
2562729
77097667
2831580
18001184
91604394
31795427
12825831
83486315
65746519
57657310
21832759
35660696
83447285
5032580
77132111
48407166
88124392
95760046
49218770
4247576
79869608
29229547
80691317
2702625
19266122
42288299
79524894
67135036
2344880
12089241
22059650
80601546
81533273
67076154
39778979
42721705
652533
51208521
217180
64689449
70250026
51403805
54568585
35040119
12948189
77412066
33792021
22440441
50494064
19989223
54199886
77166983
44567051
73006643
53821358
82774712
74547045
5999278
45075386
17783335
26595968
51023497
75426192
73415194
4987245
84610459
77108151
32003085
15562121
44853376
10120864
35209907
38455616
73196520
35851723
86547749
61521627
48406424
2844180
7930707
10025797
15796869
23345625
92435966
33063224
82425706
37699326
56763710
75443310
90091890
73000769
83824401
46036251
86855734
30910669
7587786
7611963
32254774
56485847
76392214
6397760
32964344
33961810
82551494
46278519
22048925
22267193
88194546
72984253
21650937
80625083
48233458
17337271
71563546
54736640
72339514
6982395
43647436
18366567
26222535
44055639
20748661
52913732
73052091
79243771
33259520
81745566
61863375
25857014
23521502
42430404
54489893
21289451
46516511
94887926
88727600
45104673
616256
42173088
59354420
38917292
9061537
89536819
41037757
64581150
11089203
88576573
15363486
95631798
32221532
69348803
5607174
37544890
54257838
25910150
51984022
7402506
58224064
19432971
67407121
2232051
30517519
90245594
63205478
1411838
94271670
81158137
20353878
57738964
33111551
65857602
32483161
40520388
78447616
83104811
49217664
11497406
90958667
42054684
28588249
90716642
49694591
75737024
20164494
46855331
63726087
32551051
36035386
90595639
84955452
11765153
69670199
63709307
92013924
16650967
77097960
36532706
48046586
85139903
59859429
88631164
83449987
45418351
87342725
66950210
88186144
41766606
17512782
242025
26963718
83494852
9115773
37442886
12010937
83653444
10819945
7734074
78239225
58873858
55529065
55849771
15791230
87622858
21214973
55481218
64644381
87998058
72713277
55455423
1689916
49044704
1288439
16499777
53272207
80179745
84041053
26507744
14802887
30057931
87166253
24124458
10047540
56105955
26622940
4276862
5414219
82589714
82848636
56993080
43082628
63946208
34634798
90953638
22978477
29256916
17371567
43792584
86308141
58272199
54166984
19793765
91812498
17148695
28498724
61368089
3940482
88586748
35381492
25282055
54614017
65663923
93541519
5770677
50691736
74676853
52071853
79064765
39507085
18902428
22358282
82772617
75571357
39981508
12145696
13789519
38988775
55139369
85665600
5078001
1063327
71621915
87335042
30444409
47811838
70555603
60590222
74698428
33972730
65757570
27780537
48843340
14972187
53468291
84342451
6230597
35169768
33169425
91310109
87378095
39371072
78416775
9190545
345463
35596358
53046328
58767545
33910774
54076042
48647311
13782960
5222544
23810077
16779438
4457812
69153411
71186499
90872653
81521517
81169391
85389009
8915871
95144516
43345216
52902149
51173025
10960489
43831673
89838354
12893333
16751175
73629235
77424043
52184218
72221544
1685584
33573912
10120234
20127814
83457124
24837234
31607147
764731
50696667
76236566
44228786
22235519
86057108
40087270
72605646
20628501
42043793
86657349
43971490
32384727
9070476
91978298
32670781
61684124
50812745
31509291
95210584
1407690
14302084
18610305
62101310
77597770
46156789
19886626
23124293
21256017
70180568
51410582
52575946
63064773
86219459
38745141
45669874
3992232
94083478
20551923
72697012
9659066
77586873
82636819
34317571
43426352
41165552
1161490
1077166
49405055
51810833
76600278
69950007
67347940
7057142
76818309
54473477
59504398
45746059
6317337
64720072
41719420
61231124
48434431
17394899
20790852
40701664
25117951
61938847
22988037
39005051
24663818
71381495
68764146
41471267
33156081
76952812
26364123
79994283
55120515
75495048
19066519
8106761
27735324
12874463
43592745
31072250
82759766
29387952
4026639
41126214
16285641
58928147
75043898
7732767
88316948
89495632
17713626
20716526
37275028
82250169
4844530
79232552
38225414
87851335
15107143
83805425
56435923
46909076
60927764
81617379
82363350
6192056
60554017
92703075
60758323
14204793
61649237
41633552
13102311
41138492
685942
8552874
5214825
81588267
24622766
6164047
52220603
66107084
15871996
88686103
44024755
13033196
64125409
85063616
66019038
2801693
57481286
70858544
60585726
54735708
21063362
24263901
76077359
80952850
31053838
53728397
1102482
20510744
40947610
4549437
70527293
15137676
18533733
33654404
63971289
54555683
86332052
94178127
56685955
2838800
24560694
89604766
77657784
95927341
27582329
29764120
38255968
2745578
84398808
70925451
13261975
70754138
89250064
22348962
79850368
45146719
12780786
31156671
80627078
60413560
82055704
71476515
47206387
94621677
43362353
4396788
93909728
83493252
69617433
1684815
55824642
24673353
62022436
82497290
92274999
59440377
41405312
63370518
85523604
48248296
77715387
86953013
86943771
78706971
44171802
83297323
95163268
83010853
45140967
9150562
13207173
22037653
28114162
77413225
711949
90512728
30819355
30788538
27668609
79547706
35702380
7930978
28438355
2582059
41091978
28904481
8520399
27760642
81695131
94610591
57344526
33612042
77384837
38250073
18147328
57200950
38156356
86012706
8367305
57706940
15640026
66437574
21325704
68245061
46593870
4527037
62844118
81915276
91126159
54341257
51109351
67723947
1442626
34137499
28665285
13331335
43249351
9949809
66456117
82686715
51829380
53698078
50068340
20183887
93717
28174623
83437271
15053041
8936305
37969731
36381236
43434965
19843704
51402293
40004569
60718594
9440879
8502861
65409551
58005838
52898631
51575477
73662287
84151291
86928149
18715476
77518845
91206263
88764056
47361665
32618375
31645492
53604361
21893716
32786617
81080677
53841944
45467539
74711806
61541340
52729653
19582569
38034022
89768737
76565040
31501708
91349044
47475042
86247856
48437700
18947176
3350966
60687329
54946811
41236072
91761887
25991421
30157180
58587888
91722189
28360930
45328284
94898876
68563685
2655398
21922704
6368871
88340605
27341512
89732862
58110944
59000917
73661156
6532314
94459694
29089998
75897478
77514970
63131491
82896890
83790372
60040366
92758520
3529067
63559015
45682518
67777625
64912859
36399876
47863229
92863314
55837246
77276512
11539797
758439
10354794
90621192
47279635
64833287
64380596
16071706
51578629
95184850
79174784
61278463
51548350
61998507
27604214
89764599
37694751
24741996
18824929
31084977
81679628
66395069
94686157
9282642
19914396
68089545
76602631
5190343
19887142
89682433
66921718
51562231
49518804
41561508
26240596
31207929
13254657
3799372
67540548
24903792
43636500
17176277
68277875
92427378
58907382
2862218
70939669
41213400
39102369
83073487
32438820
72396985
46480673
26596612
63323638
49327679
82806029
21523824
34308625
64364912
40163628
25360210
25321635
18310875
62910476
22441223
59707382
22954491
90806499
84967897
87269544
47249123
54308895
65415657
56091334
52297608
59799850
83906183
8774579
1309009
71196440
5842208
43676973
31756620
74434210
41799814
15019053
18441117
15963821
8948415
73646902
21852753
93093361
37484038
89247120
74559611
27674725
9343110
66328573
43557376
65262628
21853887
25761414
36614913
5615807
68225152
43523029
93094466
47313368
37535997
88275663
39439820
62051625
1877158
16737566
55993093
60439619
6070638
75437841
90151069
46498681
36162864
63249260
53137375
9809313
18467634
42834664
18720974
40120483
44474686
52399588
63251341
50841706
88179889
89131885
43164967
20911784
5987032
4818803
7873548
10087997
86398505
57305880
6058532
72081166
10666928
76595252
66328551
90215584
39274977
26901808
89401306
60957177
79385252
44906337
25691964
74387152
94399979
62361387
11472768
28236605
94863326
70159457
7676739
67268105
83144853
38346164
47641862
30502660
14460299
81211295
4029465
48920964
46638952
25503281
5752615
16491344
71923901
74030368
35417904
12921425
78160183
44494969
69868839
39601726
46546359
59370578
62914383
4726998
2101687
71956938
20559866
62198847
83054605
3934200
19626243
87245818
58489491
1034193
26473195
142960
34572343
13129810
77771975
30147607
84223006
62365874
15677066
59002476
91910186
86962936
73696213
73162083
32552235
10498261
72727343
76422987
57268890
25561071
18770758
70546467
84942334
51229292
42572604
30412412
41484710
53195676
60772623
92950157
62501851
47947011
18410986
4424735
59550430
15406101
49074167
25220530
66495689
24754131
19909888
53351728
89014326
63197952
434740
52169249
49269371
81769898
57652229
21326049
36658737
2145092
62577489
89133548
9744582
85416929
65679790
79178180
86733826
47429237
74539170
58077115
23000207
37608511
85994195
34329900
79554039
24320035
39914268
47747586
66383432
52751937
52916988
36845077
48532207
49308468
29120646
62546948
45111161
90110763
89392186
78168816
27004136
73200561
23453757
26606403
94723104
52854179
39242635
63260336
59032656
71534285
6686546
84710308
54094473
61674160
29019258
31806452
88580230
83202332
90870599
64141981
38823356
3608520
42328056
20588884
38800933
35049884
7758388
62982345
63106627
16191625
89318685
35001359
74517458
66639579
83403768
66066393
89861523
2311976
56573790
70362349
17439811
75656013
90294676
22288021
7697555
41856927
71579480
59041875
78982602
87262079
21813924
18234471
95451213
7278172
47434122
71858589
6546883
87606764
8267286
62708894
72317793
22679105
47637591
8451065
72818057
19655417
44096229
54102800
19475791
15521403
14671299
91191791
67958457
83041375
81352167
44695681
58914326
80357402
37227951
60748130
87850866
49139378
5403975
58196250
35334914
55867359
2154927
39877990
49892596
81628182
49674928
63866728
45901049
62585800
94998463
53318883
179626
28574825
39431500
58927626
43602947
27669925
9839624
23262776
24127049
994765
42071356
94206196
88546537
84128573
89947781
64258242
48408090
80180242
56041323
91496925
40578389
51170372
86243063
82065869
35727132
21692754
3471891
27185792
62406174
66423637
13887382
71895626
81011879
46365201
49088002
20340170
38146502
8844859
15795046
60564479
8488229
88586409
38862041
58891921
35720483
9767539
42820545
52951166
39601853
39474576
5253862
54552521
15443240
3113934
17157602
43144966
55326580
33088255
13298410
86550549
81451759
2125807
57411250
95275335
8218698
40243143
39148750
12185649
34960256
57852264
21702438
80239935
52865926
29094502
16071376
17372943
66205686
37949594
47697304
19652958
24031336
2139928
71998544
6901900
78430980
80109348
29846556
64816032
82280123
11172602
63742925
20780050
89947110
17168106
56126585
30636675
39886513
15900112
86523211
50760322
39589964
27211562
64168559
35492982
58928816
12725407
65715640
81156354
13918258
80161002
43694415
17129436
54352574
26492822
11658970
13614948
32432851
18673953
35676733
61500073
17265493
81178444
95297092
93914060
73321594
40226473
74757091
23729817
10913774
93915275
82631764
4096981
64322747
86046777
4380968
73812463
94847150
20158264
72065565
31392447
25808427
51805219
5470466
40737626
90099971
89025017
12541840
5536404
1408460
85141916
806607
53995060
7856850
55070619
19156969
84195402
63916325
76881817
71741680
41420418
64196154
31188612
95756014
86550284
87239628
18826329
36350524
2018328
90389838
20260346
25921981
81110802
57745248
47089076
62799412
23127192
87616557
58043551
4729797
78057027
77285065
41775989
34838090
54305075
25757920
72918779
47057348
22495906
47289289
40553068
76308031
73685870
39988985
76929685
84803386
23784925
59080118
16090178
72136348
9279036
58555098
13436531
18311390
69221682
55512519
39359486
18397394
44163156
76798487
93597435
43218936
57583616
16018069
92562938
7247727
3262013
25629490
6504280
76831502
8207044
35167708
95418347
23486110
50807686
52453192
68713207
47688578
49801082
53575081
93303443
25571272
23937042
53964012
13555529
50824288
11349363
58601000
55443586
35547846
53818496
77579366
46695999
50335889
47359681
5497072
35347073
57074138
52026072
67376572
77453156
80760935
18963648
77568780
50812904
3119108
2652110
15138126
50425136
58833436
29638039
73943056
12015742
7716380
42614649
50994530
29984328
10405143
39386130
73904220
23455472
3482607
64823311
75802553
49592442
86325544
49511001
64010501
75660982
67305138
83016550
34488002
29948031
15844539
74916670
70278403
83337599
74462300
81540088
11085705
46817694
56525285
31328407
57061213
73772053
32209506
46212026
86723734
21553296
35903523
9080909
78296546
84533791
74537767
26291551
20185567
45268188
16809489
77033952
75776606
37357107
5735636
55611332
90313254
28546941
35057996
84778316
72251894
27644606
59618429
75797299
24360106
17356858
95158901
10849187
21651944
45259836
10308503
77642825
39296751
82013358
30583143
86608621
2911849
63873205
9482062
39191616
4095207
75492383
71298316
20165274
77687479
11792321
55156962
40138564
86938674
7413389
59763512
92494595
37888126
42261571
76678399
13510919
30308539
84502691
35144310
40049120
5963085
24335145
81663308
83331757
17665134
1313563
77126559
59760234
59777998
64633305
2496926
79969934
32408530
94109621
95651938
37548915
20893648
47743573
14978678
90484079
4128889
17501941
50419822
58980833
11953032
26779333
74406609
24863045
78539606
10809165
54425813
18671329
41273637
80349744
40808824
88548526
37575566
12493253
91866934
75848064
66828401
4427306
18921622
90899616
73215973
82511991
57173863
61053195
78218309
32080363
74667883
75791683
5548909
23640489
80614224
21693613
78883354
2161069
66477232
59868277
65575528
70116070
12466131
83368738
77377804
28315570
92721593
57767503
76308479
87439628
91530068
10532411
27251334
67053257
68329379
46766403
4293682
59697126
20988938
37030252
26531454
51027394
91217460
18458922
40797136
78453155
85860007
53618702
32625542
92401163
47402146
16810416
27341892
18754186
86687146
19610301
82650718
5281964
841060
4339692
94791920
24476811
38243033
15088556
62759575
43235879
60381091
1867056
33165672
66001545
41852793
42676158
44833884
47367931
63242541
21782059
45827613
89498845
6216556
50418751
65059271
63251586
60766897
42335217
32143469
81405181
53372866
78311026
41133671
72404250
62136660
79703364
92360862
29610780
50747466
60892519
10070207
28983171
90657890
25093140
21167661
29088488
14037242
23051824
1540318
69783697
15565503
30012487
24439573
39004971
24255480
57327680
31108117
75401717
23565976
84476070
74875136
77008617
50777992
57470308
76083389
32525879
28955897
66071969
54144199
56367921
4838255
19580693
7815510
133027
11055897
32719463
27548170
40293546
7486321
67567831
79947750
11164158
40360633
63151894
42500480
44893764
68365330
77275674
526580
42597360
33698078
17404828
925228
18252112
28514410
44615046
12985306
7191602
61233713
34563506
83156037
4705228
8524795
9699673
68624858
5365977
25233142
90623965
90989423
30925788
27207198
16795856
3267304
91506870
90826565
61264807
44367183
60371595
78181222
17725378
41672132
15445965
84930419
52350183
39870432
55926434
79421333
13025425
54679192
91132111
26038711
12019989
66723997
37762444
80506532
12604518
10416555
28910979
63416767
12757192
62262110
66343954
22009292
38042498
81743313
65058595
17687211
61245431
18699463
62735256
28834960
85361950
10179159
63607611
68968850
26845007
35850867
22892848
83026715
77262829
24408113
22879893
27553458
54119479
61949514
86199178
79831378
93699364
62688870
93112814
25351526
24219611
19204267
87594323
54958913
20497881
46359132
50991955
32410471
29377513
52556097
95870976
16393100
79374153
27756743
80679628
74461918
89231665
94524736
60146822
49709371
4892260
56970379
71997906
8891727
64290151
23510308
82758565
6911463
73072885
12472171
33797203
65300699
94746387
41235191
3966958
84127411
16981619
33039484
67183122
47588039
69221945
68114232
66357099
39515860
69168705
82194893
14315096
39522293
28196100
3176443
12315091
30604159
27283854
48487598
22173163
57378687
81081050
70286393
69154261
7772186
48369411
27165638
95937367
10618976
24253572
5531100
51547914
3997205
94461165
95108891
77270941
64309711
33549153
18765832
25200764
29646412
88602418
45742279
61810828
93631942
10496214
59867493
8430996
65945168
2010174
47926770
22828052
11872489
56520608
76592248
7874820
37750435
2912066
28969892
89714688
54859992
7109935
52479024
22766265
30151454
61559738
93108735
73712572
38506367
60807040
14062111
63875584
91010477
35246064
1943335
85200945
75194673
92460945
91147853
77720741
86177686
26009788
42275805
3997669
18770172
73680182
13508554
44075748
78695701
21859956
37235664
32093727
72998482
25522912
60301156
87082509
57656997
66905321
59650461
9234408
4400189
74856048
61932249
5809532
90695018
40126017
28656718
93513933
6283258
65138064
35444936
20743642
7239616
3199249
86529116
9298050
91024482
26252223
41443710
81205599
44901475
46316377
67832572
20519599
2469541
27999461
27432048
48422588
1068757
19398039
43342160
94630658
18764656
56409858
73192814
93221086
33842758
59558655
92672622
20143242
92502074
32245687
30254527
32545191
42818394
94880518
63894341
9818882
77390749
29730958
13373027
58985502
43846836
74436736
89127552
50086954
61534330
42637635
39684054
2478100
633383
82972302
56041469
21583571
57170726
13634159
35152089
13699516
1660206
60426935
24492340
94560509
24030919
31414010
64690851
32999511
52093395
68767009
92485856
53008872
81924123
69579918
4461576
28363508
47506032
46489917
10402899
59056230
42004252
52751753
42476631
13653438
60405202
42407310
21035107
43471209
46577579
9328780
23810802
37743324
36396015
89118331
29869658
25635034
13924240
30527468
36553656
33688149
21446511
57509564
48547296
53560615
56677512
54011660
17960608
84489802
39089291
88294773
16579599
62954440
26950176
34672947
88658331
16933993
30433357
46309953
54264033
43437880
68972766
65336097
7873666
45364607
13757716
33945816
85121378
14839717
9080956
13647718
81180854
63925897
35435678
29139261
35600007
68227710
49525995
60309462
67910203
72174852
61344597
16510277
70336109
10016183
38843216
76952004
93313586
21599102
73377188
23531562
35564214
23608158
51578381
8531476
56283230
33521624
24864859
10037285
29698864
41195060
74252041
52041592
28325890
63247968
14216892
9894171
317507
73391144
95004866
86003552
36442368
85932039
12270687
89424106
12742598
51847740
38178442
8345649
82074889
49769029
67993181
27032737
1928554
52660383
18270243
80849571
3822760
79709800
31825244
73697273
47472796
45607699
72428326
53035345
62930461
71469374
10929306
44957582
71552402
43676452
12296490
43058263
73189441
91066574
85849289
39000574
65812851
84449414
70996095
89645778
82444101
15332798
8762494
51722610
83441249
69204070
49024326
26165488
66840629
20821171
35872572
90477452
17280863
35562578
76709665
17972879
34520598
1856479
67264718
28494138
66527012
17269917
87852601
34188867
59857348
1399875
2608105
72207074
36608939
55663296
80883283
65325116
27931550
70202051
2698284
57275761
2363440
62806781
86332916
72403178
3540308
34913620
48371413
95347985
35645605
13416810
81351788
6026460
31369468
49994801
36681538
32338145
88056195
25016350
66184387
83690275
95434563
42984810
87363792
67323823
27731746
10681232
62626832
5259415
6402236
70535130
66982845
26000263
59266473
86022922
58635390
38835950
33871641
34954603
13996196
29619145
16650968
31356987
65384922
95071324
57978606
46268814
757383
38969546
25621788
23199577
92366484
28110740
15253064
15246185
39300617
57075956
38882622
26695328
34316571
76441973
11268657
15563549
1968499
20430523
86754907
23680787
24839753
4252495
52907261
78679210
60274224
17619644
7982007
19116108
32877566
53612686
20647026
73597807
42643063
32114674
42550139
15683924
23413749
54217108
72403564
12605288
57363011
93084275
15426671
18753021
74473474
25441760
59452269
74327712
91630770
82502411
66813527
76804170
40018272
69891242
9260828
41158115
19345704
50409322
94509083
55319760
45573248
23135978
65651293
61562765
43304551
84373032
73923987
10808460
31457723
75359289
31782243
38609990
18610801
24588537
89944379
34749388
29850990
11553484
7514185
49430226
42484139
31525911
67543342
33463783
50545538
89495133
77292659
60065945
39439699
9936730
24272092
18614109
14435053
15881887
83678779
32496090
52915309
94604698
13629843
88887734
91352114
7193705
79309238
18465039
90777548
16954520
27235203
15024390
65109346
72028275
77926884
43623982
15583999
12651835
52211125
86519593
50055433
67355928
70397479
55429216
30105303
42993831
30975330
77978963
59006579
23677707
18866247
94671202
37856210
6436138
9578496
11450700
47059784
62354718
87269837
14316782
47885175
85850555
33137507
56088990
91047902
3838674
87452858
25104406
58636403
19458822
50725740
29229843
71854251
62007274
24453886
48166341
80027252
41901249
93716342
60375378
81861498
12430109
85092706
61009135
90019980
43263779
20220864
32743002
49073169
36022908
15782901
26399811
90842654
63902459
64676133
4507120
41242272
6557660
70418667
29406560
43644572
23322092
4775957
58291536
78020022
17156262
85093625
54255500
56079752
81286233
9886298
55455988
53053755
41828927
40788271
91880604
28794236
18801582
16960100
22673358
41220255
82524069
57763679
86335533
22660187
92722098
64732080
11835712
58953089
81700200
24630603
81393037
41342071
22223320
7801536
58368148
91720137
38411018
44369201
623764
28232478
64097372
49271343
57213152
13034691
21986688
74920504
6120878
12184953
65079658
95553306
85528348
59863882
61081581
56207079
10824475
33769009
79071881
83245110
73600052
40358129
37010908
12155126
17577548
26543184
3994144
13998947
29659998
10178540
14875455
81996047
5622952
51062681
27284655
16896274
6913813
44405361
9840846
41211199
22696606
5215775
34471724
29321269
83643033
27312572
73175199
23619366
56208958
73317377
80837827
8551
22780581
45071350
42764607
38182227
31486812
28419230
33727118
43703951
39159214
59852774
54711392
84766679
44148868
17482920
7055428
306240
21708755
39228696
6739474
27978962
52216369
7159152
86789697
60023667
67143615
34461447
73425165
90804032
50536796
35766477
87887571
19201979
48188163
14345377
4455109
83822862
23863642
69914344
23596185
50432536
15703906
71832098
16274876
78446254
91814166
63866732
89606766
28333418
21615953
95620323
71832892
88232702
36055538
52328250
21202128
10943208
18528277
37658688
37520087
31334817
22181940
73542194
49350496
60405302
25085360
30580766
94830303
69471107
88814064
47804087
34157660
33297652
76057933
48448144
84879489
2044372
76854405
28590069
87144153
29423252
59564784
19504642
5594199
59715956
68403599
79583441
8026747
83233461
50080374
60017894
16587947
57816638
48456833
18769730
178625
51654254
72410328
47026215
69917073
55516412
6349780
81749516
79061790
12577186
6197365
90893045
10940220
82034779
65065286
67639511
58432678
34452454
81744670
22050759
86292835
81210139
64106693
44048853
5209139
88303736
46164687
32421843
57638013
92842580
42399402
83796037
16340806
16893916
40676435
84207558
11058247
89812595
14115776
84208746
1636966
54806213
60431385
73944335
23602100
30612831
20498467
70985545
44199620
534531
53984067
76847607
76001000
10406582
93924167
7390922
30665723
49362107
86062441
8445602
15065399
25505486
43119601
28173249
40439295
81507467
8655407
22889502
26739254
89953189
58380986
58336257
31204113
29818554
53445868
83260182
21016837
19963936
17001477
1955639
55177158
78181111
78963441
68610078
75780860
79165686
51972107
22220121
68900334
60556955
61366001
82932150
19669817
92255761
54121468
17549792
54768213
49345844
95152143
64442997
58749076
28562432
4890389
43983931
43405343
33481931
4822330
19061198
95430405
34860367
53635825
82607081
2400251
34401381
51241596
53560738
10265351
26018778
91497747
20571810
40887138
3713866
63414308
2120024
37487547
4775624
53041276
86365217
86636769
5153335
94156234
14765145
19760715
6012084
73765227
24344145
68695153
66001963
61465374
47426950
67063742
53838070
31365484
44879513
24136029
59826444
92706618
24297167
81171640
87783880
53197503
38767114
62266320
58638684
79722375
47162331
48782482
47887941
26812609
71871624
81432621
88144150
71643544
91456571
33356932
42366890
93522398
55871828
33541847
42230930
16061466
22184229
29702040
6142666
48212896
34442488
74694805
4922738
67139665
42404526
60121186
29162445
89688366
49707614
9856202
31834434
20349722
11514484
1058946
34708460
34831705
24579675
89390844
29276654
32537799
12088729
43428669
85895094
39810362
11357618
12528889
9918800
70011334
29863178
27487862
77893784
1906448
66893904
75445178
72580846
83359787
10413572
19306243
57853932
29357892
32945344
65379114
81681263
11286404
72519271
75961243
5555051
26645502
77302114
20451611
42682706
6881993
32071051
73366204
29891562
71989911
17269337
17034564
26721176
27956730
91237584
2448605
25365603
18137743
65031606
87878229
25505855
15659306
82400900
88514819
43716629
56262565
27463468
40323646
5731353
45873769
33262754
19707065
80002796
70420121
84420561
3920128
73030431
90724767
90700493
47460624
45268735
85352608
21836980
24272570
37194753
11663466
33457000
68131000
88671888
83975926
5477329
67634663
6546302
60741960
95654976
37996609
50531212
77629700
7060892
20627914
474599
58882634
31326505
14646293
31993316
89735795
43863261
25569807
80059658
5347885
25623644
20996164
82761481
44777140
86855571
65103753
19031579
80124700
62653671
55640851
77429624
75378996
68019688
64589694
44814374
18025276
30935717
29903298
15718726
44218259
85341410
81868306
61492944
37630710
5386658
41027135
44279763
38515376
95986164
59063493
53230031
15450130
30180594
17657727
60349187
41334497
2450082
94034355
2695076
21878301
83661164
12839929
30564621
49994411
68257603
14911076
36910176
21321084
40601889
29890420
17328941
47710699
15045273
20465809
27954573
62911283
41080972
19819896
81325345
19099659
28882899
70175930
51140944
23449723
15207645
918458
38639420
15175407
10373191
85895148
25917305
33666752
75225953
50257171
47687861
46936519
70349188
41623382
3992143
88931190
14845147
92903133
54359752
82777617
13988463
8134677
16189563
56584939
25540622
11149415
63998716
5433176
89571911
84826112
19413928
34635863
86585268
48784273
23861728
72746439
10669195
71700135
20582517
62893059
75947983
40668105
77548002
77457999
26778235
41732637
69175064
62711156
17478295
46225075
66588054
53443525
17197680
5040148
27189849
20107446
52221131
75212605
20622874
89539673
32844470
66669656
10774135
48442454
38115078
48201593
86767548
78419762
30355778
14518038
81385058
94529985
13889870
70418991
42886561
60107079
24254342
22949988
92163103
94678397
63631021
111531
60857302
31693860
83462643
48017245
34088198
93325085
76971761
49993219
78765538
80442016
63158203
93216169
57714907
55735317
17845815
72249509
93074705
31865793
628168
45569692
86247050
49822791
46164649
54540198
2547602
60219572
55358968
30615197
33821095
66540786
47292514
12840057
93645663
24741184
67085485
80134980
14559547
92569745
21438641
81589370
22727109
7422886
75370353
20069024
58700612
20583648
10184966
47505013
76262370
46845378
34008669
31706852
81878815
20548703
95221231
67972405
26398477
23421808
17926309
20981038
68935124
57154956
76398199
48114309
10181637
70555740
58696338
29010178
69842636
48619381
40822642
37261711
44762275
89390331
9884058
45799225
40361279
93983215
48099970
44555518
61006563
48063591
67129248
48510036
90190227
10363048
50046096
5417439
50526685
91414980
75226466
55424440
46973318
5842458
85457972
77211460
713104
44680583
22791161
32580925
38460732
82075938
61981279
33566675
49029052
46544470
93739256
30409387
32976651
34640004
12029896
47100153
53913365
91369826
94503940
23336413
55876364
89274743
26230974
29705870
44441661
7947632
66006469
4365484
5129354
40777388
54420299
64172179
40823477
71358850
5203272
39497682
33046885
50040435
35867420
18619665
13567818
59099252
18379491
20480124
15330265
51303697
48636214
30576951
35493462
39832823
93145440
26170493
44833082
52886967
59739402
74679803
2818278
25229081
45985186
36997176
34557537
17665074
93572533
35929421
38311965
85806464
3630262
14427220
36472616
72808169
240174
27691320
78372612
1679420
67883911
80793315
15810235
43407017
33471512
9322968
29603367
74862099
1034717
66193279
50068689
34510321
63298243
424728
25275170
62923737
74068270
33231742
75393110
42369694
32299158
23884745
49333848
26862094
48790671
43384922
29039182
33164380
55847410
93619298
20472811
59080520
81925429
41090892
48407276
54649414
42891877
59450088
59397035
62564397
37498662
84247587
43838777
34978132
57000085
88083429
83570628
66302201
932583
51508365
89075847
40040690
9697699
40552552
32426538
15626291
22141137
31459885
47295195
92806891
46297495
75421919
45276870
27276015
94239016
84997188
29856004
76367480
56555052
9753074
53329246
37124156
27247502
51795349
47447505
25301509
87150845
66665888
73266355
91535520
41810666
48523295
42217778
90111409
53015040
966653
2934721
25374247
19766015
67913277
47530021
19021480
15786529
56319682
93460011
52475162
63045762
54706556
57641860
19430896
78545572
1533897
85716652
36549619
95288130
15385242
48075155
30218951
24855222
59346685
83921368
47739257
30111881
41251125
25740313
27640793
77240638
65665071
73884226
35348161
86730374
25813965
21601470
59351368
27877546
73357081
29436928
43614865
10764610
90711588
29754245
41995953
36889394
8895034
23078089
65069179
86570021
23332096
76941209
73155966
29234804
42670243
56602570
2471087
60050487
56115242
84400194
76496103
13538323
82673887
13746691
27379006
93976419
78888016
64518066
80302682
1156096
69368966
48464246
64808657
53822194
20859211
53521490
67860215
18365014
95785994
22731596
48017681
90137292
34270966
16553395
61367343
78659757
35090954
14110894
18158010
77180545
36329932
1313037
20762943
84737469
65502302
58900941
48277363
16295545
29752725
66442062
32387439
15546772
27605035
11287167
20565605
37097822
88379122
45128619
4950959
40252328
23064256
31464285
28769949
51651210
16066067
47256448
95105373
88554036
12384588
51448598
56417601
47632464
31850736
57902003
71063731
83810383
29148215
77875302
79948106
48809579
73440653
55703898
91021168
25110838
53551672
71476986
32146863
48126794
56667989
69526675
11482378
67453047
50001844
16117127
87189464
58155658
69475486
43656774
32136434
95395750
19597862
33119224
72608734
78683980
28753788
89228430
3862276
14942262
39038275
24244208
53828412
82933440
36755852
19544181
89003976
5424877
49412623
58660189
71248042
85254943
54128457
29968877
14867209
87886186
77285267
43532689
60622850
70119737
58662538
95057211
22787016
36953882
4365436
79420305
13385329
48415152
84793780
14221694
57153850
86748462
22091982
68887857
89969465
31330974
4735184
30343787
30216836
60197680
39135358
75882790
8951359
62282271
83327237
67374520
61866962
7165530
19473777
61605639
47332720
21708656
29255400
74010338
58172179
86593911
29230150
95203636
87301302
94085319
88169712
22869619
31382623
86801009
2716297
59625677
1114138
40577505
25812055
84977673
51246321
72893087
88595554
72220466
35018935
76161706
47900743
261323
55872811
32368747
66953865
7926008
59576477
38701490
44780188
59008544
95332609
31184832
41637549
2995308
1266321
1368703
54756948
67796946
85686871
58178793
33813622
12176466
85371185
83562595
92422119
13629481
72477778
47037474
24319722
34757612
20288895
50135622
63951085
82550429
68832270
62856000
59185821
567933
39408882
13595356
51974621
30900926
64522136
40268846
78881987
64113002
46325459
92618155
33983324
73510405
7411234
80894654
50397973
71741704
11084816
79988271
23913384
72323792
26748578
70224101
5410153
68382093
15906978
1095084
23364608
68264337
23447118
45590465
79236939
43111581
79716846
46309401
48058940
409134
28547012
20867457
30129677
68855055
85206921
49128671
57716057
31709531
8373462
66449703
82431945
69404651
87843319
84332910
66913639
54406486
54317123
4315068
45017485
78286267
12251592
73814144
23631024
76375538
477244
32927538
91092642
79307712
52366014
61795109
4883083
55731958
31700537
15604632
11138998
88101015
75358835
25869980
79921213
35008812
13210010
32702661
2491011
33436833
30015787
1162196
9389000
10634481
88103477
5806967
54655243
31916055
11900524
86743487
19886522
17209533
15165149
29297533
12988254
92674057
64698197
85318452
79196586
74243149
36285798
19872643
8179802
40350022
47263596
47218552
67121427
75813178
2686873
35932441
24047832
19381306
9098719
38185659
52019239
90791048
89946444
2515381
46633159
90730992
10141963
86628990
4221279
18531093
95242962
58313429
13477471
25058674
49032654
93927568
66063346
30539401
7212673
91604877
7832221
67490419
44531678
31188985
51765345
17909193
26833722
20465799
1965692
48951298
78882842
84107484
78761515
95255453
88413419
56044170
25073337
26214496
25989653
76551477
5053621
8747913
9280775
50193530
89638955
53096878
25278520
70498470
57310806
35762254
47073199
72683237
50328700
61226111
38958889
65903172
15943501
12486050
37622958
13898209
4793408
79667390
30297690
22717345
8745740
762548
64658142
44561861
21160874
17241740
5834327
50900092
15148959
86827523
59518635
19140485
30389698
85556267
58028897
80667570
20037180
81887089
33724347
80465529
45282610
61076465
28280213
36648917
42296267
88599195
18204145
78116064
70921649
29535142
88702830
60223880
14205300
47416402
73331159
66300783
36696407
49650431
25985083
30612100
56437825
70002369
57151589
45762129
4082711
10745434
46943222
35611652
36604479
7251508
86788941
43237318
18780198
35721019
18444772
60220204
17677546
84709004
24016860
45301395
49933468
41286428
21496347
43944518
45323620
23680728
40315700
6084307
89252607
86626340
8064137
45279321
65919658
81009781
94858908
3074685
70180956
74295340
44862712
89407161
23074936
51067922
59396172
54599994
52647099
29775769
70806970
6979777
69379162
78770433
23805048
5988950
30566433
32419244
3628818
73842939
65071748
84332986
32623796
43973285
20706682
23094357
81064040
1408598
10828825
55167193
54251974
15377420
51220404
28398415
64614615
64514942
33024449
29620402
18396650
45667322
91040234
88076538
17778355
63390212
82807625
25989429
36963758
87367121
63387497
49939458
41219142
21098463
2189929
9529439
93552872
53901710
46869158
25896847
43196625
30055030
3946789
60457184
81406432
21309088
29977592
34994213
46118292
83397128
69223795
26360112
62492593
62253648
39872539
26392551
61030080
30044130
58641933
83064300
46147979
76892660
82353155
66293329
23585592
44328219
58700282
67656025
45308711
51417753
56553684
17343066
44688599
78677702
30479592
46412219
9794421
77224090
374044
54361806
20904535
41573772
21091199
70703667
35827194
9828409
63790619
74005780
18499777
77789274
35314771
75894651
53307068
38024936
7593046
86573194
33623134
41886155
11102341
27965645
6729154
12479608
82903475
32880006
7446905
83899129
80641801
86076242
56319555
54840272
67874232
80844495
5746578
11262790
6913048
57861415
25932258
82041345
38691009
38645127
59085832
31893461
6865229
1337500
39005428
310517
75470853
5657489
35157001
33226359
41102171
8452773
5032702
33607972
48278206
52014290
62183200
25801528
18202010
71515061
49093694
56611442
12495071
78528790
81370533
20911704
53774031
21890757
57559139
41401174
31779897
92351958
88928034
41158338
21906648
33347939
61193517
42244494
60595319
26704227
62797282
42097825
90818194
83662039
67464773
22476678
33812280
25271765
72747835
92234195
93623615
5168530
9844534
87623368
24754758
59479776
59392566
46976483
86150860
95850807
48513141
25225185
70445310
90183721
76004821
14265780
68792621
34489290
14050837
18497494
66529660
75175244
9236678
68341516
84453385
76796634
45768844
72221712
62291776
67579304
82389660
6000247
15017398
46404759
28230802
12381901
69368917
94185385
94503342
95529301
25405497
88973047
45260365
90783156
21391100
41515531
214942
84898753
2563255
69519220
43864442
32791770
86761859
28480045
22572672
46835299
49108483
74229540
85872052
56291529
87165532
35984901
73809445
37239122
11639468
64689044
13918560
8443242
7343513
40133921
50268936
30662341
6145572
38348459
90568214
67135974
73555902
61339349
41034311
4375111
78797362
49988023
10219098
74530186
13975187
44383132
57003248
88856955
21667634
84490777
17085710
84530036
58949059
43724027
23320562
3196226
57345530
8388265
54214307
72721173
68591974
46524102
36134128
69653225
60832558
63832491
26101663
7744416
17145613
87086289
90196013
4267176
70616461
61875967
17526938
21158233
57319124
7116097
71771245
67781225
25541717
7965308
61209473
55752833
82418498
49535923
45021920
80664358
70439917
42293830
36587044
94978750
81731545
6905263
43551562
87691768
46686878
69659001
13588403
12878437
51073453
62923672
21343864
49458228
4556842
10410841
45426989
24141525
16178005
2369561
6571751
65828885
56190437
11673550
10730913
1754139
13699632
37331715
44077314
71501168
91205912
64285407
86030813
28643402
56258386
8496187
74103365
68412067
18585547
81308358
26138199
36218851
58366830
10933023
4031238
15018943
28836461
77661054
17569774
46389121
42219125
29501827
55097971
54436298
32577544
8002824
53716826
72842090
42165804
14395533
81510356
1126135
8027020
16098251
50580038
22449945
85950641
27398633
76877494
78406697
22941528
49808802
32187613
77951513
78136562
22410185
93489170
17050966
70045555
22671572
87331151
22386453
92964284
47095147
719471
55775454
440646
39321293
87371735
75643295
40972138
3975730
46586097
81617076
26187611
23181405
76216078
42147570
39060731
61672318
80822710
41030016
67712240
9777427
80502344
61085596
83008257
9381222
60363442
47659102
25747289
40236003
21666981
71792456
81258127
57438179
3007345
20837352
32952781
21959630
63660823
55395063
73828120
23404692
40004623
18643667
18724300
49147386
57364861
94070716
90000078
71045282
91171299
41230270
57412797
71121121
35325780
35349155
18237559
20127438
60595746
84598460
55017877
60268803
68785111
95024401
59089024
77087715
87820155
73597718
44171511
40256131
49994066
89788079
4680391
25460863
57318807
55297211
55187309
20923204
2899417
83373434
13632485
20050177
5904489
22063641
87487188
15198342
9357035
29679100
95753188
34930569
15813349
90637102
1179779
26301021
41807872
81531306
32916204
47564024
58207278
85027059
35575740
24533203
32469272
80026807
66313555
36395602
52397794
6417500
7290719
17452865
77468945
26172470
28602990
25309773
47310232
92411713
50088780
9030092
13865751
39719712
33750789
24115953
83432856
50292100
89424818
90283849
57927654
78532771
11988284
68277701
87161413
51588934
88863275
92113670
62232638
59896054
63708509
34944929
59592182
15721875
84889876
86762797
74902238
66834904
71260994
72883766
78545962
44972694
71319303
24353424
86930482
79498690
65334762
89189008
26968072
45495673
78295565
85689953
87411359
91042977
14018052
91087744
85396296
28967220
63008787
61891335
34907498
47986634
80698680
7433011
71463263
18054972
15501803
2018472
22892568
60891925
1564463
54192538
88685839
26424239
89662289
93781475
87134244
19839089
10893443
37318119
54124315
21856214
10235526
30927241
5646680
81090833
62682583
58108587
90099723
15022152
77232656
62078113
11126997
62643708
87971208
69444791
29766030
50649879
35057635
64740031
6809712
9743850
95173876
90944365
35329995
69823200
82888031
84419751
318400
23640855
27082593
23197074
50813159
25184694
2848284
43578094
25594735
47660430
76915931
62625236
38498781
49192574
70146905
37722206
67481304
71924955
68990782
61066000
43840166
25313785
4169781
11905348
9017480
25350676
8056333
81553871
8068425
93850802
57337157
73161327
7431322
1897899
54952416
7235065
34193584
85831480
1265789
93613126
9161649
62326983
88518332
776575
16314896
32825576
3335050
6415304
28084789
43676997
91499845
66538444
50899930
74859106
3849015
23503610
