#N=7500
37835018
53396566
8092819
5503619
7591588
53111783
41119202
12657692
12949488
30422526
30808615
24548721
35037688
48541453
1603650
41052242
22200477
52658795
36696865
3787545
42495552
10885821
8501943
35750452
43864467
39748800
27453677
3730127
38801909
42489417
16650491
32331399
55788588
11231037
30618028
51183897
50145905
10696676
48082688
54634377
5368448
48500772
22945071
50235447
26340976
15178465
14338986
28396541
10163243
25811044
51535603
16728710
33254964
25003144
18280385
50117950
946890
41214260
43329637
6470510
52934440
5419453
11696981
14588300
27318743
19921351
3101209
5495137
15311838
9565525
31689306
21366612
22159796
17750216
35896460
54194436
5015222
54761553
33110939
3418142
2539690
36516069
54698326
49370625
24056253
33316125
6788312
4459990
54513431
47893794
4757139
38346140
44334321
1759239
11487091
21823606
14593123
3519294
40039442
3928836
43655730
13939090
41720152
34198971
12734993
47368518
21083497
11580690
5955472
6578479
4969817
19402675
12459816
21382201
42582313
29579873
45036305
25128129
9686460
16167291
3559473
2997900
26859049
32494325
53399727
17951407
48017774
10664286
16113564
26100352
18458685
19440369
11187706
4335244
13115474
1154303
51396656
24488627
16594483
42802797
4102273
39837617
33070363
49113553
42579506
27437793
29877023
28869014
21568656
6688560
55541853
37298759
15831783
18891252
40726551
42735441
11821452
31901032
2189211
52923196
14912646
14123441
16308505
10033403
19172198
44876847
40809821
8593859
30369964
42990477
19716044
11238721
53508111
5632570
19236530
23694102
5869137
23188462
39560772
50503508
47106778
46634211
52822208
39329953
7069799
18809129
40546229
25131867
16988386
54299381
46598300
14862853
51201243
27681659
25473582
20561949
24490493
7802954
45127816
19131243
55715976
14083474
1985800
39797619
9747043
52298069
40383330
21599239
42315295
2910171
53931301
17760434
39564411
43996689
55033725
48171543
1820743
52480459
34783568
12109143
3098138
18916641
45639271
40622904
13174775
27654238
31684134
5359250
18320589
41027952
27129052
15918357
14320041
5937732
55664290
44397804
19966383
47456769
23917939
24554861
19595761
19918222
18976710
1376478
42175945
12536876
13387975
55945211
3115930
25850536
22719872
18725235
5741866
17985033
8938769
7815525
19317259
639792
44463809
2402232
36691521
21191320
16504068
26172237
42221350
18191131
20479865
51661523
27861008
13983327
15561760
28202892
33992277
16423444
44238504
42480735
9420946
43787439
33225339
40640696
20108670
14718449
9786465
7909951
54917775
18282587
29585327
16915027
20198272
23272489
52131775
10519283
35219971
8296547
5692372
543436
313733
16480147
46083373
55908116
46224661
55388317
40214389
47761543
7002498
10434675
9255396
35013861
33662379
28490500
30854230
22182329
16050674
1487488
34574625
38002748
54334315
6312838
31016863
9678989
44302519
43835228
14810521
44660144
7982814
55445836
10710064
655617
36489097
678666
15693727
54713118
48385818
39763324
38506147
38222248
43005907
46998507
4159630
11480049
12439825
39350352
43857705
44281537
3403174
38245397
6985885
44655326
18260320
53415246
4852078
9625984
45836024
25598296
43933690
17310806
18956738
20015008
41211891
48009590
8542848
32180404
16206971
20147180
6741027
1491250
34062618
31525857
44542291
31042889
23872345
34391899
35947178
15595918
37295651
14997848
19985077
19804250
49786858
18617945
7579222
35503783
31925905
28525217
6641557
23918681
32348916
37180759
21455770
9031486
41786229
44645669
35422987
14715720
42334563
41448780
23182570
13003338
17637122
10150392
5079321
18260036
7079858
20949329
51860842
17491401
31444601
11350741
12225028
14283075
52925651
45287615
28862225
8007224
6159911
35694409
12446521
23317430
5378140
33060101
39842110
27070508
2311106
50224208
1516760
39314834
33795268
13032178
7924017
55627087
13054144
40379993
22649195
45838458
55738339
50493711
5266372
17161525
24658701
33171024
41670851
44918427
49111314
3151426
5544312
39092482
30316268
35636421
49708931
44541243
30748995
45867903
25553748
29229883
26412550
54718193
31390817
34418182
56228035
33777635
42961502
23465687
50875264
38389095
50555695
38576814
35818619
28345349
41724285
35990275
50293320
38519424
49357724
10018832
29085159
26157892
45633552
52008636
4887426
3841028
18987495
11502722
19455353
27085555
54089066
1977978
54740159
7596792
47706681
42745958
39152371
14556017
39143602
22282060
2570475
22210346
53102529
9811954
44285640
3204861
42882552
40274488
19417875
33183442
30618891
43310133
21270466
41792524
33021141
3368314
50619286
1885549
23647266
27460985
28595397
46492274
10521298
21977811
34678032
43134274
3602355
26853921
11985541
26916866
25429532
2742131
34174707
3631277
23179403
4011152
50020596
19682720
19639206
42341353
11912975
45076368
10288992
27885762
1156848
41119202
35971048
33141911
29540153
43388603
16939687
16601195
21797852
33620635
28359066
7824111
31148732
32935490
1424389
9243410
48992160
31781864
45796339
40147165
19844292
13480293
50605556
7679243
17753354
40796449
42035971
40277214
43919520
25419791
1898324
34248548
21562658
2566055
16202224
12938958
21590751
39569053
44492130
13973741
2471902
51673577
16383332
21905322
50176940
35876135
29680681
18828605
21921182
32316046
55775219
12165048
5710548
9809107
31876883
33726141
53126929
16616180
48362500
19654582
13840742
55582270
18046324
8623700
37225304
42866782
34680438
17600620
37097150
2802163
7574019
46800191
1496636
46740807
2208251
41331945
13954953
53614636
19303387
9756134
36589108
45966112
36538166
28234408
22915789
25244313
51597252
43455957
12759047
49030231
1608258
5217042
28340575
41413153
40176873
29608294
15753241
31878275
10026601
280569
1305527
17083212
44591940
26398302
32785854
4843616
22028558
4198819
27009138
39570886
39451579
18338310
23050323
11293852
42870766
45693443
22468876
12550631
41847698
7542005
20689655
26428716
31273780
54982282
35643521
8298598
19581692
15472672
40556358
2926999
11938630
41140835
50530969
49731934
4369744
28587035
44068089
48691283
30980851
8670828
16520563
28157726
31717544
43590491
55058587
40303745
3845744
14926870
48110977
25402592
42501836
31940984
768805
22975182
45384200
20170849
33975851
26638303
13517651
9399132
8646031
18456697
36771091
21943933
15647455
21912072
7589794
35397261
32170720
2823124
33203284
39163683
29349140
1397409
39744746
50115327
2176378
44676763
28675035
26153603
34617397
29510264
42806785
36847956
45249332
18745896
6653198
34560328
17992272
51310955
28878042
52935708
12792852
14859018
24337749
36500195
45991353
4766670
2193976
2990647
39707595
41789485
9402546
45467424
9204641
5051593
21440292
32272776
10059366
9148380
39596819
54019441
40510933
34044498
40178368
20672613
10737234
21575854
5682286
31290175
38518102
14019024
38581569
42526268
35101276
29554689
44289828
52984316
21309075
26638102
49838101
4223781
32584843
4350953
24027132
33181866
51242227
22275521
2659567
12289926
34871058
15535930
23824683
29821930
23307264
18602514
14990327
45680670
39307752
47913263
48958606
5975444
45151359
19010490
54486441
38366960
8245613
17651726
3146215
27068904
50303260
45487148
36446650
55652978
9358727
11735220
30522299
48935911
53638074
53357247
44715244
5049128
48478667
5222168
14831602
43860205
45528373
23327065
52972064
33332308
12745514
39931726
7739004
6784398
10764877
36834715
45204355
37426710
33582077
13909068
605863
50900283
36128421
34695040
25130678
26656426
24330757
43398663
4220667
48588946
14862190
49476685
201135
4618461
25927406
47754538
871751
12196064
20565161
13040338
35576914
5961115
39150459
37137900
27813654
39571777
13236248
31295287
36820847
38931795
34030648
32144434
25769604
19455604
10364283
47965626
32419369
41975421
38520082
20977593
48387811
10243729
23549279
8696598
13730320
23714952
37172986
54065023
42852761
14604046
40123490
8422624
44381072
55828682
23901652
52768367
2750930
40538064
7248249
14660022
13162190
24558653
21780151
44037589
53269846
34622472
19429154
11441776
49837611
38259963
53678315
39691212
52763409
9817937
37757223
25898908
37112192
32552550
13941533
44413746
26472974
40544809
40770973
1596315
53077752
49597199
55503728
54324519
27375873
38939597
2863481
25374602
37522418
43407680
34592045
41828070
41034862
47402801
14013462
20130009
41746555
53843988
1933989
36848111
28955746
15188282
11957375
2682055
6079576
39630335
3642773
34860269
53700668
1157384
12326198
8736843
22221325
16564131
5194647
2001271
11400789
15705802
766167
5677957
2372818
53422854
27814608
30888463
5656246
26403085
18196019
4898443
34871852
52979318
34874346
36257300
19092316
38560651
55289283
37452917
42179668
12468998
32517681
54947435
35186060
52012068
13525806
20220054
5163342
55722456
11218713
15706441
13332984
13576924
34113350
37717966
47766608
1411523
22676053
10741413
1514843
31450312
36257708
54864552
43870611
6297305
37218018
37889400
52630984
52803895
14918846
53465844
33532939
36755614
51405239
14966005
46848726
24036961
18984951
55690511
42389472
7625399
37843092
41848629
22060317
32701826
15041912
37025195
9880290
1209351
40717316
2900291
43829702
39944012
27630144
5981211
9916322
50647734
32954164
9148750
19270955
34413232
12044215
28550544
56140499
37351888
5964664
47408215
37897490
21343161
17847419
10524453
41815083
5141266
26806716
41285123
32805146
23816171
6291489
16963609
13629650
10756913
31520148
47832100
30027690
43216021
39260658
10751182
41360388
54790932
53354536
704021
44506344
40925938
22585879
8732284
55704399
50855114
39544406
37356647
35778079
12706153
39967737
529960
38569731
12974155
44977244
15841537
10186521
5518185
41693462
32031160
36979224
54537737
8571442
29260117
1855633
50703337
13646647
50639977
10284588
22412208
34368143
45757670
41471540
37964376
25437878
28331362
15077035
26838253
53638910
45231728
40370033
26993582
21786327
22728194
12771243
49442668
40381686
44388972
24788962
43405725
23459718
17702717
52682104
24101716
15613470
17449267
40418748
1218049
16271834
30760529
37190669
6387376
20319791
23123788
22887341
8583235
40926062
36078917
42718221
26645328
23445401
17641839
24205949
38577270
48580119
24632272
24653706
53225961
30912863
17069855
46973622
55608003
2089247
45216447
49916578
24379030
11161043
19641829
30260991
9884457
10440738
24050491
39750036
11736556
48431336
53042035
32098624
14280734
12633516
35059992
2439379
51101742
35295331
9557286
13923563
51604158
3703019
7583851
6252339
31554861
24964218
11740784
15675035
33960217
34055404
30274749
4101649
1276585
19184701
6210500
36368032
54954182
41852765
52941612
45871543
34150602
40408518
53288633
11841355
17781775
56014662
2865702
47161788
39941173
5854267
6339712
45351819
28398159
48853244
4495165
25863436
47254001
33935381
41650286
39842178
42762429
21073658
54141149
31142164
20480519
30591346
39676421
9082639
7702163
12533093
48832911
22309246
32610353
7257580
18959263
36853598
16073489
53261436
40822076
4572964
33706109
13736468
50840264
12518333
11582853
26809785
40463150
7411823
1156562
30560238
51934640
21603875
593139
23549803
47715743
11397880
22889182
27143328
16499729
51626528
46156351
51558940
3349983
52006756
47434092
21947828
6015131
21484134
29538936
27085608
9982701
21187776
2153615
24030479
38288793
14154640
35636833
19886522
21710794
45786298
29967099
28384836
30138132
55428870
10644231
20572415
51148151
37496265
47220587
31174400
48276544
50399596
14108458
47635766
55975234
25949958
2392501
35179524
11501433
8351160
24931992
52185833
49132594
54232586
54627257
28385881
48693847
56084146
56153034
3309567
15648165
40771840
27724215
9565717
4280718
29397966
39585439
29957361
45469722
53070992
27049552
10624388
4407972
44408501
45243265
20795710
24432135
4024951
20231142
25549210
15468567
26949407
7542186
30730323
5538739
8526721
38466457
55367889
40435980
15381194
41818963
16066058
36491121
54576250
26230279
30573358
50161855
52748058
12891419
44828944
48663020
38891052
21631124
49845873
29959976
51201923
564568
55132925
44806385
49531736
27990634
50971855
31394277
55265466
2247475
6420851
34324351
23085263
23532536
34353532
45123684
43492714
46085780
15901373
14398004
39715832
17681938
5332911
4085038
30250368
23197820
8800757
18914686
36662811
49281305
31077051
16379148
7282833
37125901
50084531
28121068
28975168
2457988
24973426
30924725
45395823
49121925
56220820
44195190
36289823
44517752
29222310
39078319
6369948
54469436
9065093
35630794
53665181
48368702
5267891
11335682
52768619
15769453
54071245
20283663
41998472
50201151
22544617
45395375
18134343
1360152
13131252
54300444
23295776
32101502
30953905
11184243
12832102
21686678
14972879
7195114
48131414
40986485
39996836
26989155
10787865
26930001
40346513
42329498
5583693
45748439
23498048
32484956
30020982
13853704
7722656
6586706
32066808
31168075
32264123
20083899
34314377
37279751
23346539
22095142
19269400
19250837
52461365
15620598
29805265
40220005
33431888
21142258
30198620
23050445
52876253
34691977
21346308
50848075
18831450
29348738
15727457
9644343
34745910
33417885
38036897
32804581
30572584
21966518
53103699
51234373
52987361
22202844
27993961
14079311
25883778
3648802
45695573
22224970
48422320
18646616
10021384
20365053
24516006
5490253
1704136
2028178
15860527
1981180
35120618
9187107
4586438
48543182
37841057
11924938
2845301
26053989
35950883
35588211
25229158
40884465
33224022
48891660
52569067
24345159
24633739
13642418
21460092
37032567
22187195
38040877
50380611
4531131
18660917
22487827
55863337
9706566
33141171
6673420
53644743
42827436
37579661
2645109
45697881
21770678
32224056
23507091
824831
5050028
12347799
42571109
44565399
18862473
24257921
48910258
12868676
53834783
1438833
39669216
42901956
17656064
19379960
27892784
4917795
18937961
55580267
2923526
12311823
46563736
25343760
4733243
7113165
15808983
26671054
22190790
30929457
37157638
21142902
14503723
16734630
3468935
18313188
51905141
15977407
36656749
1205034
29449461
10932826
40032770
20289256
15009172
12738268
10425609
38546128
11977879
16609747
9016531
33829767
7578580
49434180
19518387
44295800
41172376
51113137
55747026
11031498
16425734
20423008
27657576
6174145
31063099
53725139
47890050
50700107
42777947
25723922
17422265
9160204
52173655
37278111
19847257
42696655
760389
50065862
29529597
34398113
19014777
25815961
24294990
29516391
8261804
24655251
44798774
30140878
44671013
35324018
49607532
20235199
55593520
40166048
14534096
36612993
10947192
22166127
33277841
33617742
29800268
46377765
45562948
9476999
36517722
36015006
23150668
32595886
41034695
3713635
10103123
45748386
17554157
9623349
40967618
44354536
46217849
19458366
46766957
24435814
35980499
19425094
5701103
28964136
29218855
2351578
3335152
33579451
48615860
53133687
54288405
20323269
19843652
19531552
52559942
13905446
4963920
19437033
22492763
51536310
52393089
10463384
14764378
39433232
19655501
31492861
53837580
21782035
39727868
37325472
28718321
16999972
46456240
13333134
35612594
5623014
9985719
6451465
45524656
38276201
43273645
34756853
33996938
5938206
24551241
43106519
47662684
9677611
23293945
12029378
46755541
12959857
791493
39521518
51829262
54123467
1748603
16512108
3047324
32711506
852842
25368796
47620989
40833225
13331025
29161129
26331969
37943129
29411431
10767803
4279263
37335438
20189222
47140420
24509133
14873630
19812574
45616915
29155681
10334088
21221495
7234023
27364205
2918027
47756525
35317154
4809752
35270708
15659265
43912138
51324128
16269618
22021381
18459860
24484866
41621506
55999698
15564166
33663866
2059603
562191
23372454
22809915
5315592
37311456
35142219
41967950
9478486
34379030
31905267
49203493
18303467
25711109
2030661
8091885
22469427
19657889
27131224
50180191
9373257
31874367
32864268
48034752
36649876
18710162
18904310
7957640
7673704
15001975
20275022
45483299
5230209
42310999
43917697
29581253
27832970
10746798
20046292
26508603
16075563
6194158
906441
10211582
3241682
38622773
47194272
38522847
20268241
51506858
17315923
17588506
51474492
14154105
39114052
38675846
21020068
13885945
53916228
28424016
9771766
34214024
11549212
41882567
24461639
33170898
9534960
11307976
4654845
13852134
35585772
15847591
12936085
18533669
19267311
30952446
18354531
51937414
21206924
12663345
10015976
13145427
34724455
22782256
49384038
25228106
41009618
2579661
4114179
29685814
16874804
34122810
19735995
34628314
32347606
13153662
38499663
51932827
31972205
45057255
10899659
17052102
52830281
38233640
10162748
33563507
9745522
15674796
41921438
18045106
34188891
53467331
20011390
19479958
38022638
537986
31097537
11323804
41954858
26241370
19933428
48480101
11758813
6582333
6112261
36664780
47415068
49692408
51016778
24903713
2210584
28916020
16872964
29250383
38471727
50737953
47892070
1684026
47719515
54687717
8017326
24692543
15444693
29457014
44632422
36682444
14833129
4856166
1373986
3458367
24466167
13351095
42367839
31344034
25400876
22653464
51881613
22511355
1215433
32084368
8030748
39193812
427902
22385012
37608314
36787701
13002047
3187963
3650309
23026972
39243024
34810313
36310121
44995860
14623885
49759866
35308458
21358372
36640000
44272891
17340528
3105743
54183830
29697985
45696031
2889521
21438031
19797245
14480606
18271622
31656465
51879347
1585498
19890202
9382965
44403961
43121002
46225076
30178549
25089997
52950462
50497165
30170038
42800256
19671012
3249123
13119865
47285567
4017843
43517867
72671
43892544
23643322
51294309
8259954
25898786
44658915
13150019
54374391
28834870
16686124
21749873
42496382
23415148
33019201
19407890
14225411
28014615
3258224
35931385
51169959
10150205
40809763
36904525
39664001
28635445
55481280
35835609
946505
16375300
29858155
5028362
45616199
7728146
16619004
5093545
37758006
25807655
52713896
32624517
42588489
3254586
44980673
23088492
9189736
14988196
26133276
44527637
33094656
49358019
5105231
24249044
36719815
12174318
37673246
13812002
37672550
49089590
15961064
52168144
36992712
22130008
54642969
40522654
36203751
47061350
18613260
5133488
39469166
3192919
43893845
19499997
50314850
39976087
6938826
30895710
38143540
33025257
39422406
18829222
22621814
49180914
52809409
22907813
40735379
54817267
7834548
51738017
12096878
50081056
53775175
52720059
52159868
7581619
31893003
31070263
17575793
15420341
17489644
19969169
19111679
13901367
22544781
19419140
11816157
30163569
1456914
19314318
20387053
46491492
32253424
55964001
18429145
54242143
25056875
45247363
42720389
14003492
54212842
15626820
54171189
56177166
30810665
21089605
56239437
16472662
23564228
53856625
6292272
13571887
7407997
55942540
2085210
2364822
17962226
2485449
9776516
11215422
53294504
20673053
28062347
34261282
30907126
39415393
11521754
11053383
1018130
37077179
26065914
8019286
51049765
33081584
9921339
14338003
7508986
2382811
20164000
9992341
182237
6599733
11486676
5043175
47963923
9583371
48838307
6746804
5440945
55337074
49386686
19033222
55999538
54880564
22739528
19853743
38397263
40678186
51221080
2982454
52261024
49234330
8081557
46695372
35556208
7538527
50424004
53766646
2200574
23547877
54755666
51389062
24869420
11886915
22438479
41217119
4142426
3484843
23593728
42657724
55587537
4489732
6277303
36145795
16483301
48294953
24882664
45398419
54650772
11970359
51150897
15549262
13678122
543030
52521368
38039563
15321563
36859737
55260981
7061513
54928457
52852361
38934193
49885912
7744489
28937246
17623391
27718312
4147307
29087606
46364031
29425352
44256431
24215961
11263131
27334883
49894182
22895914
50497522
49085120
8275847
4341476
19277895
31888560
41471468
15661631
49012193
18243660
48164891
12392230
34360931
15026155
45107872
9996946
32262521
46259787
34773549
54769395
47587892
30971956
51064786
32131680
28145831
16921548
30571780
54600827
33087362
10792672
14620067
56139656
29807225
32637287
19120009
13599874
49109978
33211418
33730351
46603573
40132730
33138735
23534359
24363984
39013635
8831694
41457008
43726736
8655505
3801593
13688219
15456212
2826125
34143238
1559900
39778614
40084187
19779108
39980760
43181317
47219058
48216391
37019646
26190961
49760920
52142202
36119524
12490015
49328689
591615
23069214
25752355
4108710
14702664
39156977
51536900
10159799
37655414
40022127
49449293
975468
35794982
23879922
29281121
50309052
48014403
9781464
6886480
38793661
48014370
6161670
21028097
8439081
51111055
46321438
37270904
2813513
45511518
45670802
33559943
6466515
8366549
52828989
8821811
14526475
1501563
21498383
26944117
46663556
4227144
35552981
37927958
41735931
32115520
29483267
53406182
19204352
18017095
724809
17765564
49558899
21284226
40940270
27418177
2031150
10793529
47850103
35487181
39045003
37304253
36980955
53894705
3823684
51327426
53557039
53815969
21071618
17271238
1374746
8735598
18741214
3437460
8444691
54563360
22894778
21449781
52681372
11422398
24708197
45674194
33075295
32124331
19253076
30146740
35818075
32777580
27998527
10545850
54756226
51383908
43464178
51887140
10321276
16241326
30255808
36285800
6174832
12336020
54780025
54187286
10274517
30411464
46776293
53228520
11865598
11472380
6725194
16990788
34597104
2567476
26421118
12912164
52556257
52709106
2148213
25272225
44254965
42848230
33315282
2869086
41062632
37206462
21631332
40269087
20050104
27903398
47739386
8237546
12045113
34352171
7410993
23279607
28529476
35303912
236935
4858419
43108887
4157718
46819671
21684939
6261220
39945622
10763951
27284031
18437751
25533594
1940553
41385879
11769208
6092430
47471364
10777155
17156357
3711544
48779702
11812558
25841895
13387215
826553
54999116
15806304
28357082
33026282
33654667
2178635
52329218
14288749
21423948
7880108
6874049
20904598
45210799
31491481
51463968
25343478
33301873
13764386
5831732
3898124
10975663
45186074
43759820
18247454
5343799
44103260
35392487
20969615
27092779
7564520
28719472
31956444
48385248
36162057
36947064
19365918
37004688
44449110
7414700
10502960
18919309
41616179
35674240
19867321
8173217
37699582
29495356
29403749
12772333
16895659
16388305
2711819
39842274
9640169
39104968
50607795
17010481
37811576
48500144
5119945
25412883
2541025
51259381
29019330
9140979
48747955
11951218
36485338
35513411
32032132
41062330
9035598
43426571
54224659
46621966
35019469
34910859
12599696
13015443
20044124
33303386
16731746
19856852
45484480
2613298
11277001
12091261
11890536
12398693
55942729
20094175
6377162
49650047
2511426
17068112
28905642
23218154
46152697
5406617
26477812
44855561
43087672
18663633
8407102
29297409
44005879
22004026
14866735
45529921
6267307
187272
44068907
24102057
18563460
43376828
46972763
55128309
22382143
1779971
16005141
6292682
27566359
45559051
20744405
35543273
27165416
33482634
52990342
11280745
18568946
17797789
36448459
23773873
40891365
52636687
14430674
54725959
25720328
24663073
1461014
48398861
37873812
10675688
33379295
19685152
20994685
55176402
49106778
26073071
30463613
26696091
41798278
48273087
18393634
43511771
38802931
25868281
24897298
45176163
31082287
51045074
43140035
50045383
19326809
42415407
26916358
56001211
6998553
43555078
43039262
47035327
15019566
28172270
45931004
34452893
26828375
4905223
24712789
32394297
40524794
48424137
18286066
54536507
9470155
48775354
28598083
3610378
4769604
40085835
2036128
37286904
41701875
10708238
33112635
29559208
35416853
49594891
12961949
26196837
28535512
24850602
1104322
46800283
1343894
41025781
9740104
4417688
30614040
42522263
24091840
42238288
38953981
25760713
35922034
15843387
53989360
54745858
11557859
23732700
8367570
1311500
14157879
12142666
31541385
39767745
16597259
19203626
21059378
54344958
25092515
47968840
33490317
16328542
37060179
53176207
20395351
23467841
46559459
44625753
13551892
54581128
16299863
33094204
38004963
47409787
4285528
30256660
46378288
10246359
9574821
52474905
26020116
30640135
5529017
22321369
28691976
28485911
50361112
39324149
30838251
8763972
10908660
36564111
5916801
13592338
6616748
42003209
19899559
1961940
38309499
46691299
26559775
35123687
28808676
7748303
1031499
4022779
30665449
3886993
50459854
35184686
679496
13682356
11931769
43276717
28210258
55601438
53897661
51580749
28415489
50524140
12830781
7299932
39930973
30147203
3676388
14638417
13677319
29458261
41635776
3185812
27866233
18811471
34092188
24785897
43316465
53394507
19796536
51730763
13191106
36777497
33236527
13652780
41722099
22563942
45629056
42863120
37169559
3373521
38749968
21115556
20576777
48917188
3623544
25292556
16469884
40451738
39236252
10491507
1592028
22824305
35327234
3080336
41728617
36947682
14972971
47835703
50187010
39269039
28477846
55788327
5039008
10672585
34257335
55108980
51627994
52239145
14096761
16054002
39046745
56066391
17492012
51534222
32447304
29405417
52289915
15961986
38859709
26395557
31414274
54761693
37345689
54629553
54340976
3876524
52994283
41937542
29341467
50648684
34230031
17805260
31514602
6180029
25278202
48251800
50995828
35573991
13192400
24263981
54811991
43762524
23619086
54320206
9227917
16485318
529317
35877968
50781323
40348017
45299869
43018332
10404327
43452775
1635270
12403433
40768668
12329208
17691121
11536206
29117692
28050001
2510668
39512802
21417812
45954212
45043010
36715457
46995611
25679877
644895
491784
44518217
7133768
7524498
29599950
31937605
16431301
46828100
7762991
39927299
11830704
41383062
7984504
2684107
55539672
4695922
29232461
39461517
45891121
19009148
45854891
16615799
12806457
4453402
40952356
55208601
29346742
46054172
46503827
37411661
49761127
2950896
14918267
41429774
47343197
49005461
34158224
42737613
34997396
32613540
41926405
9146597
42093390
3288582
39685256
26061765
15054802
20206923
3590236
39258931
6202691
41401488
31913444
13847856
41340271
4881794
18688384
48185082
52543045
43552930
22493394
18314963
11857700
32146417
17255160
14589194
14008065
1544683
10794817
35834409
46770151
38637823
35694951
26015235
44483781
29461943
22471529
42029481
14004231
18438748
7345487
2338445
10044827
37015260
5143082
3138799
8588749
31385455
25691687
44211692
41678840
46596978
11043413
53518506
28121962
15710476
13777987
44407267
21008143
28406995
139457
20754916
50404043
6233008
3543705
2454299
25441322
14016391
44667604
11665786
18377531
36563837
7178973
6906028
28426511
39991238
33697112
30610668
55940225
45328320
43151888
44410335
28458626
51582938
49724129
39964696
50952334
51604603
44267809
10236837
44236562
50156450
17211210
47949744
47025297
55760925
24020306
13775535
5622470
8103767
14470423
11471502
18120936
23437736
39442527
54065843
50284623
54602403
53692391
11529890
16869693
47818951
4669815
44743931
10614214
8103136
5680496
50699106
17351650
4094969
49275628
52536819
3131153
27683896
33913048
33249761
3872064
15916539
9288722
50400968
56216441
47282688
28278976
20305094
39386723
51073734
373452
38754733
37732710
15857049
16843685
28375763
37204737
6550289
49047045
16165108
47001487
11569137
11407088
21064832
963815
21591732
28607381
26131393
33795441
17996509
33944649
9721097
25933708
18256034
22121992
35911347
17879575
43438853
29915251
10615600
13341024
50750014
21911048
19340557
34902313
20277006
35578719
21039629
15798803
47461517
14741630
35920265
10605322
46065357
2441060
31082423
54029901
20594482
2170353
24074344
2046410
25672225
43849106
46272362
10360069
44916750
15979706
7263974
30097828
35415238
44954553
3984077
15847701
11617652
40011839
13862684
14461813
54350812
16281609
36128539
36856195
24926273
33479204
45756509
2019066
48080189
38895680
29955557
18548072
32748129
36475239
12024049
25295765
8915966
30292656
3096095
24802531
36814468
28543032
26113751
29551147
43320511
30205849
1985017
53405840
51894637
7564685
34583275
17494617
47605336
2649334
1083296
22907207
51632626
16844439
38297120
29532117
6147550
49730318
16507632
7452364
37542883
37981394
32183280
40363435
3461797
30803064
8672390
17246931
51456131
52157902
27566130
46164672
44544823
50670333
18822565
34400020
16209349
31933940
26394931
24698129
17250319
40488857
50843698
22100509
10696889
44816802
23008094
8678796
22171045
34776239
41502694
7163058
44503207
1380216
41674655
42464867
45580543
12764489
45930801
5291459
17596689
43129408
37325717
10144802
34460983
43138625
17988699
1494830
24667231
42156074
40088041
51399810
29791968
16010506
9076025
12001702
32629367
54465466
33409713
24991597
46523033
40122478
31722014
12021949
22033284
28910166
6517676
50272694
51417800
12785003
34199352
17435497
8668425
50437093
48406104
42949763
28455004
32082626
27640400
29517422
22347716
24077535
52307395
27773876
49614749
20844169
44825600
7637770
7942433
3270845
3253193
44484693
18089194
2811848
5504273
37994200
43725976
49982674
26056952
33982303
14100188
40012260
25279394
21968663
21982089
26307088
25292973
55187583
19718520
3562864
43443637
4557450
40696397
31463226
39198276
41976979
12901736
51538365
14368187
29691351
41431652
441345
38980420
46328604
25319482
21755210
21920858
9743673
45866096
42294692
8702909
48381526
28013781
8955916
52925691
23044507
6588568
31713718
21727555
15161070
19116468
21964021
21609174
8703028
18561490
53893522
27608791
49443996
10106713
13926842
46960932
51353048
41355473
27208819
34391356
25559419
42122725
35876167
1040763
53734571
14280911
9730603
51705836
4969274
2367348
31195582
11300561
1411108
22580860
9747144
3535505
10413440
3402531
23965653
47327847
25367495
43786808
13681949
12466674
15003666
38804980
29735722
26945302
25779664
41336095
54765190
34502266
54621765
21595256
47560161
2028735
19295246
7363255
30493863
3652323
10939850
8614722
11537027
54125603
22151029
6344612
35819853
19335594
34285037
36428846
43629508
22884431
28783142
31126970
38980952
54291974
23008926
44649628
28430113
1261008
52947940
33169934
43192106
52593030
12283619
50180515
27784872
25626533
52673406
21879141
2098905
23047857
52697304
5192415
18305750
2815435
28309576
9374617
41939696
21384216
7645703
12502538
40153479
40724779
18101654
50581325
35845471
31731528
1685298
5243789
14318903
10338520
30869924
2995200
24808158
42907087
53757110
5905731
33511238
39609159
35415448
53156491
4742107
49881868
33132840
18914743
27109350
16908969
1728913
39420768
37480738
33154535
50650885
55805765
14862918
52603737
2629636
40585291
17412625
1330388
30623866
21307312
41780363
44212838
5488091
18902426
19379459
14147951
36723894
36604747
44850662
41783580
30007261
42077364
22772518
26207480
27169440
53922193
35678232
24824379
45019883
47908583
28275227
8030758
53176129
40511237
35191112
11282858
9961425
52355313
15800026
52644638
25802831
22877936
24833379
47590141
48412143
39024712
35530900
51190315
16581096
2773297
19011062
3799781
24891534
35083936
512858
2345061
18885919
44019650
52799152
36989125
50982455
53997601
39073257
51876881
30549812
39085799
51732833
13566788
36536092
2905699
27811259
34462690
30715794
42058668
22042851
53471829
32427226
42741212
32179253
22764925
34131764
50160736
13270533
22546473
26181627
12743209
15779519
38146795
3020805
8785161
7899477
9089183
23447789
56237459
10127658
26966634
2549707
48827133
51989140
12057012
28439906
42002592
12419839
43477576
19615051
45535250
31276186
9662301
8609448
48252127
9494392
21568900
33962719
10510934
16750564
44284832
19706014
6994358
40230928
50181622
41587373
7912019
8945135
6464765
53687752
17550526
41211105
476305
30370837
9986548
55887174
51195940
32371150
33118200
22185000
9952750
36925801
39274059
10151519
53274159
14289408
8967068
4818336
55911498
788530
9756206
4053904
25774392
21656985
42302518
51220097
45106218
10474268
47644610
31487271
6945056
53413299
31224557
839132
35424898
33865398
32752584
38994550
22418400
6176008
39160942
9784840
49885253
24984651
1184451
48455822
24611521
18162148
51312131
51857593
31264138
54332831
18001387
30804296
42784378
31828250
13559097
13618947
13512822
4214920
262714
6105924
17988401
7342768
34320159
6413958
21430608
26576575
56083609
22617170
12540756
14176290
18583999
1429431
10356740
39272304
53393692
29003928
43148010
6962910
33856206
10443452
11548453
52406748
27228808
29165430
18315427
9344177
23339843
17390508
52460130
2903555
38019376
11574443
42162161
7743583
6580350
8797048
14035819
51890928
4033171
21094935
13803160
35561695
4285740
37602813
52374295
164391
51397723
32704558
51664457
47683069
49448255
48616634
34091320
17884631
15809197
10908529
23117658
20436288
35621133
40885686
16991395
30275792
4994093
43348723
49957765
20923032
4763877
2924494
48071378
34705086
16809195
32450348
39437401
14104959
42455091
29653347
4749934
13698263
49489914
13031433
13591749
41547233
32807437
33166401
4750583
5356519
31537396
38481972
3444893
15328951
35891593
39876282
46551638
50304672
48568456
47033270
29101655
26308791
52348910
15621030
51517686
2704236
56228868
19767664
19338634
28756827
36413434
1702111
10090124
7942680
36473997
46658958
46780260
37434528
1629005
22518612
1911626
26192055
2590379
19818611
35010923
51820532
1291436
55768369
21203017
22259665
4667970
23464234
31041106
49644674
25625773
41733631
49599212
27472040
39604231
27620133
28650313
38454363
21478114
29664777
27396031
9023079
45029953
24261648
35522902
41670560
29911842
38343015
1164742
7019848
28510785
35492555
40601125
35281772
51100399
7722392
47468559
11273296
54088462
55541086
10029072
8137343
2129400
31962689
55071728
11133478
6142019
8969146
11058332
22438645
40884824
13117993
29750178
13343003
4333415
53429887
40505818
22891994
19815840
21922187
32652334
49479014
50625767
32878732
54046823
49810712
9883931
48177474
1244224
55934729
53411686
44299994
19299225
979532
25820670
46102582
75146
39953375
34317932
7923948
2672076
27541821
18768188
32570292
29087185
47675032
43597657
28567241
46489660
26586826
37530031
56023603
5415801
10798665
32978411
5869349
48566488
20182813
4749398
23177841
36635503
6165763
18479324
29446644
904386
52100906
21768260
2134807
47264908
6776111
45405761
26351785
8438246
37326766
45222635
10503554
1185372
26994441
1020820
46716058
31154635
26731366
33028802
55796453
28465788
12795597
11103560
25388646
39797311
54833636
4698517
17172469
5261377
32612029
17661994
55019579
4835997
24975759
12979047
20913123
8321475
18062605
47362761
54184692
36141394
28211804
9482734
20702924
5823415
30539455
23670866
31608183
8249188
20233204
54676502
3077141
39231897
12519925
20690129
32608451
3305868
28336489
9494085
16475408
27776031
2669845
42040532
50156485
16654284
4900052
39783973
10386783
48154821
19150956
44701958
25422080
32371999
45176890
7015668
30465233
22290267
3437662
43165292
15155656
47234918
42156577
38637013
16607056
19197666
48603640
23114366
43080461
10544068
16807850
30684877
43853157
42265562
47124090
20356122
6267500
12995231
20633016
31918436
32716351
53012568
9508677
28390022
1906766
32870233
3578006
53533552
7134610
22436355
1008714
42752254
30627862
22958911
46283374
49742691
32367206
48043182
16290125
22379194
22940912
40775899
49794397
23497034
35998061
34128859
9706716
40582675
46512491
23870449
32393369
14309939
4839411
32888445
24812016
4623215
25735623
47375262
6258446
30615967
48058494
34299804
52718881
37135172
575314
54490192
43436175
19971622
25102270
41747837
38818407
9427487
4777838
15665538
23773928
51665387
53849979
42086268
18172916
42186161
29014647
55754925
45747924
10199806
17136432
43670365
54614769
51369656
55566769
28208643
44130697
10923322
43708100
54478689
3682606
36853693
29387922
11671948
47386826
25658393
36969999
23152869
41903560
9362451
28049170
37937661
43476081
11663817
23055230
28651602
52688238
28798451
38618493
12061169
11835038
32000386
44353597
36389736
7238959
44643447
50734154
45902009
17224325
16838017
35074377
48260659
45716868
3729529
30951950
24233957
49988444
37591157
5087308
3965898
32119981
16385353
24866041
14824479
15225580
4240389
16719
50610678
26947023
6618106
23957573
41678912
34745037
9693760
51889193
17586951
27419121
33896137
20811241
25213667
27371150
31344848
27292318
21482911
19974696
3344403
19146648
46022545
5471176
54935566
45333468
17295501
1159772
30609261
24791370
30848513
43526977
49648613
26653105
51501721
38106680
24247423
46039720
17158086
38524639
17993056
6759319
12189064
16508597
55700004
7904959
5888239
11370152
23947915
2336262
40185761
54123227
30444693
10672687
54409286
53775794
14724207
48754132
36544870
53315895
41376368
4195408
2008866
21525543
12389291
5462001
30932203
41972785
38030273
20382377
36319185
11468069
7309316
4284105
10620358
54313461
40207044
3551976
27434392
36058299
38125180
39496684
55963942
32918900
52198481
15638764
27214533
17658313
17361374
32349462
5040638
19850824
1789726
6530474
576950
36650117
23681729
10549826
5653599
36545814
13073060
32035080
10831321
19229466
30310671
7068381
26879069
14132355
31660407
54171318
36344357
5206280
43548204
50308788
15687976
34540168
54527391
4848681
22601285
53760550
30559736
8493773
29257484
21389610
39098746
46277124
30996518
43385916
7460376
39852130
35698102
3827204
11708019
3762940
48600397
16178316
31657975
28957752
44021609
36437736
20606724
42285570
55751915
9008036
52031398
10839295
21922493
10750450
30538946
14107511
24503066
9170126
25645028
49213971
376702
51962831
38816748
1127998
17671423
3633171
28144111
31935162
11476808
51779704
38338575
29626255
38390318
5203849
8351028
1736039
36935822
21582297
46504172
44912619
53319154
51264558
36550350
7814981
42497385
21368820
54696094
41522706
18777034
29932197
10397222
9232314
44275018
45167187
29233888
51969872
2139973
32614408
3580197
48084163
23372996
33134726
21275227
36654279
24518027
53002341
11481867
48273204
24513144
5223224
18345879
45504173
8767172
25165140
19352498
10958289
12575396
24763897
31125483
19528330
51890790
31463646
36248427
2288756
43027213
52869481
48389675
20289421
19225022
26695471
26808936
42968718
18600309
34506497
35156021
42478434
28489197
16242253
39910935
45242582
52706053
3164348
36135285
7792493
12589744
4572211
36082807
3030676
29123107
9645447
39529904
3335643
44686434
49612557
10149082
32721402
43628069
31677813
49730486
32506305
18078772
2286049
17796306
32371875
6017299
28897378
2567499
49480226
19786201
46730196
9107297
44913560
46824605
41546684
37943297
19542678
31699104
26437360
19750773
35771074
21209014
56150958
49436562
21948641
15968098
34721269
39240917
11121764
23582651
1178046
24693608
41956898
52518750
55132539
29804376
22770684
9111177
22070914
40372929
31122642
56155592
33794224
16953873
37265536
9847579
11505937
56041906
5911640
15211956
29833426
42584512
9243982
40182860
24698903
38957725
4846334
11138618
38062871
52661766
47859364
14892906
25811070
12152522
39731676
46021361
17717072
38647755
44222146
22165322
6578705
24152379
28873666
33930254
5447936
37473631
13919549
6277591
26208480
19577129
5967973
45900567
27869219
26536258
45320136
13560284
894853
18418178
29512865
33153575
26850696
45690452
31411231
46023320
50685451
1083921
11782825
51801750
42052660
20069767
3275266
38882062
18704443
1383645
29994315
9153955
11265150
50592421
309617
36557914
47957910
35681716
10564041
24292545
35625015
26901957
50281030
33974889
47817483
40072414
11725954
47060987
51255002
30327310
34240495
8867310
25264872
47963058
2260093
13154208
11348934
1891621
8887746
9550488
46368495
35651895
18827947
30957237
12618120
20877902
35977483
33648975
10040311
39912084
40245126
1650125
45318085
10208615
32232545
10740106
55051023
37648645
12820492
42387691
15046048
52511047
6607217
22094274
46597734
368471
4266461
1798446
21756737
39469462
706150
15411258
23033775
54200046
4963363
45202756
20821201
52315400
3387459
8390185
4577609
30036510
35651191
34577978
11407593
50833901
54169615
12663332
32586207
26543055
35780474
49201775
5913313
16222356
27811422
44799287
44845345
21047000
1092296
6345478
16435687
12739715
20431505
44064630
43362454
8897964
51798906
12431016
47737790
29600950
28988995
36233242
28612527
41067290
36658364
54994262
28231304
27626560
43116469
39634433
20629742
29541728
31373962
17364027
37610621
6764422
53690601
38499867
4611313
54586191
52147584
38604668
25627262
11533540
2249333
40915048
27393785
22197956
39692021
21488158
988422
44171706
55824879
29868266
22819596
19015414
21861403
54830482
6996818
13574741
8260470
13249325
1914716
34593150
29907036
55360755
2153108
55354411
52585893
32240256
38942539
40614044
36355334
50945824
50373366
36301378
1223027
5905626
31193144
51770316
31896890
27370157
31335720
46793075
17990473
24239114
12018596
8286662
46570012
3731103
21643634
39900931
39592289
2803962
32440042
40786236
12758472
36146463
26395481
11971849
5868532
44246716
224287
53956
3456406
44467740
15091844
5702711
40242347
3822987
30418206
51337426
19363293
7096605
34774479
9703811
43902713
8287493
52876638
16652691
30372424
18839672
17444499
55056054
29100
52543580
24374365
786622
40261541
38398766
21731172
5814575
50773919
12006548
41212113
54003696
14209003
21252467
41518116
45154921
40709694
23321601
16562947
19643092
29427503
36470596
13077174
27250022
34165069
34036966
55458193
41549981
28794182
21150920
40665299
9226087
22265649
42225599
35305451
34446965
43874848
19708233
30836073
6753833
54047546
29943256
12485580
25304082
46776383
18196515
38575584
21066602
50144099
36342352
16549528
2177480
2305526
35290209
38025440
2598698
15226393
44290883
884682
19568095
55135272
54689700
30170637
54052294
54600752
15597218
3610892
47104624
21910688
10876426
50518254
28743464
39416874
50539066
52962109
25709781
34286027
2233231
14500684
1700227
34036826
37509320
30385651
9690438
30047425
49984558
1714015
51908299
45405612
12428593
45647459
1082977
88948
24557029
50441402
17479738
3670140
2718076
6569980
3150834
27709553
56229189
42014965
23690703
26236649
50728878
11209096
32585799
34430016
43224975
27564577
34329997
17445504
36651093
7976423
34389127
14562556
45535423
16244450
44322634
22323255
31074040
16875186
48842821
20886889
47723326
10909758
519306
41242133
6590791
17385869
14002460
29992540
1269697
12481606
3634459
26282471
34217732
15004832
10083629
35763081
47163485
26353574
49289988
32072147
28674610
28128286
26489923
33195778
41420411
37431058
39714045
10187151
25401861
37933063
30351193
16464802
4318966
49367047
37223283
42831862
26099782
1520854
36341691
41220837
44497485
54863238
16198842
8438261
24091348
39980055
52706703
25074948
7662574
21161702
15565834
51728833
42957876
45308866
3465343
31233260
22012806
1780982
46069569
8937059
33614096
37234146
45475130
27720715
33250875
35702429
16473781
51112556
23256979
47712063
25021994
46042834
40755500
42452398
11981558
55266401
42301091
31545001
9509114
12183742
34453827
26506969
1997098
21708225
33279669
1684361
41413692
13075747
34400496
18819032
29695539
15876991
13966881
9772701
11246934
48371930
22429059
34995328
26090561
33464146
16940173
48803207
34061276
41739100
151306
46670168
55740897
40100959
53341175
39252146
10186643
22729211
3210909
10296347
36544534
30187532
33517476
32578270
39630209
18523505
4852151
29906448
4630056
31828561
43593643
42485217
22281369
45214914
28038765
43520965
9386480
31451073
48651901
53624719
52231814
26283958
49578993
16488751
29914316
40595574
46024846
9873906
42434678
29273378
43012482
13949874
540933
14993970
37709728
9723761
23877059
39257201
42562806
18394840
19530802
54628729
24430061
35010405
45812044
52837693
4852674
21995372
45452870
32351553
4045725
35743063
52619643
18967029
26713905
30024019
54410896
26735078
33095035
38468414
38716055
28018511
42473756
47067173
1100521
54702528
23410956
5482218
19726398
44184077
50214780
40770398
18800295
37825979
40141341
33800282
7384823
28751122
17949646
19693416
45965521
41328697
19012768
22595623
30789744
9962437
6912594
25926092
44269023
5076524
5978268
47898883
36901600
44021229
23656217
51868304
44959740
35476879
11517439
45189611
35367392
22372410
10612667
51233623
30441156
11390219
15850636
53925017
49019212
42854560
680648
23369897
20522563
9050330
15683029
4863652
21943415
1836070
19947824
6353750
34408535
28190650
24242666
41283297
9045099
44429338
50334474
56020130
10093097
55378640
34576943
50367380
48181255
9206058
35382987
42749750
28604618
39229686
53244369
25649314
22331997
1613928
7686868
15658911
53340526
13846959
51149439
25573275
33661146
1740784
38361084
49375239
19145551
46046939
932432
9274970
44319851
4939444
31426796
15975718
7197385
35354495
14984392
15415115
36851441
6136911
45755382
2955303
16897689
5364050
17962446
16656696
14507012
50089909
30743083
27767251
46419424
49408655
43462191
40535908
38845234
2297755
2176415
19854191
1727087
5976598
34098174
28344133
53992060
6055911
991325
48032271
54753054
18831091
25909734
43879748
55472833
50374942
51226468
10224602
840647
24122538
42163614
42989762
13654095
47568039
40555061
5883516
10563421
51148046
48343102
28974653
570668
6183427
51989627
29632955
8234538
38025873
27352808
5959789
7552858
48393845
32106147
20856916
19608259
41768403
48903281
55231840
3267903
27103930
24310989
14100886
10468443
50845576
2434701
7770578
37004618
55640626
23774025
47822379
50577378
42159675
43218636
27187714
7932499
13963754
12263757
2274749
40456625
35208964
40087253
52929552
28785585
46587745
28203636
30610030
38500499
21799351
30920851
45417018
16635487
29715413
11666185
2697864
13840958
13027686
50230164
55415850
5063248
47847961
14587352
23389664
44210786
29254882
24907567
15641360
39740740
33304794
18437496
43777073
6423378
49749509
24725916
8159165
18070855
6404285
9672788
3067091
5163864
1205438
33750832
23921232
15874455
8622109
18701311
24658719
7964438
12365813
40828497
37923585
3637175
41582471
8465707
28569426
55747752
1586383
53453864
52213668
26881415
24937988
29034767
8247823
41662264
18321630
54736378
15003764
1240421
18450960
25566260
47476242
41580984
35112333
5219921
1199345
657671
6335497
40080223
36274464
8728638
9229636
39441488
31317750
52068330
6879324
41349172
3534084
40938578
38499486
33162510
18633592
39525725
10713137
9761446
36642110
17081209
46269027
55671115
19997790
33119977
437537
52239931
40381638
34454661
55134425
17369123
30616818
7590469
40834197
53082977
33660889
13411307
42545774
56202188
48534245
32174356
12833296
36605185
22304986
55223762
22449373
18855756
12867225
49881929
19742419
37220996
7067029
13149050
8967187
33991470
48988340
22232876
53355507
32996125
13821453
1277565
42768537
33783842
30179580
27422890
20520813
43692312
31110672
10371417
53352502
11929060
19852980
13859534
24139421
13432839
42356537
28817445
55363338
31896230
52798510
6593369
38237419
39309170
30394321
42984311
36885964
25975825
18395033
52077942
46477588
36287611
27347985
15345647
23246639
52720879
6295827
10149395
46589810
19181612
502047
39492968
54023250
6420141
27752998
51571977
24303112
10460307
42252546
48769968
3642421
23472950
42432659
5236717
2423206
4418496
34572888
41058023
45731847
38357423
34713566
31131941
23024582
40860717
19033430
13097244
6131069
43364216
19630958
7096842
31391973
50331907
11739970
2451273
48350639
27276300
19303040
41766755
16801496
18779596
6337309
8389313
21049744
47997773
26913830
17615184
14936649
52465466
16328066
14599906
15332841
50102850
22082121
19910948
34729648
41902824
49716286
9017836
11972243
25549052
51606873
38924310
11964877
50697280
39398233
16567494
10474804
523444
35429446
18395793
7713462
14589536
37725484
13418170
33061124
30698365
1287117
10320353
37132625
22475217
2501395
5405503
25356812
36429297
26444662
25711811
29930581
34150844
13660964
39281544
23567785
909593
55776077
51647384
50206086
48858399
37388049
2062621
2793591
30823519
46903920
50545293
37778413
7027118
12131052
32724381
49815741
35061901
7818957
41710732
7102014
22322099
45194451
55895002
16482326
2277428
22034457
46899037
10583059
12751371
49739078
28170402
16937117
6917678
14259334
48143465
46064808
16548140
21392312
8498299
49295107
39876801
38414241
15037642
13461378
43302762
24905423
18088619
37943497
41746859
6499890
7457013
15823382
42917023
43844154
35816900
1677979
9283086
53409960
38662658
5797863
52805010
23894677
25043653
17102871
7694804
36734763
47550119
23503034
37765511
26334059
44241074
36399033
5095089
46382220
51622759
5359265
39408565
21572339
30486483
35907087
19832868
19862860
46240093
51222653
44544678
38656940
19265322
13468833
10588560
24751590
37004211
35702139
16199873
54542500
35786363
40441771
8952862
21216060
45495570
1366478
31222580
54108855
41026275
9719434
6973655
40034030
31122782
13485088
1739470
20607233
55900604
34843826
41551793
7583153
31957331
31075845
38051990
4497342
42698232
31136422
8551717
48695322
9899386
32008102
45589638
24553913
51196202
7586384
56227091
47636716
26573814
21503146
868809
992244
34846652
3472177
48278170
20499159
13834484
23145645
35305441
2051060
2886495
10475948
25781164
37443599
54611223
6915567
52195625
3986520
31220646
32793616
3105683
51579084
47045511
38003254
24576823
3559486
47246181
34723945
501515
25581569
52890104
53646633
18947685
14347493
45887693
25132524
51427328
21767034
20259150
24829493
32519897
31676507
12114725
28849206
51481584
4358312
41928532
19402009
880837
45875173
51981715
21352430
27002261
43486025
740683
56086489
13041580
31648221
38083841
3104883
6633884
38542611
17742550
50065162
29153776
34104269
4873374
26597835
55480747
54816254
12714768
3670691
46428533
7756413
53154285
32079575
13461085
52303359
23670295
45762018
28856522
18479300
30595356
27165773
30444445
25342463
18002647
9936697
34997947
55791231
51595944
12818723
19372445
39888281
55175398
2555941
44857133
6307120
13883067
51810056
18371331
4958354
16750016
14348958
4278938
850926
8409280
23949068
33430447
15174605
25150271
1690749
44284856
5252893
19146735
30491357
328125
18461417
14590754
22179224
46402396
21691272
23876936
26800114
5014758
48868277
44922875
49297077
54169400
8924712
35060040
14005982
10663026
25882700
5939678
46563481
33654090
3218285
8782406
41723307
27139750
19897378
38794015
13793498
4924768
685318
25884213
44382512
38292631
2883092
54552289
29585892
16676514
41242269
38127240
11967682
4682487
35998162
24220647
50147028
8245296
19160949
8066304
20349545
48478611
12705003
37781075
1914392
32328536
45135029
2929292
13346251
24956220
38108696
54142896
26775867
28626298
32984731
46080223
18690349
42456579
23293630
47708653
4708832
46543392
2129077
53980645
10785460
27752866
15043308
42080724
44145752
26932339
51611301
48802081
297828
36626468
48896046
8968710
18982284
30162419
21070597
25436966
54430354
19466008
31141775
36945644
9935949
46778153
22786593
27231696
47731357
42983848
55563186
16961797
35757932
30626212
48920947
34938347
49840725
44360970
453032
5327280
26634511
14984833
56156036
1312728
17644184
28717237
44148114
3528928
31982066
1604588
4278800
27468319
9530059
40613623
14159051
48937863
9030406
46036356
37902121
40753169
17209526
24936973
24290851
10803195
47019098
4559977
34485314
44513444
17726459
41718200
15404855
35305393
7324259
37422409
13414615
24098865
52985171
42543525
55500129
14497357
2058139
19915178
13309268
26825807
41566827
34356306
11035742
34510847
38810440
22948758
16462318
6406330
34167876
29714483
32567882
12489264
43083519
2750724
39092199
48654677
44377551
44216057
21890778
39475394
40687238
37104700
24848737
48471424
50468996
45568561
11171698
31482333
44581961
35202963
25773675
17039590
5529476
54320595
18048529
32404109
45030883
42997836
40072059
31662222
42880965
29817158
39630676
50678843
24606783
51126142
36747509
4902157
3528819
51019688
24610267
48465815
42885705
45513787
47283336
18986663
986599
32218736
15692268
27542371
39657097
27703081
55241062
29375367
9289712
41284304
48582051
13368661
10100481
10254901
2015156
48452122
15193984
44754534
23914944
19704626
47597323
51961431
46525501
21296615
8133983
35346480
11166089
33882651
44527188
25048210
3294395
39677839
48811639
54222798
38534920
20265340
28396979
23940368
37043317
5904661
31183823
38327149
21337115
17898359
5044527
23494232
34520788
51739359
53407212
28203514
39412736
36284318
53811058
11179020
10130526
30501333
802902
52351490
30588256
14832959
42470181
15305208
11126528
28546299
25825819
14594552
39472023
32475928
49006546
54966169
40817547
23269073
43266232
54092883
39627572
9555169
26337021
6317274
22310232
17122893
40626067
28233716
36137402
23309725
20359728
24012647
9896687
52203554
9881308
25266657
13690040
13923882
45729390
52781977
55307887
3333501
21838007
40755855
47908382
35721082
21683546
52958274
39891502
33711063
37739472
43293908
53478547
19197738
21941208
4060126
47219102
27299952
7873988
12124755
23396648
34389784
14131338
40880030
38513514
5941036
35787268
17158064
24849606
52379499
30943969
14552031
21658730
52350536
29055919
4933717
52079581
44222484
25202412
6581203
36482517
18541734
31336310
3152030
38212247
4624866
52436139
35094346
13886914
39717814
7977027
38766618
52126271
18173912
15076372
31339059
47325041
49641379
52447706
10297574
30720769
34843434
41746113
26708622
10254564
41083436
45964916
55481988
7739967
6660678
41478504
43314097
46563098
36695054
16949501
3117900
46987953
12718325
37100929
41353906
43841544
56036726
23690246
30770822
27098871
21684994
45124964
37027467
18920610
17604271
24801462
13995757
34572480
10646287
46977317
21006187
33343469
39304237
23987094
30659481
26331191
14767059
36348205
43445197
45957102
4231176
32250582
15617656
35110392
47297814
17663660
23054332
28937854
2005252
51879468
55014
2764384
27520693
12226005
14908463
39281792
24138784
23268440
23549902
33552819
7673080
53269094
12667598
22956656
19203644
4294885
39135995
25059958
32117029
21178225
40323056
35354395
51186378
54203997
22039670
18359960
15658408
27424864
38866450
55490869
24358775
44079010
54089532
54472511
44337221
1623632
25715500
569575
25578970
26530809
20885221
50950035
44049060
18356322
50054272
50393687
28427857
27941379
50970513
6746243
36225458
52352670
13314725
32826418
38545588
50864806
45727121
16417540
13049699
51037440
11384947
36119875
55991790
52465899
28757011
53751256
42278273
9168301
35934354
30878936
38731750
12512509
895763
3638982
46178466
32096502
9406784
21681614
47965922
8601453
49681519
13382649
13807081
28683530
43349298
22128048
47798717
4673290
5032593
43163435
5029260
25152658
7362863
12224143
20171236
29572320
17816902
11399336
26686552
33405455
29983173
45076377
32567654
35032871
50482199
24496852
40380581
10788941
38233706
44566883
51044372
30981599
26283352
47929034
47118423
48659618
17095454
14618892
9627640
46113546
35800571
49055118
4981422
34040544
50657242
18755510
12869378
50645057
37666164
47843785
10821411
4933912
4577788
8070802
4635900
39693257
52496757
52063699
25978180
7252107
18283531
3115338
50096786
43857345
40817190
32499531
49015588
27231909
35068322
16822523
51115734
1760027
8381485
42475913
31154775
12185
47322957
21275594
49807256
42715862
53249607
2750609
298011
21134532
11824046
8822202
23698687
45244650
43763778
22862842
23388931
30676187
28531759
17597255
4825367
13585280
7414819
32193065
42349786
33308294
8441037
8639821
36838863
8369300
5136566
9879181
16438540
4607095
34259598
790255
42417850
32115075
47176564
1459419
53685845
32813007
31292035
10819455
31839328
13087591
50581084
5791676
35834430
24930088
20166046
28882303
27485495
30356525
33735637
33709965
6453041
10055347
13486865
26959681
1914370
529471
31869584
25631894
28422855
12128133
9863692
40958431
44662840
24347167
36400994
52850000
973678
18204444
16488372
26047652
33503162
35634605
51859240
6952127
53694594
46059522
5130275
3759139
23903484
33663900
30206710
45726971
8140976
12957394
51340098
42516087
38340226
29725061
15768202
43714425
23715293
41766525
14541047
1796450
33357099
18196550
36361627
31176027
40951283
47087378
40422023
36534645
48173622
5799718
1821851
3669064
22156038
37699986
29802430
44410124
25522924
27232926
4370483
21874890
40850778
21615036
26747884
50875802
15993378
40235288
39156988
31902453
18393036
6328107
31668434
2181072
33495267
55507860
47004005
14400248
8897366
44605914
34712793
44504558
39893681
30355476
30116635
43979525
12177062
12553113
50023251
13631643
52615759
39005447
51377007
46224977
15605268
52746207
21702424
50324536
31825861
42812491
234019
16211964
29082840
32410574
11427068
19095019
344103
12381700
45921066
20642809
4712233
4357317
24371533
5897766
18178414
17563521
3939884
8529028
26170965
11017803
18504637
6390782
33383789
8614409
34506162
21530733
20920346
45123544
50090517
25597507
13729650
34057055
4784896
9987821
42050081
9028977
39407564
45934905
7669467
41563749
52521277
8798076
52412513
16791621
1957882
19632996
47642557
49172081
8001
29763793
33884015
9890228
28134620
11853055
43944064
55616229
37673827
5306449
31393894
16033461
20812610
3741829
48256975
5739529
36813868
6098785
1359510
7827425
49663629
55121392
45401236
45713265
6840194
42763127
25399065
19019412
19624995
27862373
15288066
46367774
11612783
32014570
32179774
28768392
40412839
38637615
24222335
21640366
40743839
37635675
24026487
25056691
23177961
52141800
4380019
38970053
12685157
2488119
18676189
13933974
48281198
12621719
20314200
54054393
23138132
53786693
3731346
39490832
26233200
49507107
24171609
39094391
1585341
49792160
4546057
18772473
54143777
52820271
53863880
25670758
14457713
38118298
30660282
50441519
49440253
1891900
20293864
55001184
10456922
6054470
3603384
4210415
55717197
22777508
50323047
49880911
37537102
20457850
25302832
53372420
1655375
30629450
34548334
39062869
51898384
17959397
21158594
38456629
48346167
25729192
4994085
20266195
44928046
28768382
40131265
4422679
47684979
14239393
5131409
16230117
16570884
37075877
10137369
15819896
51474016
39848807
24578079
50398293
28786085
50923383
18824086
18842507
44964677
26572546
17904275
13441755
35846841
5413012
43446153
28079972
47034757
32475704
46368541
40505367
47317014
25891871
9274880
41438472
53918510
24305533
16076358
10734598
51835471
26538563
47491818
1075723
21046332
29904697
31574207
9943578
15942315
2235149
938232
31522922
46975706
22474873
36229212
7766869
14628256
20954059
47945041
6529390
51392300
20476670
41214097
15862152
28223362
41219348
25362114
53167522
38703672
45787796
29476391
50759748
15475841
17587121
25751516
21086364
23945991
39322668
9005346
50653004
11509444
44696970
5277320
39208837
7846617
15275153
26055438
18082476
35795370
27468371
21565294
45513758
2236918
9978359
46750039
41289450
2515675
45807929
23691131
54177535
40295565
11889270
25008232
4373087
49891130
52662459
12081018
39526598
27813224
30541987
45375684
38534217
36850353
46252168
23137009
46014142
45713394
8570677
6500792
265222
35215063
21570545
55013719
17197468
7462683
10925720
17598319
14571751
5512364
11801861
29169303
45906088
18248140
28595773
48542070
20348142
34832845
37789032
50400915
55512617
49941635
9107126
25380818
47086212
538774
14566332
49496960
55431782
39589224
41180248
1501503
18017595
24091471
54071609
55849150
49140933
5413356
5796457
41652449
15856277
49803722
10557139
53614019
7883608
3746538
10753038
26197227
45553839
54081008
51277399
40115409
12839033
8568352
10814486
53839253
11340603
41210718
18300322
7663887
21571629
17088776
3679895
18418445
41184149
48658252
50052693
7488483
55790690
22226346
41078920
18492259
51903723
16794211
52844591
37936382
14442700
22905641
41153439
15422040
51225585
42709047
29300922
15249781
7211359
25853769
45522541
3676715
29622699
1211545
3983992
3153184
42138238
21255254
34599363
33695666
2851172
37809956
32643174
37298431
26572624
34268318
31881279
13967341
2351511
29938950
6766553
9004270
37913667
8428001
42371118
35975804
35497688
3447153
35960851
3534643
6214680
44310995
9676333
26469515
25306918
38978739
34787431
8442572
18404082
53039408
11036101
31786351
21220942
8358466
5417152
22588892
31916807
1942329
17184398
3330851
2008893
54588552
22883152
1937863
29180314
38923965
9998563
31963045
53482474
47899856
3841920
45978776
19004077
26947595
1665693
16864346
30558267
47981634
7390080
52851341
31818465
12661245
26369199
8615660
32691660
3474823
5404494
38569565
9917046
18845847
36697700
71030
25408238
50192798
48189301
7200879
41691491
18348707
28121125
17487308
38879389
43127935
54296692
2139730
6372938
9934060
19457876
33956926
16163169
4712445
26482142
33186415
36219586
22894375
3211166
4105704
3541387
42808648
11855475
9846016
3421218
52738512
8131730
28190969
8501307
39824203
35329755
34187793
45702929
51226800
29424227
36739659
36754997
44362632
48915465
38649623
3754501
24729041
7474784
39226754
24742859
3587767
39958859
42097492
29336598
16652519
48500230
3678981
49371039
15366964
1714286
41463860
54220815
34541137
49111215
30563515
50371275
40352955
4763566
18946880
24455413
51295205
44074194
8088984
40608131
34170034
31174839
30761357
56236182
3887017
55517896
38895368
40484780
23306340
49847263
35641226
33515090
43116876
1964695
17890789
27379759
23423149
48602645
23657300
50403473
8758260
35783559
31424395
25881152
19701971
41106296
16366429
10687074
9904160
43147756
19830384
34183853
27287822
31493462
27324424
29635848
42195165
45298106
14827163
56024861
16713997
33676531
25607911
15737116
34791547
25538145
13706069
29269677
39844385
54107352
28962687
49110719
16081587
46568100
9514722
9014897
31202136
39452284
840300
41953918
15859934
44586922
16843039
7635584
55531908
38276318
14808684
42420305
28584109
37400633
40400560
10960490
8868594
69766
2031047
5521869
51927370
25832327
10290600
717276
38025765
38644588
39595996
7066690
25349573
36296049
18158207
55481829
33575960
12503378
25110879
8224350
55288625
34816721
2810509
13111602
19675819
43641662
12003355
17623619
38515649
40330794
18913053
3346724
14376006
42432331
5214879
51210094
54040173
37879622
17371281
30959075
23278625
13283557
55142093
26117745
12703698
15638439
30370950
25351610
13464754
277767
15397450
52160633
25124512
15418848
1108247
2052200
15109622
27922562
8694176
35168925
35938397
42714333
8115455
19415913
54625768
23585258
43822423
23081098
24584607
4087723
42050592
53410881
10563469
49487264
5730404
43602089
2173685
40076793
19937770
27537732
41386866
56228603
51052386
23072312
10292836
39419295
49608025
36190698
1967775
32213454
37037080
16522484
54322175
40780198
31843491
31544670
8984260
39734699
47264117
27423727
3507864
48813329
1414085
33194991
47313579
21903612
23664319
40869564
8673537
19959168
42718957
18314553
55919377
21616700
39697898
30352138
37451520
17394571
55403619
41695292
44124889
6240492
40928993
22777505
31795937
2092402
50514164
37810534
46210445
54700789
35993252
26562874
11483359
35760474
9530672
16427625
23213685
13688761
8134217
46608984
20289792
21102256
44850266
35550848
40415181
22303327
31198520
5739838
29519682
2896736
766298
31330994
30694555
48820201
38496952
50235404
12131958
52063376
11800892
19647570
53201039
232778
27015812
51305735
22530398
5825521
18277018
32854702
49648970
43281961
11742328
50972554
46920686
22546938
4352328
44658952
49033646
38285393
4973540
8172298
28452182
18179708
49084042
36709152
46671853
42683577
48418122
48734388
8845946
11568114
2615368
1895304
43935990
21190291
43012326
45925697
22410162
41228668
31095983
54926416
52611276
45445391
353835
12245344
39746903
32300546
49669022
40861347
9833211
53027443
15338257
47993031
27757855
16384075
54524640
54187466
43821241
46833618
56102630
6950642
23882124
47658687
25116589
7993903
8763739
11767268
14829714
23733746
44867393
41900593
8306190
50349542
15682097
24303290
28809932
55135557
22467334
52891580
35506700
18090181
25269587
8937792
3452000
29820390
28812835
7691022
8068445
36870599
22951494
18427553
48067664
25871831
48878558
23332930
49414190
41279994
23149876
39162731
15427556
50767852
26218496
40252901
31523219
26780151
11819565
32168353
19628856
4377153
37605603
26568908
14638181
51699198
36374958
5744588
31735555
1925846
40989529
55874503
55036546
7063272
35782606
34718343
32707642
7598564
183054
20235068
25852438
38615635
12944235
41408265
29228242
55688345
38416946
9338476
7151295
7442412
50812751
3043558
45988973
42156406
177560
18877202
29947253
44432722
21005060
42094662
3139301
43909866
30075507
30301812
40589241
28184042
34535289
22456184
47979737
27801029
7290833
50677783
19371003
13505891
12974929
19889766
48537050
30974533
14775726
14091347
27687050
18639955
12849607
27111770
22192763
11994839
7855752
54086201
41293421
43328805
12019155
39071099
3320625
1891465
52016524
28116667
46437916
16717870
15165351
7285563
8430026
50034943
47686464
55731238
21218841
38250397
15097649
44429313
13271093
6119381
11225349
575280
52697193
854768
29239628
34340172
36935029
30760558
42067046
2222321
40008179
10127689
53288186
41437569
21687160
45282264
12951316
39152352
8287843
21380409
25832710
18932399
28816101
9436067
50617198
43023139
34962914
8978268
33203964
12695813
9672189
10370581
27585652
28340630
30153349
54729071
2256736
34712708
735988
31939357
15167746
8554220
54674140
8005922
28486253
38784809
36994420
1554517
23303252
55589055
48814308
16396643
34548812
42042963
30723154
41638930
19802785
22267101
55556079
22833382
51343771
47565170
46450843
39090192
36067504
51690642
7726692
26567380
29528572
48431769
43498828
7161823
36317967
15889331
37245113
26931736
15481557
47638976
8990209
6906608
21040243
6771345
51907100
49159882
32223788
8456053
52316462
53219403
37156940
7990909
32632540
12253579
21481275
4743810
31363500
9500124
32145680
15544923
49302163
22366748
12113802
27609497
36150321
9386231
407774
55839747
27925137
18558558
26598733
2218864
21233119
38113971
40781167
43451047
6827030
45237996
27549113
44325552
20586863
24903361
52743245
37872340
47123690
21964761
38831741
15818576
26431572
9778932
3431121
21692666
52450038
2727571
37185333
36560575
47694705
48082826
29241014
35689882
53575440
54718373
27671308
34032072
31286941
51793172
15901934
28735089
24651133
12629362
1565917
48948134
44013281
40762094
9024209
31305114
51783189
29052809
22371065
4738906
23562505
703550
40757334
15889463
21266477
55336117
17303171
21988432
50757387
30772642
8018574
29526978
33415042
32128136
18130138
12535462
37125649
13256181
37152781
41936610
24866082
17053824
39923925
22691777
45228905
46205011
18917659
777892
15473914
21667514
20231573
7673042
45670684
51654827
8569902
9261654
4578730
42780530
13969858
31214019
7341210
42124049
11396839
30863190
4986097
4873957
31632681
51439040
54623710
20098957
2012685
12157914
38058530
3702524
3774118
54434623
30731097
7233754
36796319
7800872
32246831
34810357
9086750
36409030
809706
22039373
5275406
29614712
45422930
28095810
29800789
42711631
47121562
6522882
55480509
9797057
16483857
21517334
3159964
52449406
38290428
54560162
8383796
49857517
29221428
6523974
27621914
32913835
31236924
1985962
8697732
52087802
43984261
53280988
41117233
27444994
42850054
33429597
9797533
2711299
47207859
23277907
53464732
37324504
