#N=5400
15565634
14145834
20506967
20898444
5962535
26985057
20128335
11997183
8263338
9645769
9433352
26809480
7409107
21979187
29126131
5479086
17886587
11357679
24011947
6149982
24533877
24594322
26934653
4161499
8769206
20583965
17412111
16090801
28905368
28889416
27697134
23827190
8183298
12325485
19573684
23125353
18721719
10482566
21367405
10613859
21040237
16614166
16486923
20733596
22896175
7412026
270714
11736604
15983802
18221199
27178905
20372378
15825116
6350688
5552963
11481979
10482172
7326270
17553668
5078177
20706117
5015223
23057081
3861520
22763766
9091118
20561523
26911435
8245904
4753239
12930510
19110216
12521565
27878472
20462882
11159571
20588225
11209515
3361274
24771425
2396083
20828217
4462989
23146712
14672090
17030267
23088312
5403995
15780154
12538444
824671
6488171
1055032
13965962
12459998
14655906
19648789
15808283
13980925
7939263
11035249
3855613
27807335
1361994
7290247
28056941
26601871
14620374
8813432
11693058
9952010
27212947
24959701
6236296
58399
9268095
1250113
10549868
23382898
28095557
1126986
16018710
23188174
5202701
23477174
15455289
674981
1353100
4773034
28928886
9291929
9673254
25725367
18553968
22723699
21829873
19243509
14908813
23471939
404060
15893358
22519289
27154547
5335180
4986183
18668532
15045198
2314557
28226456
7364188
23710958
14727860
11345111
7732885
4527720
22124073
10682255
906095
21221172
24259781
22007094
9541535
5753130
3895494
28470460
7814886
17161509
8483022
28175456
952650
2409514
201752
17533106
8486015
19449983
2671626
9245651
26484584
26567175
13498596
14822652
15978073
10200140
18381038
15854205
22425199
902901
15582475
26862577
1323211
8150224
18111600
29034651
27098245
15893985
9631012
8799431
16208859
6073508
17617278
2223119
23083500
9911770
14861480
18043939
11768973
24068027
14550630
1305506
10589102
3298455
25601615
18927443
6578516
17478137
271730
24722623
18383265
26235825
27554552
20252136
10211980
2217614
19403639
18298814
18488701
3557503
9985728
3629314
1793583
26509083
16521640
23843136
16946371
19953454
3493309
10463467
3122499
895748
4863892
20821660
25879940
26927052
8299287
659468
28254873
3195905
15971645
16934704
5667419
14980512
848497
21073166
2532488
15846135
27116661
14859386
20567495
2280220
16267675
25914023
9562711
25728187
20349827
6482904
6474529
21401135
24403150
11460840
4175809
25900415
12522373
14864046
27832180
23906956
3491397
963743
16332061
19794708
16086207
13754254
12448023
14162362
12760080
16833103
14082215
14480015
17395286
13457046
21877509
19699489
5564196
21883382
8897232
17752266
11239754
24173690
6868900
17306310
28098468
8115337
27228236
7418991
11372649
26868436
7574895
2500264
14037537
21381382
7346685
20727419
19797749
14418495
18883722
17083639
18241392
19428744
21762507
26855797
7892850
18797702
445831
6615505
10643628
13883543
526940
12737019
25235223
27913564
19238074
20679476
25902689
359800
18647671
27675960
2474473
4997088
24313580
12113693
1583633
22088190
1843697
2714109
25337104
18258553
24481133
10189169
11535894
21768380
26409966
20080920
26957649
5365863
6088565
27066609
17808321
1773377
22658946
23359321
20814449
18878274
20835380
27386730
16688902
3294156
3362380
9164355
3413455
21028964
10269995
17673098
15554661
2388719
26196552
4791509
6722659
21516328
12939204
10258549
23970732
10687676
13992355
29051040
16717543
23118763
23211238
13252574
28922503
3780671
2523941
22587720
20992947
7184798
24024350
26328122
29040702
1136990
28054360
4543932
5474303
7881276
20636547
10763152
14469635
4680223
21012305
15267685
26705597
2251528
25426195
13723266
12773708
9677167
24643377
22268544
12999834
19430567
10728633
6334783
1591299
14142718
17366944
13468400
7304097
22887360
27433762
14140344
24822688
20173084
13067385
13514726
12215215
15956324
18910847
28361951
25938202
8404351
8645065
12982331
8281395
5392602
7883464
9308739
25837333
5212810
11539910
6665051
17839268
15389490
7771414
6926473
6838621
23639585
15194639
11967328
27224673
7260678
1072958
951535
26761444
15914636
13407454
13013265
8821697
150070
9360460
12955871
122956
3252463
23902441
17776231
8715269
2670654
26928829
8815856
6177117
25310421
17697212
556368
27354444
13291829
20891835
24031294
15218487
7933961
537943
15916711
28462810
3961897
6347656
13748179
7092939
13257384
3652804
14669401
27113
24911572
18213430
11506726
13340768
21231787
20007402
18702988
15297112
20421983
20278645
24424323
16759551
4405382
8824534
3323150
16876917
2601448
13136924
28461777
27434727
25736047
9569055
14714631
26028958
22250273
28898949
11227113
13230270
26704808
25615971
7323962
11570804
15785218
10302899
13441355
24738249
18388994
27584343
20032790
3662432
5516837
5243363
3079975
6332040
6223085
19346227
17575141
23130297
16560878
8536296
12720096
18510664
16478782
4619256
4445419
27823578
2194141
4414717
24709883
15134004
9830753
26181064
16933023
20206970
21073906
4660587
4705459
4370136
11711080
4433000
19386032
28344797
28180279
12893749
17916900
1896363
21588924
27842420
10410201
16853789
21217514
26904414
14065245
7458779
2425115
18834277
3113694
16220138
23743965
27688820
17004555
8427358
23910733
1916010
15501510
6347344
11753081
19076034
14144105
12526284
24216297
6492283
71471
26283916
10108400
19234481
10289736
4735135
25428480
2309362
2788544
13758735
24479299
14034543
4345085
5008551
24250313
4584875
18019158
15316607
22581662
4732119
22085848
17563389
19322930
15229051
21363240
18030372
13663311
26455397
12454813
27092382
25543884
9996990
5637753
24176840
12609576
26783949
20750166
11669745
6990063
17914002
9413650
9114322
8587805
18563785
16149394
8933706
806787
13287039
12034333
23821848
14569190
6856797
25360150
20096132
20369315
13711418
5575559
15730930
911513
2457822
11098203
20170619
16190989
8013805
3426674
939830
19793886
2836164
2256095
16679316
28129772
9653440
22124928
28814100
17756997
21665930
15702947
6144940
17521424
5177536
17265273
13276632
5291057
1292306
14520573
23441960
12799905
21921312
4632727
28704470
5070408
3084398
16743945
15251159
7023494
19394085
17487310
3114569
22669968
21762656
13357963
18119247
21056443
458998
13111152
1255631
22948081
10525411
7683241
4244791
18690054
15972967
27916060
11009098
17652402
11402836
18809233
2899010
6494478
1548329
11960525
18979250
14864479
16153435
16567424
3908924
15527692
24884654
18916607
4550721
706213
12898965
5008094
9444386
25474492
21389316
22732391
18703290
20995357
20870275
24292307
7680956
17124140
16513224
11003440
4396966
23711933
17260904
9742060
16675229
5487425
24967091
21215401
599128
19429318
20842770
14152318
10976971
24178441
24821217
18346201
10065402
6228047
2422353
15871996
25574777
393959
20665691
23570984
2957975
22549709
7779082
15481091
12727174
11604866
22902537
13458481
25840279
1417053
13934970
24619829
23691871
5537773
19176205
15606811
27255922
25824330
8134675
11434344
3756613
8236744
5567422
23353407
9813271
2028394
14009880
2003793
16239559
27275982
5435475
16636884
9822535
14977791
21738555
18072268
14924588
11129058
28683512
1220450
25688757
8397197
24247198
8085060
26245427
22511876
7472136
5465151
11711290
18701506
5866922
28366782
27583474
3539028
9343527
26613052
4592410
15893898
15371893
28762675
7097021
19617685
13701904
20910267
53202
253071
18548757
3347712
14600301
9929889
24936827
17603697
11311771
1735322
612924
10423849
444160
7574204
28758230
12504509
9921607
21131468
19023255
19773996
28106619
22609629
11241159
23793310
27600452
24914208
15060771
15346755
9208057
13448832
2361510
15509065
14812771
27422443
26374461
15800179
27778119
23201505
16990773
19691496
20094737
11842294
469194
17099652
16456172
7626762
22641254
19307612
22184850
15217201
8532837
23116884
13812752
5130526
8732539
12253697
5349725
1611939
12985245
12502567
17439636
22902642
7938179
17816167
18447899
3172955
27969406
26890197
3106768
23952054
8865876
2995085
14189697
22002433
13261972
26308561
4245487
26227628
418349
17871541
1404448
22205886
14384345
1559055
28940801
7120600
28428453
11650733
2975877
8886177
4564388
18427044
23258318
4765223
19006761
10361277
18869762
22820927
18024321
111683
28565931
5667018
8536687
17041137
17756946
16194345
25890212
15533947
24823180
26176039
22290771
18648968
22425085
7263745
2290603
6933642
22948297
9185849
7086345
3352408
4431434
18602739
28580284
2540615
15055462
25345835
21496957
18758078
13058571
2000876
10378571
11524794
17070073
21502343
20310926
21026574
10174740
18517748
12046751
24977787
3750953
15027026
16358364
5135017
3119022
11908329
29007297
19595889
23557990
17643607
22735700
1890819
22350852
3234449
10203659
15100959
1930838
19496080
8379507
1533777
3734378
18036228
20373868
14847074
971177
20596753
8979823
4000528
4410368
15823300
8619422
27775937
11908003
23253610
24091296
2326708
17510340
11363690
15663764
21667170
14096330
19501251
20847161
7249893
20107186
9511153
6721451
397061
5405276
19503280
10319909
7690878
6708625
18580690
5867251
26130650
5829959
11960098
14184680
5794432
3915296
14525813
22488216
28384870
5743270
12727605
15822944
14646744
16070935
25322514
820009
25650012
18197640
979582
19332016
19710125
4105877
16378172
19237152
16517973
2438229
10542794
1823627
9737975
2394305
12710728
1589544
35526
8044801
28818868
12466217
4690427
8782542
9760610
12561926
9900101
15460245
19660431
3470309
9224498
25928449
29000428
6317995
17291090
26033706
2953844
472972
6391479
3583517
27497933
14694346
21860254
8148489
7916473
8148431
2358778
4665927
20734251
6372884
3354374
20036326
2705607
21288502
17686016
13103940
22061496
25233366
25039321
12535556
3629882
2906503
27440934
2966722
22167726
16818117
9285801
28530327
20938615
10500708
526838
19349443
6777872
13711823
5789711
22054121
6217755
14789469
1311552
19501500
3667277
11225873
21153884
8405241
28387007
11256225
17224620
28329514
11247058
11776392
3898197
663160
9898777
266391
12484496
12440974
25039503
27945094
17647063
1589172
3722835
5618590
3203306
3527326
7494068
20160242
10386143
5519829
765766
19245680
17151191
24422036
1642441
9897659
20340622
18861067
18812742
24251802
24431317
10583897
20681190
22435381
17338665
16261378
4386889
3342977
23953911
13093905
13865832
1672047
17189440
18999084
27284523
12203065
11944758
20777813
9038050
20300464
7172213
5503731
7246812
7253531
22884989
11941375
9888492
14892395
23589751
8228844
22374187
20799511
12048807
23223386
7692066
3639262
21467468
10096559
8280719
11925438
14708039
24026749
22351100
4986375
25857901
6506709
3165015
20804295
3249174
3534319
2697225
18722257
1422317
24465438
26525040
7992594
17511625
20463223
11321782
21593814
14983612
17954376
2751019
8409544
1755918
16399082
14162118
9542030
24548520
13413971
8377912
9721664
27328848
15844391
20624935
23857181
22061110
28790697
7750643
3330492
20915577
7391788
11000792
22589724
25757388
6061817
15474386
25077811
24283185
12170981
8486369
6574068
16198457
5155512
13051001
11017463
21010562
748146
1164117
4470430
15245124
11337096
7900303
22275242
12586855
20994239
5750112
8374192
26678695
358855
21489701
17129428
10794400
4938975
7115337
679577
582206
22106980
6235016
17709117
25132525
22134431
12326641
23984569
13304951
12302855
9853346
16540132
14663023
8630596
15373702
11773457
27910242
16066065
6168704
23016238
23475545
5391256
16044492
28352842
18724456
6194300
10014090
28918398
4356768
14168358
13248135
1676664
15778030
13260586
5382476
19951531
8829480
18827361
3774797
15568394
26799832
1222750
1166430
21693141
28683930
28467638
5604753
23697579
21750520
777447
25775320
13926278
15826801
9850192
18338751
8609632
1837531
25005733
15670263
21483679
17193903
29147550
25454189
24986500
23234680
5358689
5820308
12064661
21187530
2552047
14401964
5106691
1698821
20662368
16088388
4986351
6717117
23630880
16725833
26627817
3754221
15925128
14391102
26020744
26816236
22493019
22099370
9513853
7811829
5326287
25189491
11010978
5912870
9739073
8809766
813593
13331160
3268261
26822698
5724413
853226
12543171
18178303
15516045
13945250
11261083
7064092
28052876
19876659
19604280
12236715
25697053
18268893
21058083
3921373
17302383
4324764
16773083
13484362
15604426
28573418
5093992
21004787
23902852
25567914
5541505
3150895
26410322
2415035
3923101
16706110
4140756
17401495
25720795
8451952
15052375
20544424
16619813
15816161
12983181
1335387
9982206
21775679
966510
6376893
16308291
22621595
17880339
7003239
27193945
13403213
4670566
27489654
15463282
10395530
28317592
21930045
18031369
28507787
27434280
15681607
20145316
24848804
2349120
5176371
20992140
28396214
26364818
4927999
24637530
10011077
368877
22408888
24270963
26308490
17656555
28108627
24587651
23280700
2332673
18507866
16743506
13078611
28332062
22693238
21524162
18613380
23655766
2349762
8362471
2585475
13332486
4612519
3856664
21916482
26775129
5707715
22562259
16353741
4559122
21032217
14900115
22023963
4752332
25322337
1720839
13179430
15419528
24883359
6537194
18414063
19335805
23210268
10358023
9718682
28197473
19174400
10250909
10713864
18177276
22553527
27888812
10219579
6997391
16952524
28514223
10421388
19952168
20333617
20257201
1338734
16279884
18737779
20303123
20732903
28706384
24801056
25445810
26165466
5547554
12486927
26859614
28420698
13816370
20343624
18271347
7127183
19800699
6500957
11985053
26761272
15556136
579862
508931
15379578
26160357
26984181
8967762
8257008
4053733
1519422
10195611
24706982
19191396
14305642
14090668
21344493
19253501
12958883
18109426
25090432
17474132
25319565
28952925
6689187
19346500
11770390
13945705
22199428
20104822
11405190
15895915
176558
22383081
2684751
25215391
7546923
22930448
26251915
27221397
27310327
11488027
14693544
259888
16650478
13855716
19935359
3235066
23323070
24644752
11593436
14941082
428519
5973065
17182535
11547057
26307073
20825568
2540514
25107088
19928264
7825684
13211164
22924743
14836158
27717879
28123477
9485526
14423696
14763888
2171427
27050439
23997550
19641403
9484529
13415411
19692647
14094182
10445205
27185563
13859807
5620370
26918547
18041463
27629568
25516968
9006542
1199985
19700879
13518405
1539498
26163522
22149526
14653286
13604841
5350632
2937757
13359589
26117674
16533258
9569913
11690025
7209483
10582138
29108757
14193922
21773781
11310659
234374
23628410
267015
24978345
7150803
20205154
27838495
16073157
24619664
14291712
18464062
22697357
20528880
16046213
2202255
6442468
1359103
245252
8392959
15564500
22593251
14427648
28127349
28147775
1384843
22175562
7611932
7441672
13959548
16948946
11043643
23219605
16477607
9221862
15943425
9881220
14389065
13546783
16412670
20725881
22922833
2417849
20495102
3729985
14687110
20760578
27209510
4598178
6812002
23125311
6240725
23605476
2686379
5951787
10179417
23103172
8216014
19822987
15201603
9543518
19274914
1821781
7276180
6596386
13636371
2396641
12272125
22823185
9427525
13994821
230779
8836421
16890740
28894524
5680476
28892507
13948576
4084199
17161027
2010100
10082506
288938
13426059
27546782
26895774
19516430
26705144
17476071
19351648
13379822
21070913
12678527
6988985
4879538
23484262
19973187
11772691
17080878
22592405
19394679
15907656
19299831
3155945
17158234
4589522
20399852
1375053
1582050
12805267
16872089
17744042
11695725
2553164
12713204
19645213
28223278
164782
2968896
15208733
25476696
6390837
16191374
7997840
16175798
11910422
25206959
26540783
11181587
19976797
22096149
16238733
27909423
4353883
11916094
5426754
3007472
26398159
3306539
12998009
1109542
14318925
23834413
10854086
22293462
12548422
6319891
13014545
22651662
25738060
28177359
7122430
9018613
23084527
11950882
18795016
19532410
24033737
4444633
24102854
21227374
7385840
23126214
12126243
1346411
4321510
20923790
19169464
25288617
18147615
7967171
9059031
10829038
11285991
23337770
9278916
8700335
9741832
13997187
5172806
16719446
23896407
24331549
19383598
22355691
6720720
14350383
24589557
2806362
15862368
19780215
27904706
24843004
18804704
10006027
11336948
26996469
21579750
11202293
16229586
7318577
15484755
4524836
1550121
21389231
13595937
24441730
3527529
11825961
8904354
10001258
16139423
20344291
7254403
5033215
26926135
3914357
17291590
23612916
22865232
9822938
975511
7542253
13506056
20968236
7229852
134655
10766883
14261173
14521113
1348324
5768455
23255525
9732473
25071967
17861702
20573551
5180950
22686272
24846538
17720064
21550430
11106208
22578156
3340045
6545200
3313219
29012701
7468651
22637405
15322979
15120457
27970851
19115976
13371401
10201353
22128679
4417117
28222134
8492718
20425589
10419425
28660064
24197398
7962497
19891017
13979005
24887014
16620886
1135842
13740330
24301909
7853958
23364583
8908511
22290920
28236549
28639390
13689722
11151769
13470128
15010578
1749055
17769498
26147297
27757859
782794
3279535
13151529
7446282
8992654
15031766
2456928
8769047
10218393
12235484
22073705
12843163
11146684
21478978
12085458
9179321
5036971
4366613
13931609
28232697
8601197
17084780
15169261
27839145
9402714
14504205
18023281
21954772
16986704
12511336
14606330
12140086
23446882
27279764
4989354
19027182
4813373
9025019
5498917
16178805
19892375
19398302
757704
20770937
16442007
26522420
14051287
24767850
24925417
26006830
13063436
28725628
7682066
19468631
9815864
6251517
26677501
24315520
26152016
23650193
7868029
16486567
7150732
4419700
12109965
14767909
3171839
17794569
18292645
15260616
5064674
17925012
2956295
3395285
6719650
20834158
20400578
6848032
1347988
25359790
18324764
12398379
18909764
20234124
21951131
4303918
28063076
3027308
16447491
9665449
6143034
3448329
23180177
11186398
20051436
23475397
25635265
17071224
2373468
19171208
1947895
1669389
11205362
11282138
1798282
18675192
9129744
24200789
17683269
18109609
25253601
27250641
19607249
4249419
10974622
18923822
17016428
18397627
15687849
12999162
5288846
24116637
2200468
18508355
14711134
21783787
21101928
6464057
4766903
19507654
26769420
19825758
29031107
21690171
20955969
6757494
19795498
9823709
17750763
19592629
27662361
21004181
5919592
683427
16392992
11380570
22039548
4017265
2752355
20731212
442268
15940492
28209078
28380257
26566428
27050652
17016884
20397849
27658212
14101146
19636548
5079249
17673364
22273613
20698248
11132259
7810306
202868
11321349
25906582
3316611
26978934
23414764
13342597
26607454
12375727
8628215
1308336
22378572
15971864
11325709
20025587
8177639
19962001
11363373
24972154
28552440
21719313
761301
22578963
15231357
26522936
3184576
6541104
4106880
10138953
18614485
11063725
26046258
13502416
21295393
8777588
371479
11039037
4714382
14942692
8800730
21816352
19142628
2352984
26597800
10167282
27465789
12365486
20569562
8447635
24210853
24777052
6487956
22201941
19394386
27493827
12059629
11849198
17086620
22203156
13252696
5112068
8571906
6912244
13130937
10256356
4063206
4232362
2238307
12058031
24960065
25251320
14022127
27778920
4047196
14232314
8401295
8661728
6958208
24952510
1959679
20812487
5382666
8154129
28945886
26348763
10407207
19016474
17400077
11974552
13631250
6340452
10784706
27475551
2849038
27702150
26821624
21165175
8432297
24950562
16839479
15984720
21204124
28949814
19377625
14189042
26077681
12608786
6702049
4949296
19569844
22965550
21026601
26997478
16550497
9929412
27752261
27592656
5385224
11059625
19993420
15315700
3491414
1886131
19457501
487437
19269852
1871062
23129271
11251152
3746438
17049666
25767096
7015082
21675708
6768839
7486993
21128385
11842516
12896500
13082695
21732367
25218628
740763
18048792
18117842
4544188
16692636
26402810
8873099
7568211
7750863
14661773
21807551
11776280
7230013
6518167
26822275
27284625
24883179
14644057
25891357
24533959
8641831
18331664
547323
13729897
13394068
26849264
19270150
16837873
12341932
22487150
25904360
15000149
1356155
20875033
14474664
27928000
18651947
13014900
14920660
25134584
7431760
4932958
3757580
9105389
438563
12178217
1393268
349220
24805801
26363268
23986636
24071934
4937596
21661634
23619748
25716196
14507332
15586575
20093513
16145358
21130994
5029327
525485
21391731
21026660
20263339
13007340
22677364
5583140
28791277
21377004
17129945
4494395
10382937
7712121
18892918
6175991
22993576
5522584
733867
21425672
21128577
19255761
27184976
7154302
26836747
5622682
17165549
23615582
4707760
15619873
28899264
2806242
28225722
27187966
27509297
4323772
3019637
20103935
17613196
24296882
637640
28221399
4405052
4206946
3522120
13370333
24245699
1567904
3197582
281680
13044271
13974274
21579015
21562293
8792328
3221165
19718497
1545676
13519892
1901518
6197726
20514873
4456946
23901949
24168328
26208936
15870577
7882756
19466295
8195372
19891830
15234269
14342852
9838293
27924823
20757791
28976326
13607592
17683634
18383309
7862666
20641978
5181946
8001423
20647371
26050227
8504848
17816979
24507951
22165020
26604573
11455777
25506546
26211585
26834947
5929146
6742641
26478780
17150926
23035601
12656094
28857112
16469446
12388636
10021968
3960805
3074157
10593017
5744926
26201656
2844937
29021244
18798182
8291719
18300150
2830391
20345851
15499829
20372407
13052173
25818475
19196562
3424405
9220973
19468944
356166
17938221
2510615
3466260
17453815
6566154
19071033
8478717
2152215
9314478
18232526
27375880
6032502
26551655
5883683
26207049
23713218
364667
15967791
6749443
2800321
11617985
26097253
8484929
19979420
9627768
16597501
28887619
3068239
10086327
6601902
15693481
484405
14748036
3198801
27778673
4413939
9756555
9049766
22739911
3281976
20840872
21492197
27789029
2838436
24322590
10239258
6607349
16367921
4349806
28615766
13118967
10442140
16469485
21047428
9895375
6559529
25314749
11929291
6178332
9601922
10657441
2138254
20669308
10334097
22602247
8372481
477602
6474578
17368894
1247714
23456523
7646010
15973181
17549771
15034662
7954669
24693027
25955159
22052528
12711241
12146281
21231540
546764
9909956
24892680
16769659
19184771
5356401
1271849
22843653
18092614
323344
8696007
1940401
28660069
5771243
9807161
28389889
12178056
28526459
4078108
24710327
21771349
8018512
11660319
7883077
4705716
11981786
13808878
820988
1808050
21039900
25498860
2580680
9528759
9179853
15497810
25501119
16423787
19752080
3791220
5795787
19626851
2924764
21293241
270180
22753188
10440703
13955355
6271303
6755110
25219597
13050008
3531845
3312796
18482108
23234200
22688302
10173735
11572553
23285704
18030945
11511140
16319007
16242871
13187641
21916067
14549305
11353473
10628000
125229
866455
13662547
9000244
28135152
496112
5118400
6125458
22489167
17895759
22381296
22026840
11550375
13371475
9457646
28588069
8308372
1305220
18206173
10946365
61413
6966697
1788074
17127074
13206515
20497141
1834168
11288066
14424076
130591
15769028
9928559
1891304
2810009
22685419
11653268
7166945
16382642
12904163
462327
25148959
9009820
2212767
12122306
23866678
8152426
25470
26522008
20047382
11239476
27961865
12094340
12563757
10450934
15292905
1918448
24876640
1703577
14322613
23299091
27399288
12959019
6046715
9041611
24803064
6302776
27909105
25508193
20393684
3894343
17053135
2670226
3946717
23220342
1740410
16148244
17265044
17945994
27720144
7953042
17479294
17510931
25961435
10645308
4377869
3232902
16755836
1577548
3464289
20167168
6895950
8001251
17315956
28903940
29096081
18098446
15069093
24014762
8455058
7367032
18751200
22992793
929816
16958474
5955298
12954417
17588101
28115577
466700
10209213
795182
6833986
2776635
12372107
12693047
21603896
28928614
15392243
13485173
14266613
2851212
25955586
26868746
28377510
13834847
5081319
28446963
7702061
5263562
4265839
25240791
1792726
17037495
6778974
18173947
25803297
12487717
7378888
27320395
12436289
26236152
17583076
12944514
29136315
2247068
16104379
8118722
14662001
12541030
6333162
6201442
3633703
12120739
21787427
18734122
6132786
18621332
24181124
1264845
3470835
16388345
18461817
2422354
20394199
23451258
438633
17286477
18855003
10302737
28540894
28651776
15903412
15336008
15643710
21017593
6388642
3563348
20589135
27264134
27710902
23372424
13574016
14059582
24791528
21969670
13356573
4867941
15150496
26596354
1606603
19852056
14797720
13814134
20787296
21911297
23399830
19295897
17905584
19363228
23559326
13204886
2651640
13689394
27750941
1723935
428458
8284509
5012447
16020285
13690118
13651320
17384471
10407921
19506584
19923587
25622748
5563794
22064913
24458441
11798633
16952470
17868335
22046424
9217879
1491399
22809288
4036602
24896572
4700698
6355162
28673507
14613946
19731279
13260936
9110006
25871489
3211747
13397966
20521127
27795815
3282197
12948311
16264459
3588747
3586364
27018675
1164307
22925161
5112443
25393680
8555784
26538166
6020510
18040710
5181277
5754828
18108590
16485015
15026640
8890327
5427457
15412571
24307515
23019791
28852763
24872041
5350362
4575933
10115769
26376391
1174929
18497024
28165522
18405785
21228015
28624778
21906232
23734203
14369377
26537853
9016744
19675075
21356889
265682
18735695
7499837
9531763
9218263
11057557
28774070
13742813
11567667
5363382
28595475
17669429
24276830
14756272
26937547
22204579
10422319
17014443
11929145
16072584
28700745
15303128
26653813
14255401
14171954
4361033
13497877
5180964
8751061
19742955
13857052
19893920
9517431
25602280
28721269
14279025
18293465
23410687
14307339
23058239
29050128
3482777
9535457
2072251
23137527
28726678
10275434
13153310
17473699
15429591
18578772
4088917
1131174
11936354
757524
8990990
24769972
12558497
20483913
7660716
10225523
17414772
20332652
24398407
26112390
5310581
29131687
24395226
13164134
468136
3166356
26977877
9505250
28772354
10600392
9984217
11252979
24005843
13378112
13384782
14298417
25445993
3331393
10943759
16326382
7002602
17667078
17109256
2332973
21872715
16488064
14987117
10105957
4665645
14070294
1717164
10950022
18307125
10872444
15346257
20122886
22357578
6021059
28681034
17519375
15754549
15409680
16671772
28511001
6735694
10053389
22158232
9119611
25488791
22436682
28377127
23473204
14597937
19424767
16505857
11766758
1465993
19720398
8388793
22875623
24923170
9648295
24763766
27344240
7318441
28128773
20601853
23641777
19426511
2914928
847603
6047123
27477561
6618383
6352769
26776084
3368172
28881551
9902485
20819162
26642320
27755935
25770922
2831179
7602347
25945460
3377965
7750371
13600803
17544073
16915432
26738931
2329854
25794994
6742386
2480238
8702262
7330499
22794174
3022962
4597368
13032795
28854355
701477
22053785
25434794
6517173
1352585
2239231
11306551
24208241
23811141
9797161
28985463
18256788
29011977
1988231
4637467
19994939
16021873
15214219
20280439
9640118
18653190
6736306
18215462
8846065
5679300
21536706
28564953
22132183
22699466
20139011
3419561
12987879
10344774
23195563
24370623
6304344
26391666
20312964
14026353
24357927
9945185
26997232
13619321
9017038
4769933
18583249
18518075
25185329
15364603
3187707
10228231
9807125
1057006
25838756
28244688
12707118
17640815
8425942
8356196
28515162
28597811
28187574
17777257
22844005
15607472
22861233
21437992
2033738
10367779
16189122
10738606
928147
11870873
13839646
9302538
8744604
22022221
15330367
4600672
5557478
20934276
13549476
366012
17509889
27001516
9462319
23154497
7929228
8988132
28132198
10737905
24557381
12580102
24076024
1406013
13573733
12493454
24052444
10098707
9439632
4318249
26058961
10429184
3126268
10621000
12775745
22947507
16464742
23556092
9854771
5191466
22227962
15707961
20063693
23515393
8715861
474187
13825874
26351324
3234325
15552096
15821881
12794942
17809943
1226144
6513569
22278601
3053821
9377769
13199747
17814023
1191981
5081534
16457013
28142337
23316259
18379654
2736310
11273276
20131704
12950385
14287774
27872570
6992099
9233080
9689519
1168112
26399863
17077353
10529443
9242958
26902153
4239311
6281373
14334917
27332324
15939375
9078854
4043373
8185788
26921787
20160585
21013220
10925276
16880934
25406026
12042983
27407951
8589500
26145503
21419135
5958285
23858269
7826625
5823987
1636792
11415741
9442244
17156905
8978774
6290132
21765160
2210810
24870563
9145572
5256062
23288951
7753587
960642
2686363
5976143
15996511
3279651
24767194
28042294
18632984
6460100
15057481
5988816
2631215
21090809
3236083
18937873
11865051
25570885
15185318
13639888
21240541
3152112
14195320
25571539
223144
12619587
26114749
1581612
1391985
4295420
10246162
20581019
14124132
28566713
12523
6757791
3450242
18307094
12984813
2287742
3828885
12770247
2752732
2496917
28029333
25628774
3752554
17028738
23133919
1676780
28604569
14472577
2928968
1575732
28616791
27801533
871176
21819328
10139025
28774541
8974863
10839450
20568496
26169915
14760045
10865430
22932979
1162500
14478209
19018141
28695010
20135543
13900915
25087534
27904363
644169
2494855
20879349
17584170
27464916
27907813
27028836
15015787
4287436
19508131
25601037
7306082
1256636
2488039
18103150
8206045
11964949
25239406
28506641
3236936
13597545
25547221
22718412
1627490
13146241
5117226
22411051
11034754
2900320
22592679
7025014
12220000
4189939
11775110
19715334
2092703
23620377
26324280
8218325
15784929
18251495
23112998
8006507
11854165
19683091
22023745
27662980
8728012
11641861
2959419
28482100
1613628
2044554
7244760
27180015
2111487
2216906
28978372
4009740
19840321
8046314
24409905
11308240
20900811
17314734
22551055
23034379
26639023
26876360
14265327
26581997
25200904
3429907
15142763
13351186
598652
10381884
14347135
9405913
28831807
914865
10880914
22397189
29093068
5027853
27361644
27261748
11536586
10575632
8759836
27335655
16305503
25898746
17917186
27026433
9479285
14478269
27572626
57026
20479031
10835420
11439234
11849718
21634830
23564454
28164052
20352740
353651
3075843
17328574
25238193
981798
5853060
24195546
1831320
22651268
16786011
8145486
3004506
13073704
1664665
28222044
18439071
16419460
3438917
18257382
28225834
12802813
16737206
17777793
8629312
8004165
6678355
12845667
20085665
23210802
14731782
3024165
4275459
2094045
11475514
1042647
28310479
2005367
26213109
12489409
9290336
22515882
6480821
3942463
23794634
4048779
24783127
18985264
17353627
9439678
1520175
10448040
22977076
27536616
743012
24943646
17078501
12627553
27273886
17061499
8578917
2281311
10352226
22036386
2943566
28273721
22793114
15821070
21875032
3697227
24812163
5347873
17524823
2432041
8319337
4809370
15855153
4987022
7108662
25709162
5266177
3143560
28508603
27193431
101689
17275460
26829761
18820576
22852211
14636148
25512848
15702532
28497746
882080
18046847
5926071
6398689
19095887
9812482
6170733
15332404
12023695
26188537
12715453
15736889
22135889
16504282
8949566
18524420
3965102
16004134
7232747
21845445
11233143
363670
10441114
23583250
1837186
12111303
25953254
15298403
24630768
16459259
12215249
23643392
28110961
14917163
19031530
22567057
16592362
9142197
21420526
25446807
22856222
15014746
25590898
3611469
12539180
22105433
11291672
923232
23574566
25672652
11404331
16809894
27686484
27489811
16433571
15698784
16640536
9493994
21886729
19790951
7151873
16101660
23415436
24347479
17128376
9889333
1146531
20305556
15445976
25209355
29015909
8888327
2475566
22289040
21479798
1259522
17334442
4422595
18678901
6764672
27146169
2718095
376323
1631274
492849
25743151
12615629
15653160
21145696
24588644
25535515
1607969
17776859
13526103
23200947
25982821
13246932
23900752
10093221
25361224
22733789
25530444
16568530
1216044
4954598
17057203
1384195
10569770
25240002
5604380
6388349
15158468
2225246
22596747
18175646
13999689
23401030
17186986
19277646
9181301
25615360
1652986
7567022
20954038
19082746
28460196
15889600
17045709
1166963
3366352
27596269
11161319
20575845
28671328
18635423
23544829
10620776
24939816
22984996
28885108
3379134
2595176
26142823
17385557
17999292
19792234
13525618
3863302
10375201
7268234
1614279
4661321
11730240
27070402
23868013
20840612
27293232
12523247
8253015
8809219
1594082
28084942
21685896
26191017
7694126
22855608
19363408
539242
11204255
20389819
2742285
15153578
3399459
25154164
22663514
3779564
9417033
25060959
2249023
5713880
24697994
22507452
28756884
9693203
28937171
11344766
2231171
8127587
572739
9328074
16283324
4563066
10034390
17633863
6827608
7154883
1294927
17777164
26956958
25210678
16990360
25551697
11293639
18423470
15737131
16406129
1530540
3703153
362965
27705147
24920572
4648365
22730282
17412118
26265606
10453158
415600
22063098
21004264
25169674
18097259
17453036
16539032
2879506
16338936
7854019
28161501
5244249
786803
1405261
13917039
17370465
28618141
13691084
6536503
12033978
16043164
2985394
26746157
14518174
4974864
26312029
7542760
1920698
6640091
4202508
18608895
4405927
22769414
3551228
27434217
4861326
1114100
8685013
3878006
738260
25870791
16399813
10130785
12576339
1947121
19029530
477536
6227737
26807921
3551109
4091396
20328565
27170531
19237703
6975414
21857741
19671937
22143827
12471804
2234164
236668
4701241
24935286
7551662
2437128
8392778
983320
19179414
11974223
6281768
19767476
13294452
14452692
20261256
12098803
14522959
21381610
15730002
2136341
25282931
5540579
3657268
2996724
24116365
28725766
13991588
9385936
17437773
21907158
26574138
25262454
11488581
21067688
16542508
6568342
12417714
25578556
23861553
28571939
27839772
20989077
28666221
1195649
29089733
17683221
15172376
12386618
14902254
10189423
17282648
22286206
227789
4091502
18165137
4374002
931567
10888005
11971799
21335319
62151
24310025
27523521
4920239
8649973
9767527
11866790
13005776
26898785
21676051
18709292
26644123
21059344
626574
4826848
6346689
21584542
23786528
24263971
21776048
9961634
2834719
22924644
14657361
21963510
26080707
21562204
8756249
469428
6465348
12615373
24301912
5303626
17755994
11857024
14447772
12028743
8994314
13100059
254662
616706
18082718
11460849
4356229
8202033
10200321
11242718
18612068
13824894
11072826
28011405
14107847
10031210
15647512
22255158
2850835
25611279
4740430
25300877
5327516
19965297
24019379
2088462
9659429
5727251
2862710
1347713
1417655
27181182
24177342
17953814
25420478
9880684
20064103
11917086
8393540
25535428
169892
19760664
18520621
1041615
2007466
10656264
25983950
19196234
7158302
6709959
20283762
3578707
20085072
22042629
29109443
7935702
28385752
8311716
23113171
4841529
6330372
12623842
20564279
3940231
27049712
3146966
20290719
13332250
11747193
17792876
7014806
28288278
7396772
26667932
23021241
11971233
22301537
8917565
28072473
3579594
5428461
17044708
22432840
12149370
22816878
20797727
13982531
13187797
1981344
10489329
3080824
21193715
14734131
7060887
12809513
3361036
20559773
2497843
6317443
12618916
39678
28310450
24070612
24585540
23169969
3747249
2702335
18721943
22292679
671339
10306755
22439092
23387831
20438687
16970414
28432655
18816383
22296777
10106973
28751204
24915199
14823512
8384202
1016669
15661115
29115245
15847167
26744432
2458164
7166994
17708305
23417714
23944056
9966936
11526779
4448026
10614571
2030996
8415187
29013588
6443509
8671643
24272253
13758750
1622304
23833638
18325682
8868754
26541578
24443462
20367002
13542104
17965972
27232533
14329502
18076684
26657080
8680173
9036126
27004026
2026513
26544944
11890935
19496029
28512366
9495783
14836414
404558
14391062
28903545
23544910
11488333
25852914
438615
24593069
11557125
16095634
12685795
17661753
2643048
25281065
22294469
28372603
29049289
19379028
24452904
27844132
28813055
6653660
1294757
4756664
1334058
27192579
2395152
23463190
17751381
13908296
15092869
6019649
2902728
21854206
12749869
5698839
3939363
3146555
1550847
23055373
3096160
16564731
14170858
3430446
25391777
21719016
22723274
20008731
19725973
17799243
26549375
13699965
24123177
22065754
2361512
7030869
28244772
7290431
8370321
11731732
649141
12042238
12073355
16007464
7558417
9603313
4147992
10043991
18853970
14146117
27688089
28825715
20332955
21611843
28670748
24186620
1993043
4924030
12262931
6026008
22836067
23287195
982027
6735882
22980983
13874655
17464123
16513040
6641290
25488084
28818377
13801678
23287395
2470042
11859472
26674427
9552918
8805450
1159476
19188255
22973162
6076246
18958542
14949910
9262374
23746717
1567263
14770609
891538
18135737
23847556
5743759
306212
5910946
18431760
25271517
7233365
21136040
16854664
11643186
21004263
26348335
1942206
15416543
11720698
21857597
15158525
9168238
14992288
24243231
19033288
26826827
15617447
24371826
3026221
13295339
22855179
12591527
20083054
13951353
7473098
17936610
16472000
22998271
17481156
16099295
8416853
24750180
131776
9309903
9700980
24391295
4271211
28048185
19061593
21356035
25668883
20075295
19294951
17325462
27429358
23821463
13444180
21125683
1516646
19594695
22372286
27707401
23922003
2146444
26639354
13634828
19259029
372705
14581417
21890977
15967518
17910525
15049200
23704057
5038692
456369
24133277
1718750
21182877
28146299
2061084
8343421
11449511
14277063
22684856
6303675
22304816
12653060
17556971
21772821
24832692
20225842
19871622
10287175
1690990
26266648
28213412
16171627
3208762
15474467
6841777
11067036
12871832
14592830
18374354
22123517
27237068
25146979
18461241
12839455
6340361
16944022
14818566
5145836
10775821
10031796
7550279
19335570
16980369
26491130
20704774
4189091
8178426
22764974
11233764
4322938
12701460
2382518
9329850
10945300
21406210
11052521
21852683
9551890
6159337
22387376
3662276
14397613
8450192
1517218
27180890
1194525
24971776
4786770
26755558
10243826
11855002
10219150
27790796
2434851
7956277
16743375
22115328
22659063
10063514
27654820
24153089
20559735
28939884
17080903
18252618
11854319
4893184
18268882
5889614
20921725
3580758
20948632
16376723
7255666
5705443
22394120
22402543
4371523
11735343
6179982
11613031
28223725
2262872
690995
28283099
4100789
6679861
23620509
27665975
18663780
17518511
25875760
21110691
17085565
12187719
29143737
5964705
2775034
4331698
3744557
4545001
25485092
15243189
23142604
3656698
20137495
302351
16222561
11562067
2315192
3917109
10922035
29100627
16965658
12814709
4662590
24398389
17176082
6101998
1790215
16356663
19236521
3331615
21126955
11120860
9412684
14455613
21023723
27390034
8006606
17661369
205972
11471968
24265695
12483826
16594137
27379002
16790734
1949026
19443607
2374566
5755026
27267327
14081611
21727270
24798628
27720593
22608174
19622993
5669052
27618600
24389709
8115661
23078932
6671341
19257138
826225
25252582
22165929
16827635
25694639
22555675
6525721
13681406
15690267
14496667
4288685
26738970
14416168
25354001
21336281
7096529
13187757
21272273
15521019
28279096
5175635
11695115
13793149
14036859
16356966
4539668
17718368
7662098
11896280
222334
15894784
2802165
18361518
28770255
29105489
1656807
25668982
10832628
28196295
7754872
80499
8094685
24206264
26123213
12166244
64007
20735511
3712235
16096638
22629479
4129521
9942351
24498150
9253480
25478492
27498443
11446963
7139607
20927315
27897690
11020817
16284530
2856676
6348285
21904847
7916435
2620512
7557684
10752129
20101610
12708608
3117287
25088442
24142257
5387702
27257583
2770944
16909606
18386289
6154287
27291330
13679616
13623860
15803282
16610092
7982458
6571128
12709273
25278791
23446360
25041014
23476107
13183257
13743816
3727772
3990737
26324307
1322477
24009077
26438417
13816742
7369926
26889585
16634434
21371313
7281671
27674869
25776657
18778277
23510248
11334002
11488048
26229524
5641401
28035729
3900819
1507242
1928343
16828260
20606258
29066677
11297197
19748335
9192520
6223084
21208870
27945236
18689465
6309310
16639150
28708832
26342309
4802188
9251488
7763139
14398230
17663395
22968196
4086229
26093803
26440724
5692601
12612320
11972279
22937734
15750960
16232559
10060985
2021666
24334638
857923
19874157
5074113
17343040
50859
6337194
4543134
11306085
19140633
9127001
1480536
19457344
8222744
19563959
20748094
13954944
10312001
10373166
25687473
27553629
13481483
4112019
1558442
15664935
24899721
12876749
13729293
10701496
28006636
951084
19260525
2318458
9466871
17540493
2443480
17904775
16356562
24576133
28629124
28843290
904257
11076578
17512824
23427801
28055532
18502
17427472
1561947
15695258
11219028
15638761
16620122
27175874
17841694
1935642
14198224
3673687
2421783
10244546
25688178
10287788
1720031
18678553
20722097
1183931
7027347
8079225
16673272
23671876
17552546
974040
25440032
1824620
7137896
6000329
26493585
3126818
25012019
4726761
17878711
2846729
26957068
14684480
12977649
3811580
28673860
3953678
7145510
10937570
8524515
25813199
8369265
19339675
11651206
12642872
13670660
12515472
9330254
5342806
17035418
5371500
12639718
19439703
4491036
4011078
28951886
11410397
14408108
22165290
6929694
3194230
8672654
12789061
15170621
9023971
25826071
7379864
14232738
135886
2568304
7988415
14161993
24886394
5669015
17939308
3312618
27131428
24640055
22762329
21863089
16399290
880463
8628640
19647818
11884214
8406544
25590171
23284278
857452
3136209
23300634
17183610
28808684
5766565
7790757
13594808
25690185
4811559
6244323
15133893
25645486
2319400
15026260
11217350
7697587
22459254
28513865
24071914
27044340
21881865
13234448
15555046
7799824
19025671
12861222
17759937
7549092
22453961
29143645
12833843
22291101
7177642
28196427
15213875
9236381
21782773
26154060
10556291
27129649
3924923
18911208
14428135
23781813
21727006
11863486
2429248
14218489
6631999
10837466
1132867
3725615
13012352
2693824
19199888
1120152
19567262
7419867
23875250
18966435
11609576
3440990
7077226
27101262
6413654
7863390
27840091
23813124
22229137
10448658
12701514
28106685
15987777
21368224
10996139
26312092
5231487
10395357
2729196
21709959
16628688
27599044
3329301
11892200
12286563
1423595
6404903
19404402
14613865
10077834
11889209
13668315
26187337
18017411
18064746
1404105
14794253
7035007
11111610
12926027
13264456
10136865
6754120
18835686
5780311
600782
13226470
2325102
22926669
4290152
8024232
4736488
4956055
1905706
24290872
11685736
5613305
25487070
7515193
945550
13050498
23031799
14407144
14426806
3223157
11029739
19452495
20671801
12574126
19778320
24975482
23588771
4356554
6153337
24412791
22258783
25637689
8936317
23460871
18190181
18137672
6118526
9605617
22430320
15095976
17607377
4170543
4667755
12436572
13643395
15698406
17427267
9452215
3377405
24134311
11711357
17259188
18477750
14499894
18145356
15421766
18822144
17979555
901345
9675649
5120047
27957913
7447508
19958646
6985919
27388138
24867352
20182551
10801815
7903351
10428221
5170805
19687149
7772923
13812880
22994754
12321001
12096530
26900859
4921792
5656561
16015037
17917407
3055983
24837751
18969376
14520421
9146495
12859507
20907008
21031716
14321402
10615567
28022945
13894869
15963369
16586323
16964001
9754330
24434585
7019777
21458872
10161500
25852395
24611923
1716349
14897470
26202783
6439969
10885822
16164386
21404153
20337287
28108032
17695563
15691256
6109868
12416987
6918353
17341680
29095016
11812346
426533
23812199
11436622
26090869
6209039
21311738
28747798
17455458
3916659
29130958
15650524
8445150
598499
27569141
24436381
4011648
10038397
3839391
9352109
17216355
3708589
4646031
11641737
24082151
27576477
17928189
12481972
24266008
6558721
5282817
375723
22299240
17603159
8928459
16146645
7557156
7038653
18420415
20608509
24631510
28532458
17241384
13168770
25746852
7174318
10240564
13463113
21982042
130801
4706078
24378193
8786439
25033130
22873549
11600178
3310469
1013041
26002730
13533859
13419482
6483232
10250839
6152594
28849578
1889806
16529805
16108647
11567144
19047958
3367125
1106314
2785606
28870641
21731780
1927313
14352276
10109763
8757035
16407424
10147937
27636524
1504643
15989836
21722661
11504082
4401023
8580185
16753560
19519498
3283019
26070463
6793655
8361033
8426364
2384505
9126237
26641848
2385096
10460830
16262352
3656485
27338109
19661868
4161938
11622017
11973852
16748427
18765401
29084087
14902781
23318102
5913863
8804136
11588813
2786050
23910523
14041526
5297165
9486672
2369417
13725561
17644098
23212725
28394797
10944517
29159410
27825408
23070
27888611
1926295
15404059
18298122
15716092
7688015
16573512
22016617
12049766
1845646
24607300
12813798
6098644
1372863
3127813
3697188
26707288
26648885
14423851
11672109
10375179
10646148
27120268
14490764
6699581
23213316
19372964
565021
20074373
15542686
13779012
9590489
15370204
7716043
1724609
22859475
14441824
4371440
16212892
18039542
14550576
12878011
9685985
21205031
3825576
24442503
18433338
15035179
16273706
22581277
3355416
14687990
3946567
3906952
24277801
6134559
3138942
22633853
15946010
127458
172482
24866543
7865880
21670730
12077794
16156744
25450158
25562283
18980865
3334881
8353557
12149120
9052435
4047057
2771692
17950398
8168797
14655636
1323337
20389291
18634710
28608465
19570190
26972009
19571584
20447523
19348550
21815059
22461371
9883042
21421579
7661753
2432323
20869137
15024147
15675512
15979454
11758850
17208726
25635319
23442447
23110075
9377428
9905612
25038260
6919631
6270635
6583081
25180927
1874873
819101
20822702
27840455
17926242
7623459
26916526
27146153
28269083
393480
4443192
7450718
19356017
11441181
5560386
23693258
22068871
27626787
19504135
17476404
12902226
5901465
3180409
16875389
21261371
22438552
8098753
10898705
4395762
5763980
4358225
21997993
1696434
13199243
19727504
19940090
27317952
26523045
12346535
20818364
29001039
11805586
20693907
24822760
8175884
25897175
4189122
4592467
4368135
3246244
14295994
25186837
13800095
28705433
8776636
6240
18042790
2334772
25344055
1201343
22871121
20318983
2270489
10916345
4684866
22364460
7593555
6499587
26682007
19344524
18928032
4178279
3629701
13600306
20633637
3583417
11172614
19746453
9100048
8341298
18606150
4394136
16410201
3437429
10662643
25245439
3822185
6485020
8623652
5025072
28090855
11954776
15634117
27869605
3322790
27345279
14486028
7052606
6375130
22503727
15714822
24131301
12704643
18849859
2427692
19690759
13286944
21634891
1140303
4705912
21091098
4812295
22891493
9968337
28775244
22981198
16621787
17600688
26357741
25828876
18550956
19024825
27435561
7092412
13383577
15073759
10613723
21142301
20497784
1047404
9799084
15668538
21703609
11817459
5562915
28756377
18550455
8581032
543792
15131583
10974419
11122761
24000626
18713870
22506551
818130
15427032
9596485
28209732
7332915
17196890
1102118
5641248
12361802
25638690
11044850
23735975
28369894
11343217
23632821
27307371
16785200
10105622
22107233
22427004
15785458
17856158
22222447
26766613
18581032
20290958
21420550
7419785
12826070
22090413
2553639
1768399
8094116
21559596
16751188
20495242
4835087
4623429
23756399
7429402
16072370
28861634
103154
1062523
13361591
3170773
5200138
23518197
13123739
23054649
204557
18178846
28435127
1931489
24149638
804820
26268463
18133711
23669721
11057671
3639871
10154044
14177211
16758875
16724509
12127759
15542418
16209260
7354633
24054765
7326248
15009847
5143617
15735956
14665960
19003395
19207035
949063
23313639
13748468
23779523
17076643
12832782
27630307
23626602
6015927
6295100
15210792
14493840
3159251
15684034
5684570
22589536
20853027
20020032
19318823
4773126
20647653
27686587
11148361
8554722
20750293
19147461
15300222
25688922
13716897
14493331
24262142
6329541
25040571
915685
14952791
12253616
6816855
21335206
8415810
10325661
21939424
18330332
8809270
9729716
23991008
4468113
22074287
16079901
28532380
10435811
12428339
12092931
6936294
