#N=6400
493444
31562429
3284551
39626392
33670188
28629656
13512981
34822634
21896603
33576526
29355496
8767332
24613632
6431507
33194134
9288568
40606299
27694540
9707262
26458032
4571927
7276953
3913358
17142709
7339557
31511804
11976042
13976698
13211419
6082525
29030389
19390649
15455836
15614895
26113411
39807555
6733053
38460052
23030734
30692867
8962893
22923989
16533199
15325064
24348804
5499593
17144902
14148267
23122613
2430309
22544674
4992813
17500992
13361554
5166667
34322859
35863981
23457112
2509905
11384365
8190285
13415493
34237239
16608282
8881842
5216955
34340417
34563783
29497158
17670341
14159668
11201425
39535185
28597201
39140163
10200537
23336981
32278189
9167188
35693396
25889317
26746716
40786147
741729
18457574
40233152
31812954
1083211
15266827
30054413
18107127
9145599
22097247
5623879
23227865
32841655
16679797
34233672
20404115
35859329
19095156
26522467
13021263
29334648
22823816
24425570
18596945
28603586
6388871
23380473
35867250
25147588
25852738
18116591
9888776
17374363
1569919
19322137
539680
23684824
25520761
30046843
26877734
30215593
29904083
6557789
12437540
39344065
15138516
34841649
22838065
30720509
21262247
29555694
28301299
35180231
18036698
12780067
10299932
39764880
15091331
35314255
15258812
8478375
34110267
8130235
34398279
18845096
11364971
11452837
37767091
36265169
142760
20319945
35341649
8123613
32379274
18555892
16506000
1981602
31142998
34242372
19982806
3645611
29082592
33084827
1483894
36795415
38648737
15945678
24506067
24176552
18767583
24692173
15040097
15265171
14328859
40509037
39601602
16059803
11310077
17447145
923520
9582743
28900672
16785757
32577614
7001266
4976490
40787225
40522393
27497386
22723376
4461575
19725313
33247177
35396091
26498217
29852944
32035780
14741690
40773895
9136455
21066008
27926910
33054656
34187166
39229057
29198960
22154456
32699878
19290930
6110069
1701359
17965129
21899406
29372863
9353985
25002470
18439104
18063849
36060818
25335669
7039794
10025484
34187096
3394233
3360311
29320123
6642645
40462921
34635683
30410581
34605396
4442437
6261448
3855696
12032710
24092775
9908030
33607983
7602114
18889396
25170664
13288497
8611144
14460531
10933758
8853732
29901653
10667031
28587650
26035333
8712169
3645561
24228769
4866973
14315184
3857391
35644440
34755661
23421121
6796841
24149132
30749700
33369728
40692270
11511261
36948323
16490661
8582230
8437319
35273617
27841848
10710132
2354739
17321007
25518879
17830323
21226083
3866320
1954862
24942089
19370160
3845195
6893972
37934974
27746130
20519524
38959867
28847599
10606528
10235017
31950709
1020458
19238438
37381406
24201609
20492627
28511004
39740640
21700382
38687188
9522473
10520841
2754849
25484416
37054925
21652559
15875461
37243994
2059756
15673262
35611713
39958782
34622662
27334449
39935108
39858531
27476592
5328445
14460486
9586070
31956579
35529304
35342445
16309407
8870402
25420970
39752246
7387412
6821762
28743137
12535933
24998058
31989512
22062291
9608955
17374527
19592803
17765795
19195877
20624570
39574197
8277264
23674
12327727
17421453
11210258
25398045
17890521
31895462
19891182
32767222
15647172
26658902
9921475
35080758
19046586
36162804
28572704
35811479
22783705
14317221
31433643
15389103
14614985
2469488
9406756
39138650
16531828
19151599
10918613
38164492
3850065
8419407
6377011
27889682
40490932
20274797
5506863
2686895
16248290
34192281
22845746
39090011
25175912
32282268
24071649
798702
13379099
31819079
21941432
24958198
40662236
28964154
23545943
33999932
3501256
31215158
4823632
36890933
32865130
20062802
31787481
16920383
8888475
27062215
39946415
14407632
21590103
12274583
20801150
35681875
26579964
8127074
15018362
24377210
18903169
33212571
19817271
5984497
8720439
33937279
18975851
6662304
25462898
33290786
5779895
25133920
15913624
25720830
5103452
15944746
28737923
22288861
35497565
35440844
23035708
27671832
11170078
26868228
26654619
12674076
20663513
2202754
30183905
22765792
22123535
30482268
1095727
3443588
4572242
2058134
8474380
26645066
18446005
17892574
17377162
21019065
37594064
17532473
14546503
378186
21407182
34257079
16816749
25389328
874361
37127481
1017213
39456003
6204715
24451865
23450171
38857722
38602816
17265233
39233661
36243543
2513621
16601188
35929208
18887177
24572130
8145402
26831500
14990536
38822107
17408284
24036158
13819472
37085292
21249425
24521438
13581450
9986313
20649269
24372115
2378359
7526361
35088945
16005831
8306993
26809049
23748534
17187657
19922869
32315207
22632472
314334
24586445
32989059
27783806
33015678
27145190
10283295
26986811
8517974
1606230
21282993
2786733
30258035
23503842
28826708
21435765
6772930
7607953
13122908
6846766
3936124
40179368
8279895
9820893
32079337
24449776
32393328
12118781
19608535
7728762
30603414
31054125
32530768
23407465
17500511
23592462
36190812
26240661
5703818
5731241
29871792
38739152
14920026
8822269
34294507
38782350
25876453
40886165
3671829
13903540
16130467
11678827
25663627
1393715
18387566
37524152
4841241
1268161
22475368
6118006
16157994
24759544
13553614
26501902
28176654
8823445
17888644
30459571
13932465
25488262
31771216
21049522
4444645
34661272
509412
10971938
35110521
11972913
1359293
9556598
5803509
32300347
10854857
29099476
37512475
34683001
32612380
39683236
26070167
38675824
10127988
7219688
37542891
4730168
8613257
15280679
12454576
9963978
39648356
33842944
21043617
14673539
38103706
11036302
17114347
6100095
27176241
2157517
6169404
10018946
39661742
35227629
35747873
34695453
14050692
15392835
8612833
34896556
29555248
18850479
1132933
5397819
39566432
39825807
9839188
16212875
16592324
19571633
29880361
1578411
36699238
27570911
38519193
8607206
1423657
32520426
40890692
17157295
3455776
29465371
32794670
22529885
21176937
37918633
26082619
20114137
26797588
7325950
10367218
761023
37807644
19830723
13122227
40917152
23233483
31227556
27292515
32577509
435990
19873046
4019219
4695627
26147254
23562363
8676515
1829958
29064650
28988916
25322625
21885891
8288434
12439633
14010862
18626396
11121045
18756669
9746919
2640160
28041903
8100091
5202392
14454087
37557241
22854671
13624637
8219570
7395161
24983064
28558289
36700364
11289388
38980453
36979112
920891
35457714
38211196
17467333
7178758
38264078
30446588
25438625
30622039
1318588
36214194
8879477
26044481
8278361
19210424
15001363
13587816
29066447
40871318
829450
29337671
15459510
6205169
38184877
11654797
31257272
30537837
17284848
10368497
3522739
16331512
24413558
28278955
17510714
4584341
40263730
7642038
5731595
6788027
21742562
16234108
27935832
7232649
28606713
35650546
7707573
32653642
30321962
40688777
25411807
12187877
32112794
3804713
33471494
25210636
11933545
20888774
27015097
18516931
3518535
33767381
16384394
37392813
5578821
9868675
39812746
33475702
26859477
30457488
19812196
32073509
28587395
33245287
40485077
13516667
22892180
7978797
7241835
18134085
26139578
39170690
37239980
24465754
32831168
12582719
39155540
10980210
17370239
10811312
19696133
7085722
28188559
6515719
38540068
13063120
23969199
26918854
31227102
35745968
1870093
4130505
9152028
32634324
10353106
32506280
23838428
22321691
40362815
9031145
21854106
1673824
6339522
24657260
26270215
39414554
36172481
4947822
8847673
27848113
23582754
13180414
27069251
32689035
23506520
29184810
40359614
5786827
25048761
3700192
3197535
27759365
34737399
17605749
8795896
5595011
9707060
32370878
18031181
38688991
2691623
38156846
33927206
25448564
29444780
21322392
7170476
25887964
39888665
36627260
778861
8457314
30633894
38844442
33289422
35283289
4136049
13263017
20152888
14852991
27486390
26551786
18963469
29142388
7898689
34948615
5127425
11978070
29679255
20834336
22325380
35766656
8712066
12604814
18278088
21120412
39957324
11503217
25109102
31431351
23556961
20458016
16127893
12914201
34708393
37590001
32693997
6846653
3340223
34561102
36849523
39304002
18653097
24974855
618558
13484214
22832956
25253090
7216286
11476195
29685866
9720566
17488568
5155249
13607491
6774870
36971311
26089569
5509852
22214682
15303457
10642760
26709623
37061489
21180204
4465335
10853373
15696491
28520727
4996221
15908005
29438264
38685444
22732479
19705495
33889064
23831524
11356761
13130820
38455720
11551223
24530616
13676671
10713697
26707535
5081518
18828614
14756628
10786111
35827092
13068655
36765565
7026152
39807884
26208116
23047309
34468205
5857151
17352082
40042463
24834374
34135527
9732769
22359976
16464550
8348734
20758244
26335805
17369134
29560205
24779049
837525
15386677
26158749
9448679
29514503
35255407
23961523
1687973
14980547
5404535
31784367
10557448
24938843
22903275
37914561
23258823
35385742
21982778
24176556
6913289
2474398
17670976
1384035
1601732
31088746
8543196
8761635
1556756
34095204
31737124
16183895
32348847
26832175
31863343
26447157
27826529
37838456
18556987
10863607
4423099
38989289
26444688
31166484
19243616
5081129
15931782
40042268
5076048
19508380
24069175
5529253
18436262
27542231
10404435
10403693
6135585
32971588
17984512
2936456
1746357
22468545
1884148
23465286
39965646
11588483
7890169
16962922
33415357
38091295
1982515
31780211
19745673
38927155
15234702
20161348
5080
37383403
33536689
40506796
18635714
37486945
36084819
8032569
38970241
35956444
9982777
20762725
31225231
13079563
1052308
36804667
23462899
7859261
15575117
23002724
19133127
28322471
32544003
1635145
35909218
21578957
34109105
40544325
38922074
18811300
4188255
18021881
36311284
37009744
21985573
10603145
39476705
17691971
15613388
35771112
4731212
14466810
19710417
11984160
30576664
10756642
38793146
460175
29686135
28212647
8022316
17497981
33373253
28528642
26049637
36324894
23616883
15297805
36356070
38463789
63611
25702108
13599904
25708139
38493040
4293602
12553353
21269188
12960758
18710174
16060695
10310648
24850146
26517370
31714610
30116489
22030508
10580499
10001455
12188154
12402989
38017271
9011940
14611955
4911759
28315427
40928825
2716690
15234194
28217558
24863884
15315473
28169068
9306302
30718381
34787448
8896439
34803180
5208493
2650110
34820028
7106921
37119635
35693658
22050458
21134111
37678630
9842354
15741106
30507781
20739809
38751035
33105512
39220110
14643131
2195068
13081233
12711267
18812807
40878721
17612085
33121178
2160688
10945216
409863
36875202
29578955
6246329
17546748
15665168
24054072
40086371
2620058
15985524
15578624
12208104
22956601
24734445
6666140
17950072
38362270
22479700
24107903
7514038
2742471
1931864
24342262
13162513
12662777
3255225
15321628
24230465
32711315
6245487
39889858
35123534
36892050
13913787
40715854
18420378
30608705
25632144
1111341
31371955
33988924
8407775
23105560
5006529
3935771
25146441
11405764
30848231
37300825
22176039
735372
30539959
6832683
38650633
15404480
5995908
11503911
9076141
25300607
15151376
10313438
25976071
11971276
18471672
24265082
15083710
34872632
16800346
32603221
33663567
25829991
28982395
22035600
38919120
11164360
14047540
28805617
30189726
6716454
6760865
32906952
3044739
32699075
836774
27146722
6328339
21655302
13916130
16326299
16888132
3180100
9405362
19274585
37847566
1162635
25028332
23440490
1209065
31930356
21184422
29191562
27870872
17818034
7988060
10113503
39498231
7331086
22044751
14846370
3671715
32585387
32070177
34421614
2974331
37705069
30794188
7565635
22330766
10736030
6920937
38573548
6292535
8242726
35206254
31970672
40913571
34057976
19819664
30541100
4059484
3366387
21203502
35320965
36843400
18220570
29028752
1255455
21222967
7022960
23736194
27773698
6214651
11928704
3627426
12972291
15374303
37621754
644698
24717219
22007091
16241807
20930890
32845460
25852752
1148277
12151007
27936067
6602087
16453277
9337597
27262116
25046584
20546528
6292212
35587945
37957604
39569388
18479262
34409270
18371904
29371086
749867
10805956
37514401
24529269
12327593
31617085
33178259
25362892
21349925
30121632
31349055
19782612
20694452
15480281
12109786
36657731
18598469
20299971
8970289
6354665
20969904
30418640
23548925
25246421
34672278
21111930
38761080
6671772
10262998
7565948
9420280
34744195
39438363
5897316
8914606
27924702
27830756
3056627
11577432
1567312
26990775
33432370
25236422
24996722
37841813
32769816
4291037
29807400
40290068
37075246
23765740
13287079
13309957
20000591
4048937
28000506
28412528
31195131
14815088
34042400
26651182
3522964
25829589
11513661
19026560
5857979
33910866
2867039
34589448
19105063
34854487
1994053
36550558
33426607
38269280
25598008
33439748
25739388
6041660
3606584
23765288
21328745
26801738
26269452
9151659
31377402
30749014
35330129
4543949
11292123
8212811
15137521
25456405
37535206
18562796
33723117
29792127
32369398
8972552
32595395
23514506
1427880
22248370
28516145
40946859
30093488
19556348
6436759
1974100
2276511
17764847
15059432
29740681
12987931
36480439
14781531
26833453
37020486
3720913
30366429
26795719
29201202
37534726
9296883
7743078
3756993
24750565
14760328
8854892
25108268
27910621
12561957
1441022
9718478
8959797
34510100
28119388
34843433
6235507
27874669
13495830
22340512
37102589
32522746
27114479
40419954
11060618
37427024
27788363
33043308
33791704
35062432
21458123
10381327
25506319
10546346
35862102
17205893
27809708
13856531
23667246
35755739
21165756
7890922
22559091
15076364
4878188
244719
21347603
24854996
8335675
39496681
12789628
37642636
21462127
30647456
30195187
18977311
21198916
33685932
29148780
13972
27119708
10911777
15479226
8300426
23696638
39569167
11102243
9617565
10254371
15776323
13196648
6089391
3012734
22314372
34688762
38546788
9472639
22810922
29628964
29216636
35598150
23102173
7447449
2484816
27012136
37469256
7392127
21184944
24129819
18237003
2098342
18819282
28175140
16870059
14761779
31642669
5918391
36285920
37380918
4164979
12763589
8445872
12360630
22989543
30405328
29441436
26481420
21216004
4776368
24090386
21769186
33113334
37050038
10938194
12656285
5827192
30903032
6718720
36650198
5310537
31021864
26188283
21621098
14096067
28515264
19435860
35221751
1753412
125926
28935046
9367945
7337642
36564140
482790
14071718
9189324
24665067
2391034
40406819
30186631
28000349
28394588
20457049
31222846
38558759
5937565
27700591
25592495
16656857
10461914
24649440
16925797
15236615
19748834
19834316
26761852
36873529
6286705
9949062
10351880
9934502
8885155
34225924
3978411
34341319
11680684
9742506
35438437
32914282
29575827
9729582
37737503
30795830
32083080
21085851
12966264
30240709
17238676
943055
17294656
12788895
22464201
38051481
29434764
438901
31111207
16812789
3125244
13915799
18627503
17085957
23519686
33067433
40108836
35195906
39862883
19726403
38690276
25708854
12740374
39739998
36170099
34215248
17829566
1842371
3847175
12023209
30509649
4449781
37002450
20203175
24314131
39588896
24503870
30185571
38273658
17195408
15748882
26999288
7959708
26520071
35500718
29283781
10768145
20382432
37465631
14154029
24549625
39910279
7102351
19485127
39474028
10931323
30368073
23369953
12292723
40357394
33544355
27870069
38659247
14977150
13262901
11692156
1315238
7308461
14436688
11274370
9235700
6792407
9062166
19635928
33315521
32681881
32778150
37574117
36792808
15118948
24615274
22628093
17999847
37131028
30077055
16104075
16202196
7574274
30785598
1986249
19261743
18567205
14607168
26967090
13661911
5954440
38215469
31000869
39032762
25207877
19775800
7163367
14436887
34903881
4421374
13305000
13452669
35222798
30522439
14164715
14682697
28444246
33511039
1895772
38492428
40066377
2882072
14215947
29272532
12218393
28339082
33254654
4905294
26216324
6315217
224638
7881678
13007592
11225069
8472990
28334586
2435514
20305589
18695483
21451212
10158577
23742561
40247955
38103696
2078193
39177273
12786925
30911819
34404663
16577295
24276481
10793845
31623680
3440460
13581474
7313099
2122758
3543031
22244252
35898241
34267626
29959569
40368689
2236602
26353151
5730996
9639103
21944303
10147012
35912922
39726854
30578477
21664368
18634278
25316771
29689970
4772610
13773226
24198934
214413
2517211
38399616
14775967
24310581
18881298
10038442
2632443
7184518
10235406
33244683
13093148
32031024
21170014
34637693
33557500
21972444
13147580
32249777
40741045
20528536
14248554
21092576
22825302
9537994
31425264
29107141
5491036
22121793
28819611
26759319
26398447
19166630
37081914
4737524
21678138
11696780
40763037
10347760
11654966
36727978
29638265
19415456
16037120
16761166
39053709
18871318
22191399
33579045
18001223
19648469
15266829
22274156
7230908
11281757
4046958
26867067
287530
37255314
36683347
9652980
7241000
21660922
15052088
25385134
4934488
11330378
41814
21598655
39233092
9803106
20690858
30440694
21321748
14729398
35529768
23038260
870095
20106526
18312215
13290663
29981156
21548668
18227198
21323842
10994227
25315241
31143721
8198145
30014313
32586020
12164488
22815867
16726434
3721710
1946915
899429
30620882
7802304
18471393
8792398
29441359
23525056
12474522
15847084
13859303
15423241
4726044
5143027
7688966
14327143
36023466
8657314
28118036
33871958
7743717
2796082
12864523
16121296
13597253
7198446
15859586
8442778
38432547
33390601
31624424
35104612
23388037
21828484
19320946
35906338
13881471
31157871
27229349
38011282
11121039
8716275
25297871
7962497
10079562
16595248
27169108
19715104
18477192
25321954
38571030
32582422
6762425
23229673
17825306
5154474
9725900
32580
35341951
3327935
10002564
9795940
15783666
5045295
7947013
5726671
8676989
34393786
20036831
36076669
30277006
20722138
39596714
26266219
21753390
7928053
39078056
19410749
22104075
26854771
18559529
32904953
32320711
1607950
13503773
35356322
10772524
23961561
30990017
2149606
28504269
4957269
1848927
27620591
37328307
32076823
3253435
31123916
4116780
16878289
37439956
4010787
39928749
8272256
28148164
19906236
26783979
29786881
851220
6762717
12097656
16951579
19401180
37924390
31795427
7105808
4366305
26186514
36417292
26032747
300679
18447274
26152559
10732104
24367156
6204390
27960043
3938742
11247556
17669589
17909540
5771295
16822624
37586109
22448277
15924879
19055016
37584858
17689225
24859642
28321538
15133266
26116153
29858968
10161680
23172508
11648516
36857154
2489430
17970018
17443784
30528575
35040119
19948169
23732062
37992009
12520430
27854050
26989203
23039857
846965
38847028
886613
18461341
36094688
2427015
15799250
35155375
9263320
2555958
39703490
16026165
22535182
20507240
18210452
31828123
20683078
11242094
19413370
12920856
23889900
38455616
6796513
14611705
7427739
13441607
28566402
7044168
3610680
5705770
39716840
23345625
20315936
16023194
20225687
939313
34123696
13243291
36411886
10800750
38544373
19196249
38775714
8270655
17387758
24531954
12414752
25325818
28312194
21917755
6124342
26841791
7631472
10918502
3608899
17947166
27394523
40424228
25850925
21225056
2953430
297241
20683534
19376623
22859498
6982395
5487427
40886542
33222515
17215637
30548633
30273718
19372087
14243760
13419498
9625536
13783355
31456998
19201475
1470403
31849879
12769436
40796488
7247901
1087575
4144672
33056242
23733062
14074392
2157279
541522
24536808
18397743
13701138
13889195
40496553
32283477
29231791
27901505
2948796
15407146
16304872
34417816
27310146
18024001
22922501
31384062
12312952
40567119
6432039
19197512
1205573
29245457
36651816
15151660
35878109
7633875
30898962
23191540
30497585
1323132
27800385
10647613
36424787
22377662
25617405
30158644
29334681
31388241
11596632
27054577
29057000
15844467
11495314
36886085
5711049
23315383
1555618
34075440
15965141
35710178
109292
27013913
10930944
29017940
25212699
12686569
35659887
6179425
36351156
19849972
5858346
5422723
25990209
6266142
10606577
11792759
18562012
19843699
19894837
13315761
33122859
33130916
10133418
29139932
11934062
30159205
24913837
24369036
10569743
29911229
1382829
29614949
1801214
39204375
34318054
19033273
17295414
15809915
17884675
30928433
34819764
40552204
12379742
31761045
5267726
31722878
32857923
5246251
4284436
4327517
20745938
3982926
21196853
20934214
21789691
5128622
37153058
35962609
22986207
21914795
4713609
3138455
36256896
331537
39472557
18508138
18712194
27326982
39513748
18292472
18548691
3058718
11888073
39180460
16466718
21475
4042037
5134001
2063908
301510
24090664
40771725
40716832
33631827
1344751
26787082
23102416
15238263
7852595
37411348
3221495
21945668
22189495
17748757
22579344
12145574
37517987
17983318
26341887
36455030
6404399
37891827
4155596
29430193
35138423
11332716
38917568
3740527
22003338
2252184
18108274
8022433
16030569
13929750
10529411
3670084
36498083
26651069
12016768
3470522
32785449
3036333
40326325
27607516
21190771
4596026
3367283
1062957
29142515
29410061
32299433
35497802
2753404
10386476
31472626
8001491
30289379
13268979
3195848
31544501
3785211
21742120
38453022
12360485
18391667
24838343
32613316
9631156
11429216
26544031
4104198
22741528
22805563
12333894
24240233
20127814
33977108
14917223
27287120
34604713
26656657
39476553
21588772
12315508
21057097
35767243
4805643
16308474
9483768
39977325
34051479
32384727
3350453
31178275
38270765
26324107
30972723
6069285
23090554
29647688
21302064
32730304
39461296
2677748
19316787
26886606
10404290
16935990
29220567
28770568
13015941
31904744
18419456
3385124
7509865
22312219
26283475
23351915
23216996
18059042
36626872
20436800
11677557
17986346
205551
32201480
20797149
1325035
2330817
31320250
7749988
36187911
30977113
30138285
33233459
19944393
38626040
40157319
3920049
14879418
10351112
27194413
24394879
13670833
18061650
25117951
16658819
25788029
27685044
20343791
6381484
36204121
20231249
20436078
14752793
16444112
6474257
7040495
34535047
24666503
17906733
36135300
2954452
11032720
32472246
10639736
33587940
23746622
29806207
17685637
8048135
14243875
9132763
40236928
14575610
33233621
14996503
37275028
36970141
9044518
112542
26905407
21451328
3787136
31525417
25275894
22869066
22767755
6697357
15963343
21712051
6874013
3663054
9878311
18404781
26289220
21793530
15902303
15698486
33125928
8552874
26334804
40628266
34422738
1844020
18260582
13827076
5951985
13766081
10064734
28553191
37285407
12943586
13739030
39441667
26321257
18578536
6905722
1055704
40783345
29863885
29397335
6032828
18333835
5648377
2502478
10590733
29627603
7349429
6927278
33457663
32653732
1094379
39931279
20595662
36852036
22058097
21325938
18358795
17440675
14684744
32377756
15407335
27582329
12724090
32535945
25265553
36318788
35565434
30181966
11354111
11530050
23748958
3530350
25306697
16980774
12716645
21227051
13733536
15655697
23396495
34486384
29621666
5202344
35436778
40229724
18493241
4617422
24204790
3544634
2033339
28062415
37217262
434986
19880372
17365302
37930512
36043588
1568272
24035383
6433007
7823761
3786949
24331780
8377301
21643242
20810834
38020948
38790556
20207153
3597627
18194151
16613202
30351943
4272699
30819355
33588530
14948606
20147679
37102376
24850969
1598353
8182043
19851960
3464475
1400380
33360626
13895128
29610580
34704512
37812030
40624824
17010055
40667303
3520946
11316354
23812687
18167277
11026916
38160001
21157546
14205685
31485048
26753848
14327009
30284093
28235272
37446155
7661233
18549326
5523928
22562605
15697473
24345258
27451334
30529348
12749801
39616115
34606695
6549352
35258052
14708323
37103878
5693701
16854616
2917265
17853033
3216282
37969731
37781232
6674952
35363699
17442272
18764551
39478576
17840855
22622860
27249542
8525822
26058629
20415448
39702266
36071271
26128126
11595457
5398815
13486249
23764045
21921659
19898372
10405474
29564351
38813707
34186613
28800669
31201930
5907534
21031802
37501330
20169628
37902556
5473997
13448719
17165013
37101692
12229034
9315033
14127826
24397690
27347152
7550954
35247323
28106809
7276051
12641877
28791413
24437157
34547878
30922166
9920904
39608261
17178862
763682
25175373
4882674
7768867
34660601
3301502
692841
8630928
6720909
38301139
9332306
1219685
7849980
40537461
5394940
40491477
6576872
30110368
40200344
17838498
40169041
16878991
402490
36617596
15432843
32079849
12503212
13743304
9157222
31996484
29859784
10558411
31474773
1581171
24639621
2633268
37540594
3351703
40258622
23064820
7054754
27318442
13388341
8318503
10564184
16244573
17854729
6301970
7504922
40884949
34999604
21115041
1446148
9282642
24114384
1689538
22922627
39030325
1447116
16162407
521711
4882207
26878790
28841505
5000578
21287918
3334646
32039370
13860544
30503776
9676479
39696252
34317854
14707364
8027370
4262214
8739650
35493377
12262367
3953477
39438800
25716961
37960658
40716611
3923611
2647655
17806018
24323816
38508613
37524910
30243617
12640207
40841630
5590872
2110453
13921208
7427374
31354467
39926487
32687889
13749518
35929116
31668881
30055640
23531309
31057590
32959848
4786173
37014577
4109001
24516416
39682190
39356946
11916598
40474189
20559796
5099042
21241109
11643794
25868406
14246875
24652745
28093350
3524017
15727094
29279583
14954722
33263081
35168544
3997371
18582604
24653879
29961402
18174887
38055793
18745136
35003014
5454441
38793353
14895983
23275652
12599818
16771597
18797149
6817555
19233080
26479598
20190637
24557829
27951050
15338652
10722858
26489247
16377362
29529296
27608
11674635
28520946
14680477
10514665
32559566
17971313
4161682
28779862
24131874
9204946
20911784
20107031
23138790
26193535
15687981
4478503
23345859
38498518
9881147
27586919
35635251
39488549
22415581
13834971
1461802
39921290
39717159
3065234
22266323
18571945
26307132
1159970
36921381
14272760
23916578
21343300
34799440
35916737
7868078
4024843
27026157
12281845
21982645
18660287
20411272
18149464
12160951
36718941
2863267
11352599
5171337
39363876
14630341
57887
32641408
15960164
17654967
38708810
35281699
21106353
22610565
12034371
35766988
33141677
37996917
28959842
31038818
30774597
26454175
36546234
40565794
25929466
9434169
3833181
24062931
24652332
32849793
18371948
31547603
22022987
14285854
22677046
6722468
39630178
23362921
11496194
39202062
14112209
16098245
23247327
2902961
30428888
32561051
24370742
19666455
7222320
20069263
35452585
7772398
524709
3715660
36732613
19430131
25741838
29506985
5690983
34064729
28390401
4086094
26434153
15300519
15615677
40274126
12789869
17991711
26814307
36357950
15954735
11209248
26629357
8249872
19492220
28326029
25338730
21865075
1777466
17013518
19544554
31736925
11999786
39618175
18933823
24789223
13739147
32637109
18680180
19168485
25194172
13089882
6034013
27120027
20074246
15187561
31023415
17391920
2036976
15605059
27292189
25268458
9280624
15866924
23871143
15190741
3152157
25888808
19884117
11000542
5013731
20886380
12803102
4774159
2482622
3860309
23672639
12134258
25006533
5590298
13134472
39034146
10579232
31806452
13660208
2682326
13150585
32981952
7663327
17728519
23888030
28988860
18960911
35049884
30278363
38942335
36266625
33111616
38438673
16561333
39157441
239572
18403757
26506388
22061520
7911960
19813777
18082341
39959786
3535983
12574662
22288021
1977532
7896906
36219463
39201853
12582595
36382067
9093921
19634467
16331203
29798147
16274093
20978577
16346855
38126748
18067258
37268888
11517770
38199100
39117576
12651053
19138053
28055393
24256207
21542775
26475771
33841390
23071275
17671765
1558450
22241352
3632153
3735680
36274312
40797397
30107932
33908128
20050863
37819371
20923970
12916222
31014887
19107346
20474914
20037968
3212572
20828159
15714907
39826718
19061047
28625779
5958442
15158874
1579622
31374817
39431500
26367601
32282940
829923
14039612
38782771
26927041
3794757
32151345
2366183
20746534
33248561
30547754
24698237
24368080
19380219
33401309
10976919
33458370
17210351
4323061
4345855
1767111
4652724
10471871
21465769
27046157
15543625
16687374
33735617
40051878
15205172
12327989
34460169
32426479
10244855
24195022
1164452
24008224
16466379
30342026
13611893
8880481
11167535
8860524
13391161
26881850
33754553
6653858
29112515
15443240
17233933
11437579
38824939
18566567
35888247
4778395
34270541
16451748
19045798
38971224
23155305
23738693
2083134
27828743
7865622
3800227
25292239
11782427
27959927
7585898
19174491
4751369
13052916
25245685
33629567
6737303
15332931
18311313
30379926
35238531
35141898
16230961
16509333
34046544
25256027
37000095
26692597
12862913
10860039
36267106
36888089
36286563
33436667
15846503
20100100
37043195
16800301
35269937
10171532
23208558
35492982
34888806
29645398
6315613
27476350
15318254
34880974
21054401
24129416
31712560
36292794
18658950
31934935
38032835
7353946
29956710
26140056
31385492
34498420
33097073
20394034
21041586
16186463
13957068
16609798
2393759
3475258
34551744
40736955
16242727
11126755
5780964
7412456
14327144
29958236
23985545
8752433
3168413
2325203
5470466
40737626
39219959
11305003
19541820
29456375
16928455
13021886
10606579
28555054
13456834
16910610
6436966
21995383
31356300
10481810
40581651
20180400
4796127
28583
34955991
8830270
37759612
34346324
990507
23138307
26789823
21660342
3281967
3390788
4065244
11729059
38759402
27327180
35336549
24083530
18849796
5936997
40525052
34655970
22118087
9025047
3117906
13518752
39937329
11175899
23249279
40553068
2788005
36925857
3228972
609667
25403359
32184901
25120097
20290166
19856340
23399035
17595097
9116504
5591387
35261661
17352510
32239467
8477383
6003147
24518479
1757422
24778910
8103600
31538064
26162931
10047719
32902007
31229474
40344262
25951490
3887017
13927690
2178338
29086094
29567668
34013166
5113192
12328561
1721062
2695069
28303432
35371244
40857033
32723994
31875516
26784278
11349363
7720988
24283557
39747834
33978474
11179359
39575980
39015882
16199652
12497052
28227054
24514113
3946052
26416571
23773152
15760924
1923618
26688768
23972902
17239107
32292104
2418123
24985130
24873415
2798037
13143033
3495727
31636351
21374631
24154528
20064317
30125126
32266111
13104197
17735449
35922593
12543303
3682523
28352424
32645540
8551000
1810482
740960
29145129
1096548
14647980
32748023
25644511
35356665
39118374
9817573
24982284
40580087
29405692
21377688
29685283
32728403
20301200
11572034
32209506
9452013
24523715
29953272
37303519
560894
31616522
25133764
20857763
36091523
3145537
8508175
37929468
713934
3656576
37357107
33975634
20251315
11193244
15826938
27937977
39498288
21371882
3604596
28458400
37637290
18640083
35676845
518896
10849187
4611914
19819830
13108495
23962821
39296751
29733350
20663132
13088595
39551823
29913184
39122056
2431603
22415194
572361
7698301
24365262
2767457
35712292
9876934
30218553
12018652
24333380
28603483
24694592
2528109
33741556
37118394
7790896
7668525
39222663
15304288
21609094
21483080
24335145
20863285
2811751
7745123
8313543
14926540
37120220
7497990
15153289
12296898
39009933
15368500
30509606
32051923
13508905
23693640
26503555
19178666
28284060
39368867
35821928
5139794
12300809
26073031
15459326
33446608
3623027
17739583
31929144
745809
18671329
34153618
12549741
5448807
29148499
815553
40733251
1426917
9448057
17348385
22747293
24521606
1859595
6815966
23111964
11893835
12973175
4698283
920334
40707862
3671653
9748897
30640469
19814201
40013600
15283339
19081060
2877217
40028255
38735526
29156069
30786118
22568715
29297784
5675556
27721582
32327497
40948462
19639625
2490047
33052386
15931327
18973237
7529356
11406386
18413681
28537097
30788910
18590226
32131438
10067393
24817453
28258894
15357130
733141
13739977
33778680
21305535
14681149
9242137
33730407
17421881
1714156
35807134
37930288
23250691
8081956
6441044
25459671
21271894
24476811
25523030
22088536
559556
37515856
39141073
17387051
37365660
20721517
34732774
21436140
12273859
687907
32082512
40102046
20387607
40018829
24536543
5138723
38219269
25091577
15486869
38015190
19423466
27725177
8092838
38751021
4373658
22924234
40896642
40143359
520849
5570770
23907464
24132506
150196
35983151
217873
33493116
8447658
10648462
6917223
13131813
21260301
33023684
15565503
32812479
1799559
40404967
7215450
17767675
5668111
28721693
6525946
39196042
40915115
26128605
15417975
5190300
22403385
35325871
16235894
34911940
22984170
5487909
518228
25180677
27535493
7133007
26575892
12879441
30348162
14853540
38526311
29407822
7827720
33684133
2200624
24991885
11340451
19453758
28805325
24995666
28766578
21357342
23778067
35724815
3725220
21052104
29914406
5055041
29905297
28311581
34393711
38763494
36476013
34345222
39564785
32219648
17744846
29285948
15313131
18503935
24589416
22405773
27207198
23795836
39907278
23706867
37146561
27304786
31647180
25011578
18781195
10605359
17632122
2725962
5810409
39630180
8710403
19166421
11621330
8705398
9399164
17612085
40158710
21819961
34163972
27842433
16906517
16804506
4696532
10470953
32256738
18357176
62091
21063926
27609276
12602492
9623283
29698578
26087187
38605417
7379456
16055232
4794950
18961943
11579155
4207584
28008849
5005
27330852
11572841
9506689
5142799
24408113
29879873
4913444
17359466
40709496
23999159
2111364
27299357
10408862
11192812
8311496
28419599
29004239
15474293
4078901
11977866
22319122
10031954
33810467
29377513
4476077
18150962
31913095
11574150
17836732
33999604
8061911
39751649
28124729
20586817
229355
24612243
30130377
39437881
32811698
13410139
13590297
31878553
36551457
40512860
40712169
33797203
24340698
17026373
34115172
35006948
19127400
33901610
23119473
33223101
15028014
33861928
314229
15477087
21075834
36608680
5874875
28435095
39522293
21076081
31416441
19315071
9364141
34283834
25847584
933145
17818682
31601034
32126384
2754254
16172162
289391
17245627
6897346
38858974
213562
29451071
3467894
36437191
6821140
32908872
40510928
30349690
22229146
27165808
33600740
38046388
2362389
14582250
37770818
11711940
14696202
34427487
8430996
16465152
11810146
9766761
32628024
32992468
8440588
3072222
9274816
2390418
17032065
35969872
11994674
22299967
22629930
11519023
36886264
17431451
10679726
30908716
14312545
1746354
1407013
36582086
275569
31610450
40846048
3343331
3280943
15794646
40180937
16227831
1400723
19777679
18889769
29555802
23717652
6050169
27000158
31828541
31355745
12295694
13339941
475651
26373704
5198479
18402893
23541143
20682502
26496968
6105298
18690460
19034380
28320160
36696039
37892239
28329507
1654997
21685991
4616708
14393923
20403257
38298062
12804922
13623623
12839600
20119240
32849112
33218021
14704464
36052195
7483689
3485585
8141462
40596354
2832561
2079573
9469521
34999441
1992042
7462587
36308735
40518018
22102142
40950654
11644637
33769844
23712798
28221075
1282733
7278647
19152596
24343230
2062057
33645683
21734512
38145175
22978372
14360512
25734332
11218878
27910733
25410931
653024
23625485
31126833
26356716
87531
2006934
16254302
19997621
2924041
36318082
28873381
29292298
34801451
24383563
9090706
16434151
26632074
17899504
22780185
26466914
20172313
22440479
28230907
7374000
12410843
11759493
4013375
17886997
10565854
21848843
35244099
32819905
141549
5723494
27666010
21049911
40042893
20896221
32084241
14591744
1516630
22053414
37765188
18367300
15315084
32151202
11217562
17728756
15290787
17903302
39196007
12798313
10029636
34035010
20924220
12087442
1193639
40688129
206493
36269546
21707294
29520605
22717491
20051639
6640601
6769788
6529266
2054744
19379591
27594423
35350152
712926
6738329
5613986
24713334
15149924
34424011
10877855
19492750
20056069
7873666
22724593
9437689
15505790
32841370
38759688
11880948
23447690
18980835
11645889
31115651
19219250
22880004
15947702
31085969
22149453
28350198
19894844
7664593
36230260
20856093
29736166
34523189
9152001
29713571
31399074
36617175
31931538
3004189
37728157
10618380
9931472
30843224
29201597
3624841
26957276
19778853
235059
33292040
40721585
29725886
15167948
5696877
18294147
28557505
11191125
14484860
9683534
16602346
36452023
19270667
11704092
22595
20687711
31058423
15345629
28394885
39849018
21313157
34032717
24448529
39940380
23870227
21449544
9422744
3389782
34625236
20017269
29032770
35687688
11628303
28995335
27570444
12069347
3809287
36437567
12152375
36556433
7976463
4898254
36429428
16146552
39169265
2240561
33252826
32169406
11596068
11925764
32964085
22332778
10162490
20562581
7121231
38044041
27784308
30365476
32880608
16501144
25952561
37435
25680839
17122552
1789643
32092878
17480568
25776450
5064699
7254120
127005
32789912
24252586
34188867
457321
6999859
8208089
21327062
16768917
30223290
1763273
29965099
15211547
30642046
33738274
17715756
5163432
28846760
4412914
32843173
31780306
26393605
15811388
34547962
17205579
34536789
3631774
10226448
25649445
13234788
23961535
6898139
8936185
34816322
2584372
20090260
7794538
18944800
19563789
27763818
15011743
12081228
37186826
15059387
2082209
22455110
13302841
13280260
38026455
36542906
34595380
14795940
26751622
22234600
30916187
6979131
26450940
31356987
27224913
18751306
4298602
6708809
21877362
6409521
27021784
24599573
526471
20990721
3933057
25046157
8140588
17515951
27562615
32295312
1756546
29761949
25388656
35283532
37208477
23230515
27354880
12360780
24839753
19772490
13347256
40519201
20714219
7699633
3661980
20516104
14437540
15452677
20647026
38237790
5883050
23594659
38230112
34003911
30413729
27377106
38443543
16805276
33323001
15364261
6906656
7433014
33513473
19721737
25492248
24847696
39350762
7582389
39973525
1884148
40018272
23211218
13460816
198114
10825689
29169304
40829079
17159751
27133222
14615963
17571273
30402736
10744526
10853006
13123964
13608452
11617701
23079281
27462216
25889987
22810789
4748515
40464363
26229373
21330975
35473455
25834172
14070209
8524118
34325903
29383333
16423753
12385529
1855108
17892632
34625939
19599677
2816711
17152073
14294082
21435033
24281863
17278772
38096074
40195306
31004683
3709832
26687715
17832088
22713700
2989220
14145012
24377541
22554504
395201
24824362
26949337
32468270
25646876
9663961
39503970
4131820
39491122
18719590
23215431
15075920
35037462
22869191
39905275
10433806
37975310
24298959
25046558
3837685
34386242
31071187
30736191
21956133
23698495
21250672
15899755
21394717
13749811
17116774
36565168
26450528
40137487
34848972
10527896
39078652
11132840
20784379
21876390
1018796
1245724
17909836
33694242
1207251
25853882
15606316
26347248
10741220
7476313
34935372
14061495
12430109
7372692
27049114
23619973
2303778
7500861
39742982
2393145
4862879
35502884
19279792
15922632
18622431
23716132
7307112
17202262
27677639
19538655
3966554
8284555
17602069
33015955
35651522
15820003
32676257
25693598
8975472
37639726
36006205
4166275
4575976
6373731
5068914
19548253
1440587
17474229
20201578
4240097
24073354
29900248
34444049
36523661
8615519
1420169
13602088
5332053
13235708
19393084
19500181
11910600
13593034
1782066
17903293
27521519
24408127
12600127
7250989
4809196
33063750
29632474
40057362
2591319
4933144
28554686
40306675
38160491
34360876
7864926
28319645
5113289
38848324
33023880
22921572
20847062
29144462
35169005
26791873
1325108
5800049
17718115
11570902
3635111
35897535
5303166
37834126
19598931
38059974
18578516
23275431
7076025
1302925
11502676
3244645
25296250
35153811
9045344
9840846
5851182
9976603
36255765
23151717
18001262
21443014
28712568
35015190
27819354
29368956
26637353
7317801
19728534
22780581
23831332
24324581
33862200
25766789
36819206
13887096
30983948
34839187
11772754
3831380
16966676
17308866
11762897
15455404
5906224
40028742
32108677
23659465
9538936
32376347
35399150
549668
34583661
40303613
25941432
38065148
27204017
3856772
24446470
12967549
6481976
15628138
28465376
19975104
35742842
19543615
2114341
3756163
17872511
35423889
9632079
19074868
28966238
12694156
24306727
23206759
7093400
17295926
29220316
26552864
38752686
36055538
15568237
14082109
30663191
39648256
13618678
31800064
38334797
26381928
25462174
4070468
20845297
26485356
17860763
8590274
1671104
25214049
35084084
39757644
6457650
37897924
35728141
5759479
23164351
24574397
11550039
39064133
19503241
34124778
10984627
1274172
22955943
34443578
463431
16426723
1313459
4800346
6337890
10867924
5536630
39936818
27169706
29818619
24814252
10210309
14466190
20437057
18756399
14749756
4029502
18261767
32297169
28717340
11773035
25060219
22634752
18385262
28079506
35792664
28732431
35064646
810741
24092816
33130119
13226681
10088832
8009131
40223716
24924669
1261814
16678012
15122566
16959396
32916025
21940790
32413911
40676435
16407555
18058227
23412588
33835759
6488732
7236950
23646184
10951369
14544308
27802088
30612831
10578456
11585518
4639615
1934527
28544061
31567579
25120988
31526561
26124164
24310913
23545704
9802102
25262418
1325583
10745372
25505486
33199590
5533235
31919280
34827443
135392
11569495
33739234
27753170
13100958
10256237
36804097
21298539
3965852
33780166
2576811
8643929
24001457
31595633
35337136
14581096
5443415
810075
7980857
33885658
16612090
22220121
16620326
40716933
9085993
5212136
11149802
15935743
22961439
20349784
1088209
30905818
16032133
23482996
31909074
32762420
6290385
3023930
36285324
36281923
27342305
11941179
31830390
9420361
2755813
34527061
6600239
30081354
1761580
26720736
17265331
34418754
30697724
28971786
29567131
10713846
40774294
31760018
14847533
33015622
21881247
18565214
39956745
833308
34756207
28885144
14040692
28532059
34205222
24344145
22015129
17921943
9185366
14866925
20383718
31198056
32765480
20839503
12816022
25866423
13586608
5857141
4851622
19983877
29157493
38767114
36826314
7758672
27442367
37242320
10622473
21047939
1372603
11071601
27752617
6224148
12243517
30656548
6516930
33846875
32722375
24711799
15101821
36510907
23061446
40504216
18382033
24462653
7252895
24522477
21014801
34562732
17659649
7044509
721159
38962417
28888343
17147589
38096200
6394428
35869717
17114468
10858918
36108456
16391679
14659664
17270814
19356643
15497769
40328727
36308650
13775064
1650353
15557606
18128873
39558794
33251321
11423152
3447852
31213760
24426423
31533887
10445167
37220829
36679763
24533571
866217
22493915
22237873
38545328
13099106
40721262
18286384
37159254
36401238
37995037
16725491
17902087
611589
1722705
15281969
20751044
36606191
3051560
40829882
24269317
12714537
19601157
27956730
30437561
20768592
28165595
12417720
26871597
12958207
14185848
19859294
3280890
9394809
22476611
37822539
34463448
21883620
21251348
20433763
36062746
13987042
15002785
2620118
20820546
23640111
12230408
38444759
29900470
7900619
21228725
37272588
23236976
39792565
17354731
35583437
34856996
32770983
39191872
24575899
9677317
22354635
14946278
23981947
33454957
18156587
16571191
14029685
26780875
24827902
22994574
33442628
34126497
8926270
7953306
23335788
11303236
4329789
34779630
33587883
25623644
22396160
37481453
5217135
4935569
25543748
37351566
27844692
23093666
34400833
9629621
3258966
29859679
37749692
24974352
19425272
32335713
32703290
8598707
34298248
31661406
14068303
2092917
10790708
15186630
21187113
6119754
18675354
19666146
12383469
13670026
37970105
17460591
11937704
26389166
35614474
2450082
20514329
18215071
37398296
4541154
12839929
19244614
10434406
22977575
33231063
28390161
15601061
1041884
35490404
8808926
20870697
16445269
21865805
22234550
37471277
1520967
11299881
5005327
40219638
35882879
19295918
11580939
40369714
9487622
23438433
17399402
23575383
15973175
5375142
35717277
35066748
7425950
3577147
40567842
7376514
32189179
10463353
6792135
21131187
19045135
27903122
16199743
37497589
37908434
10934669
9069544
19824926
33940598
26669410
28638699
36473166
27371892
5706102
40533907
3475834
7465258
12024260
5421702
21866427
38909193
32140130
12062502
17613031
12347968
6708084
18147975
11057992
32378219
37412610
22495040
40071142
7558284
5265074
28428045
18083508
35517667
23360135
8749823
38427433
16861114
22932597
13502855
499652
15804440
28509647
39014133
3162426
14075068
14241572
27367521
38859757
37355758
22918014
40425057
1289976
15289866
39258962
6126548
33267077
29854326
17229965
11643097
7038372
28271004
22631506
26897281
14653830
24062616
26777227
1528173
33925058
24691753
25953209
2445520
12642013
31998174
1376156
16754906
16175312
17845815
4449506
39394701
36065781
7628148
18729690
12727024
22982789
9404636
6460178
39187576
40379550
29918962
6575187
21101092
31180769
16132485
120054
13125657
7701154
2085474
16534965
31479538
12049739
11518630
1069364
36847108
15822862
24490341
29868996
17740611
40303631
14384954
20665011
40902353
25605360
26888650
6266846
1358809
27548683
17501217
32612388
19278458
16301789
8006298
20981038
18055112
25994927
15598176
14154288
17181617
30995735
5016334
30410174
16162632
13259364
35102619
24541708
39042252
1750306
15484042
14639196
40361279
6343190
11339957
34635507
24246550
16903562
6329225
27270018
8270225
18763024
24606090
39257421
39206678
40534968
22946458
21464419
8813309
25562441
9137954
27731444
14833103
9320566
12871150
32580925
32740709
9955908
26621262
1006650
2349028
26704448
3299239
23289368
23056640
11999990
4909877
14540128
8633337
5129797
2663927
27536401
20516347
1634718
16310963
35305854
31721658
14947612
12326465
39605462
10729338
40777388
14860294
23212178
35103454
20478838
23523259
8337653
7606879
17480410
38667412
20019661
3647807
32259250
18379491
26080108
20930249
17343676
11876201
22056936
25573451
18592805
11225438
26170493
10873061
18926946
22979389
9679792
4218274
12509078
24745168
28477161
23237530
11945051
17252515
3369396
12871959
23606445
10630242
28547219
13832602
6408162
1640170
36091296
28892596
18599411
14203907
39833314
32730226
10846992
10831498
40362958
25283340
9862088
20754700
1193268
14708672
10470311
2498220
34264710
6835144
30363712
28788242
37431730
40033093
11209665
33699154
25284741
9773843
4222080
3510643
36264903
36039162
604355
21887389
30019283
3432781
20920511
5605411
9930863
3127248
969410
37171854
24090071
12717011
10284389
16258644
38967559
21198763
30658105
23040064
10363415
31290620
35142172
3732575
14748352
1435822
6080669
39337693
32032537
26706515
2906288
31941109
6019879
14735170
966878
1017467
34461918
35356859
4636001
13719010
19997177
5815994
26887464
25395023
32273049
6649222
3164135
15927495
10835348
40327486
5461487
6630839
34105863
33706350
15215502
16370660
10363286
37897751
36431405
17655023
20686636
5734713
30974231
22566007
21233253
6570020
37341467
38306504
15359681
39780007
4395142
12165750
32066542
37801838
22230888
16345553
36773875
3796650
28029604
21768104
23785218
12715138
8978933
17735203
40906659
35841348
20899255
10271859
17211115
7300287
27640793
39080629
2065056
24404210
2788136
490345
8773935
38521461
33911362
20757527
25277061
25116901
30894862
33284585
18591558
18434238
29275950
32569367
38535028
32878061
12789171
6050015
30332076
31661181
37795949
30634800
18630233
31162564
23591066
19090486
5235230
20800179
12896088
19138307
33193871
5226676
7538984
28976408
30807996
26358057
30822666
9556072
24088938
30024220
4008634
26982192
20859211
13961485
19780195
32485013
2545985
39651587
26777663
40657276
13030948
6633384
24607330
40499748
2530929
2790887
23757994
3660519
5169903
25233008
29162919
4217463
32942277
22140928
15717338
38815520
19832714
18362042
5547437
38066747
9165009
31007150
24765593
5937793
28979095
21088609
23270946
20412306
3224234
20144278
16049946
13491201
21666051
21816442
34305350
16434006
15184580
16088581
15457600
952440
33250732
7021991
6063720
11690353
2308213
38315297
33268082
40289564
26760629
33063884
13301154
20790811
19591651
3676983
23626848
8566789
35427971
3126668
4362359
30693034
16041823
11797100
37709448
22795641
24195458
18216768
976405
31795735
23797850
25999205
35848721
39123975
4713778
8708424
19382271
20542246
29118264
204198
26988410
23533413
31035829
9624170
38123964
11024861
26772609
20500180
21768026
4734937
4648441
10128855
10547182
34206182
5165237
19492679
39382832
33359724
11982514
15937201
36907015
25633875
21285427
27140297
37305300
1735128
38113756
36741669
34513836
23148447
27691966
34927836
26369450
20010967
415157
17623784
30216836
22037671
33415335
29202766
11751351
11402259
22527214
32014503
12386946
12765514
25073761
23445630
37412709
27308640
12215370
27330314
5892171
37113895
6590136
563631
8181292
14965309
9049702
17149596
14342593
7680999
11116273
8745665
30754132
19337487
1772045
18577666
10286320
22013075
6675552
38260445
16578909
9761699
6940742
29901317
16312806
15328717
28793856
27645991
21416468
16061476
20740178
5328540
28932602
32584828
9077524
8595292
18186312
1368703
23596919
5596927
17886868
32738787
6973620
12176466
9051167
38282567
11902113
30549472
22997762
14477449
31319702
27637593
34408894
9175621
18671057
6230411
34872249
30295975
6905813
16087928
28088875
29115351
13814612
37900906
31962111
7708821
2561969
30152981
1045431
31818132
39583308
5710402
291215
27214650
17837948
19461696
15284804
14988260
16793365
12923765
21028555
22144081
26530132
4782078
32826969
29335082
40284599
18784321
2207100
18750463
19836912
7751564
14716835
23669387
35338937
1809130
24226985
29267433
31529673
36295030
31526917
12368658
5436049
21789520
29493441
2849688
20231926
19924635
11523301
12212880
27353634
16246477
30277113
38155050
5457480
31606243
3731577
21534136
16511005
35415537
21597223
37127526
13372628
12907705
17005997
23635100
28803054
28891956
38700517
36724611
30858981
27300992
438813
20149957
19121190
9568806
8889983
25582642
33531001
36236825
22895768
6762180
10788996
16234465
34423473
1486940
15095238
9276041
17500508
20343480
39606505
8689518
37685124
30697529
1668247
29074042
2498178
33038444
15596571
28963121
36285798
28272619
8179802
31830007
28823570
34498549
34561402
13613159
2686873
3372416
25447828
6661303
13298707
26865652
1139227
1751027
24946433
12315353
28193133
8810990
221952
8908976
7021271
8611082
4802945
27153400
13477471
32058654
37712647
4887547
20783318
22019386
17012645
32204850
14832201
15210411
31811675
31188985
29125331
13589166
31033710
16145772
23085671
29111276
19482815
6387470
32081491
16135443
12093401
19284157
19353314
9174466
21669626
38391468
36093611
31267888
30400754
26153520
28838932
33256856
5438498
29538469
24750781
1802233
393175
24603217
3648676
35786105
17718871
30543155
31463496
19486030
37622958
16698201
14593380
3347372
11857664
12797334
14345724
20482531
15178126
21921847
14040855
31361739
25554310
9940091
2428956
14707493
38278617
40260464
26069671
3636265
5748889
147564
15717153
5567071
6884345
14065522
4322609
15796437
33880197
32328890
22456245
10879181
22404133
1796046
29961648
32335134
15182804
33383878
24005272
24776388
13931132
4100764
5536378
28410413
30185071
20692089
29597823
34642352
34511575
25922107
5482707
17745414
34223219
1651631
1244462
8651504
38708921
30517315
34300193
23001016
9924757
20660199
21877534
31029000
4176838
14141366
25893458
31366417
37016342
19904508
36803605
26480720
14875694
25804290
39772591
13106314
3744110
21239311
29159645
34329757
32658889
21394672
16500952
2175310
3902711
11687147
32874908
15707905
38156154
13639993
18687078
19855758
34046957
25299764
22699138
13770422
18085025
5988950
12126407
28099217
5028814
28562911
4271725
19332975
39623776
18533279
24906670
10374354
6144018
25328569
17828805
7087173
17491961
22377400
10260403
5758401
32054590
19234914
14584423
18300395
38116633
34347315
14720216
20276535
24778335
16710188
19207610
7549403
18523732
1127092
23827492
3259434
29899135
26698447
11989901
29249422
29952857
17141697
10109145
40016846
7836608
13015000
37786771
29297155
7886406
8589085
8737574
13754195
22078282
21197109
21143775
17840097
27132576
15573624
18632521
34792527
15750052
35644114
24681912
15264297
12187958
14692641
8833129
18213309
37705591
35808204
19140277
30896012
26868685
14657740
19793671
37063049
5128594
29197686
20559581
35092212
4074398
5104060
10174016
21801781
35024534
23133746
16771172
9903644
17387168
23948408
10110615
485754
59751
9989271
23994764
34934650
17947051
13984926
40033032
24373175
26503115
22046133
11102341
30765637
9529146
8159581
16503468
28559979
1726882
33019117
1521791
40796214
11039527
28000270
22594204
1724485
5746578
33782765
40753030
16901414
492252
121343
17450991
6085102
9605816
27573434
12465213
11137472
5045407
35550495
13270834
36697479
12516987
20506356
14262169
39492763
6432698
1047947
27038188
19454265
39543186
14481521
18202010
9315042
22253692
29771440
19495051
6408760
33290513
40631687
17014018
11970746
8079123
7441153
34579889
16031940
22528027
35438315
38826639
9307929
23033508
33724479
22435310
13984224
31637253
30777818
30018171
4542029
2464762
12556667
1252255
6831739
33187830
5994166
7383586
33408528
14044522
19823365
30354742
21319767
32552564
27136461
18350857
9610778
25873127
16705170
18165302
30783694
12404806
22665756
27832620
9049284
19650821
32617493
1529649
27095224
4916651
17461504
20853370
13196619
20328838
12821685
17011748
40739302
32909644
28520222
20617382
33684756
28230802
20781877
2968910
40505381
1263333
19209283
32405477
12653029
4300364
13063142
2951074
3355522
3014934
12778723
25083230
10119193
4304437
1631741
6241853
32680033
38092667
25595281
13748466
20549536
20872041
29451527
37685516
40184889
289419
17399100
7319441
5289017
19518544
1323223
25663500
6173900
14908919
19342334
27265551
18508437
10048208
7735947
36795889
10459337
8474286
55084
3877340
30148001
4499075
39170169
36495162
17543130
4723240
25256940
427616
39210749
5765703
37850012
9469043
12563998
38840557
5996218
20585517
30908240
27374305
6321166
37431945
13964077
9294126
37093200
22672549
17152467
40221662
13344400
24145593
19286286
36516009
5667172
11216434
27915946
34446929
11238222
34679110
24036088
19491237
21101201
29741705
10765300
39969455
3472825
32938482
25495913
19581914
14264351
11039890
30973823
37987040
338745
32251529
9705255
37831539
26891745
33966875
38498972
17788391
18478421
25633447
26163659
29743840
40938213
34196836
10410841
32706986
31141505
11857978
26289532
22091746
26268880
36350415
14473542
24850912
18674130
32019619
6171686
17237312
10701145
16285890
4885380
21030802
22923379
16698381
16896163
9103354
33052050
12865524
9188328
6298177
2258830
32926824
19332999
8231226
20618927
16116458
23981050
9049759
26549099
30899118
25181800
1417967
17676285
17519
36242822
1436818
38882069
30845797
29915528
30630344
10926107
29146999
21698235
13820025
1209927
4030639
17478622
3357468
10606694
17221505
4528774
34987605
29871493
3216540
25210177
11569168
7130955
10645528
1431554
25131132
30786429
25164281
6135146
16239466
2095450
22960621
12481291
8251725
37483286
18332124
26495705
38066082
27937072
17667596
37301404
15416055
10987541
17820713
16392290
34142686
28310013
1312233
9777427
18302325
37045586
32128245
27701209
40523420
20819100
17227274
18995985
14546962
40632427
738121
3758175
11407321
26437336
11712763
40279617
16980799
31355053
8828109
764678
30084612
24243651
37044287
16587361
17804856
30470701
15080056
24365258
27571284
22790244
36172779
31561116
14085762
11309145
28037531
21527434
23835733
35118444
18257864
10788787
29225106
32824382
9609008
12087704
27020132
21317710
31451508
16216121
18834037
2148054
4680391
31060847
6438795
24137182
1507305
11003193
2899417
9853408
29152480
36970168
8704481
24863633
21087181
33518329
5037008
33879088
20833166
30610542
5893338
2997077
1179779
34700997
23367846
29251298
21596197
10804011
20047269
5907049
11535730
28733191
36669260
39066806
29553542
36395602
21237765
9217492
22810714
24452845
1148927
21852443
15882987
33709749
37390221
4771688
30248758
32950063
27985750
35399685
29430762
29715937
38152828
30452078
13104800
12563835
26767625
33252743
40228282
8877674
27761386
13428925
16743245
273657
35392636
20336049
31148484
37744921
25632161
18521867
8569858
25962774
25422222
28674895
3460991
22003754
17745939
12412669
3519300
15833409
14810452
39938685
34174733
25588993
21248049
38375654
13295554
17889950
5491357
3402952
9698025
27487729
18996289
37367196
27648770
15211311
12267484
12626617
5778658
17232983
10663240
20854964
22501783
3418468
28492552
8611917
18484454
1912530
15165813
22104212
40182273
30181460
36254232
36759080
12293439
3358098
32884297
27456198
25755521
36527225
25366663
13290830
17402555
21348574
25099712
15022152
9432653
12598097
19526973
25883695
35691200
7244772
9926008
13889866
2497610
26580022
11009700
13943838
20253854
25944354
26809980
3423193
17888020
9499729
21438379
2400837
18562578
37317073
19653130
12464691
36688266
4018089
5754713
2380402
11915920
30065211
13058775
1112554
17866897
12282200
33521283
39364930
22310758
24305987
2880165
29513773
23889764
26025347
4697453
16830661
8056333
34873847
40508411
33050779
31897151
25081307
311303
6097887
18192403
15635041
24273573
10911458
9665765
34213099
30281628
28366962
12198314
776575
26114868
37025564
7535038
9215296
36484765
33756986
17979819
35378415
1419914
7059103
17969014
10783607
