#N=10300
8825559
75213438
63114016
38950450
100009183
105050009
37208893
20862033
78012084
58166009
9656562
48741713
91366578
33800184
10597585
101289362
65025527
68886972
32594539
29015905
64840885
38731472
23460623
8685393
11780672
70620591
92661858
75856616
17306754
90723129
23500873
75965109
81294255
89837636
1741557
104830778
52721553
4726512
11205471
29270371
72889431
1540006
38144128
15760844
74864658
47800614
94378450
61693250
4046087
19546695
5555282
81839119
26950800
58930033
22113536
67697685
78997465
27622357
52355742
47431645
9428873
65436866
74223552
2147105
62799711
22698672
93625306
23451181
63610710
35349093
97216244
82812215
32765349
16027142
27472395
13171408
69438155
100515383
81821596
53980596
98685895
52715250
59725583
65343116
5616196
20174806
41025570
31565819
18193484
93008877
104981722
32965396
28320783
77208508
14611800
39348529
65177963
83959841
32324938
6482123
2583744
782729
55339820
19593941
52678988
58730640
63123441
15457558
1829488
54789974
100345014
33342779
47099054
39550777
50001174
80140377
1981322
79790322
32674098
10911716
64688093
53456842
18353596
95062255
12030544
62425588
32707219
84379468
81376096
31542208
82915932
8673431
54193742
102699180
88244129
37221429
56901152
8333467
46886173
74576710
7690920
86477865
9025233
98732305
37569454
101984480
47466279
16753234
15102229
4900884
98648121
75715839
67109925
87701637
88038663
59424705
87139492
1165011
1463536
72702665
3032094
86306752
52202931
16972313
45798028
79910662
16018884
8008070
26326175
66498309
91235105
40732243
48908410
38814381
51266026
46499848
86882251
68249022
49878742
45476390
69564588
10946484
13360804
7685220
562144
6467279
57961168
14436827
23816545
46930413
46183361
92149782
40508724
78382270
26637057
63473585
79268115
55610575
22862966
91683932
43273527
52420723
15149845
28092190
58022131
89107005
102711106
67089489
24368062
38932258
57799214
61879367
10384339
6893524
81497681
11808945
8334362
36714383
100027095
63440392
6421688
73891092
65512725
83125140
24797783
77116482
40610619
93674183
38020676
102215872
102217715
40864964
100488593
32132841
31471085
16616270
90422570
63778848
34973902
68578696
54231547
50905690
6065314
24259022
24242790
70466925
17871851
50983971
30292695
26136003
104017668
29386549
49093308
14079870
42514521
62897229
39095806
70168376
17140096
22839340
1727278
70084874
9393879
3465950
73483899
99465866
87732368
21843874
35230929
9751840
88197009
29972524
26662900
41688390
32070799
79348819
40174230
97825849
78739932
906145
83132695
89937797
92962029
11879707
667692
104119774
45757133
41940094
68441097
78828850
13445460
23944956
22284603
41701642
47507211
51640025
64234937
103664156
65420494
30942032
89178941
46508619
23585353
79087709
27197787
40334951
608887
39268085
40376781
14485763
14034117
71252988
8863732
14525883
97896203
64817599
61362304
98701911
28494633
70179769
56544247
103517447
2121373
76734579
3150333
75616684
92309532
58976532
14485214
18911874
33040307
35774860
44994460
8934029
78478822
94019703
25641798
11806752
25233968
75213794
5622031
25191861
105130413
50136133
84937208
105284293
36322966
16866163
42157664
56750815
68058396
5493296
19960740
58278318
90515048
75947430
61131469
99081285
51619853
84800355
105691043
24106278
89069666
57064757
89382232
66672070
68785735
56518004
6184721
25725734
76173382
87259526
72028282
25529748
13813167
93754673
88810257
5255778
54897767
62347995
62473703
35463706
21068249
75786939
103236849
17117390
24327577
82421115
99480243
27513575
21414317
74309914
66497674
48081224
94369023
32864228
60487349
68743629
6028250
50698823
85471081
76327261
73446359
84363610
68493120
34241017
38856905
26462261
48872076
19434061
41279746
12370391
64000486
3950859
51459362
20815734
49410776
22497630
86690426
25170329
92789529
79423094
5624519
33633446
93683875
25625394
52519605
35472154
8956176
61474618
83342465
1107470
33517769
64888970
45506705
42030859
91458941
45106472
91272516
62185313
61523576
63012515
92684658
68868379
86313711
28961732
40215309
49924075
61481729
7267332
45229438
59156083
11422846
86089126
87203842
83895349
42352846
16728615
58219689
33532333
53640477
44137123
61690766
97576911
79520029
26083860
56848343
54957256
89672897
53943629
101274284
18338824
82788804
89406553
28653070
36389636
73570004
32947977
4694637
2325646
21528113
65230313
103725870
33617498
69419908
96158854
51359288
34504140
69178139
39766194
77931568
62153567
70707095
61290534
66412195
50246401
42500964
2904714
85456601
97017701
77244826
11867730
15369382
46399168
15836549
21388720
57378626
71244357
11419864
71237953
30373405
13594243
21494033
7567015
7941838
60599395
26980715
11593094
62662573
32708200
75149100
42324662
101831372
20460694
18789570
89191109
96563428
77256892
31749889
73588871
81648318
30845657
21714809
100070663
14704170
76365821
9968856
92230674
40870952
103915621
75427548
22806390
31336033
92668266
6269928
102438745
104026823
100362515
42533995
20337911
62650457
54688406
49218720
38323891
55670894
47622679
57441220
48658185
101698574
904231
77557690
7261283
16141487
51438989
9695433
54247125
61178497
12143236
42486753
18064562
98263216
8442910
42220089
34987289
94731444
11997414
59904750
83688911
63395686
13529217
102892820
24326566
24701139
1596041
6566298
7012709
77697733
56536989
102874124
14030918
90852745
26118701
103655851
93667991
15944120
103642198
11760371
43113935
19970021
59727471
81934473
88959554
19801466
55906303
766167
11042533
54691728
72059161
6479719
39069120
94918078
20890406
43443895
17688430
55671936
56119310
35912213
63666815
71774245
76755423
42148696
22868381
35858209
13652
81907620
78920186
83672177
83806529
67269462
62784095
39926005
51711798
7787014
8758933
1214575
34797007
30246442
15622608
2824710
11272940
21308853
77229648
71308471
93414586
7459845
98095122
10028693
65246791
47201747
74589491
66580842
42135043
47050762
63028024
22431476
23784719
37334351
46571710
43880524
41241292
80680709
56850699
50497223
79080007
4196119
91681968
57655925
18973501
19997383
31685063
46054470
33984268
95453431
79303350
2979519
48303055
76577002
41529203
24349576
30750332
53222357
3552818
19703567
23266043
51377300
1543394
5587823
21776687
71981001
12713452
16427697
27284330
52654580
64905256
47107710
91312619
97368213
51654489
104692660
11696743
68005261
98524749
31004748
47150376
28409975
93223945
49637106
71510298
13990474
20796758
11046764
29956313
83949147
18160173
43361848
29600613
61336021
18557998
31032617
70380299
66148873
57612442
5860247
67431962
99310672
101543222
12303587
85671470
89739229
31851538
86781995
46538513
70114774
69554432
103603270
62989678
79233471
54523976
60463534
90124161
42937612
18570219
12278093
54348533
88597781
24803850
24251624
16639350
58499126
79510176
90203680
24400539
90075399
10407026
55128375
13639202
37487621
6135676
24573102
68884343
67826765
42911191
49025244
7125096
96410961
74762922
28209772
14792938
11586364
67576943
103529696
94679079
61746067
93564244
30096909
71958431
98078353
76515077
58209299
59782214
95524777
79796653
75362165
102119825
104693034
74676326
95156100
74693278
70082540
87751912
45542727
60701669
78273859
106035951
4598952
1211650
63176557
92406458
17353242
22997286
5830876
9965452
64582170
95877637
21169519
85355461
39432760
63979766
87080300
84502646
90510050
19088580
787247
26369467
6963725
29999756
30277414
33087816
54834179
9380870
35161681
45596777
81786345
102745836
42859393
18282495
89948409
65862899
86575582
33071418
64505117
41726868
14479561
4910336
82128505
63279753
104365162
61020114
79559717
93675348
83715399
89824211
12124855
76877492
102182053
105649537
849205
20896544
104016136
9237401
59368154
64189473
28421012
63503850
38481055
2680122
63480542
82560619
1357782
70532342
18591856
59594780
91371992
82973437
32318803
21108390
89810037
10689813
2988343
15419134
1144120
6837907
93732158
38248946
101711915
879136
1633401
17295431
93302019
65510291
86906390
101954304
51392046
51424518
25706936
87694065
1322339
18631828
63968762
47853003
85250351
67392048
52959605
95947229
99253401
21628990
18120047
100074530
35229321
102240436
27776977
94668803
36899621
12446649
36615545
84416483
13667118
42213111
36479042
97437715
39801873
61165500
101930996
95471609
50102178
7075108
23725303
59559337
39471478
22260342
100983399
14986749
74228648
57014243
77827182
24862498
12083297
47653240
72297553
46650519
65340815
41013956
58053257
84256767
104869531
100492435
47937441
22319404
28094866
81403542
21190347
76103892
36746950
94855887
71746306
96632842
99377259
27148589
64665939
24484728
54121694
69652784
68933196
75049778
70614574
30173942
58654946
71522779
7996053
31283597
14280889
6767676
42234425
89334451
36319325
82550127
98081197
72623900
26812684
58080974
70340220
32424461
4357586
46204109
21162256
70281345
31966902
100576159
79116895
20696783
61641533
85161917
24721838
64442882
16394832
105181796
47861517
27371348
82925517
26912005
14732800
31036439
76538351
65774299
97343254
95469054
55737443
40000223
27967307
20071851
79407016
24136111
36945833
65849869
14237206
26676098
97254451
36953747
38934626
19638606
102064946
22882278
94450713
25630043
16581365
95113484
47939906
46633140
38322176
51889078
56463654
55048502
39783186
6752925
10036856
83026659
67501747
61349219
92366835
3831196
8809646
13557147
9898905
10269735
74685419
2967087
13425100
103299473
40978801
16052347
56961521
102118531
6300913
105427230
83780137
101721854
82474936
21734456
96259486
8957302
12105892
75394357
45011646
88530155
45341179
80461265
16343452
89354179
78223201
78809688
100022292
104629912
70645356
32615445
102934636
103159575
93761915
23056380
72021579
70633899
35435062
57624292
18338394
10669059
22952294
87729309
31145996
99201261
35312192
20865129
70035657
29665737
55736806
70640381
72186703
87760629
27921692
69307392
95421888
79683289
8164332
93090474
1695276
99259410
70627159
105561883
31137996
23128016
93711319
14397287
52295505
24766003
60355626
62382714
5206691
55524661
52417116
10280867
29165604
5646455
96901951
105485277
63569035
99749806
68402317
28562939
98428742
54328404
61143060
2331413
77988013
40678551
48146943
27907022
68121414
47499143
11850564
16740709
102606140
94628944
85815289
96002792
19559311
4830965
35649225
20609452
26359057
46770661
19468916
55453956
48167421
22835773
37082960
60689724
1321064
39757541
99193507
15690955
82430392
20464509
85958099
75764619
78647138
26331427
16056457
77064333
50983004
23311621
62699048
6603348
100753260
577951
86037194
24633487
84561908
94968565
1140536
102678730
104693241
22316771
18370996
13161325
47198336
23009047
67586217
11313737
63417150
104412626
35822857
32349401
47907372
59626672
59708161
27266433
1032051
98834837
14365284
44379656
54331990
62121097
26656154
101803401
22106044
16752257
23492951
87973179
96365324
84913765
3901361
11125543
802063
101451950
77348736
35884599
91365526
94947220
81580881
56751377
56505253
1879813
78731240
20640939
84278249
66963325
12901148
62742395
70186475
84017816
17723502
84302217
65698681
35587525
78310450
40222866
26476934
44669186
84071817
4833408
3705329
34223040
39866808
71007464
35770052
88491517
86077347
60297777
38441967
105384696
84110137
35864314
23691565
37451543
7739791
47219481
22460478
60656961
45018893
11567885
18319135
7819605
5991767
25475815
9110591
59324892
62241049
47327154
66647485
75532405
71056601
38787866
24136616
83148920
10613745
1155903
50049550
6376279
1871267
2577653
81693131
46658594
53808151
2155711
14991064
78856459
27884216
10892593
42337825
37199288
31259746
18526948
104799015
78440504
69324766
93557066
18361035
12392272
82360554
27859619
77079416
13591309
53857749
48664341
33099370
29921093
24968263
47471897
30773149
61302674
80543131
79537419
31667530
81041693
106045124
29782099
36518633
96774928
5316474
49494505
64173902
58909243
80975811
11241949
85763097
56932494
11196512
96591417
41402857
94452873
105775499
54098703
86581940
23936655
49379706
91717474
105237945
69755590
73018767
83009359
29635144
25185066
105265924
27569058
70206687
34953824
24465625
12707756
32601026
52497232
74608695
52931953
104919775
24043317
45437
95261681
41213265
48517268
16499546
12987782
7870933
81838843
30402625
20548094
50472339
85714116
18698707
47912214
65804074
73517329
3427063
2066085
61068379
70312100
28787061
83182559
2352798
78058394
44189062
85759073
79351085
76249006
52886516
35341722
8513680
83301798
104445763
28225483
40646335
40750703
8268785
13006467
57050132
76462137
1849387
2560125
19910042
51271379
70168779
89421617
38132577
39204964
79369025
83975821
67959302
56818668
64677124
22683725
24390936
74030057
58556185
44009363
93418954
101358347
62669588
86378198
42655463
63695059
45640326
53323496
9384199
63580276
11157080
54490006
56552095
56668009
64164975
36578426
38822429
30963815
10052592
60246757
77335663
48233984
44982325
45275576
32427732
16330695
95901169
86471574
86701104
63287838
7023402
7040756
58702884
105064530
66421500
15015595
54310860
88150050
67850044
86667822
7028181
60579072
96415032
45657297
43529207
58884788
26525834
84665673
59718153
93592236
40948060
57743714
15806252
54335258
55464408
77729786
35719591
58296959
105131800
105343976
30268582
8048873
72392885
69370917
76437298
84361450
78939180
99416667
715496
7270972
96342791
93144512
42733492
63213871
19131463
64953535
105256636
64707226
69401241
27658066
77785984
92702803
2279306
69850095
44299294
22851077
78687987
36465616
28028377
97082926
32951091
92671293
63385204
94121435
16115365
83110632
3239581
71668208
3073876
13660985
70627480
58812547
99696677
3463585
64047236
60514238
101642294
103282198
93011243
2382066
51062388
33619517
74087136
85518230
97252108
7833678
20506328
7288689
29198152
67130712
33697722
70603285
76555928
86364573
10475481
50537158
105720384
95668597
1040727
76034957
45737937
92847523
100855312
39182439
7911292
92538667
73592995
18853855
52219810
85075354
34384931
97317786
42457409
91937086
90695530
89963419
4319154
59465616
105364596
64684868
96664785
53423149
60127803
51702397
6327817
46580513
49496431
55369054
49930660
39966833
81269646
32239126
4529858
34000273
71679444
14741065
66002485
14201269
10152552
86675652
42617945
74221474
32305884
84267619
7211559
31229914
10282451
45724286
68890832
77625074
30240693
70646016
47095332
39230918
2205966
82732392
102739854
35213225
80189409
17691534
61120603
47269372
92333310
95878794
99771417
57478175
30272141
85416833
77673325
42021079
80053396
90123955
92693543
1075970
99668795
67577273
68429083
38747378
15483593
104334817
30529742
97099776
94123677
96136569
68264692
73082742
2542982
85048320
105866251
58603665
57131852
71331810
79271584
34855135
91290281
14354584
85894851
94341063
31047065
13232998
81101165
78977426
16138787
25116269
38736888
60921417
52093680
95867895
33901263
50157446
35894767
40483174
54518711
21040935
13187213
89306373
98990120
75712946
27916468
34534440
85422082
47960345
86131530
64917000
55050284
22632846
8991147
98345481
13239898
58159639
22777838
81668523
65924166
61307371
79112590
74642622
27020154
27619861
85656755
99508090
21322363
14853832
52979589
71302339
53824444
43564268
61389905
64455679
96380865
5639750
80176539
20505082
99000062
89182312
81609481
88478432
35076576
56921508
75567643
37661375
17919101
67560468
2555933
97371545
34287217
77176357
14669494
59285693
31981126
70802923
72212129
56110024
92803016
9415321
35596062
95458766
53273403
81433782
9962768
101559411
12729689
16677854
44985602
36205258
54105736
24687972
12910789
103505201
64686035
33690802
35105442
26637556
33273251
57153205
2295678
685152
45195230
49956572
12757192
1554730
3683535
62796808
20513962
103434251
62231918
60252281
5089624
83487621
68704093
18968542
56573809
82614432
68662119
45981257
48978097
82374164
91775566
4903614
68399759
63732107
417551
3635865
24341878
32588099
37641602
84112735
13611588
69324128
46273037
56050385
87130769
32022912
564889
66351682
17938254
4427925
17231816
92211083
52597439
11773288
56396424
36276180
59319963
92377956
60295692
69758110
39658033
53727087
4486063
90447521
39390228
73919452
72084264
72002772
44660139
74407475
37839698
89334832
88283360
39933752
81169123
20779087
14084658
21820592
74803494
31817171
57920487
31142155
35814659
42004887
58543326
95792097
82070488
15245481
52719923
32252233
65272047
80984140
40020486
62340240
18363257
73477457
54942941
103766790
59846702
87098936
92214115
23589573
8165708
93187901
25849094
85032159
52065594
7951115
69990106
69344966
102092513
41599227
78688830
71796191
91708028
68981473
43072174
49818255
81747063
77825783
17915375
2931807
88304511
72633030
7397299
20686468
39314382
99617633
11552674
61940757
78933228
24709842
103830480
29223550
41122307
43581607
15042053
8404255
37632231
54074506
16339764
55979949
81664828
9707357
28724017
41889773
12918038
97020019
57586508
78815256
15204900
51372345
21218136
93301670
59002276
39553294
9133794
3057253
20684405
12526460
64200277
49709678
9271162
85932501
14181496
58401680
5949376
92741176
98154492
7335909
104183307
6632406
27255932
39775055
22472947
63477627
90393266
65876411
81815119
6214162
83280748
53676859
18053697
87754842
84167876
81628650
18868889
102697334
44946977
102748356
28938926
3951404
35528181
56959483
79983125
53213949
66337188
24297094
14241497
11115713
86169978
64408251
90249460
95551934
81155418
88370165
87752509
84179103
8279291
53821888
13844093
101615906
75598983
68198676
94569581
87560543
36681673
47894161
99442036
66679201
67220175
78069443
30058279
7997860
16305923
55686031
38972452
55221475
69900745
81606874
26956254
16301672
8936461
27562922
7799425
103066316
105774502
59614249
96018638
12753385
84312905
77419046
32729953
94128441
31517002
46675420
13802134
101776101
86763987
47056221
36620921
84905943
61763520
55876
75115408
67174448
11468914
89139207
53948849
79282700
72670413
105483332
8502247
11960146
53562049
54275177
32731305
93021117
984971
44283220
5707060
96274465
45902043
92144534
106009935
61514530
91685061
72835914
65155180
27541672
10976328
62248673
9790534
100679073
94676963
92066202
38909227
38276214
16468793
54555518
70780453
86393895
77604911
86000699
4912468
66630933
78973833
14131713
6907683
10800507
104471178
19652527
96354531
90477514
459472
58857648
22042978
89827017
87543214
2906507
17751138
16387256
73661710
49497961
87453474
82084377
101281037
90443710
99269390
61848527
83040607
10463381
81481427
36657606
32710494
16464383
85406877
68173326
15750536
93345157
20535977
39677291
44876683
63180510
94118164
42406084
77404435
19136471
97759507
96839585
35334797
100026806
35023783
17260961
54306925
22693392
88904987
39432510
7403102
8399636
6050728
72066629
83842888
65017043
83024358
96310797
26397475
98151721
47637348
1756872
74152102
89129096
77332756
2470598
91866076
74981693
76420206
6248478
9485301
23416329
61815802
18073836
45719881
38014019
60129603
40558043
15290289
98978
59065410
67110102
30646748
47123685
14725899
13215719
64303196
90962637
48673448
50324231
49683247
90281881
30514117
71681503
103353021
28034690
57824021
5211225
65496392
53003877
50522677
97501466
3380076
49485410
89717862
5161838
22723730
60030624
7176261
79953816
101225859
37625352
52384203
17431029
88910490
55536890
96315900
39662593
41279390
90165196
19810113
3685372
93018861
28163055
13857482
17735423
68628299
4820143
60778549
74084926
75307429
1037266
33467232
104308239
52445308
29687237
23669205
74543543
90578394
101324537
27569612
3388457
54804863
22530941
52888758
74931525
14257500
6150704
45536107
63277646
103236335
97737059
95917890
100967066
91308384
9037339
63046875
100633374
61286343
59741282
66301322
102772819
80365587
3779995
80639034
83991766
70882472
54118296
46973930
6783564
46519674
30722299
56589700
5556965
33957068
46738054
55079046
57069855
34687997
53889049
99133384
27952897
6428675
6474178
37920191
16358638
79524625
28989220
34332052
64603524
5059323
88204955
22133785
102463821
38987524
52204365
37017836
89782535
7598622
41935259
56283865
66646337
22448859
35535274
56567920
82977214
37733684
1189997
89710100
6735100
73144002
12252833
96122706
15753664
33039554
34614599
88116587
14921100
49613525
77900726
42469739
8685503
74901059
101703049
91129613
55294989
44605743
20766205
59182298
72725914
45170028
20748591
10078416
45561646
103891590
81061551
18950742
30998584
34135996
103140895
42386023
57390337
85303279
87191735
59410706
18118454
10684702
35899489
104224990
66611650
28683295
46856691
49329518
19606069
82780933
70363408
21796319
103653458
81686178
38433706
62647497
25292010
22947002
60790494
52294532
98576634
46925555
47583476
14296189
2429286
17837615
86967916
23663259
67184825
76507033
23511216
45667092
75846681
32899822
57368299
42965759
9077225
95849386
85056111
103899751
4811103
14360858
89452614
41005961
82077796
15486704
27540631
104771107
56143996
13864938
4711056
3874072
70179897
29745860
33418273
84856028
56742791
10460883
152043
21517733
26343980
16295022
13982421
32880921
23822597
93292542
89683277
36951103
91038283
70695252
14447137
69895143
64056691
99649537
39148957
83396690
91116337
13675693
100060051
77953552
75458670
648823
76545800
91413870
79093070
48641018
84703985
60908686
90206903
9540649
33218940
19146687
98562426
52463508
74971273
12555121
2254258
18988025
22503966
21143140
6638561
46571228
56429813
86750002
8533200
51156892
9020267
13162785
69990651
19004854
1407752
90134801
27645754
27904781
32393513
43868012
90207744
100846964
27689746
96743844
17068224
86845433
50265415
5600931
50209249
81666876
15734783
6794746
12349464
82022739
96486956
51662187
38038028
30956549
103413363
101460416
87256242
15699040
37438661
5539478
97449101
105276599
83424916
89867742
69470666
63320178
16178266
99553900
83778740
46934314
72162057
37150920
62319811
74688540
15549776
69098131
69317412
39802045
16397791
92460905
43984711
91214035
54338825
68351240
49790308
7307950
89705383
1310391
24339940
63935690
28204562
7581359
35805933
45788366
73689476
76006767
85631439
101017581
53075471
72311447
10298130
103563518
21601144
18905308
5371128
81837732
52700340
2540134
21500962
56957385
38122080
1317098
41423727
72714503
84735858
48479917
89058011
51453321
79195829
16758581
28129757
8099824
65665512
65889167
66246928
104445523
48614924
39003619
90719451
81285581
50710303
17076450
98192390
71537040
72294968
28514621
60336770
101832956
70508055
45867491
15533658
97181206
22671241
99033811
9340120
33282537
101057716
72299430
49007191
96779633
82866698
68330591
47942896
67309989
42957871
52926937
13726072
99102971
94383317
99326628
89183192
4856891
50871483
69677769
11200270
102235641
89780195
40152907
86299298
79416849
23196250
22589848
7434713
15072332
23659722
43130691
9958973
4278083
95522733
86766601
48836737
41240336
51056348
20699587
53583917
75628528
64633621
46173073
9919779
9120053
74138773
19505423
19340249
80409471
5581201
102820992
15936342
10363346
16956657
63709450
97665764
33807545
24613753
70394023
5113359
45065267
53697959
54966001
61531347
79966024
61393880
53820777
93746420
81517821
87839595
33094472
65708749
81197196
78124300
96504357
15463432
99819303
39607849
22609258
90156756
101307856
85864335
58316893
18787583
89239112
64779325
52955368
28694186
85638487
16696064
81920986
89623921
105505563
19255749
33394197
11903232
85966060
97754811
60651948
15809072
6642399
61060172
75294392
91417392
3988625
82580136
98944175
35346175
70073622
68518552
57523491
82520273
22308850
99627569
97605843
60544926
85230839
36259304
78546829
21698193
42964130
88348865
56229724
13195958
39379689
67413015
57341284
70156988
91112411
105681777
46604680
46998636
82755175
18397884
18156845
74732451
38190142
56109251
3506311
93643349
71893329
63985923
10598058
67853925
14396730
87030167
7681725
89216273
99385175
15881591
71558470
55451799
48969176
14500336
61944675
100996330
1984232
57749508
23552308
44113775
22926601
53890424
54525419
33706352
5891370
68137595
96909767
76320421
9899549
45610389
2638918
4039404
49589193
55341519
60172200
56954085
93734993
17483761
17657803
69617003
73002416
82741762
19190752
79746475
38199732
4195166
77444022
63960458
60506535
101435513
95678356
14903877
47999053
92477825
68570214
61344578
83921673
51299378
73681503
5860145
102111196
53387400
75640832
18318736
67696527
68372067
39296282
24117990
50571346
66689670
76109879
18939569
44542029
14995586
2302453
80329275
75462260
82098510
74372102
45602658
53436459
3200531
52423664
12338103
34239780
17270835
93753076
103745156
55278183
20294103
36309314
3386087
11374501
7268765
85112454
43578537
43484349
104380241
79781740
31631776
22147640
61114293
16637116
95986383
45623326
51977572
5957173
29859602
28662050
96855199
99268995
66781984
100734380
60836456
50358656
36584625
93766281
73458973
67435842
77575723
34603230
29040548
24363634
73885965
95558045
6415841
95570426
11852572
82232601
18667447
14994660
57934886
41174594
96433173
90029210
41447352
23315521
40875602
36680608
93653695
102210820
64116166
42106955
89833383
98843804
82989684
75238784
16190558
38855743
64078921
78895717
92490894
65256132
17947793
3999167
83705473
55956869
76902979
22541540
24297714
3176480
24651487
99679305
105817243
98801280
74837235
4766743
35751827
70438411
78654443
77230368
12377437
97045991
65207272
14594599
82653246
69817569
36843490
69068469
52454850
24506417
60947924
8085354
87640660
93764553
33186189
86847560
31659154
99410126
103980054
56392038
3449238
31940208
24842070
20644127
88733081
4398824
32202301
64611460
58060973
7292079
37706724
23466466
14392745
21073330
3434736
39268404
17362719
38020701
8120545
70053124
42955758
98957000
582793
26476727
62105398
65549691
88957507
950744
95960888
72039845
31549968
8488739
74980756
46126873
94531826
24121621
78111480
50593850
52588364
60278135
98989335
42317021
20031730
807969
3710611
97187664
56831487
53399596
101154943
40937173
95153959
42162659
36851602
41123102
43609221
86838282
101362432
16917662
75490777
87472149
22742717
11106722
45730541
76542763
74105394
43937976
77623258
43516973
83378144
35954970
65930033
17774993
38606410
28934066
75750110
82084643
21716349
41577942
90019266
84675912
4085571
54030856
104643439
81786949
71534299
52375187
11347504
13890282
19858573
64384055
41741608
52289954
43091329
27476193
105009506
56272049
66649833
67351915
3270568
91286779
23032188
36995966
73798511
88295396
32901345
59855796
98155378
43130437
37492370
61672038
86122474
28388623
88586558
77951880
70439444
83327645
32516614
53053450
78238675
73658619
46976354
39949043
79054077
12502907
66916360
63341219
78685109
1046682
44319727
72364602
43171895
66510421
4094621
39626343
96230019
95860909
22363426
62166968
88781592
34787375
79175481
8170594
64039180
30942541
71118894
43069622
5088969
64947995
31760724
63973260
20288170
34473446
79122683
41396486
39907799
65869678
19021491
6320507
89648416
3492934
93953609
29229180
76370403
14323713
17262917
59746679
32762945
93666052
89081488
80610997
102521824
48232940
68825329
46653186
51537199
6170898
11308897
47205710
70343453
103377279
90940578
84981685
20249275
38936633
48058622
33587292
1904890
15528557
44140526
86102863
33212532
105313524
11966263
42307352
87650769
55370494
76755192
83925576
16827856
40848548
11785668
55868638
22379368
88338059
61027916
4331489
41917446
14021619
88038761
11045395
2721630
77687572
62606691
92751984
62715371
32530065
15130393
21892027
7999652
70600631
99820228
16588808
17662755
62685770
97325789
29408820
38542638
35906644
72139908
67049219
44152807
29537610
20524349
43731507
72104240
47006297
48066357
56555679
11299989
10351188
80212333
16059647
40655829
30076625
103305219
40823344
50214041
50619763
53845428
17094472
78621503
37134457
25353020
94343936
24143132
87102773
63358913
103267048
17437464
68285926
72208497
421300
89206998
79608053
21348777
41232189
35706308
37715169
82433346
20923970
101468988
50135708
44528057
105922486
85952585
52685455
12661543
58803197
103771889
16710971
97831452
90367568
12991325
70023876
30985023
52649713
69665308
20756614
31058550
17016164
85168929
98690445
4756151
73658437
43901745
89723609
64888844
40465966
42336181
57981266
2079541
21230130
70273123
97932602
12854569
52833016
55003567
102040573
67061745
39087948
3719646
27807576
59382545
66431612
358568
35912036
47274791
78332772
41677686
38458106
12260013
37194120
54788699
21122542
8769593
29119407
47387428
32591205
64070053
46789679
93798144
10236939
8375561
43123735
42929035
16903997
91861272
41599247
98320927
64937797
85795404
69061662
53132636
49154137
44840449
53799424
100324351
8816684
66072759
4483566
89759408
97227471
28424527
51352920
105508743
1862015
96822983
26281377
44883062
53833113
38414118
50674409
99081533
17155192
57352464
27013416
24673070
52607102
61893844
54942893
37488789
62324895
24221213
105423212
54919787
61707393
93816666
95840784
25147277
74935289
1742667
64090116
17402356
52246139
60619937
79227366
63068954
68673498
93957260
19892281
60841581
46942554
19005573
97751745
18165749
30428989
71209573
75820178
40801941
105658950
56405308
38155578
7405108
94287449
11606546
90852631
36560115
44565005
13691744
67147162
57532933
55586529
3470178
69948618
95267186
17630067
10953734
68860300
7831917
72698334
886708
94863464
28776804
94666584
26542172
48435572
15310676
97324252
45098498
2646363
98253842
68207860
26549031
48326105
57727333
98815170
77160887
75502954
93122073
64195216
89360612
13267942
92092971
11523739
58994884
26406886
9798150
70029029
67973592
19058453
43921529
37993753
94004920
86431233
105039536
60991549
29020701
12664313
105160411
82980639
1780959
49927736
10480526
59507490
102938847
7908007
5693097
38649299
11825970
105537758
78192245
103520501
86046687
91369713
1725588
95055855
64523295
16423325
51791128
55663467
56827162
63580297
64727846
58696998
57410532
92375222
61921139
77813691
36566982
55232674
72500113
48363470
78762518
28256147
53814392
89973175
102172038
31928968
66547055
40079098
19491071
12506160
21388539
97080833
26846418
10985891
68948355
34543456
65686163
94300832
16619249
104220165
6169765
78442624
102865860
5280469
81491868
32372093
30997206
94293512
82560157
44243966
100639079
14472971
32174109
47569052
23426120
87776568
12437897
54040895
44374186
54183867
11343369
10402648
28132477
98392963
51389729
331151
43607835
93239627
88131067
44266625
1354305
26572924
103040757
96177395
80373264
93288357
55901937
12436868
19338061
93770814
12069856
78753654
97136851
76171170
35131155
101158854
69086010
90027659
42697525
33971538
26051389
19040407
90786548
53484954
80468756
64240102
18290085
105431210
91885322
87241771
72999497
36950539
52289661
35436028
65959086
93620024
99633923
93904752
367011
46674408
102723963
67672315
43622499
21661625
32768788
76877125
84144957
60798099
63976269
23657118
49274991
104340064
70345279
26546445
35194868
721174
104128409
62821943
58115341
80618411
34952110
63247097
77081454
90443266
41892105
103827963
12846639
78643143
97270789
64468325
3051909
655965
34903527
98519002
43606669
103744317
38584484
60487838
11523108
65726206
85085468
22728546
69145196
69624105
54191665
104146554
74379462
49193625
27869833
20551871
3536957
76282473
21354992
105027120
77596626
95022591
6557173
54468315
75591234
16208451
29564797
10622907
63139297
62932839
85618146
8802458
92221209
78948279
81492371
94884563
22264638
15461362
100310509
71088643
20928271
30681668
76276720
53827590
45656668
83360989
105286880
30283466
104775847
58106030
18063573
48811939
19431356
16032350
50587146
64968327
59159154
72721959
56778390
54336839
102485258
6669867
59083716
103426647
82367269
66031009
20257681
57265996
20216719
95312469
100901923
73190682
91115001
18599359
80314339
41056829
84675143
47180850
37903521
81647536
64358301
2031223
23908421
60553030
62963197
83955187
33873565
4822315
102010330
50108522
20936751
105148612
56076227
99142708
2762593
25101273
71497918
56718841
62454073
53116038
4197468
1896191
18559971
75741799
40014217
33133488
28836936
28711234
8506177
35872298
83422743
29488899
70841655
46043234
52363093
58140881
88034858
89855043
9569192
102951719
19715923
27884044
21979646
56658582
53328418
77817381
68737200
18381880
52521372
86241510
60239695
34545670
67971975
91516483
72588491
36986610
50310939
99054639
51378492
4700906
96804272
37379509
83215806
12700773
64098377
68598051
74255317
10766767
95822748
87775149
565700
94830969
239254
50252266
94011383
34946538
25296008
8179318
89915814
17975702
43953162
74813212
93730808
30985365
41205544
79623852
91698119
71293661
27933995
39682611
27575100
84103498
105054761
14617755
70219085
79015237
104548931
92570168
10201067
991779
7129522
82087063
819586
71382717
24956257
5425691
76804353
33003934
70316157
15102601
56018523
12967797
33607668
14106955
71060874
101685511
51689857
77699136
43718561
75604126
66401479
12957345
13884413
26039523
41842453
3332545
94497798
103557152
85440646
34204005
172192
67520434
57130805
21077523
100668365
17635951
41199535
87385379
83075411
83031987
87584934
41911568
73680552
63695786
68507099
99451739
57966950
1769359
36981285
56444844
61719713
40361955
102888521
36235496
37631726
44375301
49665528
60293792
22978587
17920211
2756828
4778297
98625698
65178482
5561615
38966613
40650541
89941177
105890446
66847471
9351435
49572776
79494469
80318814
5728835
66737740
88154081
27205734
71823275
102709331
85329952
25484217
2730229
58513219
12253596
3021562
47080342
31745316
83220592
18200289
25384514
43668347
105306683
85342713
24527941
47394067
39166168
79893070
80589741
56317670
13036630
35122622
69527568
12756729
17848360
84613102
20598093
91534751
73649411
72022686
99979102
26816732
38914249
25392295
37116505
86598280
25890970
28880053
6360802
39552245
44667235
71815430
19140406
83596243
46176545
50724871
72894327
8532125
92540068
45467119
12473730
279901
42957890
91004467
17842263
32403610
36647318
54665408
97645650
72516307
58792065
74586807
95790228
58405969
25184952
33920080
80237478
92428726
9896445
66319001
20411839
67160993
51322513
100189163
10701916
37644419
89958432
53110836
21742023
11853794
2509229
27559263
8121265
10554280
80040777
69266856
66531588
95904640
21556971
48742471
82816079
386095
75085482
61870148
3852119
38846227
49707262
39602104
72016886
48825453
14996488
51996305
82142704
13678093
35914359
89364709
41586024
78104637
50601607
100272761
29416157
17638577
79292115
44944410
75796320
9819764
47709884
17789117
13088561
46854504
79746990
20945931
102623977
36239255
37846514
96023644
98602970
26565437
24605616
20020581
98456378
1318395
41765573
18461623
78182070
63899723
38763102
73086892
74372108
32963030
46664273
90561747
73615885
69472351
103324527
58007203
102821204
26539008
69815756
17826258
50320528
69191363
8783045
32283961
69409914
36964705
71418028
78582388
59882688
23287221
3938636
105678383
29226325
3549478
85788521
30778806
15211242
5800072
26422618
89900362
91120773
83281923
93327221
15608682
98424775
102469146
13875075
4588573
82308481
26308021
9043213
43720195
105871450
103591969
66955934
16511153
83172018
48130807
100327380
85977934
100150896
389157
19889861
24131147
14021864
79988449
4356188
31400881
46452928
74914324
22256768
75512091
90947149
96948076
27417234
13429829
45844293
13250682
101635361
38588286
26526572
37224873
82854262
8953923
20419951
44508755
47957402
22877712
79753539
99938223
66088072
101703377
12050921
45991413
19774959
8304610
59219149
61215493
34827741
77030837
90057176
31398693
73778485
103200948
76787411
39850180
43568096
7256006
92814111
64410488
87507653
17572648
42488550
64029135
92770150
103632240
70845216
54109180
88563268
84140163
87887301
20096659
81928418
29429939
12455892
90333095
79566870
7871939
102931946
29112675
3252352
12539856
60701283
59611933
59632851
69531404
53126069
85247609
25838354
100925091
47605566
49162146
56576127
44946311
99273919
38660970
40752599
12388681
97995507
68466609
27895372
58457362
33324394
17278951
55953069
4583953
13084777
76137823
4619587
9985717
74501393
75414048
58997005
16853507
6485863
80475243
43693050
83974607
63325670
2359835
44348964
2659255
81661856
17915156
29877339
6478865
46755464
104059619
90583310
39538145
35142215
10616421
2504293
28740441
29877802
5498874
25647994
3099060
27320058
60979167
57078712
83331514
68928185
84611763
79250457
54284885
42833201
67016843
39625643
86350043
52471608
26433807
104555545
100866619
77249693
31907721
21985556
32900947
68917404
105650517
62717480
32085401
6422246
22689046
28776075
26778742
3862444
70758827
77793976
75762173
98140983
104240578
4081056
14643300
67462190
37917242
40342869
62573159
40228862
13191836
7478126
57694990
80957743
72647823
104564691
70032374
94763946
22425040
101957096
36832002
99228270
40028433
28992954
85733505
44510230
64107249
80758395
34190272
104391473
79643399
71681116
3091310
62462016
97937443
106074059
4889031
23372008
27151033
55095033
88623873
64007722
66603931
84903928
10925368
83973878
82139651
99848907
57931944
29286770
61928662
33522676
39178393
21201831
96659334
30658738
10319957
91489405
1114996
94282785
101300162
42865010
105517302
28790880
57572985
100249063
78923026
55883999
40838136
94916940
14174729
3719944
78765981
88720054
28447905
17166462
26041934
52852880
63603873
50092895
15792005
66410459
68636971
8519655
10881874
30853557
29543742
47810801
96279243
90023614
14449110
98192910
91382026
5268239
55957855
1688986
59410927
90096086
41709269
37118191
41834587
57228304
955667
61599519
62678120
1278653
85336218
1632666
37060875
103283415
7139552
32955977
81212213
37783414
4659541
94844701
40664314
71293756
59045319
104176334
24325216
9180871
42235055
89693039
77630941
97635397
66069718
22292735
73945127
10164593
61846152
86325068
100640184
25360642
1946929
61045454
70307778
88142804
20176742
29788526
47754830
75446138
53980064
12051139
103209101
39455786
35799382
68261609
46968540
75548076
61941278
40722178
37639930
76373287
23623321
55338206
49373898
81588752
66536584
93710060
15614410
62169138
3971766
39594730
61142864
45577754
66552339
66202880
40387974
50820605
81898463
61387318
78327038
14524278
82341758
60631119
18170874
92024935
6320331
31929990
37908145
11251619
17098856
7985352
52683017
73808198
94891623
61753839
65974342
30051073
9331921
1703307
1026274
64484012
79132392
101029985
5189780
41415362
90394418
4684283
78583567
93057813
4729188
43379547
22037032
96406823
54310788
92330885
79800418
20752339
14831133
55606421
64658603
75064287
19183730
16612806
7833855
90524177
52421918
89954663
29024799
50937909
28660916
31769918
84977860
63400657
36319194
26189125
68921796
23020233
106045096
60887648
96704409
14412366
14752386
35796148
42290033
33558449
103183379
49877625
87867365
45856847
36422690
73729425
67230432
60433182
70280889
49652821
61499378
1484008
86977374
22938509
97733678
71350260
101540724
84472363
100568862
38982589
26234030
33717775
32405825
11226357
71818890
60908261
78212333
87283938
64386397
18096036
77464713
57326532
13454934
14137939
4310043
1673136
3448536
43261238
105023805
68796880
94449076
64244496
35523959
15627114
27487786
13261315
102555026
88241763
83921961
92534715
6576763
15007673
93672514
77587565
39104024
90624952
22205491
85799925
9819225
7059865
4641102
63326773
78700117
37465426
10689403
92822433
2739332
66425285
54902163
66462936
33272921
104505589
36756710
22262643
44845717
45336023
61112983
35703939
81665000
68914288
104952201
60762827
1587276
3047562
81065702
85077728
80805727
15145626
81158823
78266081
60133376
73265677
78320998
11561312
60409721
76037747
37920270
42366397
33152363
82170203
29706226
11010278
59659872
97510688
92923289
34825405
95444652
17882323
36841739
46585801
93010639
21498266
5380753
22599549
28331836
65920075
3918905
28223274
61102251
7893146
25628710
74255692
38539583
2283251
79731043
18043324
68569011
61840068
38343799
22142085
22510330
38285539
49860618
50518095
27749663
100724593
104073667
48858851
30961685
41027100
66888676
70411090
99256431
45550678
18680643
108562
4817824
21709387
28278191
12530186
101127191
23345459
20208277
20496259
65487869
17890975
5383153
46426926
65013365
58260
78371468
103765864
36219503
55226025
52534428
4574440
69762908
88730195
88060176
66640595
47860670
47021625
77414075
99147869
66416482
22654884
77920371
17971266
26672197
30616360
18005537
80630932
89631219
2317302
40796733
19060943
84651238
31008521
99829086
67337502
69928757
23145443
51231436
31645063
11146745
95577862
48287892
28805941
40869525
66722179
14910148
54802801
86695144
54759191
21227498
74128844
102072688
72987639
106055730
77814893
72758770
15688234
65517827
70570276
23756065
9788212
51005485
17313736
67169765
76683643
16106066
63967322
37682326
87427202
9040799
88430805
54708337
87655714
13895792
11750351
86117035
91924586
33575303
38249928
58776504
80013488
74163115
49941422
25912496
9961122
37980694
2188494
98022170
55729615
45248418
32125956
74392076
5470
26891298
28886071
39001317
60452492
80610151
81025150
58402493
27475085
100218640
68641614
27222307
53744835
84265049
47867107
33148082
85335444
95860442
34518709
54100991
89885620
11960728
49407630
18028953
88341080
88713705
91579842
7021167
70926576
5234658
45506005
67094153
98212435
80049549
89749796
2049999
53135065
6490137
15444507
25936406
46473805
10060193
85445201
46280380
105019605
83780293
104719374
56918081
31658450
48241609
30376989
71856667
29709648
92467554
32539112
913540
43470756
86345184
67605163
3832423
38795852
97230085
3027985
96162435
26914483
2853286
12289120
52882287
66106333
31067942
46581206
25877053
11130588
27348535
47651007
73785152
52121843
82161392
52224719
65891783
18531961
43999436
65001183
54479736
74680425
52283929
39398378
39638333
47549332
76465079
804438
74407045
95999229
25858327
83873315
105805825
42836954
6904806
31984708
65912908
19937353
19232671
84316046
69119065
910320
71579616
47244061
92320061
89313059
8225283
26574228
70142226
101092640
12717254
40764985
35042092
4734597
69023300
64517523
104915915
6149477
629739
96623731
15877032
89111374
102652136
73821117
2607674
93057454
12752037
87686862
82591917
44005979
12736430
21875004
14680260
7950184
39018778
91429461
19170833
13222644
13856973
55060868
91734176
33666285
77831686
102298197
31592310
62873823
63887784
8292184
15956073
17608366
19655223
48145916
6097327
35278310
86752707
21010812
10465536
74836059
74950432
60716913
55009347
30469874
8539854
29340800
94869352
25796134
77572487
95883594
53262097
5874316
83319183
15119606
2073975
14957863
38410413
23300126
72601377
71963046
14320589
73900158
11511039
90466913
67483209
91176515
24812774
11916648
77834009
81522252
45510340
70164186
77860687
25668547
41690523
88833721
57858313
105075759
104307666
97381799
38248038
63826118
3800341
68361320
2392821
4457476
74130114
72537367
8979537
104791220
60452007
29943676
32100577
52108152
91337767
55566561
39026134
49380523
98179936
33353451
3661564
19841793
28473663
14710594
73900234
42704765
90616056
92250143
92511348
66165175
93581458
75976719
87116925
25026492
19914834
35945455
101567940
75428895
12085360
4719489
98374271
34027483
70379538
82624016
13082018
41957244
89160254
31356310
71402586
78338143
4879788
14634598
77715188
91858899
30184539
7333719
81967045
50134508
104758685
16534629
4731878
94238594
81745513
51171470
29548553
50575939
23860095
16442078
83144625
3741505
40429952
41433882
46629092
28422293
99553763
7409336
102328287
10822111
26476522
56767988
26306583
44794518
10133686
96065096
35575481
86140032
8665035
65432416
71086258
10520091
66562745
59650409
64690040
31169573
27311375
38790103
73521315
45802218
82102127
67394371
63202413
37691286
47970120
39219756
57867635
88731652
6616442
71243926
10199156
87772004
46634302
62015115
9219037
55767283
87400061
101916694
40737402
104234944
104959671
11435848
77603680
61076800
58022662
51583565
63738259
87599158
88461605
31810572
88689805
70094468
19424251
49666285
5507279
91012096
58286942
92713710
78532496
24934438
24609624
79957669
78552967
16550646
80705055
39075971
15029881
89255118
103047024
29301553
52314892
69566499
85186815
26020115
103428541
76513505
69211960
57611315
104999353
18367137
12386321
64707148
90270817
60185783
17062970
18883570
12479600
33352504
68104085
24258455
52471472
33742606
24936242
65160624
1520765
17133565
67802576
11411956
36940225
59164152
50204739
26294777
97911587
34356937
88581783
71500854
77604153
50844823
45224994
65975833
59869948
83974166
73327806
71387247
73389811
89800467
56869485
94311146
86971033
60045107
25005840
12994476
32221841
7802677
23041675
96198810
86283340
8638424
67297217
10645448
67342566
41531430
69486623
26410733
62842785
37736960
51959487
37311948
16658503
67340829
98738028
14166329
36267983
89617339
14517762
85168666
28513062
102914379
94988933
73976557
27823266
17203163
15636428
42113032
53292966
14403251
28901592
75637892
73069486
51449415
72932454
66615461
4372272
57433291
134873
25530837
46762085
90708659
44663921
2492174
56756474
34804316
105738568
82872945
86787905
43377012
96269734
60626506
75091112
103469398
84023756
11393862
70000198
26916805
13211439
3338701
73107394
3135805
28389066
6454025
47077143
15499163
66480588
84931436
36354834
41199843
86956917
44269911
59635813
35543232
28527235
79973529
54106412
88045184
92693212
51845026
74375900
18483963
82692751
89380878
33469200
57106951
104272424
92345124
85583040
35759262
81039636
66653369
87832291
12889903
71747066
68235708
85234330
25280745
23658146
17768551
87654030
77097313
41426304
85752285
87526821
72255680
93370318
27945014
13669283
99892877
75242276
91085023
10698391
25585799
10792082
47214077
103297540
94196789
11305488
44613299
54016972
93833360
100996304
19596583
59429202
46466321
70261189
93149407
69400343
78334462
2025875
1901745
95660493
100944253
98471968
85265435
58586396
19161069
58792738
54357889
8788113
49656477
105976569
69574315
54061888
48368921
61592216
84367869
40179817
49245757
49706996
60104017
60087786
54529983
81109022
72369796
2749605
17610355
10717159
67498598
8357597
7171623
35203406
10395058
42357856
104994527
26472696
4228507
36056584
34819889
80154948
70987427
21278217
57607648
33665726
75784019
8189104
12346459
34660873
5759427
14841599
20860641
4678623
93807990
51780377
89182295
87336265
67024636
9252757
3545536
57978819
104052540
96587395
36298880
9605989
38129349
68937943
17336435
55847188
96842786
13541672
22547300
37321700
51584198
49418543
21319267
66806774
28113305
23188488
39483860
1080804
27123609
75170264
47269956
32155353
10439369
79929538
83790729
34729445
36973846
38731769
21679939
14040178
58458046
73450938
98359555
88372162
103868786
3794762
58983515
59521085
68047475
79218758
41686061
10461052
21305238
23814406
27322913
27032500
102154880
70403597
85584477
20651884
90414523
73430419
54454624
81799925
42955692
70742588
38733134
48617296
5957351
54319001
21770623
76175885
101355781
14158420
55072274
70031328
41837288
5448385
17835024
83270050
57913519
43555283
89228140
100362739
53433155
88692945
73221652
81502995
5672701
12154057
72287261
8614598
56158355
9395664
68750419
100428397
64785237
90504133
52530300
61555094
84736849
33295831
21103611
31324453
78411132
49623889
52196304
90340867
53624867
106053370
19725538
63640781
96212128
26218822
52824714
78020161
83020244
61067595
34899362
22741731
87769331
62891596
71637808
61819959
50700428
84336286
73581724
28913770
31450912
19234469
40451483
53412396
86658328
103253351
4811776
13753893
102089023
52232935
96298956
15667713
9841241
99596717
10816067
43875595
49288579
17440747
68804426
85962141
79388265
78097767
82877551
25949371
12191168
93391523
94328236
47470286
52885374
54347255
14145915
3722144
64349770
43288133
74284247
98588062
1164328
58668842
23544938
6014936
68075322
102792240
4851646
97739275
50308137
19058947
81161170
95100067
44142483
16390287
28768217
53438893
65906599
95576029
63394764
96494511
40506149
39980980
33324371
74846857
15681113
76947782
61211526
97535336
67807433
15615405
75043124
101239392
16277148
52526326
1163290
76426048
52484103
11476327
42261733
86981699
81006465
90454510
92015478
16387218
56573689
39282189
15727757
75502089
55069880
23413784
88853768
71749292
49983495
62466589
39318959
24235778
34823977
45596120
48175840
72658042
25021885
48200426
100076102
71624729
42223
15370591
59847943
97276033
62243491
57897223
20649849
64619247
33880821
52733289
659461
87161601
90302309
17997601
12331949
9004216
79520290
52070806
32430333
51431345
53326240
19406467
82149939
68255936
46257863
25659042
78671940
85170785
73841830
4299138
37460414
8856191
59217101
1950719
102309812
103714245
24016402
99690189
89643414
78492848
68520980
88751861
100513280
891720
44567312
92034771
82663884
53772573
104834567
38707494
75371407
91160305
104922233
82174525
95673996
67177078
83590840
100056430
73393999
64985639
51172038
35509694
38320008
87276485
84024318
28303251
14070831
77297183
31169208
891553
3663196
67629260
44184549
8478509
50001465
16478367
93290205
43956390
84491167
39357889
65558890
18880510
101576310
37745154
24267312
21301194
19466707
18605201
48884391
37884305
52349258
95669182
83259005
10016757
73205654
6727135
103224043
13179278
73633987
95313577
62797005
101274688
43311422
53389810
46961932
6045075
38077201
53932316
4081128
91294285
69555208
27813735
100703198
80275115
18278447
5662111
104190432
7266030
98029572
84988838
60715300
42332501
22463528
76531870
12882715
60026376
64866777
33594094
82155902
104132928
52002155
35090823
79996383
37266347
15312609
99119617
1963947
52872917
10060735
1951020
16274714
95370094
9535288
14634714
1768311
36696045
39406168
44885222
52640730
55697071
62525309
9867058
29449786
94210781
37348721
4972249
3554102
66823850
87681940
47065079
24136544
40419436
19778214
6560394
60986027
94213321
89058882
25696555
62281830
46464270
98505733
1640000
13195409
104612871
912174
62973090
90145316
89799098
8043540
68457300
26247285
74404529
78608337
50161165
90656679
76614872
23380310
62579024
68370933
72946132
52970493
43259778
5117036
31654894
23591513
35289472
31931490
68278239
58964450
86325458
58952489
99982863
26411453
56312320
40151183
17203077
80613178
21688015
89235441
39729012
15532591
82176121
89837850
1993465
52464483
53761283
33927567
56524179
35292159
25111155
93512723
21315599
19668265
75917565
25407031
87086902
2008650
77379661
9325750
65071588
59914005
2640169
85515307
9208376
1382770
18463168
59741265
66567793
31839052
7059320
55981163
13539126
55395266
61760195
99839527
102030305
44152752
8816412
94785084
13976560
31126517
43278786
21592195
38671364
99592543
54117371
77761152
43027062
17465656
32369209
5239909
76389257
26941027
67052139
55557111
66588605
12307743
78365573
10586630
43983554
57754055
100310969
19789600
85138590
43291070
91023115
32928848
30176192
3373522
51506298
18067992
98545154
75459872
73564825
67000213
56565480
36651715
71075570
63470781
72850028
31111810
44277770
46515773
92126050
54744396
2875166
56001975
100097818
20611518
16365662
24193954
104389094
82703526
34856486
77893369
38798506
7243219
87512551
12108200
10918369
1730053
50593168
57228569
18894392
62596737
21608270
99184700
95575316
65647388
44876639
52017882
45075761
15217002
43640607
36124075
86420207
88353648
39636312
75903863
47996053
65435765
95427469
52179352
43905020
53296894
96470819
26690306
22008478
85782498
93288660
85463428
8519289
13680059
35620299
51483321
73111422
62050883
79991689
69241062
20571627
55343264
8377275
8951685
34886796
61376960
22171391
10516343
66041223
80290548
86566395
101906702
21530744
67814203
61798534
42898342
31288416
36371949
65175274
42635051
102946836
79608601
49843129
63125969
46658638
105343044
103265261
29553988
67162884
24648424
86547415
37303569
20456468
53090316
12463922
50054081
21019365
47970843
30039949
95908150
58759804
44435820
65791795
4316030
36525787
25426585
3406696
14336993
65198741
91656674
18475549
39820867
58633591
76273714
65950709
42788278
63863788
78616836
74780202
29859315
29875584
33457099
24839647
102176016
57754579
70583080
20014131
56884844
95301040
11287757
30116354
80127402
7910033
40365210
909334
47872422
92001473
17840023
101951444
25377874
58706710
73975464
79960158
15845313
38093554
13017501
74098077
34004473
48741252
41323103
30703296
59473197
1386148
86030196
82161884
869735
81372040
34410002
26768489
40857266
29061352
15434772
79218068
66127612
54453738
8752939
52010978
92307226
90906941
53659608
51507717
42861397
61565538
92626285
73520865
4089081
70366250
32774974
3301177
14951682
65620583
50763101
2994941
516413
4658155
73435510
105874874
66198402
5348649
11333717
67729199
69023741
92754663
96148757
14116633
68236512
23935998
24034998
40799509
48045544
17777697
90655060
101114160
57476457
47943663
40745891
787904
55414567
98928020
84311705
37640369
65104170
71788573
35649431
731539
44549754
68086861
14134784
24152830
68098537
50352682
77670443
54907108
24518151
72212758
15765263
27437003
81980455
31940929
81918078
78705013
92074869
42711397
60368269
56688553
98619097
47907872
48249828
43457826
33823850
38206759
1990938
64372630
27238819
99336199
12280383
46080552
25671952
69872103
52572388
13191429
51518159
5457685
64825473
103171149
96322304
9507962
77292554
28959070
45956061
39206681
18336744
35386315
75865929
38144024
8438725
55161271
14084022
35726696
67150516
101224848
10967940
34428367
52092247
87248268
99347875
74181909
99598165
12480523
44037571
47114703
54455957
80120639
15225381
81001139
51562223
93046862
69641902
38085873
10622326
10569745
95114381
5876347
52631218
46388286
24060002
78802030
13694383
44632803
24758756
32722148
49132601
55493301
66854121
3593966
93740104
86867352
55827965
52483462
64114567
95690561
31889321
105228447
28558416
53952148
37042865
39159978
2018163
59072156
49061493
4745978
89712156
48726095
7499973
79919189
58377531
85517200
79726902
87062235
21183830
101039083
97641656
45538634
67843198
86076769
79539630
41256642
22752785
91911033
46277768
90659749
67132144
3620801
93869210
15082066
77617612
84060709
96188486
103362186
75450001
26019026
22929633
9792967
16032192
28072774
25875915
77405296
90016998
84777819
95510580
81735196
33195885
11564887
97772633
26586556
89007612
13312224
20662501
63866665
50462517
42656967
102880540
52050078
57776818
9808500
50667209
80345427
34294336
70169460
26180
65657033
9986834
100946859
9600680
44716896
69829405
47188096
87984717
8281801
77265562
83945693
9646191
6609328
54330904
4054036
31607683
25140946
94623336
3689162
67076126
104502440
90970150
93072039
1382868
3115018
1197792
86587750
106002875
74727304
60182626
5169321
81739981
97043566
56801082
94186213
88505808
61547604
101696163
4039024
104725611
70656234
55298417
31275783
685273
29189957
41204328
27918520
89838449
96210897
18809013
80094088
22713198
7448758
11467874
20885119
28885772
58244117
52088752
100833554
18670951
94912688
80141868
13237396
34221386
101343479
98580051
84466783
62911993
31039929
80514236
99133456
95654588
26108459
15755082
78856754
71125137
51083432
34793135
9744361
73497699
11360255
94309841
1828079
4246614
59313758
100569995
34142219
65256794
63266065
20691685
31117183
86374930
84888390
20747346
81528232
38431485
67540122
3952547
95552166
67158969
80089405
83378374
16797834
61073323
70761651
69747247
87064404
83675734
23432880
21524520
97353247
32797268
60679711
7348085
76194396
19740592
62987558
13450533
59823239
82981136
67576924
10369837
30530326
46456905
59297225
77575685
74652948
26064780
29953143
12173792
76044763
19016082
38300350
78824216
105782547
93175918
46314367
65539884
12006114
96725612
92618438
90005162
88376501
40939118
76134155
62743863
91690982
86096423
77647238
49453402
78134438
21120019
82846241
59044642
103577585
58916072
73306170
88162784
81793646
10937061
105647070
103310547
45007163
51214433
32509849
40242663
763431
55678755
79011446
28090953
34032739
77362948
39554635
25632638
81021765
96127733
91186625
67921208
33645613
82210847
72697162
19089796
23632434
49613796
11422100
41098429
2806054
62369109
88605715
84573100
97703526
54432637
96484326
4764500
76134630
82921095
93004846
78762479
47329644
27332126
94626319
34083729
102431184
75200531
40536013
38784184
62482119
8975778
101314047
40239445
84262041
48766993
7667696
8217633
72491370
80826620
58582715
24322955
70755583
59856705
13772402
12532653
3981635
13563231
43533283
103462152
61275079
65672719
9819788
13245914
30990943
45109416
99637717
89330627
12718411
31560235
43560138
47926302
56487366
78230682
32571749
101728035
82365624
32931077
55724919
48168415
35754664
24409637
36234181
83906558
55875070
209171
75089371
32293112
58378153
3544191
13235991
48029164
34681776
70800373
19698198
73433945
58074632
93761109
71454117
70882110
81162870
97103085
15354552
86532959
101955059
105730673
46003116
59880836
22860040
56998910
37617862
57938107
74624568
36025010
8817186
49265585
73604647
97228808
19057121
10348988
74952416
48525619
28330966
93021460
38409368
57710718
27663455
93282523
12598239
80441033
55527558
20313539
20831654
15713880
66213471
67757850
2464260
14687834
22262974
96695562
88464342
1592852
49120921
25358983
94193992
43362007
30208464
63255658
22276391
102305131
88108023
7614584
35799878
102393877
91041632
51216846
70796107
53312423
37754965
17968328
85293007
39813678
60190068
84847432
38933248
51525637
45494876
11858699
32313492
46353749
47574641
88788987
39172489
31442541
101240520
30938333
21085616
59676961
81237636
40345435
66505253
11397774
48346581
90673033
31597770
37729209
13461881
78511407
99793044
23624915
63868260
26129203
26564058
34348059
39352556
27074549
19212145
24824755
96057687
75298134
7181260
41815727
93638468
8234156
10356925
41563558
81474326
6423809
99261709
69839861
98088855
1515848
5483632
36300999
102894779
84859992
69709794
15520594
14643146
99347469
103150858
55203829
92866648
105579510
15135914
40211429
62790491
75687640
17643495
54241959
87749666
105037105
31458802
52074910
58533458
29616744
74075478
11634465
14424955
17339488
90039857
87471483
4711069
52397269
72681206
87374185
70216845
76452325
18459737
91212946
32164449
23254976
65751543
52655219
42789019
45538275
22567934
34232159
94027974
44380019
22783157
61358384
46503646
27525685
3683060
72582621
15191789
56735989
53368237
58727100
12628419
37642587
14790277
49110513
7864052
21912509
94598075
85093900
69971504
20888389
51145030
85599231
6149585
20213268
30087285
34240487
83283929
3871543
11449002
58353218
103966373
20941100
57675324
105694654
12333896
53037071
19214384
88238318
69791198
15725649
43936823
95291534
55462163
18561396
86286067
28860152
58031006
99393314
33948870
10055900
14738804
56615390
55511946
77999098
68702968
51899370
48475113
50614339
31678798
96597903
677893
104361720
8607204
4638253
86480269
55869207
8929501
29172363
69985122
80589665
66353487
25375427
34689095
52285639
92304019
12576381
101001283
73658733
84654509
3017108
60633955
68513335
13596050
29296204
55207613
43772256
20220571
57967211
49936446
33407079
7584326
102129641
17881451
84511626
101798753
82991534
11567712
60113465
68908877
44609695
71584197
39751476
64845037
22112714
57374356
18645285
59695500
17577802
38708406
41824802
15104686
31337750
13305722
101597422
34759261
22924029
99925811
92903493
50382885
53896805
41209256
29162701
330888
66663545
98627541
67368916
14082657
73048018
94619268
54841029
85854658
49471483
8060747
46199752
94190843
39796554
5620507
17870698
2473116
7370656
28519080
45280892
22262117
96471693
1671611
47945768
78631145
46029006
77377865
21220184
53565917
80635711
62308788
64735601
52580888
25579523
104523276
91015257
93283361
45147785
46780281
39654906
87054269
74354194
66262873
76320145
37323437
104339852
15035245
88965853
10792166
63821016
43609281
80406350
17840548
61732606
76657904
57410960
18146717
102832155
90685025
14513943
53738451
36729265
91985954
93339259
38386163
59375491
44234976
53628454
89867145
104199716
105165662
10734124
37030757
68013022
86968527
80131213
93547685
57304230
71040199
62159445
45980467
87966676
3748446
66519589
69269517
105599378
98499564
3632773
74777331
53955759
54301618
66489193
24026730
32610463
49104283
90847709
101281974
71808889
80236421
104816649
67168959
37152640
29855597
88673172
148964
29664297
9091014
57071868
37007391
89163524
58410999
85550879
44380787
29922697
99793653
65636743
56505674
70227433
81104784
8288138
55612657
21691155
43068537
39269022
63102117
2979022
36294916
22148953
4639930
43083780
74961052
4179414
62687304
191300
79582158
74850725
18340534
51701119
104750869
57546512
70466364
54171930
11440854
84834045
105190651
29566220
10215587
48217536
40298404
59413628
96993230
16343635
90362667
40089515
28657733
66636792
104429093
18894764
53277902
26144143
86486477
74769751
30687257
13520206
7534394
27881039
76189857
66884022
6918382
50578939
71789286
91722320
80754908
87964634
74618457
56973115
14951444
56891960
82997935
23954769
100824590
56903715
13369529
23725874
67434050
9762969
13358890
78284950
38498287
4191778
21140514
72966271
92918985
2806217
43420350
46740373
46646285
51294546
20778364
46969691
75914032
89914653
17103863
49465420
98696818
43410125
105748809
97086676
87840998
26094220
36268867
77098716
95559665
3606560
10366984
14832728
103038311
34850740
82828063
71622017
17362794
18334297
55229548
71862240
87933561
17809432
25962009
25360222
81470515
36953712
29865828
52132239
16901463
105467366
75490240
1610141
61659128
79654589
86501437
10742282
62308183
32662307
66731732
320564
6658250
81606245
63778294
57099921
43171573
64493766
42076097
77274183
36490736
37420116
45900231
88256967
42428918
95098298
101584395
55021903
45735877
30488462
2325627
40974949
69491866
101925651
21198705
50916845
43030034
53839129
50100551
61987619
26004057
10809115
68315899
81331957
64118299
105374528
15023824
97671019
28003030
4655981
31373952
80007398
20674825
82575562
92762573
93497016
75046049
96779560
78379904
30444555
92770225
6489977
19776244
18575021
84579245
99133205
816294
87132415
27835072
64975064
99761721
50762101
52780816
94714999
91991761
98220909
77371498
36051471
91980694
79769261
9664783
54888391
93334825
33267810
33213141
21666641
40800740
70285121
4009335
97573555
10668311
99878832
28000732
52416668
17758727
103536831
71298133
67614858
13054322
83162972
37877876
30730350
90543969
86333536
17343501
81623917
31923843
23285865
52070316
37092303
12118063
82486974
47358878
71668184
98557071
94701648
43340933
75000814
59616810
35904132
69572822
90025272
1713732
30553902
87208536
81917497
10076136
94225162
29736982
88413973
18302631
83317969
13386849
34603679
80093321
19741263
29553601
100921541
36851430
75673343
95823425
46539880
90019903
84430859
54010879
49239885
35084838
33120429
31111619
75681538
34190400
39018920
28500364
51569863
20477766
99073375
52180515
27752164
101606159
78192642
100710752
89788952
28908276
19329213
5050078
85261781
8573461
85653887
5098115
96401551
11337067
37076194
98619002
66463646
49346020
46574078
43811894
91176929
105020029
98182700
72864802
8304165
44224781
35516990
105479349
18409230
23150844
80077873
58815041
11817206
74967994
81381538
4332501
49736496
10755752
51169819
80163665
18261911
100000448
99795550
103872550
76647050
13413802
77728552
22651752
89942720
73327677
77402822
18312127
96715864
79641547
63031439
34598444
51499179
12366146
51085104
65684190
11333637
5109879
83523503
33168333
25231498
96309414
59252683
101346459
98583841
82943000
6051743
20479362
23353397
86381748
51827626
53995298
55244710
30084502
77022558
71630593
82701814
103851276
87054316
87801048
53825996
50665293
89603341
91904989
26716137
45975225
88250688
84255305
5562008
12897717
80005651
55658668
103815574
1993310
14888343
78104479
59589603
25759996
100425365
101131728
31137037
21743123
83062741
9297745
53472689
79261283
10259905
20584394
75708908
36389023
104287707
68011007
49632784
69311744
29337929
48550832
66096844
75352971
29933282
81676969
40855772
103695968
40770325
25711095
74177336
95218347
3362741
64547876
100712960
104365870
43752615
47522920
74360435
3801458
105127841
58571923
3552374
79960882
48070315
33381529
12439867
34975963
38673078
1081951
28898528
85758587
44301178
10103503
34497199
32327315
40906644
40828305
55202260
51641978
48031981
9629460
100595388
5086872
46478889
53190039
30005435
39951157
48485080
41472139
249083
50850586
10501608
101944474
67521015
13094352
20392079
37041544
31761063
84688119
88554402
44478653
51261388
11973863
75286859
19352522
2808683
95354667
98886324
45572799
57136591
42945109
69240572
47405349
81171438
6527732
4704959
14216923
65385701
23318122
30970531
30078238
9013199
23090883
1146022
56163099
7016917
41793960
54577142
12966038
59110359
76580539
75281794
31908866
9165180
86022193
26556198
63325884
38218076
81624843
82422228
9731242
67863671
88396468
68384018
92638143
72915659
7070465
89336393
35307463
14304922
33563276
28932215
84623729
41757594
65442063
1585956
100140880
8367229
3680231
43774244
27201492
67415359
14943229
5352668
77612924
47804117
76704984
6587284
28486834
13761172
19709387
73120853
909156
15480809
61313553
3301750
37608196
98855543
81456745
32058876
61454822
17489310
95263781
83037773
47706714
57074833
23589353
82050264
6849365
42354872
54514643
21848824
15486063
73229112
60421313
71025640
45000911
62943812
92967898
61455982
38535643
29912206
37490928
103697407
83962614
68548010
53618634
31232948
37400721
89651063
42885095
4100677
75872596
38188948
85132047
71746451
75909096
6918109
53219248
91090541
26868809
6969159
93201140
50550424
28228201
103567502
3741370
89634930
50091796
88739319
49648682
66611865
52039593
75032918
50078773
78413294
31147289
70057572
94437853
58983672
13778466
30379775
50742258
29809773
68369852
78213938
44210831
10502183
86139300
71933717
23573029
82408386
84830959
95723639
72492682
70366899
79159333
21092051
65669876
89569932
62383354
80705764
16533091
105399928
43885629
5704829
90065441
103937245
81962733
89741706
33925042
9652321
68099924
78618321
91688943
83551297
17758266
78367114
93019155
3730914
12786386
33939390
35599332
14464059
42247934
77084258
30380651
95679402
90482326
91054113
98720469
88757054
36820135
36511890
41018115
71722013
29832097
323735
95695831
97994040
21641782
87080350
24053379
10232254
60860055
39005456
16215770
14027352
91264356
59079764
99905210
104412328
17375084
90288703
9767036
52658533
92691933
45416539
22642561
27408900
79917606
62208579
73422567
96871751
6679793
40694379
1709809
63611686
4365581
34299109
99624288
37093155
26220295
10731551
19700112
72516331
53831101
63226007
20212142
92942029
41704680
35300135
14238918
96490180
103686771
96124126
30015972
90966661
71588934
92207611
85759961
8729483
55528786
32728188
14755568
74841736
62012426
73500701
95761026
99046055
8078814
88892737
17393043
59793965
62990450
62564106
77987816
66979073
47204955
91002008
104386738
51304500
63386993
49888421
92157836
12720110
24535192
43898362
30890327
88543079
36678825
53031773
19657542
86777051
102489391
47344868
4764337
69056372
91105514
6868289
81653011
80058478
51585915
86602566
7489776
21695005
41042779
93075809
68682336
101990455
53298642
80181945
90920293
50666883
25353228
48259474
7513410
67765742
32903165
3542182
68885536
55991775
56632383
104086303
1606340
33433019
88012983
23579676
13086988
11047036
87056003
101140446
72568702
29890910
45559787
46187596
59102670
70825952
65460795
14184018
36753790
2631759
54828717
42660818
68837101
89361115
41039937
3971228
104970207
83001391
52999799
96572862
80069062
23199364
41756948
3710292
46029658
76965947
42613674
18036543
70251963
57165093
81264286
52064734
102561869
417463
6410429
44918651
59755790
62829036
65445302
100182973
39884659
97241231
27304509
64865872
10074536
89812175
82745058
8397344
2932328
55484063
80499542
102042398
2853334
70881002
67186618
27993115
6713984
91538582
68545886
43870857
86376853
80846823
45654305
57643217
72435302
49671394
5156977
65662818
22944377
99977700
98562092
702414
87166695
69265962
7804442
1677191
86879847
52944623
33987803
32663559
52630729
9618540
34855780
543847
64167018
81738037
65537230
94616756
30845357
93789063
104306553
28733635
34095149
21666539
78169868
6772484
26727017
11269277
98874355
47925590
12811005
29296129
98987973
85489503
88476116
86633448
99463017
79899916
313894
24369262
103897780
77770510
51541523
59207744
41096618
101323891
76576307
103521795
15993831
27795350
85377542
2233641
82337396
27322665
101029523
66900591
39671758
4485054
24141900
69578225
80711246
33411503
72593642
38038152
11710114
34259828
86319554
75093755
82092137
54317013
78917740
70373664
62357520
81991261
8315064
69348451
4923687
48780957
18144253
13760190
51547955
83738504
32977747
15436805
93740908
16138095
68442319
76183533
55547437
96820398
22668211
42673094
47385017
38333813
57808599
68389988
83941320
57686169
102266016
37402101
17643121
22610106
62058599
99099069
102751202
65624108
51204198
97253498
103323003
40495750
6466071
61794778
96087597
42523279
78768115
17557375
66680659
103395550
79198950
12874343
49435381
90424399
10548123
4678657
86166122
122429
72213973
72222847
65726676
105339537
81433502
24634052
25948905
102524492
47894871
5497704
68391105
36392076
10381054
67211853
50498154
95716420
8710291
104213850
81932621
81462566
70132054
79489944
53960169
94864552
2326220
70440352
29941905
10425693
38554685
39626902
66169382
98648064
96879346
41092624
79390632
84999011
82829182
46134828
34133387
37186423
20800278
26862880
91983923
20754634
84185190
78057933
39467427
33337726
34081796
2442676
53186025
81357503
102847352
89609818
90606275
97990527
57569295
15998630
50346312
45996621
48837557
50760386
44941060
11880335
64353443
58939432
76549252
71326386
25334550
32954135
76976129
25729272
74451318
13925990
6970835
50847464
69659765
37024751
86241702
84497922
31368953
95349836
16434856
4856825
32040523
100291272
73327843
11572673
73251074
25269554
26739189
62640850
92496944
11685256
67104712
18710684
33604882
43595117
100440258
105695279
64592817
88733767
18758437
23603854
76039854
101719713
70695763
10845471
31339426
16575494
93746694
26512128
63309313
22233584
63302611
20467849
52723826
48058288
10517112
10610223
64546239
15053933
101626139
73786259
84170375
23509595
24360427
33999604
4685927
37390118
6530469
66672591
38377541
48812353
58998091
90878011
70380287
54120269
23188778
4827298
85039810
71513109
94983146
42841463
101283387
15244322
35634365
42113603
9195677
21146806
15074085
96849981
36973559
103800172
49425832
50170771
44507295
12653937
53152763
44103337
24696205
63808117
7674500
79273159
84522067
30561450
67689233
65552989
100854088
83449297
41617781
67881974
102003351
79738823
32890726
59169784
31732273
14487559
27039518
18435697
90263248
43047541
47424149
12486416
84976505
62455523
22701636
403958
94047733
95434647
62112465
77196674
4969678
2796678
11583926
18969078
35797362
90329936
49618836
32972114
7129574
93652586
60674876
42833567
48006550
18403167
57813894
13296576
55997940
9675604
102785177
77776831
89844665
91058627
15468408
84572546
100181419
33356990
70065122
42534686
10058596
84999415
65612748
92090601
73089316
53027619
101123871
2825248
2793989
87739878
104070866
96069635
45646036
67955337
91109674
34709973
68495228
48138289
42285028
84311109
51604568
11726550
87992051
5272119
16560836
7795046
40191052
83330360
23298394
10749335
83011939
49741624
11910098
38268757
97056731
70264068
75917257
39067620
30528011
12814355
42093842
61799157
4959961
36619691
105550110
42971385
18108573
9867746
22217349
30558478
22002686
46332449
20849342
105880632
96854696
65004104
90586653
29441716
318421
105330399
104929238
70426810
84458522
47736031
94125128
83672738
65419685
63102902
103063779
74818855
33538022
31157779
88022675
68078577
18511118
15275991
20754035
93640095
13548688
1568528
35392764
22212055
55567754
61935238
40977607
93096607
64685683
10939882
56286107
61665239
46555505
57193206
82391683
26469411
7999974
31022226
86698960
96690831
29564880
97589628
12479807
71549446
12646661
98430312
47324541
56644651
27410931
44869135
58247331
97426634
77774403
79547527
6918076
94244775
22933183
55721352
36810500
28704072
70474378
105182902
85363557
45769721
74876860
51369457
45860452
17399144
27140973
95199332
3804650
89789063
4536594
45823124
24224904
62092010
71019381
28139034
24080948
36074298
73184732
84789805
90508558
9213256
82297972
82970352
57434275
19912739
91336975
63401227
49430515
50388285
55989670
33994100
105999270
57477715
49912111
82434749
39278122
43441911
10256365
64071527
65564159
48534585
80893743
21769498
63694690
60628711
86727931
45381144
51655741
89655104
2491833
33221833
83552609
88068861
17317005
100123049
76572224
40948690
33095185
15436415
76162644
104601955
90171990
23564521
18199593
32153828
72178384
890222
3561380
93495409
8861412
69478289
90929896
45948660
41131568
18313545
8972970
103162827
42889311
44117535
31786123
46196601
15904828
89519561
37180264
2051943
92711492
61135809
70876047
34583230
57038054
78281751
5995989
83701789
57476138
42992999
54276076
4366603
98118811
40173092
2565513
69002753
28346721
72616350
62659317
44058741
1107862
70945436
97060332
22376338
28212707
48356563
34699964
39536512
22491696
82134456
37265897
58128262
29781383
18277924
28587241
79426265
20805613
94776619
55109341
78793163
50964188
14102984
1801090
54799686
11826371
36039163
32027063
90377980
97192116
97803882
78772038
84821524
42732728
74387397
13360002
94766196
51548494
58655509
2270615
96137063
78036700
44671601
29541020
56445119
23155939
65584251
50000552
48102451
43812430
41006356
76992073
21848130
27960241
97535555
22772623
27538391
44937048
40313182
37289570
38054220
80754782
30068268
97145150
79740161
22838903
60794493
92495581
87185060
6302437
89372642
66596043
21591581
47199290
70046770
6444566
81143489
21771821
34677824
102884007
47647928
38729743
5140145
105165508
421850
52598507
8143069
15932449
32566456
91332029
32904930
72682698
1014620
7229365
36350657
93334581
67427472
54492056
28806566
20589017
10394483
67856980
102639274
15147015
97829430
48274949
103540371
84349483
105897521
102038082
17337488
48572421
63991521
58631639
16616066
10173029
20032051
22901041
89117520
91657386
90317408
51359192
62015669
39453668
45891894
87948601
90211643
72522083
69781201
92723215
24039744
101337469
101801178
54364325
43380272
13479947
74151056
1502289
67011994
57325100
63730189
64795850
57639983
53818492
38599587
99805026
27145510
60148294
64357261
63441955
29641717
50863740
5467298
80157069
81015654
105143440
18167400
23172055
48482339
100217360
16605665
75765420
83640825
88321231
5896896
41877983
52557954
16825956
69545729
27899772
25368744
9911697
26196263
63924958
52356610
4134921
35447764
69793555
30506577
39177149
83658285
81258277
75938087
32097486
61989668
83527226
56661101
49723669
6566390
78806920
42260163
34374435
95552151
67446470
35763277
95160941
78422254
50341810
17140840
59634032
1703509
67533787
89328716
47744969
28477194
88653055
79718345
21954243
11818898
81021929
69329062
77244427
19268608
18094489
81526386
37949627
76960836
83944182
33147133
103965584
8938396
80903694
24294786
391210
95114216
91511468
103703729
44471850
74321929
55697054
102078945
60048540
39056593
675660
99800253
32206578
102517785
104786417
84398810
66348100
61753320
76918201
101808042
87408982
47223654
103672204
30486122
104768880
100689414
58333440
79670798
34230814
11473106
38873319
2777482
76325994
42873167
73690303
74166533
39957016
16640461
101403285
66338288
32533642
29931504
20697463
53897769
36169685
43033097
33164236
70630059
27966
29694547
23819465
82606488
48544774
2982790
103926311
25098082
92142228
46860334
66481107
31453331
66920740
21683780
35177180
27843089
28599778
82733470
78853249
79708729
90196819
97155409
71324453
84725874
19445446
83754367
46417161
71629627
68688758
3469689
46810593
49195107
87239774
20836675
84770178
49130320
42614191
57065977
90390603
60688896
5623221
70480955
102366152
64761279
99174002
84217339
55079840
54981050
18220278
7381468
8384276
5470945
77709962
13253713
63992341
53905820
15065609
42947472
24819034
45177279
48003544
51657546
70514930
63793081
3906111
27704201
90513346
88015296
77126383
19909648
90096373
46951943
77396954
43832440
9681439
69876580
91680689
73382000
46596774
12749333
35761507
20814190
47568605
49487770
104278105
21044869
29086786
101661959
20627556
104935116
80752349
90300463
73435063
68494357
79369736
21980816
56667818
70603698
23602550
30174440
74286323
46263933
62954132
33204002
83925380
68073068
23279805
78931356
63304121
51466212
96954356
92363737
48309714
26523736
46084612
2616146
26100941
30241670
20909609
36417093
57183681
37941620
36614355
77137874
11826539
34449666
104468267
52177006
22001003
83428618
98993937
66765949
94112181
20564692
35607824
4994024
30452575
77903594
7660627
77030384
3156498
70430620
71962753
71377195
26106423
15842942
87796538
95773848
104831618
8651617
25486366
5729435
51798709
2164688
78759608
65739534
38132291
21039648
59273069
61325055
15000065
78429245
31158124
89118157
15795745
63794231
23017025
59512191
100430724
69003636
30751259
63552931
44324196
56119811
89670658
36422576
42784953
104828548
95971110
99102183
62942909
23321678
33059827
92149176
95806026
83403588
6466464
82897237
31723211
6527452
30166930
31971909
88317128
99137522
91784760
62373554
95137135
85787017
54444560
36877793
24679440
80721449
105655902
7901620
39018486
90932111
72225095
49772771
41885639
72649432
91725983
76883734
33605653
81429868
85682711
38592416
51680376
25622640
52730307
25434930
24300324
62803037
71960778
51627202
29684015
5997742
33612622
58259342
86791205
79813111
62995520
16777819
67386591
14723791
67450154
95335716
74730100
105665664
89820416
71091905
39043779
10296115
16884651
20696864
29749492
60060071
11545737
51929074
27005944
15610898
59564153
104446751
33119022
65963035
18014579
103198301
50980166
59889512
101353823
70013386
12426520
73955357
81101294
103824504
46083692
67874491
5515299
3638194
66621885
79524301
79890882
44030542
6230251
62914581
34834755
83910419
58737755
102024840
18048548
54332821
88581877
19284746
86432172
61694349
40666497
64215068
1844478
87056781
47462992
27398466
14595720
40375644
27871665
13226802
98309205
68129125
1252606
57764627
29837313
48274970
98977678
42659929
34879415
54093461
4176826
38899915
91545498
4404933
39126591
24447430
73990650
52571155
84708249
22217103
59849871
85383345
42435704
129639
72461061
32770975
25210429
27052545
73840068
65832540
11974196
66228206
63975440
84751265
90560577
93267384
13395555
70567845
38483103
21663128
68637963
105861893
25456952
92781696
62187912
12239064
45829182
77457175
98811285
25008532
5465027
85403860
12922284
35348357
81009211
71092143
65020908
65467890
15078349
7611862
27540728
33312932
1351256
76798057
97039338
19992732
54784281
17416055
1929882
38711211
102296177
1539895
69357609
38901516
46952514
10414365
19517780
46504278
71992148
39091053
37769875
101890299
4394649
47920142
76417450
41224949
81697422
83092673
37927162
87855418
31944234
56832672
68047223
87448525
22013776
79623283
43746478
41756698
21209879
389986
101127230
89078289
86361010
84626872
19383736
448236
44512218
6110355
34418030
101875478
34696404
95939734
51156477
69259701
72312721
19008404
28981415
99932004
51148439
87184491
45491823
76269337
60502524
94513941
43702047
5940706
58413404
43356491
46719468
63905219
45802605
16500358
69694553
85912774
65798282
38957009
97803834
48726741
77503952
44568297
76402629
71526704
23627013
57831700
65961914
104154345
73949966
47886925
54440181
562730
52365595
57067883
32567290
54561818
36100537
345556
65311238
20191813
23237514
30219110
100300667
91663459
82475704
30737544
94198941
17071541
93226686
78919165
104097741
5977248
20941283
18570928
31248418
51246297
89971735
43758617
49714164
99070864
21204958
23055925
74085441
103893778
46650974
32221734
95340580
41592352
2791669
35092128
25981147
37664056
79517035
95246751
23148146
91087791
69284487
40963403
19063801
87249438
57977882
85526812
412458
101468615
60372822
13173429
1532132
16584499
48237287
52341867
24985423
23401181
82494952
41863707
8553197
5058622
55113692
60248452
15611205
96901242
87348722
62508025
40199537
14112872
25962264
88274744
72023989
88125050
8669149
39626990
6430607
62599267
50837618
93329030
99936483
43788322
96709771
80963894
97689077
24836106
75936916
8805344
14847983
77436329
12433642
80078374
15131045
89986079
104673359
84876809
56701705
73235850
36545761
58014794
73862511
69610843
105289222
32396999
81694443
52159883
94879372
19191578
94436413
7049296
22302887
44656216
77872874
71873665
5026978
88883733
35671750
104590587
102461702
66543238
87988912
54221192
81495015
36344237
33284374
31437509
48331048
104776911
25056966
98708547
84499201
41465512
94006401
78812967
43607628
88186493
89497098
7423703
22572319
75463825
60950051
82202851
39629238
95079141
36201914
32210020
92512032
100902141
42285303
73924138
91138224
51644674
20936818
50057506
13696817
34597463
6380543
81396130
45961338
9275082
4702146
5686233
103947885
31503536
14999497
61867552
65614174
14033273
52563653
46459469
35834587
71960910
46000936
33102846
2567109
67073402
15608344
44271522
9763917
96730630
78670947
41080718
63631485
92429356
69360591
38390688
14319753
22789088
102377612
40275105
11417198
104972239
16370364
42080332
71979363
966223
9303899
44838333
3882314
6286371
458532
28415369
69393801
4611162
17494501
90069216
57309485
24967715
71690575
74773200
33099145
92331592
103493756
50924424
103793231
46571502
42103077
80134649
11371890
23089001
49588368
101110495
32992876
41087769
58460061
52824658
103173910
28701156
44379800
81556946
42982571
21530998
10920867
5008212
53391677
18210414
18378641
8219913
97958571
5042611
77369445
7858348
94628362
82605881
8821347
49342210
60883240
44697704
56229908
42035024
96186126
8500599
42650433
5851846
44003860
29758905
8444857
47300591
11402213
48532430
96319707
63657986
74229322
18394081
92719572
70855392
26341843
39019658
36940469
9693850
16504249
20447191
105127002
70969780
21722641
95897271
18795929
44531844
80285207
47729309
105474591
9927907
96270368
38575156
103496989
22386896
44040320
91686056
57070885
79517855
106076737
77925625
77028415
3373930
17735866
79383542
33914922
16647993
22515408
42176906
10656848
77308098
24408178
34913359
77857479
2874424
15612064
77156621
70830882
96040928
83232569
66899435
12520918
73883472
20218463
37494561
71406012
70612466
11292947
85235261
2489440
102702807
85873387
103734873
101232636
1087872
82551762
17421644
31674773
76980939
17768727
1427117
105540620
47217382
19301295
700857
38133543
51344764
19607680
3931446
83520010
9349097
72364600
81116358
28161088
55695998
51885241
92260752
93806653
14680141
105451874
4844568
1470170
4379142
46866739
83810992
75503100
5570822
105742918
55931283
77530320
102324974
88215823
24433389
9083838
74046531
6776805
59885725
73914755
35942210
63340475
28087279
6871637
16668601
29231117
41990337
93662974
37205100
12492505
88962085
38893599
101072732
89751457
49432807
34966042
41295917
84158075
45255445
59814131
29101571
73805461
53096931
12834763
14169292
43340212
55288114
131776
76924596
102635250
71511104
29070573
72355502
24539790
96654929
29095628
98116018
29497831
30384516
23995129
17509774
24894256
95550792
91790318
48455540
71364733
95800598
7165414
80740131
103223613
6717200
16266808
85319797
35440347
63636649
14037516
72505617
84426493
60394301
47854023
55963376
72654941
64189272
43259873
32513773
67157098
24394740
74120889
37671685
5490260
34534337
57493085
82528716
49869687
102079720
66973754
96714603
18260613
448214
90156951
43587444
103050482
84403788
71282281
94708359
4893784
85416844
24651594
28463116
13422987
9348378
38387131
40141168
22715802
18865133
64482885
29485412
18904479
65270179
5862228
29051545
10348278
87186993
41238590
84928713
83819107
92209168
32241280
356797
29171361
5753163
104078792
8342123
79510003
11549065
70056765
2114296
97677484
40986843
15759613
79371820
92722577
19521997
1341910
18914018
25644282
24896334
23623184
95942935
54921901
50448864
13496583
57193194
3367886
80803050
52687433
3055936
63037807
26488117
28051634
20829238
58016788
12123354
44375359
103079335
19961581
54753549
12038310
18305664
54354267
102327617
103713538
99492187
19561343
82535577
101380835
35791347
76064434
104947949
2039979
23412334
72764605
38783533
4505761
25995578
17765243
51882944
81094303
67892197
100244957
41611908
82543880
61027454
98251773
15305437
10634652
27339545
399282
15800694
46365755
86635709
2359900
21177960
104201353
89859997
6471143
22116514
59434996
52652099
32183343
69346447
44590201
46769027
21018290
58712818
50991276
81646674
83411615
65166022
91438318
39217503
75133764
92922070
76076430
70912228
14906155
100923958
87063791
19853573
39124422
25187794
8117984
18589904
14706817
82084839
56108629
85592673
96023171
96178550
33745526
11097944
48328156
91967383
101867752
71145245
984831
11508881
15891984
69877740
15715886
104606249
94914702
4221536
103699543
81242472
89938437
101142583
87483164
87559625
37419217
20534517
36164605
32123146
94254904
60887773
11745295
91703708
77530774
4518854
47850393
47868144
15320192
2866539
10576179
9952498
80936889
62880720
21476623
17375736
646665
11494350
26590334
13672230
20373099
2556960
99849309
28062440
89406994
92632275
77078647
5296070
32369614
81366833
46061479
28234824
9040626
7226441
43853314
29662630
95288663
70667482
37291964
5367694
28019651
53785460
14159503
63561153
87917682
9982272
16469030
93064436
16804879
24033374
19912922
98400660
44923595
32900662
82757422
84110923
60262661
101801815
91008220
29818417
98009835
38835038
10065138
85467997
43711407
79275833
98460667
9514595
42647830
9190132
16891819
96232127
97641407
29860858
72775751
100943247
18861021
98525657
73151514
24494220
4793407
12695888
41326866
66902672
78728002
6639235
18786331
56127871
3791980
52173182
45436907
38225466
20807259
36879305
93097331
34196811
36628003
8864162
18306404
78189332
17638726
93120962
23456376
102788161
10999837
106023723
53475360
20050429
93732250
60455626
89257355
69664363
65741515
60371259
73799969
48283758
2847255
72703149
10690964
97340143
57049551
8557602
51218136
92700448
251302
84233169
41574035
90212300
16909064
31275443
80416583
20940566
1714752
23522654
74996428
16633035
37975101
99109735
36883075
24067886
20397739
54569724
21548022
17457756
57524004
1096820
37592794
11597113
41337226
2133362
46122007
70439104
33989927
98758596
51126413
41812631
67324105
35982220
35479344
102058499
29560691
56893929
77717766
91171717
11231181
81976694
85839961
13907214
78711995
7996979
28203492
28623611
103135721
20451202
85954963
45926891
91533223
61143060
71565107
76988123
99917063
79137040
44996319
17860924
31434491
15144192
32016915
97039235
6421529
84675416
24340732
44478974
71346375
101831073
31015384
103413968
28948327
103526609
91793723
75772012
10951259
7752290
48758649
82892458
60691608
50495530
45412
14545100
92999626
18111695
31991804
82056139
47702549
29852126
11527637
40485257
8722663
53431499
72698502
93716184
13329041
28599660
39147218
74022408
98566374
33578776
37303873
84949943
12168977
84041432
27013363
59832430
78834311
104353119
2440673
46146508
89269533
88023718
88643297
10943486
76499147
27823305
96212130
7217292
21129463
64186138
99560383
46780108
40102458
44098842
54568966
71080261
61806915
5568442
62402163
39300058
47093427
59352441
57936580
84110175
30890749
28750245
83075385
32687803
40767214
20506956
63593212
104009675
11524571
86503619
46504985
69281855
6693842
32025992
39430537
80439356
49767308
55461541
17894770
100795826
7975554
49000524
34361726
48190485
90248644
3049722
87453479
69073252
54145320
29186335
26718418
104292946
13666659
62568429
75184592
68531168
8982385
2773220
57504690
74016345
79809777
14478993
29851317
32344486
7942312
9652624
88228214
55061483
73169615
74984247
66434100
91558698
90525509
56995632
66827006
21175391
80678030
58267144
68038462
55942375
41203304
70239989
29108354
51225492
79269672
98095000
11026478
66739669
29053444
68709325
44165027
47465291
32220309
45882321
75889901
58970830
42573010
38927595
14311011
7294544
10142366
35122096
24731692
69350117
2001229
8559862
59226930
24735655
42747468
103888474
52517649
96067813
16653945
62786983
65882642
38213631
94725184
48407154
22574641
87678154
62172644
104372707
103349019
79339480
3309311
36962305
70343447
60962093
54468857
85278916
88652853
46882249
58804494
16171830
35806815
83355575
97586022
61428457
103991635
52769656
6828156
15414294
55868799
4123941
99835428
17475488
15638990
7047030
11918138
24291935
10012763
88923165
101063395
66386713
34679661
74120847
8177076
91154532
78399241
7586608
52158049
98164651
36759062
81538920
24675808
80468359
5047567
70499994
80283929
8170968
22584485
2704214
21668867
38393311
94574952
92788398
5557350
17030682
22717895
29084974
29318541
49716050
79927132
52626176
58209637
49615130
101811607
590468
64680110
5918217
102601175
76709130
73488843
62380703
102174981
85949443
184430
22560227
47915508
77579714
92592102
90281175
14219263
60654098
32835961
103227898
95754131
82562377
93802142
104775473
80931471
2375992
97596414
30312002
56904570
57619169
10618647
15487016
29762922
94060981
64203003
65904099
217777
93629400
62196273
79614754
38033935
28694717
61741753
89407962
89044079
57621632
83128842
17081366
70989968
56363585
35109383
16662285
27314534
11019777
7179059
50619469
51561423
39977244
45376982
67101182
53539875
22647667
83057642
95632451
13436831
76663604
3707826
52376652
55595465
33501556
43556628
80399602
71424266
29803749
31962747
71962713
92721665
26765257
7655610
80011310
54732679
24089606
9483226
82785066
91231983
73291816
30926114
10143869
92527370
22729315
90133541
89681053
34894463
6394038
91924625
67150180
46751766
76296271
8820023
81285864
93850918
13752879
74120482
25145181
43172084
5197490
64307103
38393983
103806207
9249632
70528084
78037614
64631252
42281411
77542579
81088114
86854447
8196799
26100329
28529945
93924853
3333130
103846429
73834284
91415900
41311981
84013785
71555903
8128981
101157145
32849010
68705737
102354424
94606620
92611707
30461729
33164911
80741099
73955899
51452221
50708380
28246673
495034
89633139
87200593
69345780
80671413
84008130
46045575
22767199
30773517
20090569
18007230
88218075
15504127
45543625
58866628
88946641
38706893
71196872
24486349
70016018
82184031
71892694
61441709
37554236
88279459
7396318
30032718
71392854
50957187
67165242
72819709
62922883
34645354
3192463
48983833
57904214
78918241
25955006
30443596
74329070
4586442
104237234
55035075
58331115
6836732
13353384
64460292
100464503
95102842
84367283
8574309
70313423
89703236
79729019
7521517
16886605
62529132
68957477
104663145
13717932
58203515
95310874
13939049
82831141
56047851
23028827
53144245
30272798
47052192
32296363
44977623
52345328
16994128
41681691
19554451
38145858
50024171
86183009
91890194
24789418
100754048
60618919
88475534
98500259
17199887
44654041
43997088
74494828
10753962
35035899
105868883
1056002
39263023
16593850
55370524
51458680
1660263
20847882
10978803
100796865
40985863
3295932
58474505
84938271
17341148
39461442
52345665
25234752
11112589
56954902
68087513
27937416
43419032
43821493
54503171
74478688
33900079
8961189
74715945
35381588
21456503
8868660
51775479
13487971
40617214
34522642
66163505
6953399
5545647
7682870
42322360
62137592
92044785
44696690
58276234
17790023
54032481
101480763
88920868
89265174
39219498
24266020
79524246
75030345
9921414
71225609
105852743
104608492
13188314
91530913
89696110
7968532
74341447
42936465
79098094
33663815
28976995
58480635
96404668
49498055
47411714
23309297
3861358
99938390
16347837
88569100
60642784
70857308
87944893
64654847
9740927
70279153
14344606
8298637
100951231
11402923
83720923
14321830
14912382
5219781
42873094
72443273
34960439
40677632
13959470
46301087
69032775
5162567
36752549
98778999
45636697
53563325
32645088
47065887
64979233
51580530
26307834
102077938
61116380
17665740
50310241
1442290
101101551
2941683
56351342
86629400
22174169
78501142
103222365
74242738
102032971
2195462
58483803
94749352
103418485
34480530
35232166
102027405
65615871
89279225
66133911
24254438
14267719
6748185
46441680
68991296
96554151
8642094
77451325
59674090
48337817
47368557
76864577
14472151
6451142
83940201
9090663
54021432
2151798
20620530
41442563
7283619
30550605
24003272
85200814
1391080
100638288
52042942
35893494
67045060
75011505
85069353
83902759
77050052
16284035
37799586
17223599
36880061
92077906
30082767
8493141
59549294
40917415
18608003
31065116
84203339
1382030
14153760
12578869
100958180
96159926
17439290
53856434
29159525
55138613
33157871
97271214
33593228
2715065
56914142
89232302
23645081
94468946
46103173
59826452
5087602
77495309
93230833
54070548
58212239
14848980
95975138
28484178
62804076
17225973
16911355
71624470
32197478
24083835
20823206
47101746
92684028
68390678
20698562
37978312
47229013
56126434
40357072
50450926
85159984
94218825
68812757
69908630
89381343
