#N=7500
8391997
6054207
34390428
36681417
7074669
27100616
49422427
21299550
54789970
4399129
28225646
39554930
51282680
5897274
43910215
50937703
43894831
22801774
1284447
24942779
11350724
44011783
53108528
54075139
49701254
26859411
1050483
2000432
28530195
16036389
47823271
37944190
55229539
7289812
53492601
52008729
38544256
45023298
49323905
25218650
19350060
22328372
5628325
344977
28236053
21108441
49653255
18952052
21434660
13522665
38067862
13525585
50560530
26249117
6758265
1434431
8312826
51247705
20410771
46836005
17056851
40533459
50685200
3220809
34979166
8469302
2684824
13325606
25673238
36979142
29573935
19005083
50342320
40769885
6941722
19267611
55923781
46114200
47117801
17892685
29195746
11818744
16750930
2859707
27919901
11760560
47257271
17726821
34190854
36127313
6134415
13836041
5554293
42215898
535985
31637170
49029675
31939293
49985282
6668155
42886823
45054051
12063360
41058318
51079714
27061133
28399811
48014706
16918454
35299056
1141754
26336038
50132454
4990370
21836047
20176690
43803317
11129958
11592406
20354813
30573020
30152128
13300056
40150734
3169833
24846693
47885498
42361519
55286080
4931231
50854796
1828505
3957946
51235838
22642117
3065008
10142678
49350756
606561
566026
51400213
6134994
14483601
39939374
27420664
20689699
8584283
23448504
36806939
37690279
7054756
405896
36965905
44703364
2248845
17058314
35794223
42954267
47756724
7191184
973285
9602567
35436389
10876548
41093160
29541362
12442057
19560262
7934152
50721567
42332426
21444449
44947941
3777511
31355090
3972160
40132761
27144005
16393747
36401043
10707984
28585003
8140660
29891200
18892751
15544579
25551591
28603039
41980982
48137767
28004796
80346
34743018
15878637
8418101
21532897
31590819
17970490
33477837
42739704
15757236
48538524
46339360
40975781
19894751
14194695
43828413
3731718
26419630
54042355
38243992
47050395
9692252
48846082
4339609
273322
29813598
43647435
598242
41900635
13394748
22109769
1645855
13210121
50521428
46697612
44305061
45101116
2213254
51172924
6383954
31031455
38627383
42128274
7130978
16163032
44025066
56019669
31721337
35619236
54333713
45647911
42710785
19402540
29016093
16942175
55925080
44162964
30252686
44722084
50238390
10168237
27838342
21181854
35138671
15403922
44484357
3115747
38717162
37415410
22529150
20505680
33884087
22464351
54353209
7361310
50675306
8405829
11669565
42323426
2892061
34931173
26615428
25768610
29711070
41103130
52923100
11202996
3908183
30068059
26867352
29056536
31279567
22418030
32947497
32022924
32936760
17052557
46820207
28195092
3531322
10048409
22402472
26522777
28039045
45947380
5675354
18335490
15497378
32988393
25691608
33373452
15203713
51745908
39079121
18508074
37194947
22855041
50569255
31101648
55038492
4449322
6092649
9240253
55714880
25878550
51436327
4741668
13521235
46755408
5792620
33258546
38259365
42688703
30831033
19687165
30450001
28936962
2627491
48357537
27768290
30195701
50544332
52945640
14550961
16224080
34172429
6093299
34050159
46119933
34992609
55781849
4984442
36464100
14053927
50973212
12357315
14664529
8932658
36512690
8496043
29337528
12411123
28555809
12238701
1894070
17059674
48326075
11152282
28681791
7796815
31072651
15644739
34320252
18773210
18441272
48407531
44302497
37334301
34518311
51119101
54778510
41727922
20244841
34090395
9373007
42040553
32094626
6168486
45828741
34085177
36190234
17098826
10517052
21479745
30146237
46991789
54611493
40529259
46313242
13037052
29726564
12299440
7187077
52146331
30720714
37356972
13889220
3167006
38805792
49040390
30874259
30671725
42338524
34454289
1995769
3204521
6195422
7993059
36211863
28729915
23568124
24694099
53186200
29758874
23118253
45866979
10662156
41574441
20786305
34013802
15833585
33830234
47812337
26080105
38257111
27553708
8534790
21098830
38526357
8134067
16685476
6403580
38659566
39134003
28258867
3986320
33226269
33715508
40674935
11517764
31793716
3792860
1575846
17302831
19096718
47777422
25080674
42881965
35724466
53189682
52435076
46003480
51823123
20258628
27528925
27141891
55260962
400723
4413354
32122777
35708112
43785083
34394714
44656856
5907734
4526969
29544995
31692115
1921792
36882075
9941918
24474495
50929753
20032034
2205767
42448363
22036566
38124603
430499
45970987
1366558
32176447
28458165
34664842
21247667
27128201
22728536
33121795
20942612
26861882
7711672
1034866
47860959
39851355
25095470
40449230
2605177
48912921
21750197
43680908
52185933
56143494
22268728
8481389
7979078
20331165
52001474
32315580
36758044
24504053
17512821
22951717
20912390
1329964
21919916
44375873
6185589
52116655
35393732
29891356
35250924
24110318
42173006
17395338
37246178
32432550
18699033
15174270
6710597
21856703
21412180
43704544
1898025
1937563
12729916
31913499
39823121
37481031
24786368
23789937
3591663
16182857
11015411
32786517
5127985
26053261
18965751
42527843
16865731
11283414
53951961
27839195
43114140
19724066
54946306
32055518
25721953
53092331
50012091
29239664
29942288
29458227
30974627
36218136
18364442
41482496
7127131
26016794
33889368
8603511
12774526
37038756
21038482
41212150
23804376
28833752
9187530
7682336
44825883
55260147
24419275
44211505
29142890
21042232
50252114
1853975
38293428
6465898
33133652
30537474
54515038
3707762
11093784
55725742
29091005
2331258
17576738
8507230
13242267
6834221
53798639
37795987
23217990
2188340
32024620
16122040
40257870
20160994
49496672
10597988
26117256
3377043
50209392
27288915
48982414
53769825
34953933
7755954
8200861
29425890
29427299
8772906
40850367
8762526
38149003
30567385
45338992
20726127
20942201
41679891
39866232
51610299
5771366
17079560
28164081
21847236
22875368
29659881
4027347
46119629
26622207
55078342
20628239
6423176
2318592
41226460
45568964
15511653
44562266
9411565
54809134
20664773
26873903
10282982
29657145
27406486
9625184
13642710
37109895
25581903
35908525
32770282
33429828
50157741
50454192
54754200
27803499
42989350
3037674
5199006
25491390
30182641
6493359
45635390
17104213
53040550
52914195
36157398
16952520
23897492
48771273
44526152
991238
55717418
657798
16014434
280201
50276892
33984186
4339613
48402075
42000785
48549701
34925629
32337852
7464842
5450135
22604492
27481570
39088644
8689257
36106000
13078427
19686420
48971196
37196816
36088030
39000312
53619736
28676369
32889864
49303856
43868354
41226805
9170826
16614517
38280249
5924198
11858426
1967011
12039913
13476446
19646543
41084858
39459103
19716969
46216883
22611492
13915235
47625570
26010216
55236448
43384805
42115222
39848391
19954494
39827080
17395271
6110448
14299490
41058016
47913060
40133030
37237447
2946556
13230238
14739700
46296847
50134286
54631981
48554079
27205055
40250954
56179574
4851585
16847611
5801734
8574923
6584886
24912397
4240765
50128605
25371667
23430311
2288142
22453120
23827655
35511200
32587256
24430999
30416461
13804179
44966504
36886402
32481356
22883319
29329563
16357720
7726378
22929230
14381027
48624506
32337080
23403343
4111449
6260272
20246335
37139338
4334157
12706282
9524340
37060455
1574072
2918547
9586265
33010553
56099475
55646657
5094738
18783077
45698106
3513669
47556433
32066794
17540449
16123636
15156941
6400332
11960303
25335483
575760
961294
44513057
26076808
3157008
23222112
11909724
7540053
37598608
23523703
21115820
6605792
27474190
24813520
3069073
20173219
27915814
37316398
9948550
1581069
37460254
23614922
52206831
31432797
16909853
11140116
14146942
56055069
15808182
10999009
37072427
30748952
54054287
31274555
24150694
5600565
41873505
44636022
42674234
30992815
52299514
52552301
13520329
17284580
6881315
22002676
10224669
36318355
9839753
52567239
15607848
16011067
16688679
51050325
27269465
17104784
51581935
3147933
18982642
51292841
23178333
15781482
6598258
2187331
45651051
45748282
19176332
10880689
48586509
46371934
27456096
44998543
55654595
47767653
7059911
26812961
22146533
13907430
30694117
3812296
45862170
30791134
44991603
55833895
55718391
24121532
8105752
289094
46203210
13184770
54678192
20991002
36364042
27083587
49244610
34770361
7145383
29054399
49658204
3587966
700948
45922054
37938632
38825244
35604730
3136091
6102454
28317846
34278871
56152983
15070694
11885
31322744
30853681
1461752
55429297
34168322
51170982
11844512
25212208
43054339
27594605
37980003
1593680
29921814
30173821
51345768
3557417
38337060
13719760
31882945
18125705
10317323
44786151
32722790
17270494
25107221
6199471
13247152
34266986
34813849
40467014
8533742
32143448
52935359
6540771
53568394
8956114
18100253
40499908
53465815
41460659
7656401
17789792
16481523
36348007
1820370
47609618
37908083
20211355
3402436
43346795
51636525
3030439
19678930
26523319
4023342
47090236
37619233
39013748
35716853
2670400
43781656
1992971
44808665
43979245
54674129
13068486
21723910
32889595
42827116
45659633
34962746
37542005
15969422
35105515
54689925
37859016
54190792
50811289
34808441
371997
23667865
25113206
8990707
38822305
55137696
31243204
21356992
34948833
51482093
43707492
24095346
56052412
13552453
41723788
32238945
21784534
26491371
42297888
7910459
5285111
29690211
9840840
39102081
44344017
37164724
13862246
13034185
53818795
37127034
9695234
1364899
51079171
36209121
33997504
17465312
30172473
45994722
33899501
20837096
51679682
30155038
38621559
33797077
1751529
15232417
46191058
13874075
21206260
22591287
8053228
32416640
51579805
28926117
35223445
31309832
49579540
42968823
13322560
6187504
42297864
39719724
23617396
33613858
6036647
54236393
39815812
19318987
50565040
13728073
38465538
17882605
38387119
23389141
43856020
44127455
50276158
33583381
15804456
55023230
27261483
45360722
53443196
30253583
35596577
2238232
17987271
53375646
670959
29852837
48803719
8684005
33683077
25631004
50048047
52951271
13654962
36071349
37103449
32682435
41574565
15076397
40260196
50509664
29362984
10272639
38306609
5236538
16305508
36677345
11563644
6991510
9764145
4938572
12266311
48454542
1567273
54368045
4571927
48236954
6153370
23172714
24869569
36981806
11976042
13976698
25831432
37222528
4480394
32010662
2405848
47314901
41963414
29987557
12203055
34110056
3950741
11612874
49922894
9313998
26913200
6625072
4708808
17559603
13354909
14148267
43882615
9580320
48214675
47632823
33350995
25421564
11196672
10892870
21133984
40987124
19479914
3804379
44800290
13415493
46297249
28668292
35111846
17836968
36020426
10573791
40437162
4620353
40949675
53281432
4605189
19337206
49520164
46810542
29926989
13758199
32167202
6233402
32479325
32776721
36436151
32441735
4287580
36443159
47662957
27313215
52436835
6064421
13757131
26115608
44537258
38443891
48897866
34521664
33649806
41383683
25874117
53389341
15163
21612468
3761268
14044648
55643828
45745575
24626950
23693587
37528874
55640482
26047252
37590
38472751
9976602
41028779
33224366
50239934
51582146
23539694
36304837
27760773
41546850
33467742
10015594
4794085
17497793
8647547
46494076
41368520
4261649
49628072
42220516
32202251
14265694
55651309
31950241
8216700
35220078
7629945
47474894
27151341
26054260
15258812
5248385
25970278
55680244
19668282
13935097
33804982
38242844
2837095
17745179
36752765
15969949
11351657
24533619
32379274
4385898
53116005
9131613
38293009
35362378
52802818
10235619
16032604
30414840
34303906
26975417
8068737
37825686
32216081
31886566
10067591
25812179
41830104
12035181
31858871
47659048
21081612
16059803
1490079
43117146
6393522
22202756
39840676
6965759
27667615
33231270
32326500
27737237
22562406
28057389
29313384
32371588
42165324
45307187
22346103
52728221
4742946
42415781
37741704
6403902
46306463
8016020
3936918
4154665
937179
15799068
46168969
34214466
19649890
45520934
13260080
9411373
50785141
6609406
40872870
9913988
20652474
4269110
54673854
46440819
52125676
50239807
10025484
45687103
40564241
36180323
24970127
8322654
6092928
29725684
12450594
52135408
17062450
54371460
14235697
22972714
6132788
648035
30937996
20222127
4719402
6650674
24788504
40871153
52190542
36603759
21473745
30461656
18377045
14417656
36415334
16422183
9675566
40078772
20716976
42225197
30087395
51494443
5855670
20191131
22646844
14329134
37899711
50339737
1972281
23571271
2018327
42160662
5912243
24287322
51683623
30081860
10710132
44434746
29381017
21728886
28210324
7056089
50296323
1954862
4742090
6320172
51955207
33683979
19974987
35456144
36369527
19879874
28847599
47776536
48525031
38540717
22340463
14328439
48321410
16061620
27642638
33981006
460648
32080383
13577190
17232487
700843
55214857
16224421
22324928
27682564
26255462
2313998
53959761
16233265
37291722
52578795
26482673
53564453
95113
6608544
54826602
37588454
290492
25436073
34196591
46469308
16262452
52919412
14340404
15600972
51812256
30387426
49461772
41363150
24595943
1008066
44609525
27532293
46218960
29994540
29972804
20005807
31255887
11364575
55984203
39977270
52483682
29857739
8721461
28740270
6318052
29390528
13375472
10071184
19157231
37527180
32128904
661480
11090766
50186589
32372811
20432715
5791482
48453706
6737235
53313651
11039107
14614985
53809490
36196763
54988653
28591838
20271605
47528618
25114504
36110074
41239419
33727021
23539686
35580933
15364798
52496869
20216907
32098293
34192281
18495750
36420024
48175926
34522280
641660
54378716
40169106
23679090
18711442
47398209
48372250
55754161
41075955
25859943
35201262
15925158
17443645
13460944
50395142
16272809
47637484
12570387
5658485
18362223
37276428
25347636
49500116
18304588
1721157
5661878
52249965
50207081
35778364
50047211
50603175
33212571
35667274
2754507
41540451
19207282
16305864
22512307
20552899
25150797
18399908
31723928
31763627
1170835
22073461
37824754
20597934
39258870
41527570
36560850
35095718
18971840
33610089
43838237
22304623
7764077
26133515
2202754
55853906
2565793
24363547
1582277
1655730
26443602
52682254
19028143
54904383
47405068
14096009
55062582
49637171
17229072
19634077
3922482
46806512
49048201
52547185
40287084
14146762
32539339
12934371
47507482
52917218
25846012
17704722
20101869
8160171
23567722
44072818
8005238
10893673
7903555
15133634
48861197
27789219
5277186
4932134
9825411
7751507
6850547
45412115
55698298
36656171
36819486
7625298
6519428
34901439
29991456
37336323
22889281
35872122
43338360
39786370
42798959
17685840
50387000
32279051
10138543
22657659
46152873
2855213
18282476
36364336
9856448
43929063
17963808
53775680
8065197
20663296
18286819
36427987
18576239
48073000
30136743
1918047
33883843
35416716
21995768
4102943
50247963
39352912
3056773
35636130
45649370
10519907
17530907
27729341
52359789
7283330
14358793
9788537
49248766
30603414
28384138
12330769
45847476
53550513
45472470
37870821
12070667
26463820
6291244
26641802
14189157
50970028
36172279
39764509
51402363
48876467
1046170
14611833
49953542
2520476
28088833
27903639
24393729
10247577
23354158
42571252
24268175
40005380
47638010
36917996
50989548
31083626
33091910
7976655
51463455
19008650
31579577
51662476
22258272
11571217
46719523
30674649
9551274
53529423
48701949
36790530
55172926
8509304
52756611
32033513
44360357
27824866
4549481
38072478
52213013
49582389
51183243
43600179
45265832
26537994
13809696
43012893
35870171
14083259
42630689
9784589
6733988
20008360
4942953
47833624
12003552
3173710
48206310
38994355
8340107
50176255
50267529
23139413
20398947
24931745
37467641
6287879
41845464
21200703
53122846
8612833
4316556
24645249
29790483
2252939
46917823
55976438
10365813
36069192
17332881
22622329
4841636
15150364
17988417
1769242
9610924
29259198
4817213
8013665
54960437
41450695
29777308
25335784
51905382
24094678
49319892
16266938
19398643
33232630
16884147
28477597
45055961
12047227
43961036
40047656
1870736
20832241
48627166
43993485
31227556
2182517
14617522
13056003
15523050
44979220
6935639
1597259
40532372
19616519
44469968
29624653
55778923
5682629
32265892
35638444
14679645
26070872
9366401
47171047
44426670
4836920
50750172
14991915
20160101
33112405
1404099
14127252
45854685
46444649
39359573
28155163
52893077
25888302
6120364
23909401
14430458
43569120
23360902
10907719
30071207
38787338
53608761
30124089
986594
16178630
26272043
23758599
37894203
4529481
6404485
39418364
50910430
27621376
13587816
16016459
53491331
11209451
31017680
17699522
3535182
23454880
22034798
38967286
11457844
28784855
548499
3522739
23481523
40823564
13548958
9930728
47784354
47413741
3852045
43461606
44518038
21742562
17354114
54725839
19852662
45016719
25830548
44877581
40363656
12361975
41248780
35791808
17657879
7562799
51914725
30801507
21980646
3233553
38418786
7935104
15286941
25958546
56207392
23534405
3022820
32368828
6078682
4322747
2895702
38359484
26107492
46042200
11873510
28587395
28895291
31225082
14636673
23452183
3628801
4571848
50954097
43669590
50110694
53089983
51815764
48681171
48632721
14045542
54180223
12460240
17961323
1736146
22935725
23838563
17455723
54950074
29473126
23969199
44448866
23087113
26485973
53770098
27130519
46882039
23934332
5443107
27596281
20048435
38731697
26192821
10711154
54114115
48103827
1429523
4457261
37770222
4484558
36172481
6067828
6177686
55758126
50372761
40530424
34219262
4349047
49736524
20484818
16369622
7466836
46928769
5940204
45837545
39819375
21687411
19285758
3885897
32945021
11387069
19320890
50851193
34338995
9281631
49656853
20317215
6928574
24534781
31702393
8290482
46647966
21928678
21897263
21538863
56007323
47043900
13734444
44229426
52253298
29806050
20413028
27862902
17093003
50486404
26551786
35933478
44992391
7898689
50798618
48327438
33298075
10039259
1194340
24005389
12336667
25122072
44864823
54888093
44120426
19757325
42643220
25109102
22171356
41086973
17788029
11777897
4774212
40178395
33800008
34374006
22696656
36160235
1311115
37409526
5494012
18653097
41384861
6648563
40834224
50742969
47133098
19276296
7686202
42305879
35390567
13698575
47235256
25107498
12244872
19011324
7569579
11539857
17304683
10393458
36312761
33859634
44211500
26650206
27465349
7623383
43046501
51520741
30666222
38908019
6008275
55095450
44052484
625502
25749075
31541538
43056767
14810829
40135729
3971237
51320623
20266679
1453702
38207542
27521529
10688625
1706640
53426121
31477096
49678660
32415569
19646165
16377895
36588117
49837316
42178219
33207161
14122092
45512465
41804383
51105536
5382773
39329985
22494555
13818736
10938246
47655810
49069140
19740207
19869050
2517534
23096691
2728760
748687
46484512
30345408
35461530
8277981
21010552
21814541
43284374
52077452
26058849
40433287
13364566
45698834
52915754
47652779
19266557
50113302
2474398
28610980
47814038
28391739
31088746
30983207
1181649
27786760
285214
6627126
27123899
1768847
32862180
28633353
21537158
38206530
19318466
13646988
21243608
25183101
5739302
12834697
48696496
46593626
53751144
21961787
26432277
12786062
45178381
639186
2299263
40316270
53772235
26814441
37193700
13285596
40681602
50804524
10646470
54766368
39998557
8474156
46465300
50905650
19298497
7890169
16962922
50385366
17891296
18392521
42720215
15395677
25317164
26734709
20161348
40965081
33033407
35776701
10486799
14845721
3116952
31734823
3122570
50470248
52366450
52622787
12622736
42165235
20789577
2172314
18284677
45342907
55409270
38575131
33942728
25163132
56232484
8554011
7665150
12479229
3058967
25969116
51484329
40602083
49951303
50618258
40461892
28171295
32659748
44985587
11723151
8896705
45601984
16733394
47831122
10201214
41816820
10450422
33864168
31696670
12996654
45943157
11400179
30246138
38592648
35372326
17497981
43753254
15478654
47929645
17244901
18706884
32267814
866071
10123801
31763617
27942120
5459915
16448144
23763043
55633604
4973367
27299193
35400769
41150185
37380700
42570657
10120149
7437377
54154621
20296491
39000517
7350509
42261464
12748157
4823003
29877282
35801947
36491963
53021771
25645440
16378830
18566693
504197
39157562
4663885
15315473
4179076
6076312
21458386
6447460
30216444
20073183
46168494
49080113
31030035
39926933
54649647
46073659
34670471
46804112
44268638
26252360
12511116
22367792
43179820
24581041
33105512
20140117
20113133
34455077
25141243
33471269
13902808
41438724
44962095
8571183
3840697
7715226
32109869
1385203
16528967
37386332
55276759
16225171
4414076
41206377
15240071
7845535
11788631
8418111
44276606
31884456
49306150
44180076
45512281
23039703
4467907
8634044
4982483
42891865
20552269
39952520
54742784
15315235
47581637
47230479
32711315
2455494
1169869
50973537
12342055
303796
42955866
14070382
10968709
6552151
39401355
6821960
19818930
46137786
25345572
96530
52605786
26266447
49695778
36878236
28040830
17826043
54315386
21279964
54382692
15220644
2354492
17495915
38853921
45126143
46060609
47971388
46363440
866073
18001281
54521674
45585087
36403715
40902637
14130359
42983222
49513570
47709999
19722400
3515610
55329126
16634362
15727549
54475618
31869735
48796461
6760865
29676962
39094741
28909082
36886776
32616724
13478350
27685307
866142
8746313
55178146
29970107
1825376
21514597
37847566
23602646
41438338
49670494
47639068
22670361
33244432
55981569
48630874
3088037
44038062
853508
50998238
23181089
47714752
12176383
9701720
44085394
49040186
16461627
25414342
19185079
41734192
14715646
38740772
27146036
6920937
33663549
48372542
34472730
36326260
54410683
32213579
18767976
26409672
1641109
30289488
30156394
11943507
1510975
18323410
30840583
9388756
48805464
23462979
13612968
19386198
3223703
28654662
39838717
30977436
20682305
36694308
24571766
7794709
5077223
45007105
38681818
7320899
3945469
12242761
17558283
28001010
40556080
54712099
52503279
45947602
38762123
21816594
47336535
48372219
25767947
7377604
5759398
29419266
20239276
51191916
45781092
38479878
17955967
3144408
16389280
12887596
31617085
45798272
25362892
7739934
41061636
26439056
46012616
32194459
37920292
29079795
31747732
50858478
15949975
40670295
8594677
46639905
52298648
39958931
52596431
6332290
53371939
20801093
49871785
47993009
33235949
52620293
32074208
5068370
27777324
36824619
43774705
33860761
4736636
8907445
17977318
18850786
54752375
26916431
446727
43311815
13129820
1061047
52247411
25560071
54605258
24885746
4027084
55949967
52820603
41778948
12710506
15362540
43815144
7235102
25902411
38151189
24842969
51499590
17543666
50166563
32087983
44850870
25867053
52119460
10405071
1044497
18404059
11440560
13786611
9369289
1048013
43819749
12689400
27361665
31516597
54905291
38298754
28481747
43239461
47441673
7947413
15459014
45710130
5663955
38642133
30652822
20607523
30926407
29395217
28942797
34283120
46202133
44429408
24822555
33715401
55214512
43507887
19018380
20376156
26216862
6663499
29936349
22286762
14034110
55296522
3034850
21649440
840690
30517943
27780447
1731543
2283458
43050491
25040918
41306433
7715726
11241215
47914727
6626896
39443084
50746999
9460565
22470342
45464897
47548279
24680631
44821966
17291025
22338491
46689808
3930100
48879390
40873438
29235521
48634671
54455831
38750518
3852602
9092757
28234485
40979957
32940626
17227025
45318375
23783313
49641707
11072440
28048131
7151337
53416332
26956352
5282102
28145897
54039712
10626541
30257254
12325750
8115768
13360924
29709102
5816369
40928190
244719
42667608
46735004
54765678
55346684
20499642
19122646
32402131
11007460
5645192
9157313
33818929
34245935
5718791
52473980
23889718
1091779
1869235
25270435
29166640
4639171
7872253
51697572
12494383
16896329
38866649
2299398
28682735
29464383
19398762
4176795
11712651
43570924
36218972
45626642
32928163
9492182
13477454
23244818
43422142
27649258
13422132
37594950
20339826
4627012
4338354
54869284
28175140
53480064
27381792
43702679
2128398
47225924
12830923
10194984
44463595
19385876
39150637
34489550
27735341
42061449
34191434
22336010
20626371
36710399
32149187
9683345
22320041
42078197
19806296
5827192
17293041
18778730
43240206
21720543
32701873
7108290
37471101
50706072
5085275
36405869
30871755
48183415
12745939
49695048
37277958
19957655
1634144
7072798
10281725
5399331
21435077
53731036
46436824
20926636
14390358
54600
46127050
16492849
34768766
1027566
28820597
51822499
42326858
36131915
40499443
38245802
12006625
11048842
19834316
13151861
33643539
37426708
20889066
2771894
1794513
30205160
9675929
6218423
51871331
12800690
15212508
508441
49324288
115833
31049587
54147509
21535835
55083094
53905863
39196268
14950709
48938682
11323056
14064666
34108900
39434210
18411485
55104765
43638914
48641219
48512795
40855255
45615805
667516
49345966
5559699
44567440
6858849
47255916
51362890
19726403
25080285
25708854
5160388
34829999
42200104
10225256
38589568
40132385
4967181
27873212
10869653
14829782
38122456
51903181
35254135
5778906
36003877
16575580
2783659
3025414
1578888
47759290
50039715
12350077
52470727
14553784
3188159
43382446
22175631
25654036
24549625
46500287
49742361
51185133
6224041
12051329
5258075
20699966
29262732
46387399
55984366
25200082
45809258
42327160
25882914
28662165
2995247
32978462
14996691
11274370
9235700
55462422
5272173
35485931
19145527
19071890
48628153
33784124
18832821
41908955
42145286
39598102
50259856
37691031
45927058
41774076
49022208
25104286
20965600
14046259
10561751
13657206
55567169
17147092
39331912
49154453
13665474
47970878
23742762
25767880
15985807
39983379
36316895
52433893
53091389
51595014
10222679
16702808
1622448
35484720
1632709
4454254
49921045
8485780
54902434
30806382
30792085
34975949
14542535
7308394
14729091
49664660
30575295
16396326
13465228
1344644
25411690
44147595
31985071
49992994
55684596
29785524
53125601
50955492
42211214
36388581
49972565
30987960
25053708
53418195
51797286
49396930
5801821
19114663
43927305
19926485
16263847
23483691
30230467
31111486
32983100
54582766
46183041
39214261
968245
25567634
25609573
31668697
54696610
12183157
6851002
4729104
43824311
16737020
982926
21206864
21318482
52804371
45424285
31906779
1349982
32682623
15453235
52108947
12834426
30427224
55929628
51385972
46750592
41881312
41178445
3752449
53614521
20615407
13604687
35533159
27121025
23410026
24817695
49967506
34592457
97592
13729787
32601056
51668539
4428556
32032580
55645314
5187998
22725272
26437154
5491036
29831807
51259622
52429320
17698455
39926632
24031926
10207526
42998143
44516792
20563038
46397762
28064972
3477991
178271
10715464
43387130
55051180
34703713
46221328
1991400
4679054
9301231
568476
6006834
9224168
19290918
39191770
55946963
2877075
31427533
19295327
12133352
11332989
38381003
7490928
6912099
35765135
45894489
52850382
16451820
27068657
56203101
27333118
16340862
11360701
32261752
7149412
53059780
40008269
36920097
11406534
54922220
10060673
47511168
33048675
9527206
16413843
7764237
46635246
46993724
30078153
37164324
14626033
14404500
2615868
17846440
10311718
29296925
28809442
6630890
55352313
20711405
44842400
51321367
19175060
24534532
2237093
26479316
41653245
41336049
36843033
30128977
31857155
533467
31097325
35268047
19141961
35653730
33936085
19454531
42351300
25657263
34548456
53029594
4092782
39552553
55270609
13664437
30194613
8098037
18038491
4030946
1536345
30291477
2817883
2679354
39131288
17151044
45886283
21507878
19462504
36309566
9015262
52839109
47625117
5427204
1331962
9671039
49552431
18262432
51139686
55555317
21564480
51245904
7742594
411955
9357940
47172572
51875947
26163667
16545302
43997015
11196673
55106992
1143799
41916839
23026681
27607019
7672150
9576717
22476226
22873396
54918059
3588057
5240755
37954078
12124774
39319531
24764964
3980723
52947952
56143783
1546332
21152525
51871574
16820023
14769619
39444273
30627270
7878932
24950604
17688311
52836825
35513444
42063920
29786781
44228299
13449964
5130793
41048755
20892269
18888169
27616250
16963981
1446893
22171225
23172723
18127661
42621580
24871182
2434391
31795427
14255819
40976310
16366516
12427300
42442753
6890687
24477279
22922569
11292107
45687161
31874391
23050044
1268755
38597566
34639598
3179543
2541305
42492625
23416115
3928287
27424886
5445025
3774868
39569233
35799646
54551542
15693269
10826153
20598973
27691692
25412520
1828518
8517166
19459439
44200022
29503794
51848580
35040119
47298179
44492064
54402015
3260435
54644057
54339213
46039871
48396974
45997039
8596627
25051349
27954699
10137029
54089264
25895380
5473327
23875963
24973493
43936178
54235188
51647243
18770455
29158136
5953081
23862107
35263373
23860860
9159903
38455616
7356516
46871714
44037744
56081617
10046412
23454174
16230693
18325783
47426854
23345625
28025950
8443208
37195696
2059319
4663702
30213300
921887
27770759
35874386
29576250
25165723
35060662
55677772
4891958
50144763
48325832
14702203
53057758
16504343
28521800
4401482
17508510
46808912
30567179
49834534
1704239
42260931
49135069
283443
48967256
52383540
25966631
3779505
6982395
1137431
43126554
4322524
27595638
12588646
813724
40132089
20273765
51149509
17335550
173364
53337006
31821488
42430404
2389885
8979443
47946499
40067913
33907587
45104673
44556249
10683074
11404405
3277285
53001530
30566813
45187750
45401144
24829199
26886562
12643481
29791794
40521518
3508799
53697160
48564881
15897826
32780148
30084011
54062504
41764063
13992961
50947120
22842045
4467515
28555583
41305467
2841826
51761665
33208122
43683877
41278963
13931545
37087593
24323146
7600386
5737614
28284798
32757663
51287406
52598655
9134682
42328245
48206637
53844584
20917011
28464480
18085322
47266086
16091050
3115384
28905628
9525445
32375147
47770188
11609299
33043918
18080955
15407949
10482702
19276577
16579894
26939427
6331159
31349979
52288349
31092724
10700209
31936143
33606591
18942770
4392018
21523708
31394844
29725767
45742872
29900926
12373430
14969938
28344068
16549214
36973847
47369050
7899756
55581230
39672843
6184960
22561216
55054378
55078056
39793275
12945418
41479916
40884689
31488436
20649770
20352205
7469743
1741048
37527735
12082882
43797927
30916252
42014447
11477528
27335946
30772933
1556857
52074217
44229702
47208629
18633068
37642618
7696207
1714796
43003623
40868466
7356905
49001552
52092570
13598139
8892196
37706983
30813756
20532484
24018693
18908721
49058081
5370470
24176732
6611483
36302046
42304009
13563915
11241514
9920670
31511730
52776842
20581839
43424758
6587083
39512422
16918272
4622605
33061352
4341501
3985681
55009507
50008766
40109356
14385586
49017994
54593323
23671900
11905035
27724404
28631832
4715599
52430207
25318425
38122723
49297569
25060532
32383339
38302186
24698282
55572442
54320583
46189759
37319418
36490096
11948088
6451070
12576771
10620533
44285456
20566345
20126326
50607530
990772
41766034
697296
37112959
36852529
51290069
7189435
41527807
3313407
32826487
3132638
10241503
5739384
20978993
10345859
43044508
50215214
44742134
18253023
17830487
34241670
30868348
23913324
11311165
28399225
1994036
46744208
3661535
19575573
44593903
49910234
20127814
14897115
5657228
39907133
51574722
47976662
40596559
48378779
3055513
27087102
48387256
56145645
28928487
27013780
31837336
24791484
32384727
10500464
53618286
3900772
32914115
12452733
21919288
30800568
24737689
48652074
2150304
10001302
55697759
29696788
54236616
46454292
29556003
13930567
55560575
3195943
54904758
13509457
9975132
3159869
8142225
21373476
34291919
4137003
50879054
21336872
37406809
38467564
33836349
41165552
38231485
12097157
43965045
39500825
28650263
24719997
2937924
38687127
21998296
9243467
10124395
40306049
877327
26360060
25259419
42051118
3204421
51744889
15350842
44851657
25117951
13988832
36728033
12955047
32963804
12411489
53734133
52491258
236079
31722802
7184117
8714269
49680505
19245047
46546511
56196747
12705311
49944458
28562732
37942248
18349750
49997946
15046630
15076210
23155639
39748141
36683886
14602765
26626937
11345620
8123623
22146514
37275028
34300154
25454524
36722547
12175410
22011331
45307140
1505420
48275908
44189071
18417759
3467367
16523346
52852054
27634015
31013064
41578317
34814787
32879228
3273540
26842307
31548489
44625935
8552874
23104814
25338266
16462751
14464033
30320592
40057080
52941991
10536091
22124744
3443193
47665408
20653600
39969034
11101679
49321271
44808540
27665724
21815706
32083353
51743893
21257346
2802838
54383837
48288387
7972480
1330738
14897606
18289433
18427285
19287669
2073732
18624391
5001283
32655672
17772043
29768111
27915946
49498798
19120684
11454754
29707769
46547338
27582329
5144104
39685956
27505565
22708797
42155442
10541970
39264124
53610057
29218960
51080359
6786707
33390780
55916658
49137064
5593547
16215700
9786504
14286385
35651671
852348
41466783
4739725
24523246
10647427
26444802
29774638
28823346
40122425
34547275
16844992
10060374
38685307
53780515
16963595
49678284
44795385
37573010
44433766
556959
5811790
5147311
23883254
37780843
39700957
39350559
47557163
46797640
8934156
39053213
30911946
42562713
30819355
44528534
50998608
48057692
42572378
5210973
11978354
30062051
52111969
19314478
3080389
55240634
8985129
35640585
5244518
54222036
41744830
49270064
42907315
24280948
21696355
40782696
207290
2886927
40400013
18487559
15885694
32605054
8233858
52617023
47814105
48995274
1956156
55771245
36079338
22493937
19332615
2647485
36965271
53121335
10329349
23689805
49996116
20996704
3879365
22208064
21298331
17463882
27573709
2124619
34057268
28793037
10366293
37969731
43251234
7794958
10253701
29502282
51024560
15488584
50660867
48292861
22899546
45695830
36438630
43415462
51762276
22461280
48568137
13275466
13108829
55566256
29794050
37771662
55948374
42665483
50884356
19173711
39656615
55030673
1741936
52337537
41791804
2571334
37699640
23732562
23004009
4748727
45075026
2731699
48839039
4965037
21837840
45717695
3917163
23960960
51097326
38486810
19336061
49251882
39731417
31587168
55867883
53362177
53120917
46758272
3008868
52103684
27415385
53552689
13238869
55420603
24621507
28042851
45800936
32950913
44891147
20272310
12159689
40109989
47127469
13104954
11031483
54126881
50870370
21680354
14608508
11829053
8739002
53982504
3367609
52602851
44699862
19093220
50353309
1017233
29326497
15689790
48848425
28244783
28931181
51429628
19603277
47920595
39401705
25528625
30774834
14764768
39378452
9038345
29078505
2984198
18484585
55584740
49501983
49024926
22924962
26859615
18445054
12386152
9282642
40524390
2249541
43682629
56000334
44647129
18402419
1081714
52992219
53668797
8641506
37260587
12027923
50324652
27129371
34620546
52383784
21736489
41936264
46377864
537370
39727376
9732216
25709659
42643388
22642368
40563482
10538809
17576972
34170665
10136611
31833624
50757667
23836023
35263820
54918619
47904911
20983622
48690209
15731632
41640874
24550464
10131215
33657378
7924478
15376492
2667892
15989530
21199119
2208887
36645648
41061321
7067598
43339849
41396178
32104578
15049005
16376427
402198
51976959
49646609
52534199
52819805
52089048
32181113
24263807
6228410
42156888
35592749
34123355
15584027
17967106
26609596
51004724
40973095
1918557
50427374
10442615
35593883
46371408
5124899
49555800
55915144
31213021
38274453
35003360
41685990
29305657
22979819
14101610
55407154
53807561
20353086
38539608
45860638
7834
44921059
38338666
26572861
27609253
17497368
20829304
43227621
34674649
10560959
30530480
22574675
14039576
15301326
52271694
439874
30161879
21264956
20911784
45777032
8968796
12023541
37567989
30148504
35405869
49998525
26851156
7946923
20345251
49868550
17505582
29684974
17311805
20841297
15727167
50615243
49056330
20251954
12697141
12099974
52771384
25212764
36536591
23583312
41389448
31006738
35778091
40634848
12296160
18871853
18192652
35070293
42851283
43819465
13280957
27458946
29653274
33232607
46691341
643887
42540354
6647895
23941416
32930173
28034968
5458823
47901712
36956356
23730571
43734377
41796993
39171682
50056927
5529853
54038832
754600
28694187
16906238
32425805
43459478
42254181
30623188
31772945
15392337
24149801
46281961
37017605
38992996
675863
50027056
32952472
9610181
34862928
28466203
51262072
1062221
37978253
4167334
5142973
40808889
3661060
46250750
51366461
49302327
43069277
37132594
34562405
41484710
40885668
1802617
21670143
26861844
16456997
41740985
34624732
51390415
45606098
53224160
6040524
47315683
15164128
14469878
24581719
43784316
46737951
47094738
52169249
53419364
10489884
15142224
55676039
10608733
13165083
24217477
24723532
1584567
52496927
32759788
29798177
14023824
51579230
36179158
48487112
31300193
6118497
47634183
45349891
8274025
38060031
1554256
32717573
37613423
23981928
33736982
47865068
3302197
46588463
47010635
7726935
56131152
11960751
41442171
52118812
21564126
27970551
48213744
28036391
38473103
47414169
3602628
31770322
30262647
40044271
10836539
42200303
54094473
9574152
53779245
31806452
10430218
33822329
55230592
55981966
30663341
43398520
10838042
5558871
440921
35049884
32518375
4012339
46646626
13471620
13888678
3511345
45747449
799575
24433762
16686390
17151521
29791968
20933783
44312345
42199798
11245997
54654669
22288021
9127543
19956916
42809471
20681863
13142598
11832072
45143923
25104469
52941208
32038159
39274107
52678583
54636869
19046755
107271
53118891
33957781
13089102
35327583
29061059
39898055
4625404
5736217
39072787
53825781
19671396
55891287
19911777
2118453
44681363
45712160
44695681
6814318
30977399
31787941
44288129
15140864
23089374
52063973
10246235
43634900
20227352
6304920
1517978
51322584
43268170
27774917
4896722
29441048
40685789
33308452
10808878
7049624
42314821
39431500
43897613
17552943
11209924
30449618
13672773
37867045
14734761
22891350
18776189
15836535
8698566
2207766
14878239
45688085
41820230
3941315
42116922
35138379
29270361
29993062
46425862
13827121
53322739
37821881
28615780
33636165
47243631
27627378
29385621
24761878
38205186
13447995
3880169
39576490
15714857
765033
29074465
55148227
24176393
26552033
10941906
19260482
16637537
20920534
3571163
6681851
40904564
12123860
44962518
15443240
42903934
18587590
51444952
19686573
46828251
988402
4250544
22481753
55655803
25921236
30865319
54878696
53983139
13098746
20485635
26800241
42822251
2522432
54189931
4915911
9914496
46271373
25672929
9955685
46249580
47697304
27952944
25461324
25469927
36358537
30231899
33200970
28009340
50456550
15436029
34330108
1582599
44562919
1600044
777107
28188097
17766573
44376671
37166508
36510106
17963202
28860311
47889950
2591546
7918558
35492982
56208811
10005402
34225626
48236352
20788256
32210987
47844408
51479426
2252566
18332807
46008960
17764941
3662842
48873950
37106721
32730064
805492
26358431
50067082
22634046
47271590
37506468
36397079
18289807
54853767
25355266
20941753
12396967
2632736
7896765
11250966
7972459
45467147
11998249
10375554
35542440
29958420
39495211
5470466
40737626
14669964
53385010
46891830
37166389
48068458
20731900
48896593
44405057
35336842
12560614
42486968
38965392
48886312
11041813
7331664
52440409
32706140
23028597
1146001
50910277
18679619
9236326
7580515
19908317
38289830
27130344
30071974
45470795
24825246
18319067
3829406
43737186
5316552
36143540
44519797
13647011
41645058
36335979
1918088
6355060
29907913
41428765
41617338
52695903
44569284
40553068
5028017
38045863
4348978
48159676
53313372
8754912
37180107
36700172
46086344
49069036
2305097
21736517
41641389
47321671
13002514
33919476
55467389
1653151
50748483
18167428
11728922
45273608
6428066
26722934
20987723
33462010
53109482
1064270
1401495
16507030
46187699
13118342
50966102
5577676
20963178
16613199
18918569
44361072
34395075
34333437
17411257
21217037
8734002
17705522
48104283
11349363
39420994
47283571
56157840
15458484
11739362
41255989
24285885
39199666
39847062
29907063
42044125
46586062
11126571
44533154
21790929
50593633
2138773
34352903
42909108
32852107
38468125
40835133
36933425
13178038
35583044
55955735
39346365
53634640
34534529
10804322
21425134
33946120
35544208
24885460
47422600
38773307
11392537
4362432
53405542
49511001
18780491
53760971
24795133
26766549
52377991
43688027
7684524
25536667
5868387
12057585
5902291
25290087
15235698
37227691
40065284
38198405
21421206
28542043
32209506
10572019
41493724
6523283
42773521
53020902
23476533
53043777
41617765
18131536
51815552
9628181
34699478
48263943
11366590
37357107
29065635
26841323
47803249
51876940
29617986
36828301
53071888
24924601
51458414
33287294
25790094
21506851
5988898
10849187
53281929
35669833
24048499
44722823
39296751
55963354
11403137
15328607
11211835
41973194
39682059
3551609
8245200
53592372
19198308
40775268
55787468
43422306
7206947
20958558
8788662
4693384
51603497
19784593
9118117
29951563
27298396
14940907
34458532
36552676
53034299
8559106
52623083
24335145
43303296
33951754
54735129
35663553
31896549
7660226
33727994
52323297
50586912
23719933
7788514
42009613
43551930
34828910
34633644
2513563
35588672
45254069
5558877
21651934
2469807
4160820
51743032
729329
18156608
35883036
40179594
28699154
21505811
18671329
35833627
7639742
12038815
808511
1935559
35823252
23306925
10008060
54518393
8577299
46401614
29209605
7375969
51021977
9223848
55613185
6938295
23920348
52767872
11381667
26158903
1740478
42254212
25843606
26783346
55691065
14377224
21508265
49115527
13866069
16616124
45008726
15687793
32465563
33751587
48177500
47538470
14729626
29840057
35292398
1201330
5363246
29969367
17996394
44083682
51537111
12828923
5540238
54011446
51027394
25377456
10298907
31207133
42813148
21449991
15258690
6575538
511155
4892141
14090411
8161886
50384171
11257139
23760294
51160704
19021960
28321052
22229681
23511906
24476811
5323031
49438546
17529565
44665867
15151081
48527054
53775666
18051530
36412783
53696149
29803871
48797919
55082526
25932052
36237610
20938836
10366549
2468736
48599270
20741581
12816882
50635203
55473468
48485179
5422851
28931023
5493664
3844241
16906650
30323361
16930855
26890775
34287465
25252512
47140202
7083160
22097881
10063127
44497660
53848475
8597232
3871818
12560309
34143690
15565503
43752483
28589566
45874969
55885465
7947677
21518114
20581704
55195961
36526055
52975125
1578610
22007983
31420304
43163387
46265875
52285896
1661953
45984184
37187915
13138241
47060685
18835501
34483017
1465894
50609452
41288166
30703543
44556316
25057826
15537734
35924145
54100629
20641889
34340465
35303761
18985327
51225670
23856579
53617351
14518072
21554821
14665224
31992108
35384408
51485044
10265301
25081591
44773712
55173500
28336024
34905225
45594790
34459660
49444852
36995962
6053136
26213949
25149419
18615780
27207198
51145846
11567290
18796868
1656562
39364796
11447181
31601586
46691208
12285368
38952127
38775964
42420414
19430181
31710417
20286427
6711331
21325411
6729177
19852097
9578710
3859974
51693984
18582438
28406524
33214512
11846543
53670966
55256752
40237184
17032100
18393939
49489284
28452495
17333297
36288586
2657198
9145423
48899460
7915243
26114955
19521946
17049157
32117597
12718849
10385006
23540859
53092845
11746701
12852813
24408113
979882
31703451
18479472
16719504
40969168
44191371
27859360
36638866
36862813
731510
44829605
11044252
23184307
35778907
8187873
43639127
50991955
39280469
29377513
47116087
3980968
6803097
6664151
8576737
25859615
8621914
20671656
28684732
10766819
37399363
15912251
40510378
717892
40521712
45110145
4330302
7328558
37111460
1792871
35802170
33797203
9050698
2856379
35795181
41036953
25157405
14261614
13859478
45283111
32558026
40451936
51654231
47177093
8025846
54138692
53424884
54105096
39522293
22756090
26506442
46665081
41624150
5383843
52637591
33193154
7998684
12521041
27776388
3314257
48992174
42929401
7985632
34247356
33948975
21533567
37161085
46107904
47937198
39641152
49878881
41630934
42409700
7499149
3735819
10170751
14616399
40652403
37582264
2840822
37381941
31106208
50277490
8430996
53635160
50100160
5416765
14668037
29762478
51080598
5312234
14744818
8980426
42702066
7069881
54074681
39829979
53769933
52479024
6306264
53481453
42379732
47878725
42222558
2866360
29317026
38822098
11775576
3270462
6476055
8813333
28950944
43704659
10160940
12997841
48950732
20337682
20569778
9355803
15017660
42100171
18860169
17658547
11155746
12855697
9549948
1595657
33523715
288480
20082902
24661149
21242505
49496982
28545309
3400460
1074393
36030174
32346043
2962243
30569519
29005007
8636003
25936713
51003928
46073258
48678063
39594929
15303632
34719608
479244
53609114
40928035
6004472
18092208
19543699
45565592
9261468
47746365
8862566
45279586
36819531
6099450
17842045
48422588
2498745
37288028
54362151
5460655
13324646
4309850
4632805
34251080
18812745
33508651
21392608
40753236
23942065
39115685
17944519
3775182
4458382
45500515
21384336
16688880
8830740
38030944
36703026
30215493
10926834
12746725
27437541
44646944
13584315
46787628
4044047
53288091
23963382
50052300
10811459
35323567
51730716
27374155
22842081
34309510
19550195
38526924
32792326
30150493
44640913
28694005
38640847
44019502
46653385
49587003
36235855
44848857
27104110
33939911
12761562
32513501
9146020
36899914
40602896
16546225
22824246
10241748
42476631
54873426
8305194
39687305
22465095
17421205
17807570
50548768
11500794
55633313
50136011
4098321
47759647
10605021
48274230
55287455
7783647
11788138
32466502
12279554
32087295
50840610
34777501
32111649
48160605
48849795
24059278
40344758
30319595
34184431
11920163
12772936
32408330
47133990
31863345
38149938
15904021
28407867
412757
17386082
7873666
49514600
22057702
2455802
2821373
46469702
22820952
5487703
35950844
37875893
43735664
9959255
2680005
42177706
18035981
17799457
18530200
46124848
28424595
27530268
1776100
21036174
47143202
4242002
41213578
13439087
37737181
8501549
20534201
7148157
51578381
15401474
46693227
41821610
35884850
7317280
10518858
41195060
18002040
25991588
35195888
1557957
1906884
51114159
23647506
28161134
45624863
983542
54332357
17372030
46620677
53784099
36072597
43687725
32738432
42695639
49154887
30589023
13173168
5132726
26688541
19740381
45750235
49359557
31302752
50939791
45565240
40777271
15982782
26427693
34068314
50315340
34160452
39979360
5489296
32647574
40062388
38236442
20596476
548258
37549434
12916562
31029276
3360567
50782838
2149409
39506081
54005771
13884092
49682788
15632492
43562595
54671240
4794054
3794316
46775482
44940618
29121157
16692566
21917443
2250850
4072564
54809654
1512878
9900582
33486464
22034708
39514129
687008
7679914
35752593
34188867
28367334
28879867
30088097
53027068
54498928
46073293
38373278
36555107
51261549
20822048
39768279
7895758
16103436
40906770
30082915
23023175
26870307
22603612
33341400
737972
4155591
31306799
45711781
26636454
32799456
14354794
3761536
22748142
45546190
16856335
14084379
31590267
40614550
40264805
14653790
17943820
51061745
17551230
53036829
53349401
14702222
8845119
34062843
49330262
14036463
17462913
55915385
36115945
28431631
2034601
11276191
33769138
8490953
31356987
22874917
10051314
25058604
53138812
18647372
23939533
32491786
30069575
16936477
22670730
45453061
7086170
31140602
7695953
12832618
54175320
19286558
21621960
51058657
26583540
3398487
34170519
55264893
53880784
24839753
50912493
3527258
36169205
10894221
54689639
16281993
25986106
1387552
11102681
20647026
44827798
7003056
19804666
50850125
19833917
1513738
37757107
50503553
33215282
54643006
1194267
3116663
48953018
18223473
26871748
37552258
5767703
9330765
4352399
50353526
54904159
40018272
15071229
29870822
41158115
7035696
5179312
5339080
12809755
14083234
10825970
3961282
53402750
28274538
13093018
35563975
24548456
49347712
49309285
40082229
5689988
39220795
42478526
21384370
22439380
17540982
43183469
11664178
20660217
20584128
45265907
25033337
8843767
8035533
34675120
45802645
50475942
1079687
4496720
18832082
26914095
48785043
851874
17838775
3726081
19995307
42504690
50699838
43657724
20072100
53853703
50539229
26765025
24937544
44434512
10775202
6864375
22599341
22648272
51876880
21723971
47213984
341827
19291123
13809591
33595432
41305924
41627470
40399203
21945288
27963818
9075319
45058961
37106568
41567696
9276244
42571194
32416200
53096136
49368496
3290685
38899769
6104717
15989823
28056778
21835171
54360541
11237496
10858980
41667899
5268662
2432848
33404392
22996396
44218809
38415732
3179839
29344246
23647262
31323884
33136328
47107250
33741234
45766327
50785375
9151496
12430109
49452699
39109124
24179976
43263779
43550863
10842991
50503157
27862893
26802892
20959801
12692642
15952444
8426132
18247116
38522267
24447649
51238661
19816557
14874563
24752080
28105956
6191528
32790012
7566259
53603611
6305485
24589738
33336218
11316286
36275982
54483743
6188920
51808262
23320595
2744232
25671580
40290099
29543356
15170251
20834058
12533669
50695526
33680178
50212093
33242066
18705710
9573086
36470190
47960602
8683035
48212069
30523306
18821527
36468137
49210132
30251003
51239199
44563757
35102476
5127366
50701331
31163148
3444688
26136681
39280497
29450877
20484939
29439651
26993297
30708335
43403881
18571576
27437070
14974468
40639007
53021877
26995109
890050
44508122
27420905
56095119
21727541
37563175
54804135
41478939
14629985
51398528
56095443
3846035
13922938
1682678
24564650
1866261
30243812
15635352
9840846
12441190
46026605
42285770
8421720
3271265
38413023
34182570
30665194
44229360
39748957
18497364
9557813
11028542
22780581
56091341
11274593
46482213
32916800
13389217
51617107
10783949
47459200
54412764
35531386
12056677
27688867
18912908
48275416
27786232
25858748
33788686
4019469
52738949
13856357
30489151
38839682
50433664
50683614
22151439
44655156
38704024
51966784
9716473
9737559
42531978
33158150
54135377
51115107
22132851
32163628
53454343
41486174
35402523
26723897
26602088
30014872
9886245
49304161
14486729
23766762
39353409
29915939
29780319
23882877
19672693
36055538
16688243
15762118
21963199
36418266
34938683
38950075
9434806
42791934
11852183
1400481
11025299
31955358
53910765
46880288
53011106
36714056
14884085
5387651
16837651
33547928
15528142
42369484
19934361
50804401
3970053
25454142
10243246
49974781
7194634
13894185
24075949
46503588
37073436
49246735
26983460
2130359
27097892
18017935
31766634
36146825
3739717
30378622
35194253
27180318
31996202
1357064
19876405
47569768
46109509
40701778
23597177
30957352
48383040
50730220
50544765
10245273
18259508
6332670
35882442
26924657
33070750
41062825
19520128
44926687
22148842
18949135
26613725
934677
24261828
1388012
952572
32809399
8366030
43820798
7303913
40676435
11497556
45408237
23972591
25135767
48568739
29116958
46646198
48121377
42454321
44212094
30612831
1318461
39495531
51069618
7404529
44394064
28897592
570993
28296571
21214165
4670917
25225713
56232105
47702429
3005592
23365385
25505486
23939595
32323242
28129287
26687454
52595400
53089499
4839243
44723179
10430971
52896247
2434104
17508546
41135860
14700173
45776824
50163933
51351467
32155636
16817146
26081103
7683427
52150077
3070858
31215671
23202098
22220121
42850330
22196943
35315997
47292143
7359809
7235751
45961453
31289788
21848211
17855830
52642138
8192996
42289075
49172426
11760387
43983931
37965333
47221927
29582317
13621188
43330397
25270364
34455819
20917070
23010245
42701367
38931588
37100737
44615341
10988765
53137735
5541797
14837134
38063856
11314300
32320021
41637540
28105623
44881261
13655215
31816756
13453321
6416219
54555145
21190703
30772071
24385224
24344145
13875140
4311952
35415370
32396937
12243729
1738062
38235482
42159508
54336026
37926433
50196613
49057154
52401631
15073878
50477498
38767114
52676317
39458678
53672371
27982325
6272477
31427940
17222606
33511612
48512619
31894149
40153530
53096559
16896931
30056882
55162386
47711813
2051833
43660918
50411456
26334222
3652036
10292659
48212896
15262482
41774803
35122735
54829657
13634517
28631172
21002430
51328354
34677601
33186201
22244431
10759719
38994476
49148932
41578458
3341691
5399669
24980828
10096648
7917783
35418728
37988659
21485078
53550358
31967612
40008881
40118797
34371327
54623165
24767857
23073771
26666435
38123895
16475172
43810837
28539774
50203572
44066230
29083923
23917882
4175335
39329110
25431262
45636394
43749262
26581240
49495044
7465496
45812100
38341600
42682706
48101981
6021047
37726197
13431561
7579895
51619327
25334550
21281166
27956730
52877572
6598598
39105599
19567731
22521601
9728217
55705852
36269300
39890895
46004814
54736620
24772551
5563457
8833632
52391351
36283766
47002750
21137053
21032790
53960120
32320553
14940119
34670419
8424762
52340481
54330622
42548730
23662597
28706978
14682567
55084742
43293451
40326998
39360991
20111879
52485912
26087323
19684648
47766290
25101953
50424966
55886598
28631201
25529692
18080883
41237908
25234586
49292631
45066501
16076281
29273311
23895791
28833248
36589798
32109643
28677884
25623644
27866162
34811466
51647138
30605570
15723750
23181572
54074696
13273668
10410841
4719622
10968980
25509683
48129693
6454362
24895274
37805715
43643294
10278716
25038253
52421408
9158304
30002930
21170709
53476644
2667123
1769758
155364
10966154
4243480
3850028
40210117
53510593
19087715
38449176
42764485
2450082
22754341
49355074
12288298
41151159
12839929
4514617
614408
20307588
19061069
24600168
22751072
47471887
1120411
5018933
31250698
21915271
27335807
29384561
53321280
47950970
7509888
52555336
36989648
6982888
50995924
1760941
20729718
16637633
25678445
49659411
145394
37853183
36515145
17757290
40536750
2515951
51687159
42247851
53806517
27839183
33463367
17732139
16221188
35455141
33933127
11849747
34827602
45618448
21874673
10749553
20944932
10510609
1559412
35228707
42503171
44341901
42316107
37303917
26475848
44075263
13144266
48621715
53566433
33999194
22320132
8272509
14943044
23847975
18768094
46057988
11617995
54258227
50032623
14355051
10611148
54548290
46225075
24078049
24673516
21347673
9190141
51949836
24257439
23451122
49162601
15182864
27849662
8224454
24159651
34104134
492439
35395073
26301582
55277534
29039759
8455767
55738026
25135057
12229980
20759868
6008975
7246554
43647078
51734334
24379976
42783100
39858384
34861012
24871518
38957291
7073844
51972629
2787235
19058185
5585070
50921757
47273214
49995529
7732014
54998188
17786162
1464906
6355314
17845815
55789508
3904702
52475787
34978158
29109691
14967036
33362790
10524642
49100188
10847588
21859560
45768965
27895192
901093
37770777
39132499
36170056
44265660
121168
8115479
28034972
11839542
43189742
2258635
32209367
6267108
48642874
56190347
11909009
2450611
31603639
30794960
31045012
47492361
1615368
28568659
22116849
32498812
54898693
3331223
39202396
20958467
17981798
54996304
20981038
49755118
48994941
38038187
26214298
44531627
21175737
25776336
35880176
36922634
19849372
42252630
4341709
46192263
34570318
37364050
37639210
40361279
39163202
12459963
25375512
25366556
39903576
28769236
3280026
33940226
51583036
40456093
56227430
24476681
15984973
49176462
33524429
4463313
16862449
437962
8651451
40503104
15910574
3611155
32580925
39890720
17665922
33211270
18536662
50459040
8184458
25179247
24969377
13796645
38789997
6589886
32070140
5963350
43419811
19073933
43946407
27106355
34454730
7050968
935861
11521659
42297622
33086467
5795472
32609346
40777388
5040296
7922178
42253465
52178844
9353265
31337667
23456882
35010422
49607416
25489663
50637813
42639251
18379491
47960116
42810257
29403686
12996207
18266943
16313456
50852814
36895439
26170493
22933071
30986956
24099395
15709797
9688276
48559080
755176
24687168
8507533
19095062
8552523
20899408
28721962
40576454
37980252
54217220
40622609
6968165
7110172
12661307
9812603
55209416
34963909
24543314
13090230
28377004
37621505
46392963
37903353
15892093
12054708
7223273
21298680
31790316
24938231
51234719
50035157
47893724
26118255
53841736
46623101
34209679
39169156
30754743
56203846
31012087
840656
37944912
7139171
18134367
33947399
41519290
52102796
16570515
53155420
32930877
457261
21729412
44321865
30680079
4577022
36514393
48518653
36297572
47988770
43278118
35100074
52443422
1270623
1892185
14672579
15868358
34255834
18140679
39897696
28242544
33856526
38956290
13981122
21869882
32265182
17376884
54597481
19171918
26096864
31426008
44859013
26027182
27135999
7807471
48395037
34513061
54759234
15224145
1197498
51795349
42007495
43191498
37770842
51635875
23886352
6515510
32220663
6013290
50517764
941406
24245031
11986644
16674717
52854239
33506011
13093264
47530021
23171473
40546516
69681
4290008
47035152
43865756
2606548
19281848
33170892
33315562
2963885
29466651
24239611
24008116
355229
19305146
41238942
19415212
27856671
22231357
31279256
48001870
38531120
50500300
27640793
34730633
13565063
5324217
20318148
38780359
1193949
18881465
49761365
22437536
11667070
37736914
10694863
35524597
26301572
3704241
9075951
45189380
39095031
14918074
39019175
37190018
1432085
28991194
44385957
36104802
39950238
47012567
20361076
3800486
36935236
32300186
24396095
41018315
14113878
1436683
45268995
35006413
17198005
22008061
11742673
42376084
21418951
16974232
26448645
37362193
20859211
4141487
6170204
1905013
13485989
20011591
2787671
21577283
45290957
53623390
25727336
36149752
20060941
44310891
45638002
5900531
28169917
32943022
5732930
35357466
50472289
23260934
33247350
41055532
10572719
4752051
15927438
40306759
52365022
22307158
41175599
28937807
639107
42408614
9100952
1892316
40954245
5414281
52099948
9141205
43546059
37666445
495360
24144020
26124584
22678589
167600
49062452
38720734
38721997
12093725
19400367
12688214
28495299
25128093
36499571
18620640
3603890
55381161
33410824
31651661
55016985
19836855
54996792
11437979
3686671
6042368
31813040
28101833
24417113
18629455
29385649
21525471
34066771
23976419
43295742
40207856
27679214
36968727
29303977
26033783
39848427
50522274
42422254
19858269
21524203
37368411
51443426
38185840
364175
13573969
32904869
53562616
16150184
2688033
35874940
41818449
47858866
23167195
54966184
12875251
40812684
15392840
34479730
3842525
52547206
6327015
10903878
1645431
53370301
45015314
49845140
29973767
38981681
5053842
34648454
49571974
46987846
37869457
5280970
13035170
53673786
30216836
17687675
40565346
21062777
22691355
43102265
44967225
38604511
49556954
34645522
46953769
19095634
28152714
49188648
4635384
19190325
32122175
18033902
33380143
6033633
44791297
51575314
45659707
24299607
6762607
44291004
43936285
40445671
31314135
51597496
23092050
19137669
51246321
53713081
32345553
50320455
3528921
10321702
47900743
30461320
6492808
7748731
24443860
18945999
17066472
42851483
42060183
26088542
29492605
38054830
26607536
30475300
54796317
1368703
46596933
22566936
12976869
48588790
17353621
12176466
351175
35612580
43042116
10909476
3917769
32007461
2419711
29317602
3828894
50135622
16001070
53780420
46932259
47825987
33135817
47227931
13358878
4005353
9464616
9000915
49492123
25238833
50111978
42212991
54625445
54258143
5213315
800403
1971224
47974652
35367960
45691700
31694810
21018265
18473374
40833778
28178566
8534090
23300142
16282085
13186973
24425083
20644603
55954329
34467109
29130464
47746925
14341572
20746840
50459394
15138938
7279132
36846998
5837444
36999675
53825042
52286919
13488664
31666053
12529525
26263451
14349695
37201935
844642
2823309
19922894
17533636
11896481
51597118
55125059
51887483
23466254
56191585
47764140
18191014
20125537
18367233
53537532
55452635
13467708
23596005
19285104
36513068
39271957
9800526
33494621
22158989
49741003
53458824
27299968
41561201
25418809
21509996
27262651
39561006
47176829
24575777
28642188
16258998
38114473
55183475
14106953
5275240
36066048
39380516
20903483
30906513
4899525
39925136
36167531
43188251
40574049
19468187
3018447
27096578
26293134
36285798
4842630
8179802
28040014
15773582
14298550
52091414
30583168
2686873
20902428
30917830
42711305
29708713
12135655
32839233
29101037
30976438
50605367
15143145
34480991
47211958
50988983
17961275
55601088
26682953
50153414
13477471
3158663
22982650
32237557
18113331
18229393
55302659
3864862
42182211
41440415
11611676
31188985
55915338
26209179
47443716
28765785
19855681
10591286
47392828
48467477
23941502
52745448
3393409
20404163
26503325
1594480
34289639
34041472
42123616
33507900
27170764
47473525
51278943
14736866
43168509
14248469
42280793
13862243
48503187
10993226
51758688
51636108
49978880
37133163
6353498
46836040
37622958
27638205
52883394
50897381
55057677
3537339
36225732
11782539
52348134
48711854
15720864
781739
16854318
50900092
38478958
22417507
14288625
37030474
38689684
29306266
31978893
31287567
28337166
53117080
17264346
14625525
45282610
13126450
55760205
44948903
3936255
52959188
38814139
49346055
14671648
43275138
17422816
43763879
6045285
51566395
41841145
21070773
28536392
4420421
46595077
11432094
39977824
41232360
5051581
7402117
10952709
45095424
14023220
13711641
7834470
14121506
25098930
10317316
9190195
2801017
6134764
10840201
38287540
51789002
41906849
37141380
47213463
22106422
11906344
41224513
33013612
37420724
30725697
17104298
20692598
15346326
16364123
42559316
30279651
26189768
49628898
7224678
37260954
9885324
44862712
53767154
14914921
22297913
14166162
54599994
30747088
10595763
35166963
11129770
14559149
19800427
25235036
5988950
55326420
40719230
10498816
25892924
26711736
25362980
10723785
34383282
41316676
46424356
2914028
33038583
45178815
49727183
18611967
49727410
51220404
32548408
49584602
16564927
1534435
3570398
29416641
19617318
6020224
15366536
52128345
8570199
30707617
50749416
5473744
39417106
14007494
51369446
15169138
48578455
50279915
20549430
41452864
18261703
11229151
9436846
14426616
5435014
54756780
52297169
10126418
44639087
40997583
46014204
43398287
38167118
7533784
14050104
33722584
7433635
50892530
11362538
13080065
1274121
36741922
10354298
24247968
31662650
11073141
4603318
7125591
32018211
9320279
32016018
13818697
15777746
20913677
28363057
51558597
10117693
11299586
20362215
11224409
12814074
48464030
39331793
4444534
10083758
29391185
32343655
4337180
49618409
30870617
2725766
43259764
5079272
9264767
19644650
24537059
35304931
51533039
41343184
28183124
3526143
11102341
41705641
20469150
20779594
17063471
41179992
8876893
8469122
38131796
38126227
8369540
38380271
19924217
38334490
5746578
36022777
1473038
1611414
16342255
25791344
49711000
23615114
46775824
40193447
34345221
49427486
17105417
1740505
30240843
42727484
39306994
306357
24642170
45522768
11902700
18577959
3048196
36984277
10083192
56001525
18202010
26285051
32633693
40151441
46845061
14118774
19680522
31931695
18134024
2710751
45249131
19501163
45519893
7331948
23088030
42588326
19186643
30627934
18683512
29934486
18085314
50034226
54637267
16047821
52458182
41152034
8494767
3296672
18782267
50031752
23367832
44284180
45673600
28498529
30454528
14913366
52234750
16969771
42932565
8616471
13440858
47900792
52663134
12915177
44395306
2443706
23904813
55485768
12542620
24899287
41530829
2037493
7559654
13485233
17536664
49161510
32353377
24696626
36178841
40731698
14341761
51119303
13829651
30760234
42497390
13484757
28230802
53601889
3528913
5015382
12203337
10509291
3505486
3953037
45260365
55143149
46151087
55255527
13954938
20488737
27323242
38029206
50734440
24631755
37381856
49090039
12982669
1605289
20338474
41309538
26902046
39831528
18605523
344894
2529431
55129111
19939454
33199030
41398552
3003232
11493506
18233910
21498927
4612337
24035561
56238448
41188211
35645960
37915895
42159343
26004298
12675097
647350
11628011
11649086
45760177
38735174
27923131
30953244
36756947
32687625
36540762
47285707
29710023
46639051
35564012
13730559
16936222
21705523
33148252
37754306
6881169
4181958
31494089
19674127
54623212
18322553
9012478
9641662
35224408
51495603
14376287
1026010
11137174
39126447
39975956
14806933
1978227
5219116
4396092
45721241
12961212
46151711
21705304
15979463
29702829
13858489
46815918
35431917
14824354
38949903
16243826
43457042
5808747
13171536
20645259
44981550
49331756
13766876
5248985
34198397
40358429
41483450
27283665
6313851
37148220
34756839
10410841
12506987
2241514
24477991
33999546
53231749
16448882
17830425
25413546
50520913
55284135
17849625
29171700
27617313
33141156
13055900
32795393
27060807
30073390
6878383
49716175
15133359
39642058
20015535
16898342
44028188
14318840
48776827
52153011
24641232
42498935
52166460
44741052
5259766
8029109
16169121
37801813
22177969
18796291
17547531
31332823
27666822
50942079
16115800
4805530
6080349
49216121
25917009
43578243
14940031
33469936
29700640
8218627
5597480
5696695
24371516
1858787
45927609
16261502
56236551
36150181
37239169
54120961
38555541
33691563
42101141
7356440
20254282
47095147
47379469
22855452
25200633
22861292
44861730
33133290
45122131
28735717
34276089
48697074
13877603
6721404
37856066
33987555
50080722
13722303
26002697
8110014
1872236
9777427
35272334
2115590
7578250
13531215
22003430
31199101
13437281
51255994
16226971
7382440
31878124
24518177
44227333
48317344
43972772
26109623
8840810
52675058
14858114
27554685
20824617
46123659
22874293
34117373
7984858
41970708
11850066
16225269
39071291
9740256
12182787
21741118
46345771
32629150
10077544
26997436
24955739
16038451
19377870
47958795
19405108
49794391
46779016
18117709
49460143
47547714
11251509
37536126
41834051
34968066
4680391
52940855
38138801
47137196
22267307
1743198
2899417
12093420
4042482
17330172
19644485
35803637
21647184
19348335
17657021
50289094
17603176
43230555
52883344
35817089
1179779
11271008
10317858
55481302
6866200
11924017
15697273
42517054
32855735
45143197
53079266
23776806
30673548
36395602
44237779
20157496
53950717
51802855
48698936
34472456
51932989
10279760
28130226
37591700
11728768
40660077
53655751
48019698
42050775
51595945
35482841
11932088
4404808
54643842
49767639
30582756
35318283
36787687
55671399
9078929
24453259
16683663
45772637
10516051
48678496
48684925
37692171
29461871
56119867
48402785
6342229
24324899
54800993
53703760
40185950
29942681
54859302
12043416
22520466
30118687
924746
37089000
28398060
40055663
19325559
12979951
31161358
36222964
22318038
38987736
19556292
13937207
34238778
7071322
39057491
19216625
2548668
55522997
33103251
31794968
49851793
8888470
50372560
34841921
55094459
28142534
17405825
34724225
21102280
41681467
11704237
17119084
17763441
15418108
8894305
49336206
645523
2157232
16666671
8380831
14732568
22468580
31129717
15022152
4522654
49768105
52346985
27003701
5671203
24214781
47656019
15009872
20027622
22230026
27419706
30353844
17023864
31974359
23019987
3983196
23918025
6269739
18208389
34660846
14772585
6737073
42653144
48514693
53658275
50448092
43484724
55960416
17945925
47595223
28908778
43752564
44096901
28132203
45581293
644941
14170769
25425993
43840166
45923779
15189772
51695348
17317466
13040668
8056333
26733858
52008418
55490790
47747154
11471316
1991312
22507893
19312409
48455053
15013578
7681468
42485777
5873111
27051638
40426972
3498322
776575
8154881
53435570
23945044
20155300
13054776
24496991
20219831
2128428
38589922
2149104
43639015
46833609
