#N=8800
23990651
5587096
56061353
76354298
65995039
23264490
19911727
2023379
60618357
55126213
43318485
51700819
29204888
14227903
7243069
40436054
19871539
54987066
58551913
42403276
421416
5689782
42037261
33242462
70540495
25232497
52627393
33291512
56483415
52546731
28527240
4239974
17032058
32796863
56442570
63971660
19249753
42225515
15308515
8917538
5084945
8254201
44457750
66208835
71796365
8859623
38487762
34071884
54565650
32025751
366014
44618955
12589287
16804764
37218690
37248983
25352703
80661
61367893
31407060
35514673
52333998
25237405
9664018
13547109
70820676
27826765
10332215
16304190
63657934
21063409
72919731
13897837
35598126
27721073
16888101
10897594
6462011
33705869
9946695
19436463
40164871
64003885
31943925
48055682
37138029
32484711
71385643
42005989
9033894
62773276
5014275
38786889
11020349
59277254
3214894
33680106
20772452
45872426
20824459
49760097
62905284
45198658
74449736
3864152
422682
60622233
950899
43629168
50144619
23382810
64932539
69549189
26865856
56062835
33273660
51735661
23450816
65215988
36991714
47687006
30916547
2340642
14735614
33943864
38504802
13946089
12855647
48452355
39570763
32229422
31913982
38204752
23939595
13827503
2913252
34233515
67081234
55008090
56136630
37199051
53120575
65473324
15439149
31733816
32612019
24661293
14743947
53203811
34299441
13814692
12115012
53576304
41275841
789525
21088217
46656067
30978946
37229845
73141994
1366011
8289827
18086478
35291499
67146081
3349890
25345163
55536885
9045803
58491136
68103307
21759901
550378
12024925
47381477
16989869
36011829
67801853
57532876
41088799
37326758
49978852
11325486
32488087
51223394
26414200
40461992
50954074
29612935
28940018
55055516
22678133
18583746
71340209
66549957
11609196
71744087
44294028
44037199
64725903
37104377
35242001
30982045
61000510
32616717
36183245
16060614
72363031
30475095
7554024
29763312
61442292
55359078
62351287
48629715
269320
53404886
68125595
52502179
6934802
10356272
61155307
12731797
63578171
56199743
22255928
24175617
63621805
63793272
8795198
12907478
32707488
59228905
72238800
24103515
37693687
5708150
8506590
42599718
25636424
8798566
44852026
12812576
55089758
8946401
37107741
25207142
25633704
57769323
47950492
50806626
3381721
61559185
67915869
39402554
70017938
35902657
71984040
50714327
10249403
27006294
18108678
8603973
698837
45694270
15596925
51697590
57511727
77148025
75187693
12823847
10312429
15069244
32308456
29882615
39916318
56778419
33860271
52267079
33551221
63831308
60330757
41419168
68981248
32013212
24022134
75907232
4816874
44977746
32605649
1645430
5471076
29018029
70447049
26441248
65622543
72492522
53949897
23851500
45999215
39282069
57955392
57869815
52592927
32133657
52625965
65089240
2390818
47468964
69376322
69572054
51453681
28317545
74000655
49677637
6359958
56484389
43301583
59775064
39506670
60191240
8638382
56469829
40835487
54558148
29094972
20934663
26493306
71271449
43336108
44733021
43292763
4985355
5243849
64943687
8906459
5157001
52316539
10258765
52618904
41058777
73011400
58379665
1121207
74119887
6376054
3188514
16977719
39713963
51136682
39640462
75959374
10683855
6538477
76504444
28064841
14427143
34202176
38363906
7142306
17514373
39489172
55789076
73518896
56690469
69230769
76087695
29978098
11257762
14687366
50842860
19101189
55495134
52003611
54536314
57142168
23265711
29491833
33940878
41194590
19616446
33101985
56058551
60059015
48714954
21465888
67140936
63888458
16687802
55478355
28793231
21435478
39402324
43161928
74871202
26712370
37136627
40563949
35738859
48760193
15795853
76279250
42004876
54956587
7901519
25044480
2364910
59511122
66479008
838893
41739660
36997432
40990651
13756282
49521699
62266497
4778086
68266202
35095227
51855945
72679652
42234924
24004277
12689953
62628921
13470872
47577132
44980055
24768096
36899610
6755317
38279267
47541350
16960396
31755297
4994018
15169093
1526017
17771462
8645195
37288242
7146997
64915734
56164155
8978196
58695498
6334890
9525761
52190171
49463924
27851668
59989698
36209623
10533404
42552822
74252487
66142777
67281142
38224738
43092450
45961881
67234922
63127591
42547332
58394923
30229280
43826176
6523898
41677775
10624465
21169462
58564088
54772422
62823857
28992884
56056056
63108947
34310967
59114094
69640474
13254300
17318264
17436876
18560757
21830628
31875301
36027749
2213946
482881
27593437
57404860
3414548
8839998
32898311
55324777
31034645
45155125
33201711
41958056
60553688
12455664
14949226
8734824
76156367
56318530
72121918
74381963
70908474
21056667
20959450
52203598
51297164
72927636
42165196
59973008
76220303
10556039
65037933
1412707
74508334
18753438
24506549
25529772
34408974
44346806
1286685
66516590
62041438
20746047
6172450
30982484
70342919
36070697
14052907
58378025
42013677
30228871
32586133
18704876
26363123
25471814
66642023
68764157
53310954
10772776
51538696
53971216
13487706
46284495
54346158
48978561
61784465
57599744
3406707
45332385
38908989
57980639
39507760
31058954
7006749
47541754
73533198
11964894
50660641
40427657
4955512
23308800
3865747
7114318
29502854
35038967
28764481
55869246
73829082
55943359
53888691
5254201
77065058
41949146
41103650
74186415
24735474
16452080
75294376
22866069
62428246
7850034
30137509
48569627
14129377
72481856
74321114
33105541
63613003
6515460
36561909
75281194
71245947
25430401
34953458
30237229
17813506
50261122
58584176
68574881
56318302
11939545
20754171
2878643
73817292
24651570
55495660
1869405
10627455
67444341
49332180
70462240
71160658
35095654
51688514
58463837
8868853
46969273
53147252
44935429
12709514
11131508
19491356
20172338
64220515
62132337
49093053
26678626
71382821
25808251
47820709
32603279
15562253
52706222
3986603
51111507
14024114
65491320
29977226
74208837
73723684
70840147
18773726
12696820
26226800
61322861
61920206
20537045
34259759
42015744
25444073
69977177
3514614
34799020
27682905
16705509
47353136
23284802
56297918
17943162
66849619
51718108
28616675
41890747
38682108
15935284
297901
73858899
69207636
36577079
34598731
61026864
44613347
34890865
7380235
62293376
27063102
19904462
72532972
41722582
17664750
68085054
21457892
43412726
44049504
4398103
37847592
29409974
13038804
4579810
45930108
24958871
69639621
12681391
20756466
42263210
24167649
41160822
18423787
8180772
48567353
77147867
32810248
38923591
7827763
44079394
67200405
41944141
58843333
4447918
76868311
30855645
3199170
73663409
5565134
71243151
68799300
33267782
40083487
44683553
68983811
33248717
4202405
27376411
65953743
36199265
23839422
15986876
49197090
75319542
31974145
66247383
48483724
45334475
49163187
22487243
41839682
41916107
21679450
7151308
57852369
3204902
25290511
9396019
61467730
49737353
10323284
3279367
20887592
6834770
40481148
41607400
44734975
24606761
3536988
49966866
43605796
5123501
40616352
60389708
5999438
43243291
73687816
25996481
3494792
63850701
57411413
13851994
61503739
18474548
59300798
27619969
75780794
52993159
55676356
37351983
8013381
3488514
40238219
56720193
18703416
15874387
17234031
72208109
37604586
55017108
65954135
60656089
55727683
74813062
43305512
57442958
39748498
9837115
25188688
46246419
2346962
38936865
31991197
13047389
76737376
6307639
49383614
17592431
24143398
31351461
74553764
28733189
62225099
3527452
18649781
23935307
55709802
39656924
6253974
33552118
76729426
47744693
73954197
54888346
35064564
33468397
32254270
70942080
64093773
42855444
70858842
45903194
39639489
25683558
41103776
38308565
38767862
74635774
20478667
72850210
46566363
50189932
66687028
38289792
25257650
56432858
74284954
1321304
19531119
15112902
16201541
1004700
12680129
40485800
22634076
20726104
25978245
46002446
56686859
18190579
3215955
45175284
61403039
57934545
43519317
43908003
17829898
43357653
7233031
26892356
62766802
8276571
24932282
10254170
20608459
3099966
36901739
59172052
62559764
75130040
59036393
53155742
55810625
69394026
71111176
54071630
20642866
7787665
21950111
11511575
34227541
22721411
58259587
17495036
40104647
161664
15838592
47541163
37194471
76396461
58563695
52512632
65108113
21832316
50792431
18040028
17980203
18375320
135658
9404021
75923036
67082368
38648187
1738994
27914779
63323510
11285139
9131291
30163745
76668701
9855608
73336126
39220385
58097923
1656444
49167105
19570814
16882132
45581089
62121840
11288348
36731379
1720201
26231705
3852113
11580731
17904369
8576181
76495906
67096912
27359455
74184041
39167589
52764678
47057476
75387109
12323385
12056438
55879304
34267619
16611936
8361306
71679682
67493281
38527109
41377933
60189637
34888975
5593784
8849710
39565259
41660264
32879266
46743091
64930956
51879552
12524825
7411078
37820347
58915486
27929323
52034778
27126565
20384101
19604912
14164658
76111426
55495767
72884503
47517997
40027938
26558656
47274198
9465369
63907265
3638134
35784149
51339927
51927337
20537141
32574065
70262169
54169308
37603334
34218265
36683498
14059205
10212960
36085376
63225570
31788921
7545222
11593485
69565528
876296
41549146
18720156
28593428
15467829
46325846
56847420
9726188
40091392
22799684
30284841
69170959
8314418
15247008
18765862
59105169
43807833
51574351
15207523
74089431
23544129
24005305
598121
7437255
35027660
28540154
30795705
39663394
63272547
47484340
50845372
49722868
26081317
49834310
28349629
62345261
6234454
13211355
36044968
27524054
14485266
15037833
50405097
26649250
48879175
23795131
23061265
26322023
28030222
47805839
52654930
72710495
66417645
28661588
54081551
51967887
21871228
39914986
66258023
13549678
21403022
57614682
536859
20339677
22763476
71741895
5463913
35314020
76166090
21007134
54558958
44439637
22762279
5773585
60191605
1720772
73204910
52695427
30270714
11923348
37991815
23993342
18628943
71053379
6790359
70770186
63149865
64925171
18511963
65246961
13012819
57666966
14014826
6234965
71479384
64889457
52179426
41060400
58195063
31726452
75684856
27948993
40851653
205126
66612297
7496178
28053679
61281562
71307233
6277372
49898025
44378437
73806603
25298758
7903513
75908810
31421843
54506525
51912351
17448618
30395755
63381475
42791203
26565370
10659160
9582604
6694394
77056594
42815544
9409690
68314800
54643350
38776697
33355474
28755068
5330734
13628946
21776307
67987158
26928796
9910769
24599267
15638543
54501414
50480536
30836989
3160079
70576846
3274389
45134497
52097416
3830385
52722315
12372218
76474597
67646187
44207061
74724705
8741794
44775815
27236614
34959326
25888282
12609582
19726528
6978760
71387198
43303771
11865538
22551510
11290252
12012976
51558732
41405175
51341335
36507311
6726220
35465583
18479430
76884005
69852182
18888817
61399410
41679749
45605158
1749892
58904393
56034866
26651711
51222469
18887533
14627031
15232798
75513142
18662385
33026377
72553223
27999308
32013519
77292562
48432779
26488698
38111642
71655042
34678955
72479373
74631502
7282216
22217021
77030613
15484594
7336053
29887280
38813138
60215356
67010293
31701802
64285545
16310953
12024679
35989671
20814392
52568267
38810041
2959919
47266698
1012858
72700662
57006530
62128441
39180920
33381357
69249744
22235890
53627161
6560359
50262351
75040889
48401242
14880968
26306953
33275077
24560698
40316988
63714957
73369812
29862960
19677122
28295874
72936562
16060033
53783250
74458094
5301569
37797183
7699258
46863789
72928039
12683362
2788792
70318698
73548650
36357817
41853005
49413540
56026273
35599117
14545003
27897556
15126165
67760271
63429966
26163740
7794507
67057649
44037835
45073937
34366399
60220710
31116245
55082089
67362084
15986067
66758836
15041401
42309145
51619517
44074996
2609341
16574712
23034596
7629312
24135110
57771545
6253888
14032156
7292337
20472952
24224733
41907590
45566046
39129384
52975938
59565906
40160570
32691250
40420745
13957692
35887931
49462247
71733798
65763254
52320683
51116923
15139319
48406406
39699804
35044804
204020
51583649
49043223
42703052
1375424
10102954
50479208
63220937
46411044
21988367
31510527
62535350
66371653
42603760
55572434
76888309
75748782
26202878
74243320
47562119
76267516
47564678
74581565
20616875
50623935
60517898
68020740
36698135
48202386
44719775
42605202
14104588
50208225
18103889
69663845
72198109
41131911
7654460
10874030
40479314
12220335
66346767
63566537
46086964
23458599
8533176
2644989
7350282
27375363
5842262
50420555
34814261
74380744
14063667
9199755
70529420
68919133
23300965
50696554
13261417
71951551
24501313
21880744
34613736
54411979
41173005
61324079
57256217
52037746
21967263
33516398
22736992
22051788
34196980
43441975
72711938
58597814
53406348
34369728
49164723
8901519
15520508
25614505
3851323
22584535
63338791
76436487
34821335
7953034
26195240
68820674
16501435
26692955
37311360
50729658
74595762
45738880
18520436
2903439
8464374
77355476
76759419
56735018
5943471
53039167
46639247
38342210
66036712
44504829
18849219
23550217
5050195
70375974
18879335
61458458
44366820
34549377
29404867
43440662
68891600
76942286
10672934
43211778
8700814
69012481
11372842
71692323
16438126
18604960
3584021
29169357
50575625
2883872
66699391
45041262
43606075
2134418
76096611
42486495
18618254
5076866
4670882
195358
26009154
61769959
32053591
926158
43097777
29902582
11931347
4843442
47405092
19100454
31838936
14448491
31737975
49371502
68108302
64708770
24632956
57303770
19073586
5534363
36717797
43728593
25548271
1119580
60956165
71019745
37815612
75026516
56507713
76944545
45581768
4246615
18672181
58754630
45598432
17417955
59937491
70270894
50444507
12120220
43966100
39071054
23780190
44469206
24738546
67408153
24798803
75702213
20585972
52784994
57426093
35598217
60212429
11132147
19907589
42533269
71115653
17474688
29444748
31424717
58272364
43430759
15251804
57857847
76257140
52767539
23577068
26980890
5468413
11373453
65780031
56100515
14332508
12975657
19670402
5639954
46822181
28617430
74879741
41591376
49176185
25457566
72294249
17679160
17456494
2432901
13088521
18854556
15805945
42617609
16172913
57018137
44613620
19087886
13444399
28439869
47299125
12203615
38640860
5971519
74480946
52804374
36430113
65296175
22757097
47656593
64803834
5230804
56881246
28585795
46737128
31497025
8001071
69861348
61194259
55205559
43230577
27074533
2681643
36227808
54607610
53688647
43573738
72777372
49228762
1240783
67239010
20491226
15162670
42440107
46981407
65788392
9210896
45377141
492340
17526293
68215348
15381659
35933677
4547840
20584724
33479401
26906387
30235513
26630771
34119726
31687536
7002768
29070544
26432996
49257691
59270239
61063506
21496575
62141982
28737535
42681734
3962523
30113440
26814279
12392830
1604266
44459671
69124604
54601794
41714302
38196237
42831127
72236936
59057896
55081454
46952832
6848630
70226661
75987977
19628002
61652803
61858161
14348698
47240306
42809491
27761116
53731877
11489591
35418462
58179459
76064096
15867454
48173314
28509174
38958229
20708227
24442473
59348990
10091987
68374287
46917367
56578341
65189674
25284104
52209266
41458414
27568475
64660629
8573858
70733437
5279304
71016118
19048670
43191203
70948429
10483520
48946275
72992419
12865496
19551007
66609766
26718541
33512846
27465087
4066701
36212860
67219860
12671806
12431622
30953647
59788234
21633263
60972696
23731260
54319249
64988638
32884556
34275039
59381325
71601361
30848387
18691721
67689
8565150
71684929
75396011
54221645
29395267
62986274
42750575
42641782
18308299
22651840
74739987
37685227
47998516
23781237
15429833
30323573
68238360
26584571
36056974
23917635
73424059
47450325
76647831
5607313
38723195
60030272
19853223
71533672
22283237
3610413
58715300
10947126
42289662
69013357
11471069
43357106
44677975
76702356
45341795
37226692
52093325
30122370
22255394
74278564
12146498
45448883
71706599
23484345
9764133
45210270
3873424
67816746
8727129
73221180
42357710
23793144
37747035
72846431
69421993
67939732
38760752
67141943
56079677
55536176
3499002
68812335
75455312
64054904
24609031
71823046
14971298
34418382
74579492
33410132
2571964
66102154
14848370
5659949
76214541
19387387
36483141
8092245
25459036
41537606
35474145
26114900
31811151
26410923
13249299
58883671
68463676
60664576
42806561
64707343
36684485
73487720
23366923
3632265
49083605
46794270
53847175
59001167
31846417
8477338
75165383
53515636
46491234
72900983
46616809
68122296
71368352
51549155
29221721
55947757
66330076
65666842
69469221
29531101
14550868
30024724
72680730
3756332
23980091
46758842
20504040
33052220
24404114
33176274
6388711
46686059
14947853
45369837
40439405
34934402
18589725
58868020
6898827
55808939
1532631
51671274
18064194
72024216
62659080
20158500
43082156
15962594
51115974
39444497
34290372
10794536
6044633
25921888
39855913
47531492
1518348
43931387
5827128
34321676
18228421
38458875
6246653
57453452
5943732
38175006
7199194
40220787
57335389
32667554
16908364
63552036
45615815
75345695
8105680
25860106
46482527
3637659
59112223
40321438
33399864
64972105
27542243
15116762
24403540
52528147
20867983
23800292
25702966
44808254
28075023
38214970
32515143
24675268
29417877
22326566
58279617
51971641
23312422
50386974
43655360
75606291
34609976
19755709
8026788
4468021
23351503
6161089
47677795
71580119
69382815
74886723
40568565
31617717
50852399
57206868
26825181
53499730
73165270
64927997
12293110
3399754
65400713
66792198
22999272
54886237
55617764
64496264
64919902
4309752
15776997
3063271
67579502
30141955
53007826
1865699
13393846
29211385
70821895
50231073
31011554
37765098
3197944
39965317
61396156
74792670
61481599
39337185
41206620
48929136
76967284
2104533
37004103
67118097
67778055
35943008
67406335
30471632
48719267
41020251
14170251
42238663
27495445
44877423
16748109
2960061
65087426
40602774
75639831
33056797
26196749
47649858
32972563
5845275
35087339
22058971
33586050
12552463
39809902
18265707
68528653
66452808
68370100
1061095
77151763
16470043
64663742
5549704
16301381
6480604
13524806
25896449
4654174
3699004
57229998
53585335
4760231
11194249
71009646
7153593
84234
76955095
69166139
67517213
49699226
22534876
59689070
71923964
627430
29960715
6499228
67467558
45904666
51900057
13837353
71602059
168662
37346758
69464899
47008553
58430051
66429423
46106452
7672459
76378774
25199369
39179310
54210258
11110015
50658172
72031076
66610643
27255869
46631263
7828143
34378883
21907446
8891975
44588356
10599873
61496050
32039172
53630205
51742608
30895015
33094216
2137160
30600110
56356708
59639097
57505722
29921211
67490650
20907083
45933150
1332135
70692975
45124758
38782803
1102993
23402303
25399813
58782500
49480607
24723817
55539789
46394148
67911194
24835926
12549184
34409669
66357063
57747778
77139610
49605448
294905
33341128
76541685
29698009
5599117
48752068
36598639
61428062
66158514
6817729
57412013
39989333
69589982
21722455
69986611
19760494
51361697
675996
59846332
59690080
13416244
30703863
33844964
33501525
15082484
11405027
13873680
16751615
57452873
22962101
29667384
48036897
27742011
27789617
49702991
21611056
60033554
29780910
4016049
5332801
14667748
35689558
26606342
28993108
47800758
69310615
16517783
48275238
43863373
8306089
5008736
57354720
15621379
1603557
19627845
54934490
31392155
47515199
64524232
9415976
72660091
58481388
54937527
6130955
45196063
19922081
74198628
33864373
15113162
45766492
56166460
42278261
44492420
13899348
69078946
56129141
25447242
8211694
22430122
63948654
70124711
3405179
16890495
17290510
47651403
49552646
67850259
21976179
31458729
62646465
11082070
66529135
13285324
35015446
65975949
67935311
61412540
28432136
55137914
50274902
57877692
21430732
29802936
65803280
65892106
60867252
12862638
18102209
72130605
19024943
26221779
31997821
12357397
44777849
26880252
25675224
74697538
61807415
67497730
42369595
28524760
53506625
57156807
1953634
30206527
16707433
12797397
11137638
47994444
12870802
77075587
48678033
12142246
25539305
52940642
26953517
45340268
50441316
69320431
40132784
6667546
58883930
5117569
43285794
47520312
21676458
14781115
11491563
33282654
13991105
41816409
26571126
2463718
19612993
45759857
75672510
46152990
77366596
11502052
55920032
57332176
51536282
73177392
41792350
36802658
59102947
35073086
5207484
43773769
10436501
35015215
19985373
67967239
40044732
28504679
15192369
65833804
790010
47115155
63315149
68131008
22203415
37414890
4231209
50900004
45833262
64170458
46836578
76638041
37405771
60182641
72143447
71337245
70678066
6719264
10758794
15329177
24636585
47632270
2952016
76512884
51574104
68920695
52774869
51650928
6878289
45517215
59122276
10099003
24911739
5063879
63899799
27907032
69021629
17500752
60667047
46635222
26764687
43257558
61098215
22672147
66944576
65424183
39742071
34512508
38686299
40566525
68980782
25563702
52661787
11471321
2901634
77363176
41206026
7257654
49132273
74219287
77209097
33222017
23639205
53608328
13482251
25562667
44679986
1550027
68176066
74013110
62977008
60696161
53752982
52277653
39533697
32432068
26737883
76615547
22135347
69726218
65344739
57509461
1825688
31902231
26868916
73083981
28230903
44426740
64092179
72513876
50580082
23600768
19739766
54680159
65531963
11932224
34826602
48106877
16013020
64083526
20260127
67302976
326084
484534
4703389
40358151
10296721
13615286
67874429
42065887
67900530
12606127
9804165
6181707
3671328
39045796
65595423
33157028
71286659
19655030
52774110
52503544
35508806
64411163
76457178
17425086
52522825
48183077
27846749
5313665
42921062
76379214
41763206
37407934
67627814
68528104
29087343
24834455
23154757
55268301
11425342
40882442
8934799
27361989
74629906
27117921
45199138
45940393
57822919
75386736
61586225
44966567
53486367
18083719
68491959
28274101
46181958
47209160
61865636
8071156
20154079
5513128
65355020
50675103
64924212
21956979
24536966
51259042
13409113
38875936
25497122
61503353
43692537
38420499
59602852
28689513
46735003
26416022
40957788
69459972
1063989
43502506
33078229
25212266
28505382
21282799
23012086
17274421
6218700
56352508
20156137
46918977
74632538
22561661
5301757
70268790
8547866
63101031
25761920
29345760
51787019
43680243
1900501
15003024
69125497
12350450
44335345
54715031
4515653
54058903
15545363
53291724
14997123
11795429
58803801
67834582
15064099
44099579
74558285
36739724
38323591
54198097
20780840
4363747
70617415
19640726
44506870
56642107
67917633
38685298
27445259
36783995
51994747
46153672
27271300
14410466
64438418
67716443
18333288
28663929
39061780
3749934
51091544
24602542
53334951
14704222
49879917
34927995
62379609
20360188
15958884
33959843
40184302
57743734
16460498
13975308
29163094
62425193
29196847
31133638
64130552
37895208
9512695
16747901
59155255
36994858
52680799
14938108
28654663
71186975
34176006
71062858
7018603
15550942
31326246
18406956
29764614
29519729
18969111
7583385
36779507
14818771
74102966
26208994
28580640
31475306
41382082
54633077
54898262
68741640
21620943
26546271
35343574
49957838
41507103
23380766
64943816
38097445
58202103
14195425
43331991
75228684
39736612
66051648
63226329
1806517
56041466
1344848
70180223
60753961
10920420
67174134
63678132
42627659
62266913
30551183
33180665
29244063
33012134
7515611
12561685
49103106
62479169
11962808
41617643
60013279
42618664
50748390
72205454
39577040
31062434
54720344
68605976
37930095
10010182
61881481
65669916
72727506
67864429
59609710
53679450
24896382
4907221
33126948
9446994
12186470
54142670
4828674
16682377
61349029
22476443
598877
64089084
2465890
25947765
47472873
65247825
59645245
76289577
17485110
27574685
70572339
44710161
6724495
28863800
71326298
50620673
62663827
75651677
22131667
54702489
20552501
15449388
70160752
35587899
61221940
72944093
49397261
59792232
72687121
53863566
20010553
52091113
16616210
71261686
43742521
48623297
47762715
11234180
62320859
29378570
20850190
41708539
29987484
12707443
22803594
73114622
7652626
7961338
34262795
6682279
61981738
62404603
31667448
53820279
42794259
58033329
56860593
52137316
39781679
20596007
37247356
5352487
8348592
45432914
23498971
11671961
42906059
74987766
67823991
20612320
76831087
64746368
75508565
34312862
61658438
14842256
18015447
970347
23419601
49298193
52454831
64765079
76213965
30237740
74399687
68096944
18251649
36264586
14889960
34429192
12247415
69254442
38457137
53280252
2526855
25951206
451591
1457359
54760300
3077623
22543755
42518224
59691551
60666309
72901036
60688091
68862656
46157254
5119136
15258142
50524229
22217091
67805393
8117021
11986091
17298721
53206984
40426078
24017171
2239138
52575676
15570783
66727587
12505930
52828661
57673117
27794527
74813969
35517224
12242075
77429694
39317447
47057189
76443461
48407273
5907402
34732574
32768134
73073026
60342046
24892750
21570828
66834621
29670292
32350038
28163633
70721551
30131465
65290403
8446387
12951552
40069745
19345743
65658090
41315024
55454693
22155893
15552452
53987896
73639778
21788507
986233
47513795
20313407
20874506
15639139
10274377
30994149
7875384
30665817
50111046
51826078
66660791
38670987
36388742
58822193
40313231
41438783
17179913
4384278
45704265
3897083
76194722
41331050
43502197
25762572
1466797
5119736
50367565
32165283
26125983
1475100
36715347
31874655
10039030
67320358
64367376
36212180
37486723
33489306
20608647
11440059
72040957
7838598
75797757
51553580
20805900
15092573
73174519
13282830
5629556
4373215
16998506
50432150
19027873
17546081
31998627
25905135
56433754
28056085
72889936
50854948
68876071
46834990
24110900
30430470
8997255
10041690
72207154
26046664
38888350
12770049
69685923
77090998
43636318
39868804
55819062
7523070
9463016
47964924
52887944
11801027
41948963
56056046
75037144
70562738
38552328
60546163
30455200
62182426
36620014
26054946
5907668
17609221
17001355
14069210
14826937
60390591
48593340
59437105
12964362
18400973
25737351
8980739
435556
36113248
30405788
7854138
32075127
54265610
62619582
53435519
14203884
48826225
17503717
71094601
40107538
32973523
3089769
61003874
35438378
19010793
65657212
69278459
2782284
13214384
22079490
32829832
47426229
9355987
12863374
60587244
17965417
67064104
56014952
70021419
60641742
32743798
1838177
56079608
40061726
13793356
15095422
77152904
65322308
41133815
47168452
35707285
74975146
61518976
72786663
43599919
72832130
31606448
47198969
47392452
43228156
69327124
76570079
43442606
68830570
23239270
4572292
4547619
6422362
23271153
47346862
4562133
70122073
65484821
20147806
19512443
5074669
51401607
29984452
29615023
43598670
42253097
40360623
31375226
45290467
20343835
53004571
25439678
65818293
34475465
27425994
77225550
57100175
53330809
38870314
43446571
73420529
37904759
34640758
58463850
30589081
38465661
61854328
29773250
39573772
46186200
46131612
52899647
64406558
44334976
45858021
12223444
53566251
20016788
34974276
19850789
11129163
75132727
54617305
45196363
54815291
51535186
38355236
70257225
36513901
57569176
8805812
14956679
7315678
52778718
74049523
57419452
76331890
72271749
40245259
64114125
38383263
1796636
63645247
52183114
47372346
25841233
54689169
33715462
65491246
16445170
21837105
22536420
20317435
3082119
6841127
41161687
15021285
37389681
61451412
21557222
50253498
12630715
74950778
6499846
53886828
58381395
73777814
68821386
33888486
38448623
468878
63640150
11027911
37804014
54097566
70260505
37789988
17407619
11878357
22118445
73567735
75358607
15695293
56595749
65500835
46891447
36313896
70904064
43739804
27984317
3210065
22917271
36183888
73173004
66765654
62505443
24492909
35329191
68352508
26851957
27420712
40104864
66146205
74811028
56617647
36689947
58382148
72275163
21279884
70563372
6423152
16971986
9857772
25407466
76885474
72036772
59755264
64933200
46857619
77426153
69240430
64080683
33591618
51118445
48680095
31436462
50756556
54244573
7908479
28247643
38145753
9213305
40090838
29456258
16428880
61782485
15410062
44422397
65852011
4307898
60705600
58455687
74130134
15261001
22255823
68555895
4342773
59769112
73132771
39380557
43834535
18121984
15400588
58758777
56965510
51039143
23527983
22508913
72702441
55298795
44760426
8689495
70224426
34911974
14046195
49446484
73370475
67705785
40320418
7396324
64221385
24608219
15363484
5574239
67521849
39926712
72863125
42402217
72538198
34174406
3143589
41679379
38596475
20965066
35230794
13620217
34940323
24832808
34352107
64012946
62514370
9848452
72083300
20777942
38981500
2944031
65729687
65974151
3484400
15712199
48636461
58647146
13689991
52876773
66754736
25119632
23992135
17852338
18422248
10022439
73017932
59618524
6448585
4139878
42628364
10397985
56708110
48367378
18922059
24503655
69369646
41736428
27470573
69139269
32488256
50447350
56063252
29181108
73941311
22277255
58625829
73199689
48496030
66010360
8048258
48902398
63301005
13969696
22274407
36243725
3573854
48041673
73593781
52654220
24871769
71700987
48079547
11368075
56437732
54625631
53636702
230377
9248172
54463224
69679638
59910769
33109660
33785997
27158900
741622
30384845
70055470
65151431
77033633
59312976
50682183
5791610
27057280
66999463
30836355
19253565
7523254
23169904
1892794
4574673
70107314
15263254
70893917
14334994
56207355
24541079
76613479
64594360
5941024
517184
15057261
11915489
32368038
60004772
34543431
69633813
30791213
10742494
71072869
50405643
11419316
61122721
52395256
64407336
59476208
7666450
17360771
59552202
9666211
64069540
11120757
34935940
36495900
25516458
15161516
48216616
75203675
55259914
49537099
71465536
24752767
11656110
54812059
40174226
29213559
23800937
76000945
57825571
55926799
9950148
75450387
24451981
58250133
23892426
26210185
56527627
54603860
30731231
48431445
31333891
27573640
42207920
19774424
44882905
6916403
16505222
76119518
3738139
30507147
17044609
16653477
62018542
59882551
10174742
20776902
27991609
24477759
45214417
59815184
31474818
8303635
30721581
54845417
1722506
46728566
72918954
64699802
2433589
3157591
6223525
11559467
39294356
14455136
59872823
46203388
3178264
63438076
38238529
64524662
25092225
13765678
63082356
20405260
31890942
63136984
32166106
45616426
70442942
36910781
29093603
33233022
6581129
40596636
59366463
71066326
23458597
48924983
58476277
47477743
41303235
48372010
29126645
49694589
11276872
73874747
64568480
72697224
17509471
3636470
58045927
61290586
59314737
77385373
65679155
63714517
70134043
72695325
73126444
16373540
9493272
45100588
51306559
12954804
17138038
67045101
12590049
53420855
7621748
66707888
18351098
48212267
16258758
32691898
41729730
72623270
35528896
40095629
14651297
12822506
21761734
58100554
73051431
73040221
7251330
49587451
47191694
32924123
42365673
28025856
42506981
73978469
27962549
40865079
56968376
41157184
59423353
2485782
14233377
36849482
50449130
63099200
63086157
239109
53766623
58237722
57971973
1870010
18333895
13154363
73814696
26161513
50849224
23463980
5012147
30930828
63825399
75769459
67857142
45827204
63306
58245523
73613714
64245366
58881727
54482594
6087426
22573871
8640273
28574178
30366945
29373641
65936198
61452056
76310758
51896612
39903826
23981229
62098936
69612383
39745140
50350716
312986
76522016
16242202
63286310
40513687
17998194
75706152
66215240
28817111
69861562
76803796
19131120
37321560
15471476
25005941
54953249
48810546
35870253
19241600
25518510
30502884
14039586
21548230
52329528
46401297
47731444
61676090
11748220
48463017
19826745
13272133
71070297
36008329
75684009
65020159
51738447
45784704
62448211
46015065
9685990
32540002
40495940
50728800
59808311
44100931
45739309
14875269
2455656
5367369
5202014
3970280
34776976
24241909
30420406
68093439
34653077
55872048
21012965
55079707
33996340
61258416
15028125
6050138
61709883
9062924
59175568
62327003
36098714
29908209
62122746
36397191
29335311
73835010
61593112
44933042
20808894
40371940
9673254
75925377
27194013
37563726
50989874
44123538
67028833
31151979
26244094
57013371
1039328
37194549
19215202
27946202
76988534
5965201
24314571
55986500
50404211
8430979
56807878
56305144
572898
65727737
52244079
61842270
53026115
21221172
35259788
1487138
69781547
28713149
24935503
60510476
47974894
76441516
74483064
10015462
30112651
66489546
16961789
50533127
37646016
13250001
3631631
165654
12164610
72487213
76618623
50702688
7858081
68520142
4061064
72774250
69305242
31022907
26582482
30702597
8043246
63150259
53991636
65874692
58178256
25933987
42631033
37959432
46328865
7993518
49657294
36183145
28843530
3711788
46901496
16643982
57689011
65188040
57590653
18065543
64629132
8098480
46641624
69127453
55818521
50478158
46191768
38602645
2143281
20035843
33314582
76212176
4972003
28057648
23243659
20218824
36208743
34637514
44905759
66749341
35753609
25109126
66721650
68803169
2626397
59153457
36493330
39623468
57162529
28655792
48863920
72941680
29719960
52767086
2099305
73819497
48334877
26155924
61891683
59974727
71667461
61860555
52968517
62193179
48452526
66046145
31916686
46899402
55487526
76400254
27691
23554061
22482728
7568193
32309839
40442930
58594549
64441158
47363169
61660850
76375833
52700454
70842375
12504084
4432209
32547001
68531434
44963771
11092084
56634749
7006210
9474282
13408028
64362372
9440113
1553124
67162240
12120053
26035331
11097084
53917525
69899499
68684223
38643419
5577265
24472301
70519761
74373700
44668946
51266336
68258476
43035368
48268245
17458993
21412651
36908438
21454917
68500306
37957561
58221423
43226721
76687459
56637790
68458525
53803753
53923680
32121414
35228776
35642529
33575832
19852862
71877727
43485854
23375542
45563659
8643566
36406976
75857046
6115224
1633578
2998090
50799482
21622717
11359807
52607697
9515966
55554498
19837115
25273585
17873723
1583633
52208196
22883706
2714109
36337111
75178598
18281151
55149202
15375914
20368423
67529979
53080941
5477688
14005908
64408567
47146613
2528342
34773398
72858956
11919362
36614481
69078284
54795406
12106751
12408930
11934201
61682382
16844395
18253482
29669009
72430017
55473144
72474706
4308729
41036579
37791530
59802684
54516349
65059224
18898594
14890735
32687690
66112375
35771075
11477566
8798789
30891278
47212600
54762537
3780671
34563957
24507730
35832974
22024825
27864370
52168156
71120720
11176992
21854378
19383959
34634304
68121288
14436565
34683176
1109666
63960230
50172306
20067710
39625614
32371534
30226220
35723280
373744
36477206
61483418
20868587
10639872
27110607
12648643
30254807
24551318
69142753
53246980
40268439
28344106
16687378
30313777
30900381
53982689
31173091
4947393
56554749
46175241
27916336
61950870
58481957
3498236
74404393
46445111
3902334
11161410
50352635
30843483
36108778
25837333
34372811
8219943
57825066
2559289
109511
33611448
40886499
40798647
36559602
9954662
54047346
40144690
76580687
25952987
54031560
41601471
33634678
51207500
65133285
3581720
44150098
68640467
77035903
63242983
73532477
29662471
31656253
24515301
73910673
27888834
24615888
10977142
8110432
3377238
18276410
15914485
74491846
30931837
64191302
53018533
10813976
7257978
42716750
14142836
48921930
59427681
53908187
30052958
7057402
73932818
60589439
58347115
51711611
47373431
31586730
28180795
33191799
3767418
56503034
42097151
76382023
21238650
49304352
48799567
6325392
64784574
29163184
636933
76721482
36096943
10301783
53274761
35776049
60729070
37674650
18868971
52370279
36578989
26067140
26150287
1384827
13216007
5924005
23530816
70785253
6982932
28281382
47698268
61429017
35264383
70232800
27582456
71516879
41123399
76240004
62292080
65503092
70506242
67775151
2610341
320894
6176334
15600111
73510699
8358790
57699281
49405452
5383612
35194162
69454754
76829903
55294012
19870755
76381074
51853054
23086985
22993916
49620620
54905469
13010181
20351125
8273020
7946073
9224798
53060308
5733762
71956930
42056371
49348968
40762437
64450231
60853817
75257544
14504450
24105247
59578799
22505119
36554319
5993709
57340151
49583999
448829
60044578
53387391
32550778
58836055
45621516
66587356
8433114
25796069
5064108
11126327
11816333
2212311
71311490
11003937
12988415
31194493
34209760
65935152
22108513
29109401
36748570
15678745
69439332
44154549
53585090
21768588
64410321
5544880
53899194
73636609
24501672
57812144
7765874
43403423
50402941
76429068
61523248
53910408
70583356
59455418
17254838
812396
66663897
40116996
33397797
3656884
65689601
61703980
8350202
6429768
37110069
70034022
39533656
26834364
36347849
27203830
45309395
68213713
37646828
73527051
45034354
37701870
7409203
8776807
59320176
53096153
62449333
58671451
36655570
69770960
70231522
54577842
24018220
42170633
31031016
49133818
72746683
59259832
24593911
15756181
44336113
66879326
12849793
68933447
58964969
45574137
66997002
28385965
2342978
77384959
45281468
36257547
34985315
10916670
2931095
57252346
16440583
49281994
65879930
38681349
45752740
7224509
2710446
52324403
46863951
49211185
3703527
36154122
71527340
35154585
59510009
52842667
64517978
23879277
1936444
30579004
43231158
46215664
39708118
43525432
21563263
34364797
12490072
55172970
71916088
31089102
68812417
34362855
3529254
37819041
15134523
70868338
37800559
30939262
27784496
67313450
34287466
45988942
33247734
18684672
48076608
35630732
50906223
33938974
58088119
12324401
47474506
56309347
24652401
5343321
31035359
43830294
19052330
58840971
42964174
37553233
6723468
10156996
75831953
10100917
56622103
61635262
22247462
47927110
53255417
38399174
13229336
15602793
75352335
75057003
45218450
70741255
34146233
17745442
43068088
58382393
65112001
21294805
25273988
37425728
63730992
28798009
57469740
58939097
31281123
32807178
18324901
74062552
10138514
70800312
44457076
8694993
8379845
40451908
34697774
16816243
40486840
72215955
47824344
61214700
20074389
6636628
6836787
32367461
30073442
21773283
33108405
6849893
35003814
53079600
57395988
61395515
74956886
24662562
19777816
34658572
1832284
24964590
8769096
1443521
62420467
60608788
51437220
48167222
77405069
19085440
46431900
56712141
31305185
20351335
33541533
65146929
33166807
62503505
76699057
23223549
43373089
36632426
26893905
30211920
55562714
11897046
41617699
19461934
22830277
72253226
5053096
388763
19147744
25600308
6609922
70856865
60643720
32351780
1735322
20692928
44383875
5244185
2334227
43598257
64624529
27641649
45051492
9943258
75734036
40066631
73769644
13161169
37673332
71600480
66034221
36100780
66506770
25968094
14408837
22441514
32269102
56892789
50382462
4894500
21560209
51698143
69121543
39950792
44571525
53094758
74962321
57389239
18059657
31296199
75986766
54681270
29347614
4984861
70217236
62572867
58996920
58772785
3730569
1572552
5093710
19229747
21691943
44065256
50302613
14119669
28662672
6538222
14496200
55287940
13212957
59049417
63730238
16026785
21592092
43785907
35035101
22829742
58842474
19982007
1948585
50165525
41067655
23378368
2591562
11444450
38005918
57424368
53679075
61940822
57320610
38468455
25530755
64175894
72006204
43764391
56227090
29978353
70765265
32886783
48161323
53789793
16620945
19944331
58431685
55365970
41547054
71656714
20881157
8676949
56354353
56010218
47573963
29623205
41976071
1770815
14368996
53505096
103758
15210620
15573687
49748336
23065871
59206365
64552425
21191471
29602746
23340307
38420651
16975472
16265838
28216992
72798108
17858596
35000897
43378592
34484813
32870105
15302361
42310940
17706607
5894768
70637768
24966768
71857830
65910975
1667057
76598376
17095029
6959042
48748370
33807322
62635912
58478021
29603619
20375738
60210821
69230895
7074469
10203659
780985
55010863
70656095
29419516
60813784
58734413
28076230
69613873
71767119
66011214
28276793
70179840
68080560
61330413
2463331
72699454
48815946
72148015
7013626
39891328
926751
67710350
4203703
21423794
75707200
16976345
13301269
50007162
68449910
8667227
73591185
48801469
71637080
68525303
1343286
68639911
43570914
18668637
20500700
1587279
75370655
23550001
46880129
51984726
12514467
7755316
65685828
65528239
50384884
16743277
35687624
56942957
48606770
43830979
8122525
25700038
5130056
61237663
33019598
76252061
14470148
5065882
47458183
2997168
4118009
39278270
27302831
41983635
20737982
53554320
11310771
2549549
11035533
39124812
63738899
24426229
34810433
48942550
29840614
70881928
24740128
48460266
48820432
2070352
17864543
3488483
70120441
6317995
25931135
27953716
28793878
11472979
57551494
64783534
32297958
39574375
18540287
51188512
9836483
18188433
42518786
49625960
72854271
43212925
4314379
14796349
72025616
41368506
3366042
37983969
22061496
1833395
9759342
24495568
9389912
11546548
34160969
42166725
34127738
14458155
27005843
41450344
35778642
74580740
25406867
58549446
29737891
351854
8669726
16814144
1937783
55909482
45311580
37221542
48627310
40385874
68033927
13205266
19307010
58136268
28224627
54169548
49047104
54816415
46938220
44663188
54858810
76306435
71764503
49281015
56119514
29865104
72647098
54669197
44842848
4218633
29043340
69527368
75854072
30200244
28106185
21319861
63885793
4925706
25791236
35422043
242484
9897659
62420640
21741082
65692785
30011832
7231328
4383915
56561226
27235406
50338686
62181416
20186921
21063019
54073917
58053938
41625876
47592085
4789476
31919101
5804562
76283097
20584803
33697830
22918072
23180479
52132246
28463750
61286842
15893576
29605024
55941403
808495
11572428
14509754
61308869
30054227
36599543
10648850
50983430
63652106
8439287
8107499
18736604
36040763
63085453
32428081
9706775
20951143
5946380
67937919
49546732
53365025
74844325
38169205
71894323
18497257
15402290
55462347
5345439
15085081
18032596
41431649
73543248
38121821
34513831
29823639
35674418
29551058
2209562
42875931
24079122
29002145
22462047
63748523
26333988
21297929
26481701
19208856
48844412
9184976
49697215
67981148
58910703
35510687
1930535
73035597
13151818
56920830
37429751
20517411
18981834
36514395
6917817
22883228
59051024
61566394
27614077
70238487
62075557
29811038
77017505
37770599
2668156
1164117
16430442
7125132
29057138
73900345
26115262
37466884
27714274
70790149
45214233
42478727
22358869
22449706
14769466
70074407
37938996
915355
13599594
52702226
34066992
1955044
72709152
66252538
56094457
54406659
49824603
24304958
27142882
75853388
21340157
72983025
28710600
76573719
37613491
69030255
46186071
11928734
48856272
62675548
48431279
22764527
6872881
29724463
41114331
13854110
35638433
62676770
44288364
68248170
36596695
24418075
23300588
18302493
73031556
31789499
6427397
30574836
59568422
31599857
47142788
22206439
14533154
16283966
30387648
25684757
76777604
60950523
40937455
5255364
34966287
18706816
59090197
70458771
50689650
55877561
47005747
44830264
5243695
76473910
44947582
18294202
28826520
48114709
68478716
21620340
28824698
52267541
60872049
37361983
17066703
30858822
48422412
66288398
16946363
46877125
41350922
50685859
5147856
1394259
23605168
21111137
24620787
59816257
23453024
5859386
50633866
47971837
56486302
64389494
26811010
74272874
6419106
63809801
75893632
16211175
38188292
68902716
14364458
30013227
45543192
28218305
70516080
1545286
4101096
22864124
20892889
39956663
6244311
61476720
33377093
41228912
75098113
18761400
9182391
32084808
26813085
63684372
324447
59653429
37134008
19604830
54982863
67647932
25621509
6990915
58450338
8175065
2523144
63586153
16100768
23161525
3280829
47651955
58092398
41584433
16619813
36856170
63183191
42455400
42982227
14615692
32046521
22176925
69388316
2101639
31760361
23763276
5713984
37323237
4670566
26089697
71423322
27155567
9197593
74050065
61071392
51467806
69514298
56801620
60305324
45888813
42509128
39136397
31032142
21236227
35004863
30768033
50477564
27731119
10408879
77408923
1830997
9108501
67856565
24788660
73827656
51040744
19092710
36227908
22503536
34118620
16892103
74813258
43524176
14333408
4535767
4269772
68602483
23625484
14292491
332547
14856671
436521
60735155
56867730
27362284
7273744
20359154
29672262
25900122
57903999
9552357
54482338
12720846
73419442
62299571
16763367
28537208
62414091
19335805
25130278
47198064
2558695
70277491
39254404
23170926
37513903
67417281
47433556
8768813
70459591
17037393
14592562
50514237
53461411
15672196
54293643
37977243
19058776
20119904
48857785
45183152
13572916
48786388
52561100
24045853
77325481
74867563
3406930
71819647
73380731
11456408
7943660
35991389
11927208
28440744
32340991
28745090
53561311
30396163
50779872
76548975
20179603
76360367
52824215
72087789
53217041
34173739
66559459
51315624
6546988
71397
49225673
46130684
28064528
55133537
20638923
62109454
58090453
48554143
43039607
16552961
76969201
36106537
3650398
39785739
52319434
1944828
55405218
33615957
10216560
31023126
23724760
4695435
2306946
18650476
62131951
1901416
6790371
66488062
58693572
17019925
28610490
50695757
4655380
43395074
74483085
49524781
75673468
20701112
28188563
6933070
12902563
16347082
61227104
1705569
61820521
75307098
69168269
3545712
9891197
62124746
28716180
61677905
20003485
405529
68463726
73083890
77251466
67210447
37877572
64601436
12364544
62655416
53652673
11734220
24325227
32945593
499838
68740397
7798548
11841481
2309587
11196994
31966561
63360007
66580922
37438429
44579521
7043523
52269532
25653293
21284881
28310651
49817800
24359596
57197685
1253279
14369938
12650030
34009522
52662156
10948763
57233945
17493809
77310701
11234381
12188451
25147044
66098358
66430810
53205175
36478540
72993202
1219693
51131753
75384107
59537398
62608898
18926228
42362263
3122501
32439114
74365286
48552967
48564521
66593279
44547654
23847377
39147782
58304888
54215578
14331967
67681684
45999564
61908979
52163656
1739644
23197642
49381870
8783438
50041228
31149102
62786788
54212716
75725916
65962856
56457879
17175135
38650016
63927115
24600598
32009535
40478214
7772007
4005312
3880763
27445496
42846387
47071800
3979435
68063205
8216014
29862989
72121648
23423540
17874957
2781786
70396207
50596414
74836388
23436650
52432133
32863187
53427553
75194838
58550781
6476459
69970765
70014537
6640481
2612521
16828591
28004223
15761070
36930131
17762546
34248964
23466061
31386802
38855786
51556446
52545178
41396095
68591653
69339862
9630954
44718543
61989020
46959556
75604282
41973201
26612718
33840915
51752406
26114714
61827694
45139865
77275979
67358244
32349566
35239879
43455071
36502081
66845297
58952107
13464070
63815745
72833178
28513236
35445245
54063312
60404794
39808937
10928761
3036730
7350842
40111398
25717882
20015818
76950459
20926987
67660796
57101625
28616842
63216162
26278735
71909451
69393920
42036100
3066792
73287486
24998202
41106585
23038011
3029552
63558930
41554455
7534119
75373487
45548443
52239929
43134551
36531684
32458095
48257363
33922469
43938644
19764560
4790895
29795023
76452455
48913766
4444633
30822889
34147391
50425863
40846256
48006279
73546435
73641519
18563828
50249475
21968650
54987656
38087177
52099054
44789064
73446013
11897811
32238935
65620380
19781834
72317189
59212836
65959451
7656423
29131574
14143621
77355726
12480750
25350390
45629566
14766374
10622391
46580254
42744733
33483049
44644738
8606070
23296960
30836489
20179793
12162298
47309597
10198592
21244785
19364863
12550128
64429254
69555977
37361747
6407544
10426004
43824385
30081262
30979450
64344319
73254445
66233232
31726160
75154376
71331620
55652932
28625262
33742962
1935516
13302283
10186089
13808249
45029898
11134662
60966893
9981201
47521134
7108354
75088464
34255532
6412506
31792002
58021710
38293593
50140983
53766283
56886554
56920067
13430438
42186219
32618158
75540069
51505233
53513229
25692734
37588657
53717416
15322979
2720493
44730888
24876006
76491428
30281357
35048696
20217149
33022159
12332738
13265602
57299468
22460082
32837443
24722534
59091020
60859048
58847040
70660916
40335845
14700335
24301909
71933990
47284607
35708550
29010955
13916575
56399434
10369755
14031784
65590148
47050594
3669065
14449531
67267310
35437899
53862819
1879578
6951547
32326311
67312656
37031780
32576934
40809063
49418396
43315495
45033724
20523203
44146705
46359007
25005475
24019348
45196979
22086655
12531652
35912737
18641199
77324792
68249286
40759162
10362719
30304237
57223284
24834787
38026713
44551352
28486352
700127
12006923
47359768
77189378
5667213
65053385
45865060
52378960
8058813
55772411
55278338
72957728
76730977
1162028
59522441
68091317
65887863
3445456
12646861
45103452
34485658
66962073
17108669
60975879
42131553
69717524
69275553
52952055
16490206
11708049
58566585
950750
6339710
38910004
10487937
9891874
56994572
67532650
74540623
69144706
35645054
54116310
13435287
8639660
12714166
35240605
34608076
77388032
46399799
23124789
7158402
50949780
3994140
24831146
48303946
45783118
53227318
57567504
71825471
72143076
5368339
76260202
47066434
53051457
59355433
20395288
12791252
44453486
11051216
77027934
55709419
27005394
41402144
34798303
30635204
69369756
66280807
11483287
70229629
52053640
19130649
59767257
59249454
14814642
49043828
68176443
51397648
37687863
52199165
52168889
25076642
8920503
73508390
26671146
19423825
14901946
9344072
69806940
45347688
40649442
35625790
20911115
73810191
28636009
45957497
75755538
55743747
70830788
69792639
10462372
70244186
60919627
10723429
68513012
20020615
67959586
15977277
55832380
12611220
22442282
56100500
55009117
46100299
58606444
73930695
27056886
26157879
25298250
34181150
24436573
44279252
63593402
52393619
54658274
50332262
31730330
5962898
45281375
586601
65476633
77178944
58334795
20062632
76807464
52535735
41628236
55348366
50138616
77171881
14205724
32945604
54097677
37682043
19043413
11612185
48632444
49479357
1721306
58458999
27191369
49482955
46224599
13261139
77266909
27858995
61654508
31143729
17926266
45542432
76295428
24577620
371479
5799060
55874397
622718
59000740
41896356
41142642
17193011
2237824
33127301
70505812
42485492
66489600
26167677
9890879
46777066
22287988
8841972
12234399
70533850
28819666
74969225
29046632
46123180
9932729
16112075
11451921
49952267
45170953
70496368
46143224
56352382
24238321
13978041
36920077
20971348
18822152
64618961
24127200
37192333
23241322
23501755
11758233
19712533
3879689
57652528
34542667
29194138
36625926
71308796
41487218
60136487
44200116
12934557
34671259
37420463
27544743
18395554
3809043
45422192
25421667
32165182
19432304
59870593
51759510
28904737
74284149
59069820
41377639
57229065
4597720
3528789
19622066
10709326
62609867
52125551
21026601
19837491
44310541
53929440
6272300
28552661
25465228
6779653
41993434
16275705
33611420
38726172
49577507
28247481
25989887
42991075
37009293
47131188
63026445
70129691
64967099
17055084
33635720
37848850
37606999
71328395
74962543
44936516
67122725
42772376
64418631
23700782
70168812
15757880
28464212
76932648
43162847
65793144
50608234
59870883
23301818
61967559
12736285
63190053
68678189
35462320
57404631
23483222
59604090
45971361
36493971
6281869
36051706
39747326
19489927
49274104
60809290
32190167
57957886
43421943
29207185
27824370
51840190
70676164
50035034
19274689
5488034
60731965
21654945
66080675
47134598
37551766
49892991
33877586
5785422
24358587
53298230
11433270
64429252
32485841
66523276
74186646
64231942
64217603
35541656
64739761
68756219
17387347
59586603
30133515
48185374
35971021
55229337
32565501
44351750
45906689
54223365
16847360
13597367
61543180
72791305
13257012
10929963
25534404
37182976
71792153
16532956
77416010
1513615
67682606
45693900
2305673
17808610
56095802
52065005
18154309
61756778
38622703
25805594
23615582
31507799
15619873
69059272
65926269
34945757
6668010
32309322
49283805
659675
56943976
50613217
47256901
32677656
73181432
65605069
37206967
49442158
26290350
10885730
76647943
29037616
46201718
6844289
77094301
71779025
13442301
48952336
38141196
63718525
10185721
11159930
43021531
37277737
41554882
33616947
63101952
6008334
31968966
76110589
30842775
24266320
34035406
59091833
52074310
2902893
18478338
5484857
29397836
53856355
21287632
69803654
29383316
51862694
70841988
28141965
12801448
6327397
17930235
6144886
20696994
50347985
47045049
9404584
51615785
35546548
58251601
43594984
31769180
7702646
21238803
49190942
28795631
10296132
19777115
46589452
30108678
42061984
40800846
37034183
24473039
46864939
76401666
57844972
39061246
43678211
10211729
63260183
63070403
24185871
36539838
11292410
76172200
11498501
7756603
64624422
60380988
50548955
22356180
60018239
35510636
67546292
29413827
59646179
36791075
34318751
62392227
70514495
74192566
71375908
38072518
23231688
7803693
11887075
47633242
32404683
58047809
42629479
26720345
51777993
4617292
4204957
60139428
11547778
28557513
34647649
42268242
56966370
71641939
11413509
30604411
32468078
9918836
51698697
74693953
43716581
16729806
47619940
32441977
50960878
63572215
5349063
53038446
32002630
31279267
61607384
62287959
6269816
17175807
1679008
48242186
70509515
53087444
4655398
46719537
28194764
19609331
10018352
26361959
18337481
58098294
35509335
35214126
43642256
14132511
6237632
11274603
43208928
61487726
6256534
54526053
10733204
51509797
48034683
47154672
4173071
23595197
39772570
14631251
24106293
26031565
43586787
23789978
24892680
41649688
15864804
58436426
1271849
8523679
68292624
60563356
14456037
540444
8140113
11531273
27527203
22189907
5018069
45286496
29918142
11350358
6491370
41018533
26500346
3603105
63985723
66981821
76928905
13741005
27648084
56919936
1138884
58540720
64528794
23059875
40377839
7341125
67583802
74752115
50671263
46915800
31586863
2924764
50453242
63390207
6513204
59680708
48875386
50271331
38795126
66339610
62290013
59491885
54472811
16122146
4114201
29408337
39333736
76612590
69205742
25710985
69831142
55519010
18162881
57187669
32916074
22229345
13273483
20668002
43165252
47746498
73902559
24800276
53015181
47376155
71118442
12845493
49201
59975777
65421319
35906862
68470420
25331487
55377684
4228093
54228410
61545232
16806216
70226372
6781448
13686732
7548104
69247094
1766556
52537157
43914186
12248071
56504094
22130605
3369064
74968596
72171318
5690024
10285455
19333308
47326953
11142665
24864175
41582340
48108978
40089831
37132798
64242326
27706698
71272453
44025498
61442039
33927404
3119484
41841887
14974355
68523797
32450948
25332907
66958485
52636684
21783581
65482628
38139118
27399288
75119041
43846761
32001630
35803071
76582790
71909133
62348234
40473688
62214345
61053163
40470272
68986754
43300346
76820449
22868279
37345048
40906013
19600152
18953049
68639309
9390939
67081448
1565311
36417885
60152947
1475857
14497565
71824293
46967207
50895978
52001279
39315970
44703972
16696117
30058458
36109102
9694788
1295071
56607037
49831211
17752816
41089824
46118475
5955298
35914436
3268127
74995620
49706705
10209213
8475222
67073998
29576674
63532122
56693075
1083940
65768655
11112271
20205208
76426635
7651237
62795627
14468782
9257511
8594870
7001329
7927007
56942066
37303578
40145875
72120834
3712736
11797518
61779009
22013967
65003300
63647732
70498915
66520398
39236328
37236159
22383101
66984544
7656354
54367088
24744424
58318732
66782021
3461033
14013202
41121473
75833727
54200757
7467453
57934125
29092805
26301372
45221133
41424853
33590841
28348357
10341825
38302390
24234219
75571278
8118673
55086523
3575024
33262756
23300917
49691785
8743425
45456014
21403740
26777623
44188688
21283390
23469150
4824168
61670928
37252446
33654020
17899602
4271572
37769702
69316613
65107953
70150531
73476397
10246648
51892072
60717758
68814169
9347337
25751317
51159874
52295918
31785606
31323240
24519331
55284904
7451665
38569423
57870947
56723970
3308473
39364520
37052463
42820324
48610149
43771326
12144494
52487939
5186610
16603620
24222791
52443837
34024925
18258459
12758638
18872480
21708355
34966441
74257916
34491420
50569332
19836634
27776587
53940703
3035195
42553529
74853958
7331315
35260950
75110048
19671507
17091769
47357992
70721137
30675830
73562211
17748336
52144495
7428767
9346394
60018696
5964332
39685198
15152445
53153724
34395818
1218185
43820556
41000729
54421282
6714833
74068630
73405060
41826679
35690366
52307500
7292579
56347531
65099809
74772801
27752056
26390371
63855940
51235782
32136421
35134955
45297063
65005563
69565800
58068056
26264816
44866251
9414229
5289380
70537881
65936789
70835090
24236904
37105723
23535720
37619843
21491775
38378264
21097559
34534100
56782836
64647692
66563399
28595475
38709438
10916861
53956275
50857571
7884605
62542339
23734478
43009156
43832628
38740747
3863169
48653827
20975436
30931991
81061
68497912
46300977
28831065
26462990
64057062
15613948
62597456
16522283
43561296
38199049
13053488
45410701
28187361
25938254
34810158
31242821
44455488
3032256
48017556
6286712
42315450
75313332
62433732
18309606
72618802
74368931
50371179
27736386
29917525
62071015
48689996
21198542
59683916
69820738
41305534
47534778
49492653
24398407
60072416
75590595
10011688
64555234
67204164
53548161
38086387
31777902
60665265
17332395
17320427
50144225
21292981
24005843
59298150
65504802
45378428
24046036
44451406
44903785
56486390
65322604
2387099
56309259
57333008
68752758
20328084
16907127
44065983
30505679
70990339
72957183
64990052
13067148
5632467
35426261
70322896
77357613
71061096
10521040
73479415
70754584
47449696
12391800
35231036
14415734
21053396
57078263
44999647
56568802
42516686
177131
64593217
67677962
15144795
40425881
24686775
46426026
2520409
48548801
42955627
57923191
46488336
29563791
20184253
62318476
20968786
59801856
60481818
306512
19674965
61087615
14687168
12197582
68778405
55592774
46856088
21088214
14561577
44822516
48579206
31442345
41635957
3330956
42991187
25322389
37905472
53577975
3470399
1200839
58664086
69995457
37738938
61609861
8595005
37822397
58440278
20662274
19290511
76834204
42222965
7477383
48912831
36534395
42781495
26853810
20194817
58637193
29112629
60559233
3186559
45248250
65891159
72917188
42865485
46016832
21851990
15868253
51517510
10914942
40901902
74494226
61400452
56520161
59773203
44536352
75135507
59046075
55879310
68416749
7084992
62292191
21299509
22059021
16339578
40747923
54344802
37075585
55450634
61304379
51271695
64312992
58986386
76477947
51065198
26997232
71939323
10937048
31569972
54463285
6118111
40985361
71324643
73467721
37988275
727128
66097043
6718757
31124703
71027120
26280860
62465972
25116233
37155207
24317839
35867614
62737290
49644044
42407511
47741262
2317993
52233748
13247794
31989154
4538624
40128150
52030881
74079658
61422558
68024611
39742263
10090390
59600707
70597515
63974299
31269518
26206046
72509924
37041518
25262351
25074507
45729274
38148133
45852240
51857918
31277416
70900104
14996027
47326051
67613763
34493468
26932459
26858744
50559645
57398274
7898967
35309213
61446270
13501015
30495787
65027525
46584748
23556092
7494809
44391469
48067996
71668001
943694
47435417
47915864
64554219
35825888
71311357
63474337
52392137
36861890
40554986
59889961
37106180
20393591
19918639
61373823
26137806
18959777
71854053
73392005
51001572
61417046
53022366
44356268
6939695
36696336
2193279
32091716
69870430
43447775
632579
23752136
70433097
11609529
33208128
1079882
40037372
34449467
2082971
69942176
56359331
20161395
19134942
53172358
50859406
958862
46123391
30185802
24561825
67040628
76973260
6645304
33640971
16326029
42162989
52287980
23429527
36185505
31459137
46118293
29618299
45626671
67984009
48516835
28175778
55362282
76436912
26698816
55530137
38525197
29970854
59790594
25905609
18176079
7048967
20673604
33000658
35686384
9816163
17916521
33399657
60647230
41922316
58792992
49500123
5977484
20828843
54751235
63170827
42436086
34737905
37705085
17450893
69225348
49519924
58080582
77272146
17075335
53331583
52343164
12619587
11794775
52741627
5232005
62615422
27966204
67461062
15084137
2286727
5772553
32597825
31210286
11147107
35944832
17127769
72188889
76850279
55832757
76616951
4629362
4148813
42952557
44788782
15973932
48556823
32444589
61352620
24928982
4455747
41536808
77041538
63991203
26619353
3939043
71814564
26694905
25679477
61688509
39089932
27680062
72065447
74092994
14082517
16398219
15698174
38735012
52175559
72220917
30847564
33664393
16444201
65614882
50999355
12344193
11224932
23627841
27988841
19815812
25327445
74508166
71521075
52266115
69616640
56528069
34863187
10126055
65044974
75439416
46226683
42436939
13597545
55667227
37558439
52787505
20826281
20917258
64491069
75114786
34940336
42672683
60105039
4100008
54389949
6535133
61795352
48012741
75740397
10084296
4898358
29664951
4891526
14993006
74006549
38654204
68923096
36863772
20502993
22608034
61841871
67999456
61482121
17413660
14004566
73244802
44900057
23151496
63416923
21818385
15009747
30840328
44886355
53569906
76348277
62980829
8234737
51711056
43114383
25239066
61796391
67345352
12262023
22840942
23509911
37142777
18151211
25478681
52461902
9107158
38565914
23591830
53994890
44840940
29117224
68293071
9827878
23081672
8141749
32576595
33535651
38879842
11095671
59345526
24498789
24637221
19866446
39599291
46518285
32372651
12977043
18119069
43835441
52559247
4689731
54634851
41284496
9044053
64352768
8033691
11715888
50328595
51078227
63141820
35013061
6035552
60151322
54691284
66986021
25865528
644544
30793746
70984674
43062071
39479080
62339498
55558937
44097416
5785868
7562836
65977211
37857797
13429337
45804211
67878372
73085679
46885704
33250804
53931785
14024172
34395465
26014069
15315534
45042675
2990498
36925398
73093152
13449414
33210360
15355895
32320855
35022474
68754667
65248796
64943135
51985285
56553630
27159720
55560205
45368071
50737120
76776621
26583046
17783659
76358508
34627567
19153894
32861531
55458960
7081336
55312259
45956410
23023570
34993756
28553144
66981085
3715038
57737257
37732180
75627887
3204849
44512059
47519340
16769382
8695166
16947034
53028700
67789180
33026221
56223585
75388646
32953461
57021734
69395480
76069766
22660596
35772228
68676178
34152893
9502550
61497767
76922124
74006887
12646106
31278718
48255888
8412525
62130773
54532407
49823741
28108547
63875468
35816893
9735925
20344302
74949608
40524434
74245116
49004155
72760
55805471
5993166
34323696
34361138
33623252
63997208
45111324
5433298
7178411
34670770
69539284
28015281
45643406
25750999
60837201
25751565
50327101
15192405
34022226
47260560
14006848
74976242
22694786
17470906
46651492
23539187
25945453
40451673
75043266
22174609
22352685
21444333
49809915
47766488
66689814
7353574
56818797
10440554
13334014
35766751
45630985
22951905
23781700
76495461
32027519
24808416
69169340
3066541
1185557
36485985
3729394
73975942
7488370
76595600
48129074
6199819
5099542
60374465
74702609
53598932
49804695
52026198
11358140
42456341
47551312
35412880
50623180
215665
21413190
46985730
68588672
46575524
47528007
55576905
7326121
28960977
23622859
11846975
55940768
61253236
8161235
4573795
5010488
1288551
71496058
65194610
8937211
8104230
10569770
1840031
21404412
7348354
61078506
53385261
48436781
47335647
13999689
60241071
9066994
52277667
56061344
69615388
18413023
18567029
31954045
52082767
50460210
39809624
3685740
51366973
35406368
63476305
67121359
17255878
69791341
42555447
54624840
63700801
64139819
59825037
74805146
45459152
15515193
13742859
39385571
44799331
17432272
18325643
60783347
73495228
13028264
37494315
37661342
43770256
24710440
48748042
27560647
76533237
4403255
74253057
40849235
74754111
71124965
24565911
40071039
62694161
55855629
51403424
45499275
75284287
44309843
61062287
6073581
27319483
52914208
223548
40619605
21377045
61901000
23289032
35833886
46698008
69387495
45516921
72813230
25617204
44344787
9911211
14847622
63692766
3128092
16283324
34683072
65034425
25313903
66107615
17194885
37174963
63697202
61876989
69210706
16990360
64751700
62453654
43303499
31537163
72366169
17330572
62983160
15202992
10505158
46920586
30488399
43770291
1172134
42065638
67373203
37255641
6783119
76004299
29009694
72137289
47573042
25179077
47839539
65578941
59014034
11921517
45404257
46706841
74565290
6757052
30290482
12378157
46691105
5136546
45994004
57163177
6825414
72666195
41318213
44174867
24912072
65862762
33000709
20520113
35282519
68808905
8245947
68689452
28431257
60434238
3461369
59434102
43605044
35918022
76778304
68910814
71399848
17810825
16416359
62187133
16669568
4317556
22987774
66967929
75751133
29931430
72448585
40090548
26917743
52895452
67777779
4391958
9743863
41631805
12274166
23196687
19541268
4415330
44391703
46437156
73432815
44983348
39259418
52134231
21121795
58967479
52494455
9212715
1141257
12098803
18362979
27141640
62610045
70496345
51122965
35660585
59617308
76156753
28916390
22525784
43151589
26145973
69557793
63987176
1254157
64462457
35408605
29707733
8422516
76848356
7177737
21298584
23861553
57731940
77079777
11909080
57826222
40395652
68289736
30603238
6092379
25306635
32622296
26949460
67482658
52406212
63347816
37091523
33005164
59374037
9571612
35768034
24891816
5095335
7742191
28150045
35203561
36000250
22529995
43727553
52986803
26885798
21658808
68556094
56509338
36684125
21059344
6386604
13466893
22146721
54584563
35746540
35263978
57656084
41041645
9554754
76004669
60577399
6683531
53840751
34482221
4476277
7189463
53345391
26495395
49181941
62223671
68916009
39617068
52247818
22068745
41034330
26980081
62414684
47496749
50122734
2380852
55516244
29242042
55160354
64322743
53532099
72144896
4872844
59091416
37067866
2871223
1327538
26095178
58810875
46651288
37740451
55420883
35447522
47725341
35019386
66168494
66579474
46847264
76022739
25267737
16257682
50141201
54297348
60033832
69420506
20880691
3824119
47797122
32313564
60455459
59449899
71880684
14240649
2001620
36927497
67576309
663969
32116251
44958348
3389992
11203765
46618730
77005117
25882649
37749488
44775743
67585755
41311737
9753202
25881538
48410390
33663851
37324316
12580276
56209713
787004
45170748
77412282
65787223
37872880
46214809
57448279
14116807
3267961
57941272
4811246
1781581
53877598
20912486
75779618
60428496
41924737
65472863
32229374
35736895
73877752
35022540
20867837
70341348
53529352
45160842
14993733
54894139
15700932
44849529
35401052
12439781
7297868
31197472
8338944
2919693
22110468
56110628
9305561
58090000
60667294
40502381
3441964
50052723
35591370
10306755
28199122
6187842
48198731
53810455
71472678
3536404
38096809
53146996
34511234
76075214
8623530
47584205
76096708
3261151
16715281
60807200
60704458
4378174
9087004
29668317
50217753
20624089
52046954
25406801
54648036
10614571
4911011
70575209
21853601
29403528
18711645
30992288
68758785
44662327
15713646
18325682
25628791
39461595
44523466
64367030
56582127
61966000
10032544
15289507
19996694
12337106
51720196
31036140
10764042
45066536
34224984
24810952
43416053
41432383
20495790
40676448
45364591
32111104
51863564
47464934
17248363
30652939
15278642
50433103
75637157
32855671
30405837
38701762
39483089
39161087
54334485
41292620
41969306
54299059
20172932
45564174
1573064
6653660
53414777
42556710
58254103
70232602
4315162
59343226
52671412
44988307
66252884
75339658
14862740
374245
11349912
23418881
11619403
39026591
76630886
36935395
49976203
68684751
40970897
75630470
74631782
56639047
283308
53008752
52725994
13519271
69589398
15619975
5003178
39785796
38241548
76350878
74164810
15930476
70530343
54771755
9289186
45042259
43153366
48047480
45358463
49763321
24227996
52124009
45654009
7946135
52568118
51785734
71492970
61771851
54510782
786649
3913053
64204037
40022975
37106019
8516093
8967221
33982048
62695922
43060987
1474691
62424156
19393055
6641290
25488084
11618388
38681707
56287416
70830046
23819484
70674455
60712933
72885482
56159511
71308275
13893165
68236268
53878573
49869941
37022418
67746745
17367295
23410654
34851564
31055754
59727592
2423792
43346235
11670976
271766
2831551
72273402
36936072
7774667
24563203
25804288
18228343
14862223
42216582
66720733
7537623
71118565
46008279
58992316
65363244
74033323
20626845
10377470
63571829
11666266
70215384
32895181
63751542
41123063
11591391
44313139
48056616
2152026
19678304
73441196
19939315
72496885
47710199
11131783
46149944
9700980
40191327
8111231
63928221
27701638
77316075
5148927
5755321
49414957
38365471
34149393
10461494
65564200
74205708
30676647
25354725
29092321
467410
76042023
70506448
9439365
24634835
31219041
59652712
24621419
25730997
8807531
5510561
38009219
27544077
38038713
2376379
69093310
64838777
37942914
21946317
27901118
44223457
28209548
18117083
29404891
37383686
57224847
19373095
24277006
9372857
26752702
36025874
47631666
51407188
18451027
27226653
13416
62091665
30008801
75714479
65161779
37867075
44911848
35632839
15054387
29803557
21037086
47146993
16101279
71159457
50340389
9784035
14818566
68265863
17495856
10031796
69710301
27015610
70060394
65691133
18344812
31949135
74178468
20405012
51393772
12962983
53821473
58342558
74369887
48745346
9966251
8692559
22812688
71711912
71199374
45347395
13702278
27317630
53410225
6317243
56340891
59514527
48891800
4786770
75995563
47083867
74015024
4019168
8670797
17274878
48116285
54543421
57995364
40379105
44023540
49654834
16033097
61679748
27539927
44840947
25932658
15694339
14933186
34068914
58009634
43881744
48540791
63988655
48416739
71335698
34865444
51554121
40122585
58411553
64815368
51140015
38413070
35903765
33342883
10730997
15883135
64340801
10519881
8340530
24346008
59783793
1278527
27795770
14910709
11845588
29907761
69303745
35124706
27655063
42131744
50624600
72905005
54645093
29123211
74302619
10376733
33057512
43342374
66422571
76602104
8075222
17797131
27682072
20020630
25605703
56814737
7542605
19158412
28176089
7062003
73990239
24036703
46036560
54491630
23046965
54160883
2252697
6335621
41103727
32190059
64926651
21501389
55206007
23431980
73505700
10123864
21394162
13059028
14430772
27789060
28083652
65494593
48795049
48307336
69081646
6447291
28638648
480602
22608174
60743006
17629064
19498608
989738
69315678
52238933
16711343
13057156
26666259
75452592
76205959
33587672
41494671
25435690
24245763
58641439
39610291
52296713
50208723
41578997
26376180
56434012
57216317
53016567
42347758
76272308
68601044
61279117
45335643
39455159
59713187
38916888
4917007
44699676
61718396
35422142
4736293
75302373
70894819
49682208
13121541
50770269
65945530
39456853
42429019
28552670
65036336
54634915
25920533
71214712
40966301
29963233
14086254
58384009
61855524
37672261
30936665
8309505
58169551
63022376
34538152
15013510
54638493
26098486
19127003
43019643
41967324
11657706
62180832
20124550
61176678
30268309
64944870
16556480
51860517
44397725
2632137
71261625
13668613
73397301
57128458
60022293
45547710
33017613
6610964
32709638
36106331
45354290
51211354
22319661
8383883
65043287
52490128
68222470
61571163
7469296
58278812
1006394
27921029
11076143
11783300
23783818
55847792
77150766
13924343
37202513
30729112
63278458
70736787
10249941
27849590
3274465
53411329
69441693
53514903
38696674
58938285
70390291
16134027
63608068
47269533
17601413
60075745
45020832
66547279
39728389
56988268
26366288
45826714
4137210
32668352
12072535
66463096
75248900
25585274
7249506
23069347
20479170
35428867
67462322
13442233
15011518
6363182
71318275
10503408
39728233
1726267
51933837
23120757
75972615
3532323
58852322
7657755
76950977
65472564
40180991
71341675
32014678
71137937
33754179
15114115
14023073
43090882
38377210
31343173
5106103
49260639
33047025
63640558
20417349
40262760
19563959
4508110
44074950
69592008
15173191
16607476
3193653
48401514
20872056
47478480
60624968
70819759
44916765
5609301
12621506
25646674
16751116
16900563
36278484
47266917
33340525
39283521
37984779
66556572
75736148
75509167
28843290
70224266
44076599
72512859
73627811
6575571
45938540
27467474
45561975
23375298
52339041
12318794
44380166
6655918
2561715
55015667
58198252
75873711
45461806
52324564
66808191
26087820
61000038
53598584
9282138
44223954
40987373
19079232
37713281
5511882
31432568
12934052
53200076
16664647
5737939
46160337
38453597
1726861
31732054
12406801
35598753
24846743
9757079
66804500
25897666
60731625
9553861
5873688
9065520
75977607
68764527
69813227
73409302
73379705
12611211
67642907
6510673
35475491
44250285
3942849
8915426
71371542
63799733
7039739
55651051
4011078
71031904
5210415
43568109
6885311
2649722
46234253
55552697
5629074
57250639
20023978
51666105
67619876
71152783
73295915
2568304
51988443
57202016
5766395
66869032
33739340
23392622
59171444
26560065
29482364
17583117
58479308
15720490
59788655
13447836
29604256
17046589
43310213
59164314
53937477
7936234
74460649
66423615
35528719
10566590
67070764
5474816
55810191
65051571
19164340
16093898
53405530
62559412
2626296
38977394
7697587
7179275
50513879
20751947
24684378
13761873
35234462
24195091
42719855
21905686
26741244
47879943
40549113
35373978
62143666
64953863
29011136
43057678
55956471
30053902
32196400
58622814
42914097
39716292
68249662
34044929
70071223
14428135
54861824
72887021
65903516
43549261
39098518
36752005
62957486
57092907
27645639
69932397
74893848
72279913
37960193
68807267
42339898
53035251
62966463
75689608
65601012
76397235
10861278
74773658
43743426
69920109
67813152
8869168
26248690
53821527
35786725
53787823
5128240
67916184
12952123
29151511
37195396
38609232
65709987
49628709
59639060
11969346
31972204
6086581
9103635
62364943
62444425
23253910
44037860
64009229
64828330
68267355
11817429
74984791
63564127
34874257
22835039
13991625
29686064
29064488
27856907
24474162
40835700
32580350
30720788
30946512
20045144
65006687
56410172
32904261
17656505
32716099
2865711
26210882
245777
42453346
18327083
75875197
35865581
53210506
52191800
46447160
61306849
54383172
52149752
49572501
61791814
50374172
42738339
61815523
65668789
72716558
71193374
66492809
69138826
22317722
51976340
64580884
47350182
2857693
30038550
68885624
32470322
17015986
64487420
1810581
6587765
42556578
23683397
66858421
48507278
54412248
71737409
11734347
70031359
58379201
63437783
56579912
62145384
47461782
68062149
55779601
60181352
48875652
71120089
4557942
52407541
49118647
13705954
35068178
47827371
13022564
61001825
9823361
10428221
21930842
55567185
73772965
50652921
25874769
72561013
15936550
61820890
69961829
25736565
70055067
52837438
15976000
65957764
62969404
64720431
19186497
62099512
34787030
53071732
22001442
47455608
73942983
57894897
683390
51506354
38004010
2594343
18234603
10859797
70698877
27881542
29692415
1211952
34716370
20657500
59202804
67639986
69205824
17124391
66364186
4097303
67308035
28695570
46771267
869891
9097020
22718385
19261690
43935043
35732370
41546546
46772218
22436629
19890887
75529048
33271750
6307832
9335466
46956682
37771003
48650545
70605172
65638536
19449149
44516385
28891677
42078413
57879421
44272140
27256357
37668615
34766037
45601763
76202171
3216501
59048202
42601978
64426016
34318765
74602826
13295740
819279
48683170
45768500
70186675
45357202
42918689
25140450
17288542
53791511
49572467
29201396
26088787
36746859
33974357
43240585
41223157
14822055
20210805
9506103
38258215
38906445
10713156
63993562
33600192
16230486
3893056
24602773
30293896
33499486
5083275
24130861
8072604
59929589
2849811
24209845
28068659
66567179
53007984
65527147
6866344
12825608
51830660
39451822
52127323
19152301
23029780
31717054
33167461
37907981
55396568
51704653
61909874
71922671
39264126
65601040
42540211
47833571
19519498
6163034
4590502
22593687
21281050
40466380
11024550
70326254
48641862
19145133
59700835
40182376
13696487
24018142
17301906
11841978
16422042
77013889
42588461
41725420
32924107
58902809
53438108
60913898
69044148
73748835
8546080
68870556
46081542
36377176
22406689
53529432
41485605
41564122
68172758
28394797
69264519
69319418
10625419
65063107
5448645
14846312
2044090
58458130
7596100
17728017
46693518
52136623
44089782
61125653
65727313
28613830
67298661
36292894
52367818
56777213
27667293
49608904
46463867
69992111
51495192
37446187
41960295
13090807
49739604
76293341
74372999
60805033
43034392
52382727
63019017
24430516
7250212
61756073
11764611
32899477
30241856
42171486
43012931
72079572
50430612
8598039
53686013
67125069
8625601
59362534
10313346
35115183
75553713
65621300
7195436
17568005
65146584
43106955
16157809
66374571
33258948
1153892
75226017
75207497
45132515
57866564
12665905
51790736
10677837
26196746
46490167
35602285
69180875
34414892
18393559
39909164
77412439
50927100
56811722
50950419
61248822
1295667
7083367
37149328
474716
41528482
1410196
76212014
66451627
71607538
68588555
14655072
33461378
73963074
62541592
70781780
26352347
63909160
61904190
52515553
13619492
68678895
17208726
8435330
34442454
24070080
60537443
5625640
67118278
34679675
23030672
3263114
820951
42994886
35739132
1702703
31680475
63846280
7623459
51796555
38146160
51229102
29553481
19283219
47610726
55236053
65481211
30440415
29453288
49828915
35306827
5184161
34236441
49742267
4501508
7980434
13555422
5021387
39198589
43018784
33858724
57475787
44963983
76558249
67918031
28496473
71519245
36487541
25700120
12997978
22243073
75466562
3618375
30921049
10405629
73773932
25782765
72255916
51737209
24269126
15592474
42168181
57286274
26256006
36186844
76920122
25385466
47976639
27766284
59162803
75494801
13904096
46161376
73071131
5039004
31430490
2796353
37684887
14244468
27673559
9379602
68762025
44224553
63888065
5138284
15589713
1200342
1513638
56663442
66172649
23586473
45940089
5981336
57806153
57474161
65650206
28317458
43662664
29085459
13862187
69605047
2423670
8865092
14730886
70274778
44794118
73789643
52562795
28305284
2086064
40052627
2095158
63623740
28634839
41851343
3624646
15529892
12467694
34530786
67326974
39354933
43220321
65905929
17771131
8652315
13811496
15728367
14455270
30661238
26661789
61600716
34037781
9588892
41510975
74984865
74315604
73092454
71703579
69113789
5373746
15902324
11417787
16847436
59999094
69708568
29383649
25697481
25642919
29716382
68750465
1421045
21583801
13731626
52094432
2042764
50800665
39753879
66506579
9458175
53227078
73676517
20089740
36492916
69316910
25022142
3281286
5201815
67718708
34964874
57696001
45129931
33343231
75752841
44067408
13465233
44065648
77107268
34387016
3385494
64736201
34182459
26766613
19541037
40370962
12340553
69579807
20506110
43130422
49433682
66808436
16734161
4359607
51671219
12375250
64115094
34743435
45756413
4109435
1752396
1621643
59383161
1062523
76481618
10850813
44400141
56518218
19843774
68974687
204557
54058882
45195164
71251498
71029681
6564850
76468473
25813751
76749746
31137675
5559881
45074075
15137216
4358911
17684514
16927784
23222458
39169279
12154658
44134769
22166275
689873
59183647
27695968
13266003
19963400
68447040
32029074
56313660
22388513
23779523
62996681
39632821
38630314
51386646
45215930
7255105
45330798
20253870
10839291
72604079
57804590
27389561
54813053
37740074
35118855
4773126
56527689
73606625
68068406
41554743
71910308
44027490
39220246
36688929
58676930
20253361
25222147
8249551
49920600
60195692
41752830
68213656
71856892
31375208
6055848
4125679
53019435
29330339
39889281
60889731
17791026
76668137
48874326
50039927
58652386
18115851
70748341
14972946
1696317
