#N=6500
19492747
15266134
21358565
24752085
6414397
39126301
39779736
8249874
18719114
14948555
28984493
18696981
3075920
40643971
39959243
1176495
39623620
21542944
33075416
28325604
20950578
22326349
23838391
2305563
6171594
36862066
5639705
20893091
15756871
16112090
33893027
29724259
8851736
17215861
27222350
40414524
20407187
24831181
14248979
35005731
4606232
30590523
13721336
36883023
36003949
11149896
3084677
11298016
592365
3482664
4487213
11378612
8888352
29226325
31649456
27528503
13838792
24511212
29250065
28282612
7260354
9410762
2501909
10687213
39058675
37374766
18899141
20385054
12958546
25908457
14017992
9973210
29570172
2571440
26531943
24705933
3291127
41852014
6810803
24197351
29577910
17510888
21979156
23609849
8121130
42121842
40528439
27806181
17250858
12572900
18514300
31556738
12602088
7377144
34038073
11407217
17149817
27974282
41350660
2985336
38588286
11446552
18424865
4864239
34263910
26929930
10628727
14077374
5007701
24283512
2218195
5968060
2123355
14840912
25331411
22564950
17604580
20689136
2025478
20677718
42220812
11137156
39768666
36178469
25210925
41047389
5040155
6898077
31635996
29904108
26810472
26457644
19432642
26478533
29219110
12920133
21922229
28595215
11859179
34023238
22160157
29627283
22886650
21808406
32219930
39625873
13273069
39176863
13451921
25871920
15892649
6042343
20909829
40971278
23871911
18312847
9411392
17386047
22337606
5178352
3205063
35315537
32222132
41496107
4556304
623894
1060954
22882588
41418656
17215493
11136588
35335348
39657354
18244374
1268934
35293067
26173952
22384747
16017811
7409578
39945689
17171372
17154030
2596981
24293483
6485863
38225242
4233040
6914581
22005666
7939817
3958957
30759233
24331835
40435152
16657313
36438837
26095462
4479597
6083308
19808140
35142215
34066414
4364287
34320423
13867785
12008853
11497971
24689059
33830037
25239145
37348707
27861487
10668167
6621740
20060442
34554880
8953173
31276821
2955624
26230031
18591580
5773805
6835517
22876596
14339690
12177716
30355529
41270920
11587383
7000492
8177450
35805389
12932225
27339031
15556049
31428727
13162414
28508826
22323949
40952148
14570978
23460564
7801044
18363288
32652165
23767219
24332852
24973143
5418837
39431820
12128111
37964985
26417713
36907801
27504665
8052368
35573931
23355037
25827067
18031994
36318267
23088419
12982937
23753499
6910214
29297224
1838375
14460267
6671445
41113386
33151103
31191288
25791997
19017423
29014033
7679022
11081979
27151033
12845032
9703853
5747704
10203907
3193917
18365344
1333870
4149628
17208899
17541937
29286770
2738647
40032655
5298365
8911802
18669311
14648721
34699947
15359376
2974990
16292762
17730157
8054985
6867277
37160853
18112975
669041
1863000
37083991
1378126
14136926
37624722
6509935
22365957
8870037
34027887
1156445
26041934
17112858
7203849
12492879
16722002
28810443
14096941
32899645
16461856
38293533
11673731
11140782
39879219
29903602
2159081
15552902
32192011
6198236
35297853
23278985
41540916
29976074
41709269
37118191
26754567
21488282
7465646
21209512
25078104
9648626
28936194
6282651
390856
20643407
33379536
18805954
5082184
18053409
13959511
40304671
40664314
16753726
1715298
24326317
32695189
38210846
22505050
8913025
41890919
40305376
23819717
4422724
38205105
12954584
22386142
5545054
38660178
32800618
27256916
18795453
9257769
8292787
7886713
16568500
8294820
15326126
39830041
42011111
19639096
39455786
38589373
9071594
26308538
40738051
1821266
23782164
38569927
17183272
27343309
37468195
37083869
3598729
24286583
32660051
16544407
24569122
13271736
19864725
23542848
11697726
3642336
27672867
42247968
34810588
18988460
1267306
37937031
374255
3421738
3301098
5880845
32834920
7250328
37509972
2168123
19621592
38688855
36085330
15083001
16478177
13181612
4423818
29304323
34701058
12121912
31663279
1026274
1574009
16222389
38119982
11699759
3815346
8684407
33714258
39123557
11347802
32829166
27369530
29477008
12836818
38300771
10620874
23400394
22612333
41071117
1066391
4538591
14944275
22903718
3392780
29423854
13464151
34551907
32624642
33674784
10547902
15440890
40139891
24857848
5140639
22169171
12969099
6941790
32320203
885092
4487624
16854392
19992348
24052356
18856134
24420022
15688438
4533354
15067600
10807339
26126842
20412673
36129409
27770422
2173164
11090874
31782810
22039368
24004004
9917348
28518491
20673652
10300251
17970719
4622346
40448850
24832566
12084007
37437763
15465811
15876342
15418866
40248259
37822326
8363918
7056376
2086019
39864697
20656513
36904927
16927930
33340018
10973106
25038535
30971209
22383797
29336870
14599059
28504474
38313950
41867098
10547772
16051306
4834998
28121751
27521937
37994685
9366754
38457666
14752494
17467553
20304016
7054947
25925479
28469904
10749222
28649864
7431093
22936766
22300093
18665418
34139396
37352406
30839310
30685263
16372150
28862920
33272921
7715558
17956702
22262643
29765697
24676021
23512967
1823911
18754997
31314272
23242190
26882799
10887246
7697547
26525672
26817710
38555726
39525616
21038811
22796054
41333368
31015676
23780968
19931285
22809705
38437731
20980256
1976390
39662342
1390189
10906218
11010278
20199862
35530682
33733274
20675382
40904622
27182293
20831722
26855796
13160622
8278240
35340725
26319537
11391822
29250056
5778899
8493269
40442249
32273136
33998683
14135680
939567
27593238
41201030
20833315
33758986
19590067
26053770
28652064
23440327
17625537
12260602
34508078
29609657
41534578
42093661
14048826
14021671
5287078
26498669
29091086
39136419
6090668
20540637
2898553
31057808
8489361
9478183
19040165
24067165
6405445
7918248
22356253
28817850
21610963
29763143
5106922
31133337
8428233
16391462
23915847
22999477
12976024
34664417
8294428
27512907
29540180
29800158
27180585
8400660
13141597
1284046
36237866
10016458
4784873
35670370
4751240
26672197
38056336
3855514
1710912
12571193
28557286
27576707
23710928
25461223
14068507
23699057
7217490
27678756
3415438
31501431
14705049
20446715
40107835
13477867
35315920
21139520
9392158
18630136
14412794
3125139
38749174
567496
40248816
20362677
32597632
895726
17694881
18218740
17548228
9117803
31110266
3096063
13508200
34995468
18243733
28639752
20283619
17966060
5707304
17952321
26377193
36210780
27380796
18968315
4085709
16685783
41710323
6267018
14864560
13845298
40109922
18386497
2953462
39353090
37651393
7112488
18331095
1310675
29358475
14452165
37859604
31098395
19835927
19852046
7445446
35261271
15666045
2331298
26572464
4480122
25555123
142475
32125070
3428609
12241590
32802289
36804821
27865025
8407097
38728064
3625433
35740430
15718701
38090974
13755591
36340718
12737611
3878930
5701072
33243678
29599836
10741155
16386546
26824657
4186001
5114147
1422404
3919520
11759773
26429989
14605052
14860110
22884483
34306379
8873789
19360163
24395192
33060354
24239591
7650264
23009363
518057
14718436
14361581
18086960
9876661
30639645
14477531
16529095
29943515
9590728
2775179
6555154
11272399
18135850
35250079
28337972
17242415
31564468
31883261
38529104
15282271
5986321
38507918
9911187
10797033
37370572
9478524
10050991
16455131
35181829
1381378
17414694
4841774
25971937
3609429
28331164
35679728
39870400
13753916
23388361
40568330
26889330
13555076
25184428
35877032
38669208
31438309
20963312
9015794
25896940
35004784
40354681
30172886
1137345
432663
746041
13649038
9280293
8669613
34024035
30340055
10393039
13805265
11494208
32542210
40972628
14577248
5024963
41552071
29114587
9833285
8117499
25995895
9869465
28729717
14913720
22387011
5541369
20942125
10911114
30707652
33867439
39922018
29426844
22471905
26135968
34326429
21875004
21190239
33260171
20218770
11579444
20100830
15082638
39166960
20250843
34404155
20446259
37441679
26168168
38102289
42213821
21637783
11082175
22466052
23188348
28955193
11475897
9817315
22058284
5972693
1280807
11395533
13786050
37350416
596901
39929327
36049856
36639832
9610795
13159341
5136132
14662484
34833585
15662081
11454298
25059165
969583
24593971
37477859
4530385
27020114
12481365
33433033
17110580
10990155
13371033
6896908
5503203
8536507
10662751
34436644
41163990
3532229
8840321
36284158
41190668
30318532
22890515
31503700
37198311
20575757
24457649
38191784
2508016
7426094
29110328
29831307
31422796
32557454
17730090
13347352
9909534
1491210
20062000
10213671
40470550
39818123
31217755
13316560
2356115
7130522
18329919
39863430
4591561
20771790
13393643
2420565
35370221
2314758
7046051
33990125
10801337
9765151
9081456
14926710
10986896
31536471
4834814
18075444
22647920
16238880
35535353
34679461
38254259
15227475
13979514
27153989
37462008
24087233
29970239
39726283
37522558
39808130
26469787
37154594
20385167
11078885
37624515
36363694
26497018
32264497
24908668
38124628
33761853
12528583
2825493
35161453
8888551
30845934
24790092
22952057
20234622
13041475
20699947
3833866
12749064
32142281
39433751
32719323
21548273
32412110
13256496
367964
12156560
8124499
34513676
19005070
19565464
5360018
11455026
30622391
33486242
12380085
28032732
40850401
3640031
14229559
10371361
20920092
10611312
4482214
2252110
9134353
292410
23541263
6650116
22279742
3327605
7021641
12196424
13913905
12989147
5131996
8104289
28135087
30809036
21887255
7550044
23926671
6857374
41324941
2589658
34885841
1473651
6536770
23212637
17703537
3618247
5889147
11401579
36460557
4189803
13694444
2484237
12996266
12947255
34612072
2816915
31663701
36282495
7064427
5809616
19837657
16572961
21200631
20585043
41865962
15029881
8475104
21337013
14221533
32584887
31036486
4406801
26020115
2918522
17323490
6301957
2141288
1699343
39957136
33976320
26177135
35730787
2855762
2912947
23533555
40579578
38002489
25854084
9178435
32741467
19592583
34236212
9690597
6170750
4843536
13262546
35791946
18140217
25284124
9814732
6564772
20851561
22066908
12451754
35760832
15624147
8594822
10414969
10505806
39209946
23854154
15997785
12197232
39509783
7160459
39929471
31401143
5261022
41245099
9925820
15784467
13421833
29392676
31411648
12628805
28953319
30228423
25977213
11575445
4432563
22731422
29096616
27340730
6442761
3856932
18079459
40101939
4368474
28810816
36758022
19746311
19327969
8837325
14517762
8108640
36883035
40934373
14208919
31726556
27823266
22783145
19356416
793028
35422955
1183225
28901592
17377874
18529456
38229389
17462427
12075431
9022257
17973281
1994867
8590823
34472056
31518644
3343917
26872164
2216444
20654293
5228549
3952925
6937888
8566987
36149722
5156479
13111106
26409372
5103736
19763835
29610191
10906788
14141436
10778677
17637367
25655801
34899045
6454025
29207132
41739147
10080564
431434
18484823
5459821
5246906
7599892
22035797
17673221
14377212
40513519
13716405
31645160
10053204
36765006
37705881
2473946
52743
28330869
39049182
36446949
5622399
11565110
28253019
23469233
18129633
11183342
31432267
35409899
31357059
28775698
23254324
4620743
30168125
3618528
25674024
22557283
28206278
23772279
3956816
17715650
30460315
11934997
36189279
312855
36712263
9375012
40658363
5855794
15442067
27484072
927527
17136763
35685478
9803274
34286967
17703331
22076284
2656569
4889172
26736316
33591170
12369393
13930316
344439
10395848
1901745
18600467
3224225
35561965
27005417
23776371
22881057
17472734
19547864
36888091
30856469
28916543
13174291
39911865
33288901
26782191
26107851
25099797
10715744
29976991
24363995
5547756
37589969
4048996
34769780
5539596
25980328
36957143
12028571
16727570
7171623
1323378
33845051
21697854
5414505
9532682
4228507
20976564
21599863
25614918
16447397
25928202
37877643
21375697
13804013
8189104
16066447
38380861
35719399
40151586
27370620
13048596
13027976
32050372
13052266
32796235
28494623
9252757
29785520
3438789
25132520
20457366
38158874
17045965
17469347
26687942
22916417
13597187
39512765
37921662
29987276
37321700
12124188
29688538
5309250
10406750
7453303
10898459
3743838
22670803
27123609
37570248
34979927
15215339
38539347
3799509
3010715
17789431
19103835
2061750
7529916
820152
2988019
11470932
36379549
3872160
22158775
27244755
18593508
2191064
25797474
298738
24746047
36701036
22235235
29394388
6662911
27032500
26024851
8423591
22674474
4641867
34014499
31180418
12204623
20749916
26945675
35932563
2993112
11017280
34057329
38308984
6690603
41365860
24295755
1868391
20262249
12701307
1447281
11028367
19695018
24080035
20313503
30335257
30038125
37452736
38353135
33222918
39341624
21382983
9392689
33744056
34687245
13264583
39218341
11255658
10490401
15928395
1875234
6934128
39310274
27675066
6746826
39805810
21103611
11594448
421109
9233882
35256290
12350844
32964865
24343359
29025508
25110768
34232122
31798804
33094709
16970152
23830229
5597568
21679336
31111704
29509313
23431586
37757780
23289946
9380424
3556272
11601718
9183765
35170900
41754465
6571455
37402379
32118298
4603326
11321755
23053863
18519018
10912931
18308933
587693
32361237
39476705
34266060
9995567
7968575
20230738
30274413
27702123
18338256
40497751
28337521
6219366
14051162
34201508
11688228
35180257
10635373
12097254
37595908
32752119
2369764
1968129
18814220
1798031
28334309
408824
4744930
10664921
13535292
21082229
8571634
15099267
31508129
6768918
21971155
15250050
1892482
24760260
34348199
12118889
26446589
36386014
29514736
13854503
23566135
41840974
39834350
12866851
2461087
35627778
6671496
35555330
8617418
18405396
39303102
17669387
21857130
18646298
2093287
40686026
31824101
36786314
28111710
8991676
4876436
32194492
15885449
24757191
40563672
40212186
17587751
12592086
12819879
29923763
9003751
10699283
32113484
4206571
41178953
9155758
19743957
30516100
31235826
33198032
31531864
13390401
15576100
16154702
29072198
290571
5307913
15566022
24643475
38167218
28089825
22369246
33880821
17923264
7169440
27971586
27392306
22647586
38571933
37104194
40060280
39780777
11770331
15691323
19446212
3396450
20169933
28795926
33967834
10579022
17621931
8110759
19301800
8019126
3580386
13506176
17897097
9390695
22459795
2274229
4286397
2900158
7933403
40892832
32780958
26771855
24383251
25271710
24837307
33774753
25333863
17102554
20334565
1107478
37771391
32900287
4412214
2324508
11173994
25857074
26260819
2336402
39513971
5795624
32372030
36439691
26029979
8356465
5104298
12293234
36590827
40627164
12369200
23411549
9243178
7509248
1934548
32858499
34921445
468350
13440188
24226385
21581164
22417875
31678862
28180480
21726293
20805140
11047286
1571189
21326701
20465195
12214372
3074280
14749242
16749162
24068990
13736745
14015639
6727135
42174034
13179278
31383986
39843550
21477001
18634680
7571400
36449796
12151907
10695060
21137187
33272314
27531121
28384282
35675180
10873721
17133193
20155103
41728440
32832092
24340415
10986018
40699551
30448808
21255290
1012497
2733523
17341855
13812712
836361
10326747
37314082
26685875
5482903
32272150
20010803
41466370
39126341
15312609
21129594
25413940
35002906
32580731
9390996
3984685
15520077
11395282
19284699
30798286
23476019
27116139
28875205
31980728
39687054
27715284
38897033
29449786
36880760
41998706
11482228
9134084
4843844
5041932
6675072
6266533
28129407
4698194
13070373
6445997
15293301
30798864
8756541
23751817
9794251
40245715
26949987
19705388
22902860
27152158
1923081
33745292
29679086
36143518
28067293
10237268
33084525
39148327
10701155
27746676
37154862
6440296
2459012
33560908
11896123
36960476
28179758
14417006
31654894
24521510
39939457
33791484
13738209
3494423
31785428
25072461
17342855
34781426
17782307
24141166
39723073
763161
5677998
12175415
3058993
23902564
41786114
5337848
1993465
39244457
18021261
38577552
36794174
482134
5381150
32462714
5305582
3658248
16727550
32847007
3516897
29178631
36989654
30915749
28401569
39254003
7290154
28185286
37308354
9752743
18463168
20281255
32687765
16759032
12639302
39971146
21909099
37525255
22300185
40649512
2450283
10272724
33196402
39315057
37426553
36706499
8468761
7442172
141351
22532517
38107354
14851149
777061
39985652
16359192
35199881
36929247
32521009
9722118
17027098
12048575
36687733
375550
34966620
29833531
17364048
17670961
23509588
27808569
4761057
7453110
40368824
15096172
31473500
30846296
22717977
36565148
20919842
11584819
27540203
21755455
40371703
33475554
560778
38040003
18821781
25477762
12635745
13206030
15284386
9385145
19331956
41837800
25261503
17295659
6323943
24539077
5643500
16056478
22423342
24648483
10963207
9522528
34628196
37158353
2660050
11133158
1758542
41414388
6196713
29048246
21194677
37315298
7387370
10066614
18137854
5615751
2926973
3250600
36124075
8430184
26373642
2036296
35513856
35706024
4385756
32517466
37099332
23245018
40076868
12900814
32270288
8788452
6862478
16228634
28133407
38479261
39920043
14960297
12953308
11131416
21660876
3861660
11911041
1771619
42123238
14887254
11741676
36746790
19126959
26821376
15166328
25651216
39900541
2996390
40856693
23390738
27424196
24198518
25958328
31288416
41021934
8775250
22905046
3366814
18558592
13173110
25525953
28788627
28283018
1825245
34203973
12622854
3988422
32007385
25013540
5376448
38010296
19903898
14314059
28459341
29170835
12169938
19778121
16509803
10555792
9391771
32416008
38385781
25426585
9916675
1116967
30388716
32466659
2465532
20090862
24753563
19873690
23700708
29568252
8393761
40086823
37180186
29859315
33595572
36247090
5109642
26045987
2284552
32983064
2144120
1414817
12661032
36597744
10386349
19077393
14420012
26215187
22499333
30002411
30021467
19700017
40901435
10297854
446692
17575440
38640154
37435312
4213526
18597483
34638067
20784447
6491251
933096
17483270
283182
26696135
7110176
23901866
869735
20322031
529974
33278468
28567237
14911329
19154760
38828061
26667602
38443721
37782914
31350976
12457209
11986921
16059592
13907701
5261381
6095511
12776268
37780843
25679080
12106232
33704971
3301177
41191666
9220559
10373094
11364914
25826400
29038145
16105489
2574864
26738392
27868645
14123708
31989177
30493728
15694637
36028745
37566626
25986511
25795992
8024981
40799509
6725540
2697677
36115030
2464135
22666432
35653634
4075872
22377903
13164566
17218009
27911681
22560349
25644160
16318546
37509425
23251535
2299753
30486845
23434754
29732812
32358515
33412668
38210433
35177103
31958127
10232752
22275242
27437003
19070452
40310902
39668077
39245003
15014843
461396
40638264
288529
22489068
29107864
29449820
25587815
33823850
4326731
27300925
2392624
14018793
42006178
34800379
7550539
33111928
32272087
33772380
39431413
36438139
27977681
5635458
4521124
33412301
16947938
22752524
14809047
25296059
39206681
40856740
14726313
12955926
4263996
13088710
39151254
37534015
17856685
33270488
24164822
32557939
20278344
9842246
6468254
1627847
37511890
16028160
35930516
30817545
5794699
33795955
24650612
36815380
23671118
16752198
11336851
33901880
25795844
16202308
10569745
18984352
29326340
36621201
8788270
8979982
37482026
40864364
6102790
27548747
12992143
14322576
18823282
11384094
7313954
32690095
7947332
41677942
10233461
2134561
41150531
11229319
2858434
7898414
18212126
24752836
25939952
30118141
23332134
6811492
29125968
8932142
10196082
13079955
41389176
2907504
2877192
2666876
27872220
26763812
1459061
36591647
7008621
28383188
3436761
619610
22456634
5812771
35511009
33987739
34259725
33252116
28000791
13089196
16942060
23077582
1420701
19128460
992173
14399992
31599008
8779610
9792967
22175
10202763
31455897
17285284
11096978
1207814
33530574
19755190
15325874
33154886
41372609
5926554
32607588
92198
23452492
6536644
37242491
5986948
21170529
16310056
39906807
11668494
32797198
22085409
22004307
29779453
27196161
4607024
31576833
40826847
13320668
24986891
34089383
30248082
26004711
33591788
20865538
375688
13366179
9399319
35530896
34014008
17457660
26070943
40083306
10199141
27616116
20932435
8330142
9502034
25762858
10554994
24647785
3017745
29872846
17397283
40452621
28619314
26269954
41573539
41721062
18056184
33965778
497595
2116141
25629023
20225609
11466219
42078391
14335769
26925257
9459952
28914299
7258518
33438425
19150871
1868999
18114082
30153174
32758745
19837847
22745113
15665746
42234100
39798723
1253532
26110927
33862679
21881850
947367
341358
41223467
15940043
8336754
22521986
32899923
18534230
40873438
19524559
32618438
20405067
19666739
11005125
9763428
40373117
15324343
31247698
11360255
33259832
7408061
9826596
19853748
17929987
14412214
8856770
5936044
21621682
17897157
26254918
22908384
27257325
26988202
18701480
25290121
32052525
16632146
6108960
20899390
20468371
42107821
21613313
10641639
14277220
30664380
20765731
29012862
24314511
16573233
36517256
6139681
31728075
37664383
3730575
4727540
35040532
25943211
21931127
33696896
32889833
34250314
4206904
1967204
37185678
37052932
11914757
11153135
38413776
41234738
41536078
2560328
20564198
25932530
32125909
27514359
6349869
39176095
34745606
10908427
27095159
33836471
2409105
19734131
2623851
12770962
25046414
36327234
35303379
22664411
29489992
23656226
39314637
2137569
25036044
18766140
33622754
5663617
11867058
28587044
20670539
8337144
12684420
35299840
19582661
27933412
35018753
37691442
12080936
35892733
1232919
94625
31212620
24621741
36937718
8546617
12451181
37365601
41820840
11647153
25599775
27352422
33603779
13282094
3498413
12106024
6899082
5035710
27243079
38513511
15902624
20354297
31004484
19734606
281087
16874817
15852476
34109618
29192120
11986311
39663711
18861179
40390506
22666002
4904156
41822117
8975778
804028
4499423
7202015
13026971
12317681
16587606
14231352
41366610
40712704
27112946
10635571
24116683
41872380
242624
31151616
20073210
6863264
3882130
1155067
29932697
38849763
36695907
10330941
6579403
16997709
6690619
40818389
13690224
4100128
30056291
36757361
22760655
34431743
25598006
41045620
13201072
18124903
29368407
23464635
9329617
20224164
3126544
35215068
21799170
35629361
20003083
18918143
11914164
15965
6709160
19601756
32270360
19698198
38623920
744611
38291082
37574089
10762098
19182864
16323071
37874548
3892951
23965036
21230671
7473103
4410809
24720034
1528883
1877840
20338091
16364550
40674995
9747183
7945581
37864625
16448794
19987118
12208982
34562409
9995606
29260963
15961434
24259345
16390714
36033428
32232514
19108218
21251018
15137551
8023510
27341633
16643877
31403446
12287823
31494235
40927818
2532969
39365541
27414333
3452846
10590908
8418969
37793968
28281987
30208464
25655642
24136385
2725109
25198020
11334572
20719858
5603846
14911603
34276832
32266094
14782410
17094963
3818305
28892983
40743675
18870064
7787406
20133240
32725629
9754854
34378695
13513484
34063720
28774633
11728961
642476
17292518
20460506
12138325
4145602
20216951
457622
5535410
24255252
12327771
31406567
28693027
15587753
129193
17181869
21181386
20873024
11334886
27198241
13839174
13344032
21128033
40282553
28004546
19212145
10674732
40587660
36768121
33421244
4215711
33518456
30754152
13146916
243554
4414300
33593790
38211700
30379851
16378844
30545823
31723616
24010970
4244754
29389965
14239767
40830581
36233145
42017448
40240855
41053806
15806622
27589487
1915888
22341418
22400484
17427622
19503489
36371948
3249664
2667092
33318796
33274902
19073448
14536724
39265453
16284450
17214946
399474
33639833
27351471
26301068
37317249
9771203
5664174
35406820
14472319
589726
30162937
18944423
5384965
31871515
35715205
5189003
26738267
2837929
21012133
14177957
9569994
3053152
4958360
25843644
11515668
28993047
37772596
39571779
38865978
17628215
24847072
16348407
38572584
17580268
13370491
36894027
30282482
40058045
5243883
30511494
30188359
33275019
25479219
35179560
5133248
32877276
19160467
5293906
28251533
17958981
1953194
25976350
26521082
18215314
23054646
14193890
32377069
20144381
7458304
15251168
21305631
7266804
37961513
36662155
22281384
8296044
31650143
42020989
2603283
14218865
40015872
37258800
20875368
34851944
16019092
34822940
39609341
36185084
38324310
37258780
33687900
25987880
2921704
12327192
28088246
2910264
41719184
9859498
33822348
35175097
19539656
26893477
27235421
22399066
39995610
15243993
40676359
17431278
36988714
7594483
28327095
5163928
13973305
21036026
30226201
14817606
31482227
2350560
2497184
12336430
34337076
14094305
40149635
11440
5591606
18228748
4071514
41527684
25303440
6928871
7939676
32124187
21881465
4725025
23972708
22564331
20505279
25815472
24087781
24558383
28604776
24666
17187727
41405700
24537396
20609238
5054018
19145797
10263485
30652880
14436795
27059233
8502699
21920887
30923523
41297520
27908906
39392644
33588008
35429253
20031004
3214650
8151479
34300731
26469747
33140834
40726551
30930494
39460697
24063115
7370656
29449077
10470867
31562087
36351681
5391599
10345752
16651139
4709002
18187850
22150181
34765909
38385710
2188776
28995579
33780880
7709512
27463250
12095237
30373358
27277774
27980273
18994904
9994243
35824181
30522851
35930138
16663435
23559838
2745216
6325845
10792166
28080994
5079268
21216335
19700542
682597
34407903
36750958
4926691
22052141
12695002
40753927
39588428
36729265
36515927
14419239
19586155
185476
26364965
11378453
10017128
27139690
23455651
16314106
19160746
6963013
25918518
3071187
12767671
16914223
36230174
24559429
8380451
4396671
29058433
25199585
30739504
5089359
16789553
6422764
17447310
18215737
39221598
25169189
9876707
36330451
30304275
8207701
25151945
34208873
22906400
28686620
7978944
16492638
32645588
8823155
29178939
9004295
9091014
23191840
1267369
31833503
37750997
25430867
8640765
16702671
1143628
24316739
22625646
33557414
2184764
34528122
1072627
2891147
29848511
1669006
3912102
31079000
20284899
31448923
26229929
6413761
38291033
34139386
22297297
23641293
41982142
40970697
470523
12241109
27690843
18086502
15926334
13781923
17020836
26574027
29060622
9836215
14865572
30347525
25218384
41543617
39663209
41653622
33962643
41019512
16367704
7446777
4849071
6604735
35407891
27074140
26366465
14649739
34407245
16310197
15904367
29741033
13279854
24634021
31298372
13908920
36049264
31602308
19704899
7184620
11708454
40963098
19601429
15571956
25667914
25814763
314571
40893698
18019514
26515865
28904037
9762969
14288887
20024932
22488270
13491748
27650493
10056268
33728970
4666211
3030343
33520347
33426259
34354532
23568355
34679662
36454022
28864644
19893854
13725398
22566789
31120096
8028781
36036667
7990981
27024217
528845
16048707
11989660
8256545
12226978
1612702
22258297
35780737
27358036
12432002
22012779
22984282
42009522
35192221
6223550
3659409
9951992
33730195
40150511
36953712
14785808
15462220
41281453
23757355
40680215
28780122
23129115
23254565
28241419
34192275
7768153
34522301
3821729
3110555
28248249
18696242
9238264
2559891
6501554
4373754
5406078
21804156
16760731
38350113
25240229
7476953
5758899
15248281
18944387
17421887
30655857
33278453
9765603
5234927
35611838
17425649
538703
31186840
8220009
35969118
30370546
4657598
6274052
20109085
28855889
18421954
4928284
4864509
39403814
19680996
29863024
9305966
38813928
2017375
25324810
2725545
30782567
30587013
19576022
20649531
389881
18154526
32650213
34589955
4696224
4424998
1939237
41803184
816294
3562410
29695066
2995058
18051710
30102099
15180800
16724976
14001738
20230886
17251486
22831445
15850665
20579246
18964753
36088383
13484808
36987798
18133121
2866633
22930729
36405093
30249319
783524
13458302
20958812
32650717
40126639
3608704
40626828
12108118
32804833
20494298
41842968
22797856
36310332
8833958
29933512
41723491
26153890
39363819
31655838
38850290
22012283
42078035
24226956
10688859
10618175
14057069
16711625
7600911
14880802
22946791
2024104
10382807
8315261
10083705
34273890
28018521
5787468
12866127
12515151
10006977
26433967
25742607
27847942
36836842
17663665
25553291
2801249
29553601
17351536
24561401
14623334
11323423
31459860
10169886
28960832
38000862
34159865
36014835
40560405
39481592
14631529
34190400
18358918
15280338
39279834
21407763
15503370
38030492
28682161
21756142
17142633
24580723
8078941
37278249
26769189
30360065
8201755
13223446
7663864
6028112
35351542
39437045
17346189
35708999
10993619
35195997
32424055
29661871
14116903
6370004
21122674
34334789
29894164
31934752
42026969
1249342
27709200
28730826
20887858
39085036
13677200
14847982
40061534
12702474
29076494
13545743
15429797
2173642
20121905
3210417
23665521
41892544
21177023
17133790
38268542
23581749
13812691
18787647
1272793
22032115
18725841
24171520
27291417
21378418
39209150
13296143
15345082
30874165
15053625
6039876
41273502
35958324
28021489
19249388
39522678
19636448
35673838
4952977
13491719
20479362
24283394
6531731
38607600
39845275
38304696
12214491
15042552
34030577
61806
19351274
29724295
32331021
19945968
13995274
6033336
8334984
33226116
9305206
31850664
21345302
13001984
14757711
38685647
1118638
25825551
27303297
41128327
15194476
22919584
6959988
16855360
19421717
10477035
26393108
24802723
39257717
12152685
37941279
39289880
2714383
34388904
15729021
26297684
11610983
15752756
31711728
11467918
11880813
31286819
17092953
17643253
4616943
23915758
4115946
2240312
10631075
39367311
34168338
33322713
3497867
38732954
25445850
29602592
6202916
14240423
29111445
42217838
2171899
3552374
23560858
11400296
15511518
34959863
36835957
143065
3871942
35408507
29358563
29221158
19403473
35427196
13527307
2376631
6018280
41982234
10321974
12291959
35869444
37685385
7876863
8878873
32530037
11205427
491147
6235079
4802120
25559070
11390576
33021604
23024454
30850996
16814340
8102050
23821518
36411048
5768099
9634382
8738631
36181368
15693851
17026841
22142513
6528671
34304658
35976321
6112789
14886590
4415096
26990571
5155348
38921437
8387726
26294958
41386904
9915674
29828101
14030517
37518214
15523178
8940860
7656001
42013076
15386890
2333950
14187135
20406014
4570329
36190532
33961790
14038855
9165180
24972184
28416192
415881
19418068
24294822
21372219
9731242
7743659
11336442
13843988
32518131
33455649
31450455
27356387
14647461
14304922
40073255
29862212
8493700
28537568
5322051
27825940
37230877
32747219
12980201
28694224
32781474
27025352
1723203
27872664
1482895
5554116
39104968
14027260
9686826
16551163
2769373
30870852
10209126
20130794
24643534
5161744
18808188
17145532
22266730
19768847
40794820
4269284
17273758
22917761
33556691
14824832
7579336
1270250
34949343
28204849
19704618
4908810
18276054
38419087
23751294
29705636
30850888
22553805
11257887
21065975
41325634
17622177
41210916
5047382
1322606
7498001
17878612
34022939
18600713
10731043
2495088
10610656
12962593
2448926
8072021
32286441
14859087
14358085
16549229
30040532
9928795
16269129
16141114
30820419
7568199
1197489
11181346
9784913
16211768
28619307
14838657
29011849
16299571
33712914
29418771
2283265
31147289
7147569
31527850
723654
40018450
35029760
37522232
15659750
29839839
35963937
8470809
19802153
4429289
35263698
6633015
21358377
8700930
14943625
12372670
32766883
19969318
24812039
29929854
29449920
5053333
23375743
41843078
6749903
2565625
15004799
13005415
23157231
2112716
31481688
40435021
17092297
5189921
1558295
7188941
2771283
24268245
15457111
13169138
25320913
19296365
33939390
1719304
18184047
29957905
22544228
37820627
32769399
12492303
6554111
22590440
33287027
20810118
19571876
28728086
14391992
12892083
23773728
17705808
20004017
26291767
31610323
9903356
37402235
19540051
26715427
24585743
41197333
31144344
21479748
16335205
1112318
38965083
14158674
15347018
39438507
10051925
31266516
2912556
14188874
20727591
3018564
39542539
41401724
6679793
4954357
31669781
27871664
32465559
21079083
2834257
23873129
12070272
18171527
5550089
13326316
37821084
3105995
24862127
30032026
24764666
37160129
20748897
34510174
4106749
19064100
36525951
30846649
10538925
34877590
9629932
14309465
38588772
34588182
2465539
13791727
7472396
10590698
17771003
1326027
9008811
26912731
18323040
40993957
22600443
2444094
23447786
7789058
13324927
29951999
2016725
32504492
25786977
36668395
32967821
15510101
8525175
1648361
13950313
31213058
38538819
17291751
4577522
24797045
19849383
34124842
31004321
6146369
36565484
33108273
25252987
2998452
39295886
8612543
10279767
7544982
24102765
35745788
5772333
23070435
39148619
331928
34520269
10276876
28143219
31319460
36543385
12295715
40343141
31642160
26635535
13741774
39692369
5436278
28776321
13703014
32542956
32879646
15876979
33567032
28795985
16640444
34968686
31750904
26759779
9517577
1772649
36015927
31580767
40424002
23533764
28871743
14438710
3200808
8717089
8581101
25959917
4901225
27910181
26601367
34199791
13932854
19949050
25989355
7876920
30880273
32809632
41225925
4083661
41486536
33581944
39295082
24864262
18184706
22711852
25727450
12920408
3598647
5215760
2709024
25985292
20332956
20154654
40841207
12224489
3815863
15654518
34342148
5685032
13977326
6652316
944033
41039532
24052375
28163321
8900996
26796611
33573097
7643981
7038580
9355871
8130835
9316827
41386813
5264298
19113204
13245287
10211384
12596953
27132805
24804371
20127683
842064
9072387
25186689
12865938
33114429
1677191
27689832
39724597
15187795
17583539
15030713
32138536
39505765
29573822
1257015
19758031
24217226
34496744
32705351
10219058
2866537
32453623
20875123
30036512
41499849
28362483
27657014
34719270
19024338
8465580
37190995
30226126
18207959
23509497
27426107
28373430
21472994
2839890
24693884
25299259
20327775
20440489
30881521
19747734
5356596
1743869
22036277
6731764
24363804
35235326
24327533
7813623
25937372
34762641
2379498
6780579
2071742
11925030
32511873
31048212
25241219
13681498
37783617
24818126
37020101
17319814
3679546
38423736
24762116
39236993
36667739
35563639
7817490
21871249
32695054
33608429
12363663
29050952
24654232
16550181
9297954
24548489
40417723
19156793
32690899
25438065
9252304
13273530
21667409
18830375
28248193
423093
11644995
20463802
21138580
33579963
27541296
41676152
1755997
24182075
24153100
7530086
2868584
16459061
2241183
3644102
8954197
38063483
19752998
105743
11116056
25124759
34107591
7713254
2638086
19417369
3770656
25405527
20008935
21244316
7185380
7784391
14268111
13048630
27906104
21712428
31823966
38342819
10256649
29209508
21313490
7694038
5288903
41474483
7504864
6427701
26141104
1582051
19681024
29611837
8248153
38386399
15220270
7423819
3942598
19482560
34392032
17509938
18220147
12224544
6976205
29120348
14861885
34805683
23474665
24546882
4189376
37598055
17029329
2562611
23920605
22089008
189174
33844799
15333379
40906411
21730275
31512865
35583899
23544625
7125164
35807932
27177398
37987711
15281788
28682660
36246011
22167488
3267330
31349800
32346257
14420522
40629281
25298600
30616307
28126610
7517553
36610363
6411047
37190322
2373437
25059404
41739227
36516361
12114524
18804112
40306110
33169248
17121297
42025968
31350825
11387454
13259741
40744739
1741700
28097898
18148927
39879809
24804829
31096809
32970520
42031254
18787813
12502670
17781047
28989542
14449160
5310829
34236926
16335241
30434693
840673
12944880
22935115
38460252
21195277
1682814
33263740
1818423
5733843
21499824
25589684
9645754
20145441
15329409
39095490
38276667
29302119
6909289
25023575
5042593
20467849
16983804
32048271
33037108
12470217
29736214
40363920
17126137
33396252
3390361
7499578
4630422
33999604
13985897
40180109
12110451
30932569
4497513
11212337
38338089
36337981
10260275
12800265
24118775
28277291
24919798
13253091
16993123
28691440
773368
15244322
22414339
4513587
37295655
27656785
37594081
38589963
36973559
2360156
28765830
11640758
28497278
41683912
14622750
25303329
28416193
898114
34844481
3143130
952062
18271421
12219206
24232985
22864065
3599280
4017765
31211955
5213320
1748800
41260699
38509782
12932265
37007555
9169507
40955693
32933227
27967521
9824133
18066398
8846476
22065516
32001606
3193949
13267719
13724636
25442446
18006659
34929650
9306657
33173925
18969078
37657356
8619925
12948817
33902111
33369558
37252562
24934854
8953539
31066536
4253144
22073872
14226573
39057926
16185583
23865157
14866828
11854642
30008618
21048390
5652526
1531394
18276970
12735101
30244657
13778584
8869386
27082735
15960572
13899301
17287597
41003859
3755245
10233965
10679852
1700853
17149615
6186026
13415307
29129668
16839962
7445219
5888288
25345014
24191097
39314539
36106540
28802036
6202116
21210821
37755018
27901023
6270334
4498386
38849313
3161922
32801610
37220085
2528735
17206714
10144056
42037229
23057603
37037990
35334351
4493826
23269144
30269948
24329662
5970088
23241380
26478546
18237719
1557347
31488475
30372659
33112423
7629316
26030615
13284691
7674083
33256632
31301710
3108412
6680374
1629228
35616785
8328493
27076029
37725104
29132708
8089664
6702878
18563777
13768846
40048001
15147762
10032652
7028568
40101117
22715967
21684032
37240071
22848658
3428522
16592756
4342044
19827732
42205233
27757581
16966578
4565671
19309855
22406079
2475224
33335479
16803199
40141682
14179382
11719962
31022226
10568931
36570819
8904878
38399613
38719791
33019433
17296646
22300283
27594536
37844643
34850907
10989107
20647315
18506614
18584388
16637524
11568061
37844751
30373159
1181322
36810500
37074045
28224377
5602880
4583543
11889693
40066835
9119456
3610451
17399144
14850944
14419318
32834625
10869043
13836564
9153105
5424896
21702003
29699377
9339026
9930925
16344293
34654719
4009791
6938553
15723235
21247963
3120335
1034251
28282712
15206946
23941217
32490501
9068281
519643
37714088
8279242
22667690
29252109
24174731
19548117
3981901
35566352
23681520
5444147
34384562
21703728
31069468
4504675
6088681
9667905
5921134
9405740
11665081
25011829
38801815
7422580
27948849
22896987
19343035
38042211
6138665
16155171
37026414
35772637
20101953
8461979
26354512
3119573
18003805
30858380
30850194
33521352
36165388
36961390
9358277
29879887
8348644
21401563
40833541
38932942
40252824
23159306
5587522
39226099
32046578
15904828
30329546
24890235
9491919
38171462
1015797
12616029
38303218
21298032
2151722
9715977
25441771
37746133
7252977
19466051
29676590
36138805
24163075
6285501
28612746
30206715
31296346
4399299
23398739
10407832
33345420
36010323
26096326
31932695
8896553
42139940
41396506
27141681
23874438
39125891
42118245
14701363
3197904
28587241
38106261
6655590
37446598
40959318
803140
13364172
37552977
23391089
259656
36206361
17239155
16947043
6807975
13622111
13303880
22372014
26561506
1412724
19847367
18939984
32786190
16738469
18265502
2270615
20007034
1906671
28661584
13531003
18845103
31525912
26124241
32130541
5852450
24082425
3406340
19662052
5838113
36330214
41135531
25562614
29398385
3617044
3643163
19419559
22044203
4624753
37508244
355119
3610132
3108898
674481
30515575
31715033
9092428
8592628
6476031
25311569
32119270
29656763
28964562
25673462
2041816
21457798
21173996
10977909
2059724
13510118
22525500
6931829
37518487
14653048
2712423
16556439
34002008
16894913
14422680
1014620
34399346
41930639
15344558
6377463
33832054
14656543
25239002
18764456
11456956
19069269
38597008
41429406
27614947
240361
4499466
26047504
19398074
397474
30702410
30111493
18241632
606049
39203004
20962048
22901041
28067511
37117356
32987387
17479164
7475639
20653660
28021883
8098584
35671613
16122059
7801195
38183185
6169733
22417449
5011147
33704323
31090243
36929940
36551040
23092288
4101991
37595095
24270179
24405843
22829958
33158490
39529584
19955009
11135493
18828290
24897251
3321943
29641717
12333727
31707282
41627056
19965645
4633421
297389
32472025
9952326
20367343
25905635
14715411
26310804
10331208
32136880
7997955
32827949
41205946
33805707
14679746
7498733
33361690
27126260
2874949
14756594
13434891
37307758
7813549
31436574
5297121
6598259
22998259
34618083
19807457
41329666
22477217
36931096
14913644
6566390
37486916
29040137
15574427
17562128
11046446
19753260
33180935
16442248
10881800
26440810
444017
29803487
4623784
11338693
6424965
7817192
6943044
24248318
24744234
36198888
1171912
12929038
21774400
23918593
4874463
25126362
19149619
15910827
41694181
20857104
25975561
12658384
17993691
30804765
26631194
36854198
8871460
41723723
8731828
16061911
21817026
24088922
23378521
39056593
4395648
17160245
18056555
5727754
23076406
4548793
7158085
19503319
788172
38898039
4768974
31213637
25682181
33276113
24918863
21769394
2863413
37420797
21010788
16123091
21933305
27157472
20855967
27793147
12640294
19626503
27666987
25010434
19693274
6218276
13733634
33651492
29067436
13507762
40819670
3573087
38744218
10510047
7467942
11824536
5949454
6476459
6294773
3912787
23146297
29748067
35742204
28990323
8221089
36103316
30250721
29123756
14517178
36213062
35109757
22613458
42183230
21448711
11276799
21025380
12134438
225872
27815419
25494349
9747142
30309623
31088742
26919682
4560592
35975081
5529763
2036667
25580163
11530304
3154181
36405975
14260574
41888888
33723199
14080931
21586138
29021257
36263999
26887318
36279832
13661046
4070255
13891447
9314273
11050927
35459961
21623686
25462328
39755797
36655608
25077461
25749031
30097259
14123516
37507523
10394918
28983056
33866083
31424189
32253328
3515294
37666373
179643
13036347
4701942
20066933
29682417
34991426
15336550
15550660
15121982
4346773
35269329
20681487
22674184
27838600
30687762
27218079
384867
14006766
41541947
3687542
23225105
19702340
27390460
38625038
13954327
38979729
30350789
36007816
32073685
25462544
32964431
15096308
25603931
4694114
39713981
6865354
12603041
10989776
22531332
29424093
16656187
164325
32243725
30439703
27453733
9414593
27926133
31680923
33031661
21839606
18547082
19583665
40731611
23394329
1007845
20196512
41889642
4888245
38026983
9710974
42108614
21003914
10365925
11472173
27074671
21457801
26584023
18162546
36583590
15100603
39430368
28466485
14960593
15562729
37497167
30756408
18632933
6086527
13133840
6181593
16091593
30136351
11309417
13268696
23754687
38369601
24419530
24912265
5029631
17023068
41595050
23370038
36179244
31158124
27138151
1645722
27124212
4217017
20982178
850702
35123608
16601236
25952915
26454185
39179797
31410640
17622568
5184937
24978531
17981087
37122177
2822897
6381664
15189816
31099167
33826020
26073567
7396461
25567216
16643191
15827422
10436925
38481888
27267119
39017510
15654731
22913544
19007106
4077006
39364540
17147788
8669423
19671440
29525873
8831617
26728457
6432109
34625079
10312761
22155634
11599423
14665957
13973731
14805645
24099847
23702705
992400
9430375
26552637
15130291
13144901
30810303
6403013
15560754
39337173
12744001
11577724
18532602
1859318
30391181
19693099
22605513
42087806
27926581
23093764
9190136
16415696
19260073
23025656
30630401
8181902
39043779
32816111
25254624
6546841
14669472
39400069
20845707
31269072
30725932
1460875
39834148
26456728
35909013
3983029
20804570
3618279
16170141
41089504
21503806
30553376
34016519
34495347
25631267
4244482
3833691
28414481
28035295
11078170
26231878
40064291
17910876
25230534
10880236
28104556
20684732
25650401
1407734
19384832
26418521
39252801
7801863
28584716
5652158
25024330
22796486
21965067
24364474
27866766
7072985
29258460
39905707
22505633
30661656
39466786
18459188
27739118
2182603
22954602
35417295
35984941
21917652
24789918
39529400
20213433
26696822
1299899
34215477
4404933
4316566
32817403
33600643
17761130
5788229
25937091
659856
29913318
7625679
30089611
30211060
19550949
33580402
35422518
39030043
2922537
37284183
30488184
27305421
1181260
36020547
10627376
38705542
36687817
40343097
30963098
28247956
22291888
31966931
36381672
5787888
21539034
27029174
397149
17101274
10858509
11045009
5553843
41952259
23058328
38759210
29772139
22770907
30657865
40388336
8541859
10600714
36102923
29451234
16678045
39709317
41582731
12534280
476041
8439861
18051209
41246168
26849882
9237597
3161494
9352498
40374337
4437760
8904262
31602141
4281028
3889847
22970279
9044634
12180120
287421
834942
24367401
6962644
20057151
4285413
14074223
36172670
31377204
30118504
4143765
39233276
25876467
29466669
1479874
23839979
1547208
30818271
10230981
3846858
40973735
448236
8772196
35140330
39998012
1365459
37486395
33959728
15416455
8209692
30062720
28308374
15761389
20081987
35138422
26134482
7891807
18939316
24762502
34393929
4242037
9660694
37753402
2036487
27919460
5645201
6342595
39950351
32094537
9782745
30058260
40817003
37683822
7406737
39903936
6038284
20932602
29276703
3897008
22091678
27431901
2714329
35419953
31876908
12190180
8932703
36355578
15747879
14697279
15101808
38890528
2205550
23991234
24841798
30677490
30219110
15800665
31543447
2625687
33527535
14348924
22651523
35896665
24379135
21457733
10627233
2141275
41090924
36828400
36166277
28921726
30538591
32774150
19220847
30504928
31425898
36485425
21253770
11840949
12491729
33360574
6782327
6511657
36022125
9041133
41384044
20327020
17256728
9928120
14957762
32614468
24953386
1193790
25269432
22237860
22616809
8782431
958596
4902795
41273407
3392126
2434476
35017261
36331850
24985423
9251158
19584949
23993696
30143196
5058622
40963669
39588450
39991195
111211
8428702
26768003
24189520
40352856
26892261
27224735
13763971
7345036
37699124
20826982
9220598
21279263
10447611
9759025
39816471
2468318
41239744
2043874
19699054
25766103
16746901
35975325
21357962
14526326
18013624
25538344
51025
33586055
23893345
5956789
18171692
10325847
42125743
39214786
19322481
12280822
24509208
35186990
40374439
16419861
10379370
41711574
16446390
7979293
3502879
30506193
17752862
15473641
27546974
25973730
39391738
2220574
17961700
30803216
7208898
19411167
1644998
36344237
15414363
13567498
6081047
21206906
25986963
22578518
7439175
26385492
14156384
822944
24807620
33646463
34957068
37383675
30942292
20923795
25210029
23012836
2959219
34029132
18331903
18059997
8012030
1322119
29995274
33534131
29158218
13114661
3996804
30327501
22996787
36457457
29830536
18486127
6501328
34585069
8422134
6616230
1577872
15493519
849474
22407542
2704171
14033273
12173646
7929456
17964576
33430897
4680932
19882820
26017102
9743381
23048320
9461497
14413902
16880613
22270923
41080718
25101472
9789348
35480563
4510660
22689726
30229064
2797590
42135099
33007197
27912213
40750354
21420330
12789348
29066201
10233896
29758313
31052295
13726347
3248523
33065354
7413795
29921149
39084500
9289202
37579480
6167707
29440574
15583185
34029142
12481575
40583753
13324408
22083220
5251498
1713070
22804628
39471868
9868975
36368342
4320464
15122865
4417750
3920031
18014633
40263907
31491147
26509789
40236942
6312552
8310972
36230854
33108190
34591669
25650390
22098629
14729892
14388566
9692596
17249433
13438330
32648356
28065851
11611338
34262190
763228
26827693
21419883
27885001
36996111
31950592
400432
32091830
6403844
14678885
33754844
35010562
17912192
10932414
38989686
8187959
15969304
3314061
11009561
12595374
11261823
5139630
39730460
35933834
19294240
24167179
1826992
33369764
27302623
19767242
5575903
7861825
24815180
31719292
27484568
39887879
18280345
20705145
40586986
6376879
31750291
15556027
38270877
2457829
29946708
35675624
39428399
3373930
27035836
40853529
15114914
17577990
28095390
8296878
34106841
20908074
31848154
17043348
20527458
12174394
37202063
16106612
15360855
19910899
6172543
6779423
41550893
11903466
23938451
17764556
10356003
29292462
20592917
2595253
5279431
26572778
1373385
40824870
23242613
9457845
5491736
41801634
18454747
42170914
18698724
9797090
380616
12407357
22091286
4420845
39063540
10024760
2667666
8581431
20610007
36519078
17824570
23786337
36531061
36895990
32155236
7760750
16746627
36270140
1221867
6704562
3330164
26899138
28066731
23690980
33253099
5570822
23102910
1391253
41790298
41274965
29955805
30943368
15593817
12066525
36736777
23215706
31664754
1132185
25740459
31807267
34971615
23178580
33881102
28770311
12882960
38135097
41522480
10042065
25673573
16572730
13621428
14622782
35896039
22495909
588070
24595443
41014123
16811542
13685449
10846930
18414745
17889280
29190189
34628112
22651772
35604592
39725247
34841085
8410571
37545477
32909763
41184902
10295620
37996006
29497831
37824492
5195121
24949750
31404235
11050790
15660289
33375520
14034712
11300596
16465384
18760125
3643591
30167193
40646798
30779767
16640339
26036633
37487509
35835598
29886463
22794285
27194021
37163368
36914919
2209266
27249856
37163758
11687071
7454726
32800885
39531679
6420257
36394331
2023058
40278715
31999676
4359692
9643733
37524588
390602
28548192
13096925
7847422
6260451
7343762
35542259
15788339
31133768
7426821
8641577
34973095
20862963
17718351
2647109
42001162
25505793
19795130
4362873
14405392
1034468
31390151
30242218
8391543
39378253
32646963
23368579
29458686
3969090
16079139
17161260
27526778
15021338
5753163
7288761
32722113
18459994
20849035
7146762
31144271
21547455
25906823
25059583
21111802
34462559
25101979
30371885
3833998
11494259
7956320
26413175
34892926
34261899
32578853
20006562
2653164
28677873
23036
12297426
11425909
1057801
11408097
12971614
24549226
22276766
21423324
25575351
22299321
41551580
16223536
41068285
435653
33694265
42207605
25723515
23362158
6341317
22415565
19670824
18851333
15944422
28817920
7619961
24342331
38884577
19983525
32605739
9985561
41215236
35872927
40704296
11492173
24114928
26531888
41223876
42227446
22121744
2085411
16214634
33849524
24779272
41110681
9695736
3065704
28599884
3307949
3691334
29739985
6471143
25836502
3964969
33852091
32183343
29886437
26720190
28899016
21018290
38982813
11531266
22456659
4491595
6906004
12518298
24137483
39393742
31872061
18746409
30522221
19556140
17353953
24153788
21713567
5244394
6387786
34357968
41109900
39086807
20104833
18508613
7602650
35903159
16328533
42115499
38267925
8868146
29987377
17367750
33545229
27224815
39608859
2671958
15337710
2495860
22896238
40374672
8871521
5049518
1392455
6368432
40092574
4843156
10499599
22339197
6384494
2284577
14253135
15334884
24217754
19185271
37163678
470748
32618832
7460386
12128122
20900174
10306515
37746160
12742489
23606868
4620702
29846596
22025721
9946635
35874340
10580317
38982217
2503088
7206945
38799300
30852431
10486974
33442260
948618
8086061
33299611
20316824
30051462
13154804
16480602
28816440
29703291
30592627
11718658
32137469
16631962
8157685
28949648
33125458
17879491
1581147
29657664
36222256
4179001
13214419
26104849
3373372
182917
13900658
31703569
40340638
22637410
2400912
142649
22881795
13018197
12878403
38819820
1235022
18435111
28137976
9831379
39815823
13960665
38544570
3187820
18490102
25261792
20102098
38451392
16640832
32385744
16443245
2851004
805629
13031502
12204191
6653401
37075878
26246846
29302656
40197989
34739213
24366313
22247843
26311976
11783175
29426890
3415441
26387241
20869288
14177311
13536809
36628003
30454161
6016375
18069320
22288711
8620960
29966355
22008147
13789828
24313712
38395340
25630411
36402229
18205625
28207346
12334342
31861487
26491231
39919941
10683742
8427237
12583137
35070954
15630132
20379532
8557602
31488131
12850431
26491286
25973151
254031
11292280
899047
39645416
23086562
280564
29814730
5652643
18596404
23143014
22895081
20189715
39673066
24067886
21327736
36699713
7397999
21177744
18063994
27336804
17862789
35047106
27187203
26513352
26392002
7529101
17049913
40498578
12596400
7932603
25074104
37842214
23189315
618483
9830686
17433919
16667757
6671715
17741160
40656690
25719949
41077195
41111979
37956951
9403484
35133590
18635719
22311196
3314955
25266889
35133199
26333035
8655104
19658102
2197035
20877022
29916299
1850907
15424474
17004186
19726886
17189218
28011528
5755396
26200726
3158970
34676356
18261068
15935364
18913966
34528309
22746595
31673711
40961987
19321232
29342289
31818635
28352428
22161595
11965517
9345382
15475097
16869597
22761680
31991804
346128
5452548
12912112
17107619
40485257
31242659
13971489
33238492
17586155
13329041
7939658
22207204
15762390
18716357
35438770
22223853
28549919
38408961
2331421
9143352
25952402
42164292
19853117
11740643
6686498
30079518
28833703
25733294
16523468
17309132
11813288
18222107
7217292
23919454
3136129
42230362
6390101
642448
25298834
37628952
32550248
24206899
29018435
28522135
25150035
32013407
19892431
19406567
5190155
37400728
31540236
6945356
35477794
24757197
25156941
23203205
6289647
11524571
6653602
33284959
10091840
30143835
15085978
42220528
17529353
37477279
16931528
3744747
3075798
36075532
8610517
39011711
34040462
31988626
8629704
5743468
26823251
17475301
30116332
33228397
1922933
41766637
24038416
12274589
11201147
13632370
9283199
15254689
36416329
18759768
18198981
10121312
12614481
12592297
18022597
6518203
34401481
15839594
37384231
6314088
37018668
11605489
23115604
28296993
5165374
26138000
17877137
28578452
15552368
23333293
9189980
31898345
30565490
3139643
37974988
38196459
12199639
32773432
32039306
26295016
6145287
40590282
27082313
41079876
20440817
2183003
4117570
20820990
13804523
18512339
18182082
8721675
6440114
31961201
10419856
18836923
10585632
29527442
19388472
18637621
35017804
41033935
28906955
27352629
25923602
40185154
6157153
28154623
26628145
26432622
41462704
49009
20149465
24899310
36962305
34603425
23362077
20588829
2638908
5082848
12072224
21204478
40551820
22586789
21375569
15876011
41698452
26931609
36759639
13338135
24714264
398772
7843929
23705399
21195476
40018980
13557009
14708129
28941920
19312733
6283157
16563393
5336704
20529638
36520831
9107073
31964517
18279229
8516605
16418027
41764627
24469033
42078910
24675808
23138338
29427557
14099970
21093914
37200943
29094464
5494205
1008865
21453297
10074950
10148390
6487347
3810656
29227874
8424972
12378527
13976028
20737117
15026160
38479632
30815122
18241602
590468
8280086
11498199
19031170
16589118
17088819
1330694
5384950
3309435
2044424
27210212
27255506
15599708
36192078
7641167
37669256
25844073
14965950
41247892
15904114
40312376
33682130
7985442
22671453
32335964
17746397
32171996
39034559
37889164
15268632
41727000
16542896
33940969
29392978
10434072
3937765
13779383
41536271
20424739
18303930
28694717
26001731
12347936
12914050
3081602
27658815
38671365
9939959
16903575
299358
652268
10374520
36329764
32489046
32749458
35551406
22107233
9636960
32291157
14079865
23577664
5067619
41092421
22736801
15613595
11147802
18496624
37725454
12841554
29406605
40939592
8514263
15653726
19672718
16492686
35391644
10755240
31105603
2021287
41512653
6219595
10413223
19875063
35761956
10381813
15846094
38243847
8027368
28309297
27223538
7971042
35824460
31704025
29944619
4240177
12871738
40556249
31340019
39035863
39310888
13752879
14000470
27005175
22512082
8917478
27637084
26103954
4226185
17619605
33858065
21637590
5441237
31410
39012566
39768110
2354445
29786798
11020309
35039924
34734838
30503111
20276424
31584283
11565883
24371967
7883756
16085876
36228959
17587140
17768990
12305713
26224395
40066590
34351689
31391726
39674890
2751076
34495889
17572193
12178367
33826655
24875024
7923128
32660563
9225768
21481398
2298119
30035558
22767199
14763500
3150555
18937227
30888054
16434124
30463605
23126606
32546617
40566887
16656842
26346343
12685997
20204025
37082669
391700
24334210
31879435
14836294
32822709
35652832
34947170
4255239
36149690
8382853
21425328
30362444
14173808
40964200
22518217
26885003
38813569
18859043
28966432
23457220
495045
18871105
32146719
41453362
6200274
20614486
38702818
24247271
12294297
30853413
5203234
20539004
33761501
38476604
22139125
28567470
41753142
19297914
17813508
40770844
36459045
22711129
577824
29538806
37134228
38642771
32902169
15356349
11097595
10095327
26294098
1291684
5404428
4265830
37734142
24203003
8320189
7849404
19044037
26738891
32075510
1710228
40649880
5194031
31707059
37824809
10753962
35965896
25088869
30085977
40193020
41903837
20560499
39168651
31620235
21777879
20278773
22806842
24045849
9805911
39674497
22028268
40791141
23451425
38195642
29884737
40142564
16564895
10757492
10067405
28339012
26881479
12253170
37808669
36690070
37991164
12735939
15651583
30756473
18168630
9525478
36007967
3017198
41032621
11623475
8813393
32715628
10472861
25382346
2017580
11264771
8956668
18816224
3640000
18292459
21630746
11860842
30075159
23209481
26126014
40064236
32780344
32441410
9245603
25072729
21038487
42218289
29550907
6126105
36998507
15151432
3476455
17118088
36453806
8316993
1150614
18414645
30698047
34191688
9159274
25451357
358368
25647807
32169076
26762756
30467301
33404863
27984828
32260923
32679137
35934605
30818633
441212
11402923
2010912
37771823
14912382
5219781
7133072
37633248
19880419
20947627
37409463
8701071
10772757
12602543
1942524
1988968
5246690
33833320
18495065
28265879
8579209
37430507
33747810
41027929
40456378
725726
34300224
1442290
24971522
24531682
21541317
4919389
31474139
39041132
23372348
12262732
20322960
28435446
223785
11179347
2908466
17540516
41742145
1517386
7355853
10359205
25743904
11964409
17987707
16048155
29501666
9801281
39224130
33022084
41711303
39014088
10737801
9768541
14884571
20052133
28041141
24750186
16530639
19211407
11451768
29920500
4772544
9143613
18260576
24933269
4420800
1391080
2918260
31382940
18023483
30375041
34621498
2429345
24712744
920023
19074026
38729583
3073576
210042
15017880
31942761
16863114
25669266
23977401
25117982
38505092
1563331
6032015
21593736
14438863
2308155
11659924
22089275
39706411
16869496
14748606
15287860
18351194
14793220
31745040
15594138
5662297
26435072
18338917
28233162
40096447
11597581
16445300
13380816
18330526
24332211
698957
33995132
29414175
22414069
19085967
16911355
29374469
38707457
9933812
27333185
4851745
29774025
7340669
24418550
40768303
34938984
18526418
2757056
9130922
5309967
32238819
12412733
28588626
6741335
