#N=6900
45264216
27338633
11515983
27087985
27748336
40484618
15582034
39717864
32850991
14396666
14827987
25757252
20657043
2239387
27288915
39802408
5799820
8853931
7755954
25480861
11965888
33477296
34332902
9980360
38912525
12049001
47307379
32108989
28826121
37682195
6579885
18176231
47200298
18641365
16539554
40674076
12667230
1185367
24889876
12127341
41349624
17622203
46078338
33498238
1473169
23468587
32046454
27928960
1921646
26922262
43791563
7019131
42174772
22283900
10282982
11837139
35866484
9625184
30562706
10649889
38091898
35548521
6670280
11559825
11007738
15354186
15784199
5573492
12479347
7267673
13659004
7851386
21182637
27643354
6485387
21154210
26580544
5124192
31747397
42512516
32357490
26541266
44346150
35371236
34027417
657798
28884433
30250198
24176890
42624186
3979609
26532072
24540783
43959698
43385627
10467849
2874839
13550129
39524488
9661564
38728640
38659254
1365998
28426
6096413
1361195
37016814
31678029
25410305
10239734
45776367
2019857
40123850
43688352
6486803
8810822
29124512
33870248
31304192
2678420
23117006
7629912
30756446
19106537
41084858
34869100
23586964
45856879
22431490
865234
8295565
38700213
37596444
4803
15655216
22028385
28594494
26777079
38545266
23390448
22759488
2088015
43143055
31313028
19597443
20226556
30150234
31479694
15786844
23674280
19531975
9044072
14155054
920949
43129573
261582
12437610
22721730
42594917
36374881
15912393
8290762
28078600
20601662
19020310
36488138
31093120
10237648
9051194
36457251
32890997
39056461
35134176
22916499
6196397
40761352
9473314
11509557
11947719
11776375
9519225
18611026
13524500
18927075
36093340
25441446
10310269
28706333
6809337
34304154
8296281
344334
36880453
44234066
37118543
13816264
32470547
47279473
24956652
17604733
1323075
15008101
37893667
47016427
18476787
47330444
28813633
45306940
1990331
45980297
3285478
43235754
35161290
35693055
8616806
7387007
18632109
28649718
20410052
11498606
45033702
16705819
10835791
23064189
11763519
37449071
41503216
14865813
45956398
9948550
27321067
6950251
1564917
43206827
18202794
20779848
45340112
35476939
47055065
11398181
10819007
15202424
34618947
27774283
22094549
32610692
39620559
7133503
31226017
3704233
662814
21969513
4942300
26030324
34204576
1931308
39102674
31554666
40188350
44039749
13417236
36757843
41391061
33428673
2900318
35369459
21334783
33941931
24657932
31852641
29422838
35688328
45751479
2008255
40797328
14961046
6418277
35916326
6470688
9256504
46371934
27276094
40408540
8044594
34537650
2649910
9352959
96528
18137429
8464110
7682291
32632167
38891128
6021602
12093889
16568388
10711527
42125746
4519093
41613207
38744766
32448185
42501001
35824036
623581
9914605
8490357
2195376
37154393
31838198
16457965
43360942
45382048
37758630
3725238
39474725
37156085
5922452
45057840
38148866
17182982
1660689
25571881
22322740
343678
22611747
12049295
16708320
3380979
24714511
46722207
7954333
31824604
37619999
27333678
3461808
25403816
29295763
33347412
46437054
39099754
31342939
39635704
5907322
5636148
45412787
47060489
46617220
36349470
43397151
12576985
47503846
1317011
7993736
10273445
31245358
19230768
39978387
17596114
460249
40499908
14135810
28230656
33396399
17249786
3071518
22758000
31610365
42839613
7038076
6801350
33192431
25706791
46866520
11490437
6628929
9063317
3663338
34040235
41489228
47113742
9616851
37230400
17681654
36372969
22938662
13649244
23804122
47088480
8493907
19839594
12137111
1919627
30192741
15672002
33249422
12875508
15719924
24809015
14680785
28941286
12578434
21701994
19077862
37803203
12860702
25232298
20217692
9193199
29456986
4258828
29432088
25887486
19325341
4032410
17602450
28493785
10188940
3964528
34951369
11607883
42290457
44075110
16280206
22350835
47562079
13474010
45804724
39422242
17264184
40588792
14897027
22385231
13874894
46489168
22619114
3667503
43385312
20992467
32404715
3569500
37577090
25399678
8285035
38441557
46487074
18671525
41152417
46191058
9284072
38486260
361280
24973224
1546633
7839799
24156112
13173440
43819827
10249535
29558818
47522556
31747500
16017860
4799720
10207391
3103855
1626646
23906392
39815812
36058981
7005036
318068
46745534
26522605
42257114
44899140
296016
9387453
2666157
3253380
36954451
41973229
40131482
5850715
35983194
16663576
13906576
36258226
43907271
31145639
13540958
42722836
26573712
12914004
3173074
33911000
10898044
18211269
21934958
44531347
36923447
28092432
10704558
1846394
31260192
32869660
42232983
44652637
25076606
13336532
15765502
36137339
11023638
28501509
39554140
4758570
20366305
35404541
22717268
6218038
4571927
626953
44583365
40272712
7049563
32571805
11976042
13976698
33931426
41452527
38860392
40110656
1865842
25444898
7223412
34217556
7793054
33930054
33920738
41582871
2312893
34873994
44193200
6265068
13168806
4149598
34684906
14148267
30832614
22090315
9244674
16942818
46220994
12011559
28296670
40682865
3673982
23167118
27759910
46464373
44620288
13415493
32887244
15258287
17651844
25936962
5330421
18853787
31617160
4080347
44999672
1081428
21705187
45077204
19190163
46630540
20926985
17628194
9937195
18923399
23479321
2266718
36256149
10571732
8337577
10163155
12922955
9853213
26156831
14344417
13577129
34395604
797252
11983885
9927865
3831659
41929802
6283677
21464116
35569335
29985160
47532468
29501266
22684648
29183822
6595572
41726948
2003586
41758873
7670477
30277251
12907589
46572745
31126597
45258778
46094365
36649927
3612141
1309687
44404831
18580767
6626846
24467738
44575594
17664084
8677791
29977544
11394070
23908518
21541649
6068068
7300512
23382249
22905694
33601304
27180236
12446699
39090073
24369939
33884887
13741336
4184257
15258812
478380
47120273
46680240
2208280
39855097
37674977
42292841
19937093
21615174
36572763
15789947
19631653
11303616
32379274
8435895
5326002
21641608
3193003
30772375
26342812
1235615
15492598
47154834
7843900
31205416
25348737
20185682
18626074
18296559
9707587
21222176
45880101
7265176
14038865
12559042
24951607
16059803
5720078
4147145
1983521
30302750
31020674
11195758
5977614
15771268
10276495
27197231
332399
1957387
20313380
31831582
46035319
31897182
21806097
35268219
17612945
12085780
15511697
45013899
20026459
7476014
12216914
38354661
34957173
45589063
6838964
20804461
19109884
28060932
25770075
43431367
24325135
15249406
5952866
31423987
20472472
8319107
6883851
16110818
8565672
41059801
10025484
10767099
14284237
9720317
24790125
25242650
44702925
8035683
37830588
34315402
25162444
19271454
31515697
14152712
31512782
26388033
67989
28322121
8769399
10520669
37478501
40511149
47420537
45243759
29573739
4361654
4787038
18467653
6085333
2832176
26775564
5338770
33586975
41685191
12627393
16754441
40055666
15421126
35516843
18559133
2799705
11009732
40402276
10161266
19118325
3190661
22652237
37157321
38453620
20901854
10710132
39844743
15971012
43058883
45490324
11106086
45886322
1954862
39302090
5780166
16855201
37733976
45354981
21866137
1629525
2239870
28847599
21496532
17655024
29540713
30800461
40248439
39501408
37211615
40152633
29571005
17380644
1750382
26447189
3642480
4930842
20294853
41964419
4864926
44782562
43535462
19413996
45139759
37743264
6601717
13068788
22667
36104451
43115111
40628538
32776597
37228450
4340489
38306072
25016585
37649306
46232449
5129409
9930403
19830971
38402251
8157419
18771767
1853143
11185938
9288062
5099518
23122292
46038958
38094534
47252804
10825801
17845882
37104573
42754200
18107267
17563678
12037733
8361457
10920264
36288049
42080525
17245467
14301183
44717227
19887176
27718903
26401478
19370762
6806587
6092807
41582710
44581481
9483705
1787228
35673647
10859105
14614985
23479489
40246760
20248651
15181833
15681602
47348616
24574498
35750070
14779413
11677016
23359684
13890932
41284798
21986866
2396901
44968292
34192281
18315748
5550017
25945919
25342274
30431655
14868709
44219103
44829085
13941437
3658203
34782243
12194157
23255949
47009938
13331259
24565158
25543639
43250939
32575136
37602806
12897482
12390385
888480
18002219
6406421
16527634
1350109
35404586
31691154
44451877
13279964
45617078
22728363
11077210
28733172
33212571
927272
45594503
15080445
1747280
33045858
35382306
46472899
46300792
26499902
22723924
44633626
35550833
30353457
20184750
41747929
47538866
11017567
31970847
21685713
18611836
37480084
4508232
22124621
33684077
21723514
2202754
16883905
37125793
15183541
35782273
23165729
4213595
17582248
27308139
2884381
34355067
13916007
28782578
1667166
38559069
45014071
29482478
46446508
35458194
9167183
9777081
30886756
45049334
47134367
17177481
44097216
3796007
30394719
19921867
16800171
32207722
39662817
33745236
18993667
16003549
23233628
891192
1329213
30837182
13392132
26745407
37721504
28000542
36412111
24828291
44756165
14589479
20315295
36669427
4571438
16761453
15286318
13709275
952118
43338360
39426366
29208952
34605836
45796997
27869050
35698539
18247658
28692871
15545210
18102474
14674335
40006447
35109061
22193807
40725679
38035194
37943296
17926815
35887981
26856235
4512996
8086738
10018041
3553842
26416712
43505767
20842937
19557958
21892910
24386770
13766127
41239369
1339901
3940900
27549339
4209782
20153329
5178787
14018536
23148764
30603414
45124132
46890769
2107470
31860512
27832466
7180816
16120664
13413819
27801243
21871797
959154
29280027
14122274
35354508
11892356
26646460
44066168
5791831
28263541
28080472
14858830
18723633
2163722
31397572
27404155
37801247
2038168
22185374
21538008
23867995
33529546
13263620
24091906
42536655
20773450
14418647
26989574
46892471
17488267
46131217
7749522
13214647
22421273
40119418
43931944
6100525
45992920
21019299
43576605
14573511
30950352
36104862
38929479
11972476
34393007
10252384
16263239
25780173
36265828
13307991
4809692
38602892
40100170
9673258
20580684
26524583
1963983
28468358
39142949
4273620
28743546
20273708
21926306
21354351
46770102
27946248
15167523
31419409
37678947
7471743
28287635
18977876
6745458
33710698
742840
8612833
21596556
2955248
20970481
45272937
20817821
42746435
23055810
18609190
12742878
39722327
34991635
45300363
4758414
18869240
34990918
7389195
26147210
46623662
11220431
15350693
37877302
7695780
8165376
23734674
5759888
42186938
23268638
45742625
12114142
45397593
40285956
28967223
34781030
30867650
27250730
7242234
35037159
30943484
31227556
15052516
39997516
21155997
15343048
44979220
45365634
35977257
1202367
10796517
13779963
3524651
12218919
14142627
1935891
13588439
5499639
12660867
35106399
25481046
5456669
30756920
15650166
14451909
6750096
32572399
864093
43917247
23624678
19984643
43589572
15105162
4743070
42628296
23400364
32009395
1200455
34569116
27230897
45287717
3611201
47247336
1588759
3664083
13676591
41918628
26092041
27628594
7204198
4349479
14864483
43648363
29040427
35721370
13587816
15476453
13981324
28489451
327675
8519516
20275176
5994878
39314798
25377279
41427841
41474852
4778498
3522739
35991518
27593561
43698957
4980721
38604348
12313735
25182042
38691601
39748033
21742562
12764111
11165835
27952656
31786716
30060547
18597577
26773649
37741969
15148778
5461807
13247878
41942797
16814719
47541501
17210641
2873549
20598780
37905101
10516936
29828541
12467386
36044400
41632817
36418825
27408679
47522747
20175702
3439480
25927490
28582198
46433510
28587395
28715289
9355079
10046670
44962182
3448799
21311842
24494091
25849584
41290692
18349981
29765759
13941169
26942720
26915541
45000217
38380240
30471318
27116140
35805724
23658561
8635721
41720071
16243123
23969199
26628860
44237108
4615970
44950096
4900512
42112034
23574328
31363107
5906280
41378432
25501694
30242818
27631150
6144110
43693826
27349523
39017261
2850218
21584556
36172481
1477825
22917680
7608119
6812757
18480419
46729257
12449041
32276522
20124814
24649618
24386832
29288765
44370199
15147540
26409370
21147405
36205754
29805897
10895016
28307065
18780884
24391187
34158993
281627
14736849
45877211
10798569
2844780
1372392
3700479
33597965
47308672
4437261
8488862
47007319
33813897
26604443
35409424
12923293
38446050
32923023
14272895
7912997
28256397
26551786
44213474
10252389
7898689
16058616
39147432
41758073
18499257
9654338
40925385
42126662
11892069
44504819
7098090
21890419
6707324
46873219
25109102
301353
23266967
34528023
11597895
25924207
35768394
7520004
3684001
35566655
9700229
35331109
11309524
18004007
18653097
28154858
23748561
18784219
2592962
29493094
5866291
29016199
2795872
44030567
35028572
42645253
37797495
7834871
44391318
11439574
28639855
43224683
36313458
44952761
46369629
9111494
22240205
5235342
2853378
20996496
29290734
39306222
16678012
35798270
41865447
4902481
30595499
46899070
17951531
21186764
31730825
9445724
46631231
7760619
11266675
27193700
3287538
31391524
31838620
1166634
22736116
31297094
1888657
32235567
27746159
46167890
6258116
6277312
28588212
11157156
9352087
41102464
2474378
11775531
5202771
47609981
39594553
9408735
15168245
8505807
27199137
23970206
45789050
19437530
9506684
32518755
388683
7154507
8655407
541526
46887978
38110550
8584538
8364370
25977450
21468846
22613281
134563
1958828
35095748
8682778
45186557
40933296
2474398
19790978
43404037
32441736
31088746
34853202
43841643
10326758
12795209
19497125
18303897
19048847
2352177
23863348
47457158
7876529
23188461
39566988
38523608
12133100
39759296
38394693
30876490
24543621
40161137
39061785
4382272
46806056
6208380
30429181
45139259
22676266
36312233
13584438
41243697
25795591
27091595
24344518
44666464
41356363
22178551
47084153
24235293
42085648
5708490
7890169
16962922
11055361
4841295
5162518
33900213
15215675
3267159
39424706
20161348
40965081
32853405
26596695
1666797
36175718
41726949
31554821
29042570
15550244
39136447
21932782
33772731
33345233
7199570
45192312
22154672
27702903
46409266
16345124
25122726
42263130
8082477
16834007
24765148
42269224
6928962
47119111
42664327
9912078
6571301
46208257
44331887
1711289
32479746
22755580
7133148
26176705
45061978
12143391
34421117
5791213
19766815
36190420
16224164
27106667
3816648
10843151
2580177
4146136
8262647
13322321
17497981
13423253
14938648
30289641
47214898
44626884
40547810
44066071
18223795
9893614
18762114
26609910
42188142
6303041
25303603
23360
44399191
39270764
45020180
45840698
42210653
40270148
37407374
10414615
24526490
47280513
2580504
41901460
34258156
47482997
3417276
39851944
18851959
17921765
42385434
3148827
31436692
30654196
30337560
39223885
15315473
12459072
1306307
47198384
14547454
38676442
2613181
46168494
44670112
4750031
13466927
36829641
15743658
42770465
7834111
35268634
13022357
7741111
43517787
47049815
28631038
33105512
2500113
15703132
34095073
11731238
20421268
39822808
15338722
22912090
42951181
20760693
2945221
10239866
44585203
15988961
41616331
2896753
37735170
12874074
36616374
23340065
28995530
33118628
29748108
5126603
44394451
18616145
26720074
10412275
44549702
12927905
4044041
43412478
42891865
41882266
44002517
2542780
1905230
47221633
25000472
32711315
23785491
39599864
16233535
46722053
25863792
33775860
13890380
19428707
36522148
8531348
41201958
23868927
41367781
16165566
26016530
39015779
21676444
18825771
6368233
6170827
17646041
14805379
47019962
45382688
45010639
1814486
30185912
16803916
23436142
33010608
21511382
24673439
13736072
35101279
32831673
6435084
44863713
10392634
30870353
12653221
14773568
30069995
45462398
7385605
42099123
12224361
32647545
15505617
1179730
44206458
6760865
24906957
17404740
2629078
15196775
28206723
25988345
44785305
326136
3796306
24308139
34020104
44485370
12334591
37847566
27472641
28208335
32210492
43229067
800358
19834427
12421565
35580873
33238036
22348061
26593506
16078234
36051088
8744751
28916377
26801718
9165390
9710181
41841621
29284337
23055074
32914190
27225641
25510769
13916033
6920937
11973548
43782539
17012728
31736257
10670677
31853575
27407976
17409668
35841105
12829486
34206391
37683505
14020970
22193405
38940577
17848754
39805460
14282973
4612964
19206196
37603701
32524657
39298711
8927431
7092298
45154306
24031760
20304704
13537221
22777098
42551813
32880895
38145465
37802757
4328280
40871009
1046073
19612093
30813278
45767600
3842119
17046589
3776531
43782216
29997946
24657604
18269393
20599264
24289273
24731910
32551089
33709873
30465962
41754405
37539275
34397595
31617085
6288265
25362892
33299930
32241634
4749055
28552614
44884456
41790287
37359791
10057731
2888473
15769973
18800292
47024672
7669904
34658644
26728928
30546426
14432284
5401934
46181087
40691779
43223004
41875949
43440287
1204201
43678367
10137320
36284613
9034703
3350758
21656632
25647439
4747315
40000781
15602372
43836427
34826725
38901814
21589818
43901043
8507405
8100069
36785252
20295743
29767082
25259962
26360597
37008943
21350506
14822534
4305137
2285095
47052406
3231185
33302967
12529589
34643664
6786561
14627981
36030868
3637046
34299454
10045067
13554492
5174056
24310559
22246609
43569285
35428011
13489748
12149394
35821663
30976591
11525289
46578750
45401743
3909456
16571666
37737408
24099014
15380129
1073952
16592128
34522817
16197522
26516406
2935211
46222797
8183118
32972130
31019403
37692554
29125398
33344509
38917884
14248375
41526151
8756860
36453494
47216349
35156761
624105
41886517
33184849
12649436
35040686
12697937
27420443
1191537
36663456
12540488
33500916
32486431
37685723
36621209
17584726
23366890
17573081
20236996
18100565
8880335
45284895
3808273
19910626
44461962
30161024
30438485
41919803
21210100
35829389
10363435
7005514
35584670
6845830
25520515
37872596
38882752
23644482
14879955
15300622
4177024
27498369
1913310
14901705
19352436
19048127
2381332
5266325
13726349
22562102
19325895
36579710
5856536
21257250
42115745
7575762
8950923
42219097
31556367
19238189
244719
3517605
29095000
2745676
20606682
6909635
22992641
23582129
19467458
40025190
13387312
41918923
8145933
35508786
17553976
19119713
5321778
27429231
33550431
24756639
21739169
3102248
47107569
3314377
12306326
47506649
23629395
37322735
41974378
28038762
42786792
2532645
30520923
27218968
32396639
2058156
35052178
30577452
10194817
30192139
31879257
30522130
24364947
41669823
30187008
42768349
33179283
28175140
5690061
35481786
30292674
23458395
38405922
47210921
27294982
22593592
10565874
43200634
47179547
44475335
2551442
20601427
17746007
33496370
44810393
1819186
39473340
4860039
46308196
32316291
5827192
42853037
5368725
34240202
8490540
2011868
37078287
2731099
2916069
34875270
44685865
30691753
43773414
20845933
36645047
36737952
28057649
18734142
45682795
31611722
26729328
16665072
23401035
15926821
46666634
39950354
8154594
7157049
46642848
8488762
26947566
24230594
34362497
3356857
44771915
5759441
46705800
7236620
10688838
19834316
38711857
28873534
41656707
12069064
45431888
22944508
38665158
44055927
44648418
34051325
8210687
10802507
17608439
36094285
12805830
39509585
40917506
47275833
32853087
27445857
21736266
23590709
27068679
28603056
9294661
42568898
104205
26871483
16134764
34458908
30821213
26642792
36085250
23745802
26047510
1375961
30939693
9647436
40878843
33845911
16442886
19726403
3030280
25708854
210381
13139998
11690101
18505252
25539567
9262378
377178
40743211
19329651
32109782
33532453
30033178
26434133
18288901
1083873
42135576
45983659
7075411
5628885
34709289
45449712
16400074
13140722
44703783
45848153
21152439
30815631
38344033
24549625
37500283
19052356
29315130
40244035
7461326
18128074
37439960
37542728
15877396
12244360
41940076
10709252
20277155
33982908
36942161
19915243
41618462
36506690
11274370
9235700
41872415
26602170
745929
23195524
44631886
13888151
7504120
44212815
45958952
24325280
268097
2289851
11591029
11187056
2804075
22562202
7284280
25195599
636254
10201747
39577206
7957168
21377091
361911
39974447
435471
8640873
32382762
47277879
37315804
13523373
18676891
34613887
39501382
20725007
5452674
20572803
35822444
43944718
1092703
12734250
36691042
47095777
41672431
8936379
30252079
21925948
44692534
33228394
40289087
36434657
39215295
20626325
25975223
44364642
7591684
767593
18935070
23892992
33634591
7735519
26665595
2985487
29161213
18928579
32512563
9117957
24513702
23088194
12287279
1606927
18671820
27754663
21877300
19746483
11853846
44633686
34280464
13291480
41623100
19662762
15493036
47494257
18068243
25207630
25429571
31308693
19776606
16233154
2260999
30649104
26184307
7737016
18082924
25076859
47058480
9424369
1864281
22906775
9449976
32142617
32373231
3958940
20934420
29887218
38109622
3595969
3010586
19651305
45408444
46772447
1594519
37895407
22064685
39403154
5431024
14230020
29047694
36737503
42692451
47167587
17599782
6141050
8288537
8658555
23212578
29185308
5007996
22365268
43177148
5491036
16241800
7519616
13459319
17338451
26876631
23491920
5797525
3848140
18056786
7513037
24707761
14834969
37497985
12868268
10355460
21337125
24181173
34523711
24171323
36551400
38879050
8941227
30538473
31746832
8684162
5880913
38651764
47126961
11157071
35657532
44675321
46513350
28252985
42611002
11540925
28062094
5435134
45894489
26750380
3221817
22658656
16873096
9513112
16160860
41330698
23441750
2199405
35239774
678264
15230096
11046530
7132217
5290668
29691162
45738672
9167202
42333843
2994232
7485243
12253722
12438149
2064318
40006027
5224494
37175868
13256437
1311714
7246920
28269436
14910886
46352309
11531399
23152399
33681363
18995058
11124527
27797089
34579310
24193243
41156047
14973030
33998972
14037149
43733467
34967320
168041
1681959
35113724
38166084
10454527
24891298
12247258
12498451
26749590
3912780
34962550
37630605
39044431
8504612
16738037
39368488
12670946
40146342
17061474
10917877
37059352
34541285
34251042
19606279
42837875
32152501
18849564
4065255
13869108
47085111
4887198
9611958
43871035
10222426
30952429
2989679
3175311
8334477
25145902
41762588
17511953
26457938
20892568
47285944
43443667
29235299
22307014
6786672
3086990
35163793
24276835
22486675
44347013
7132144
756715
43806223
18283393
24408056
46788057
9290752
3214076
42274773
26269530
45914959
12080717
22617951
25453778
14056327
38432525
3721567
20870020
22869613
30624271
39267270
24978930
41690598
26148309
39786824
35153440
33243918
38426781
22178294
21729960
540790
36458752
28992263
44628167
14026243
21193980
9546887
30631223
9942720
35227659
3651579
20461181
45634391
31795427
26765814
40796308
20596515
20707296
29212750
45500684
41577277
18152564
32802106
6537158
40514391
1360043
18008749
16547561
42919594
33329542
45381301
3522624
27466112
7798282
40114883
31005021
16284863
21929229
26979644
37091540
37203268
19466153
46338971
9871686
16232514
6058517
16617160
27739435
26740020
16093789
12698577
35040119
25248174
31442063
41172012
29000433
11084053
32289208
23809864
39396970
10897033
42616621
16051345
1494693
44157023
23219257
4025377
26803324
32335961
7513491
43396172
32365185
8267241
40280454
45898130
36103080
31962101
523371
15040858
39309902
38455616
28866515
46511710
43857742
25391612
13916407
10224171
24330687
26425777
33836847
23345625
14435943
3493201
45475692
45079317
17353699
38493296
44121887
36050755
5004379
46856250
3115718
39110659
24807765
13351956
45374758
26095825
40262199
9677756
33784343
45441796
47241478
8508506
37628906
38667173
6094528
40134234
29030928
985062
17023437
35377249
30513537
16966627
33749502
6982395
957429
33946548
38522520
44875638
37968640
13503721
27082088
37373763
46379504
3745543
25733360
35697002
39921482
42430404
15079882
30309440
12846493
13607907
7447581
45104673
9636245
10143068
28144399
46297283
18081526
56810
1627746
23531141
16009197
4836557
21103479
3691792
1011511
25018798
22827153
594876
19767821
28370147
16674006
10682502
11434062
30912957
20617119
9612042
34617514
6505578
27895462
15351821
3971662
2338115
21993876
10948962
39671543
28087589
2093139
42160386
31657614
1824792
2427662
12317405
8858649
43694682
33508243
416634
10284580
42067006
36564474
9085318
16936085
33371050
37675384
6855623
43905443
19145144
34360183
24299296
2533915
30590950
40967945
40632701
10276573
46549891
13889426
45121158
44039976
268347
39732724
19340209
40576143
11376584
31452765
8442015
38443704
44084841
16495764
6232865
25130921
3193424
19019935
15114065
42109210
23563842
25139043
24639750
16611229
8802836
35974955
9511215
20314376
42028055
26743274
12765416
2509915
18654682
5388434
24699767
7302204
33389743
40531047
37167731
20542880
34977925
39556252
37244442
23987523
18335942
34822930
10016855
8694215
489696
42618626
22503063
6952613
16336207
36274796
12133616
36098461
41556901
35411545
12582563
39518139
13122195
7376982
30453752
11352478
19608692
31778720
22778077
17880465
10586725
45221480
35942042
16024005
26253912
2421512
13970667
9641727
39366837
20041833
38834755
41147083
26282419
33838268
47462601
32881350
47361499
29365675
28549501
2038761
22289350
5205580
14097990
6803320
40411894
46285033
36184402
6761829
26225598
30200200
29548424
42172720
18967568
33520530
2053338
16612185
15698278
46572438
23450576
45829755
41369415
10030090
46328086
41011070
34086770
23130528
9365452
2746339
7076325
28377523
35550772
15486030
17437290
15422958
23262522
33650065
20059434
11017804
24823406
36696482
11232632
1061497
40119382
7388986
22855854
8124504
45805213
22512127
5203022
13420486
47111669
358345
23553320
28231161
36679221
36374034
16054203
33631532
14805568
44233899
10940233
20127814
44867112
31397226
397126
12244717
8826659
36006556
4818775
28795511
44187100
8877249
25815644
37028481
9193774
5377330
2921481
32384727
23010459
9878280
42510769
23914111
16322728
34789287
17210561
3047688
26602069
19430304
22691299
42287754
46976788
32186611
24764291
37655997
22570567
12000571
7425942
32674751
39429457
975128
2979867
12192222
47293476
25471917
34107000
24419048
29976872
45686805
42517561
46706348
41165552
7721482
11737153
13275040
13220821
45390257
32999993
36957918
25097120
43148291
17523463
14354394
9616044
17797323
30230055
42539419
20181115
11484417
29694884
32270838
1291653
25117951
30728826
27908031
43105046
41063798
29511487
35914127
4521253
34796079
40002798
32924115
47144264
18990500
27885047
28906507
25326740
42495306
19434455
10742726
33532247
4759743
36767943
14686626
45226209
18745638
17878138
40553881
10192764
4576932
6575615
20993622
34656509
37275028
3430147
12224521
36542545
42325409
43521330
19207138
40295419
26045901
5039068
18237757
46307363
38033345
9472052
14584014
8963059
19708314
21584784
23879224
7143535
18022305
44418488
9705931
8552874
18334809
33978266
41842745
22564027
16910587
22597078
22431988
5766086
8714739
16313192
17335407
7063593
22509032
19201673
27091264
27348538
14615723
8765705
31723349
34103889
42407341
45642834
32693836
17598382
3562479
27070736
45047605
9469431
31117282
23337666
19353732
804385
22101281
19245667
132039
16178104
18915942
6118796
36040680
6684749
46447763
3167336
27582329
194097
4585950
18325559
658792
33155438
19001968
38724118
1410053
24808959
42080355
10656702
20160777
46736652
987057
26743542
37725699
35346500
1236384
5141668
672346
10956780
329724
41623244
27747425
17264796
12314636
32873343
26712420
3677268
3614989
14290373
47145305
19040513
46933592
14578278
31745384
41803009
44253764
43396955
9681785
377306
14703248
46060839
9010952
13250557
25507158
37617634
34674154
42923208
4811944
11692706
30819355
35708532
29308607
47517686
38162377
13670971
29258354
12422047
4141964
32184477
20000385
37600630
34905129
5130582
17934515
40992033
37154827
1300059
33727309
11230947
38976355
1452691
25587284
24036922
31220007
35227553
32805690
28015051
12103853
21747016
29994099
35945273
45156156
20671239
18259332
30773933
14562610
2107479
45065265
14151334
44889349
14869803
19666115
46556700
20619359
21668058
12298327
25923880
9933705
32274618
38287267
19973035
22876288
37969731
38841233
3204955
23123700
16092277
3054555
23768580
24200861
9322860
22719544
19415826
6108629
21185455
38352271
411275
4828131
30195462
47128823
3366252
46894048
3031660
34258373
42305479
11734353
27633709
35246614
37570671
14431933
317535
28741803
19671332
19879634
27782559
5184003
4388723
44535020
41341696
1049036
4785035
8247833
6567692
33707158
10730957
16357324
8156809
5926056
1461879
30911415
44097163
16717880
9622171
43940911
11658266
7058865
21773683
18235379
39962682
8828868
42370602
33081505
5992846
19520932
15490911
35891143
11452308
3339687
39749985
38127465
47124948
23721480
45126877
37820369
25550349
9838503
19929047
29888997
14472497
37387603
26322847
5189855
10093216
2563306
22167228
46066491
19739787
17978418
23474778
6881176
7869624
27883273
17590594
17711704
8068623
17184827
1174761
25968447
8858343
16028504
45644192
9304579
3204734
40321977
22924924
694955
399609
35185048
3566150
9282642
27294387
23759540
30632628
16670329
35467123
9222413
22591713
17892213
10108793
43201506
36900583
37767921
19814649
5439370
21570545
34743780
8326484
32756258
32967859
4587367
17857373
5322215
33989655
7543382
39922368
40383480
44738805
38726967
7890661
27416611
31293618
15657661
40936021
26443818
41688616
17574910
46723620
27000208
28601631
19950873
28420459
31461212
16197376
37714473
2146489
41457891
6809524
3739117
14898884
27645644
23241315
15347594
13009848
41216176
10414577
6229003
37526422
17322194
12466952
44876604
39124194
4849800
21579045
23361111
32363801
14688408
41616882
26772747
3613352
2174022
8787100
43349590
29314723
27383088
35938551
46017373
31592610
26773881
33141405
4584893
14635796
29635140
4933017
11814447
8723356
45735987
46405655
40259819
30841604
7617151
23297558
15763083
25129603
6890637
34387832
5591054
16108659
39442860
23019250
12907365
20469300
34047615
12444642
35940953
43400479
9164670
17909571
32041320
17171688
8539868
47261877
7854951
20911784
6807031
13018793
16073538
19927985
38788504
21995864
15078521
35131152
16406921
28985251
19538549
43425582
42554973
30181804
3201293
24007163
41615239
5496326
37171950
38257137
3279972
18031382
16392762
44636585
14403306
32389444
9316737
35238085
40454846
42446159
9871849
39522649
21840290
46721278
4849464
8690954
5588943
33703271
15592603
20591339
39073882
42000348
45257892
23581412
41210169
45314968
39478817
8391705
2216354
19140568
21864374
11286990
8661679
36646922
35319848
31808825
39544599
19514181
25366236
5965799
25639472
15794175
34673185
18182938
41132335
23789797
45741955
32607604
47272992
26235859
27977051
15492470
790179
47552925
36746199
37852067
522215
20338249
34137331
43572968
10478888
37861056
28610746
29496458
44712324
20839270
6442589
38612402
41484710
14605664
18902615
12490137
22271841
15916991
20050984
8524730
29160408
19506096
9664156
31780522
25445680
28034127
31389874
15581715
4454311
16407950
3714736
4559248
9859360
1309878
14962222
33626034
40758732
12805079
28087472
11133525
26964561
39446926
19709787
34028176
39943824
8019226
40049153
13747110
39400187
5578491
3894177
44989887
46704020
29240029
5424251
14897567
28613419
14981924
11866979
47505064
11582193
7438460
42240630
28876930
8161147
7190746
10572164
34658810
38484122
36250547
39033738
40546386
47113103
16724164
46622626
31230316
21262643
39504265
14886536
42020301
6484472
22264149
44599239
31806452
5660213
38052328
3030588
33751959
8433334
4428519
10298036
35348866
4310916
35049884
23338369
21112337
16316625
21931618
658675
2971339
36747445
22309574
41533760
20916389
43071521
12151964
16343780
26852343
33019792
45265991
2454665
22288021
21637538
6546911
33809467
24551858
34652597
46212070
23453922
20694468
5151205
22858153
17044100
30808580
23766862
1406751
25487265
18378889
37827776
25959101
9047579
15831056
26848054
34415399
9606212
21252781
31775776
23721393
29431281
10731771
23628452
941357
41122157
44695681
19504315
35207398
1097936
13958128
41060864
5629372
8683971
26986229
4124893
15637349
10354917
5387973
16222578
47138165
14364912
21996720
46721048
27275784
11258447
10628876
2639623
33494819
39431500
26077607
92941
28489924
17219615
26542772
29047043
5914759
1021347
5546186
41756535
43078564
10307760
19108238
6538082
45690225
16631312
46346921
4448374
15860356
38633062
41835859
417116
39732732
15771876
41125775
24636161
25373628
18807376
29205619
33401878
15975179
8857992
21160169
4476484
11304856
30555028
28534459
11768225
10586386
272029
27681900
36540482
12227536
7510529
7801162
41241851
5804558
7713859
10222516
15443240
3933933
31097585
11934945
15096570
38008249
22318399
43040543
39581751
7865800
25381230
17275312
11498694
45163137
43248745
28585629
4570234
25002245
28262430
36729929
21655905
35654494
20171371
33772923
18595685
6739573
87303
36052938
37971319
3779926
31768534
8541898
41480966
40699337
37226547
19666028
3460101
14452598
22692916
27340042
43977107
27828093
21636568
35556669
45626506
23280103
323198
15450306
8379943
45251540
16558558
35492982
17058808
18465400
33685620
35186351
16378255
1340980
4284404
29429421
14942563
43712801
23958955
21814938
42272839
22773948
2006715
23730060
18085492
47508426
10737077
13454040
29811588
45966466
40267074
35209803
19933763
7715262
46501749
20496961
28192732
3126760
6840965
29482458
2087145
37378243
35935550
39592437
34008417
13215207
5470466
40737626
1439961
1185006
24841825
23576382
4688456
7141893
18026586
9665055
17696838
12380612
20796967
47245388
31066306
32551812
41351658
4470404
32166134
798590
13655996
46320274
1039615
22106325
46190512
15138312
3369826
22720343
34121971
40880792
11775245
9319063
20929404
30507183
44106551
22733535
5549796
57004
37055055
5645974
36478088
23095054
33957910
40888759
10927333
26595901
5419281
40553068
43458012
33455860
47368976
39159672
5163365
38544907
23770102
23470169
28626342
10099035
10945097
29836511
19951388
33911666
12822512
3229471
24957386
1473149
33288481
4937425
11188916
18993604
19298065
622932
12167721
7362008
35469478
17984266
35781493
24607024
45827695
4298340
33326098
13857672
20423172
29303196
9918565
13671067
12525072
3823434
42791251
29677035
17013998
21755519
8954280
11349363
17550991
25053564
42927837
19328479
33249361
10565984
6825883
16969659
17797057
46827059
24224119
15896057
19766571
31483153
38890927
37003626
36518771
4022902
3939107
6752105
16778124
6095131
23523420
30458038
39453039
21035731
25756358
5664635
4204528
36544320
21065130
3256115
39414203
37395455
12502596
21313305
45412531
12642428
40355541
1901000
27060487
40350966
24615131
35406549
47607986
34868025
33064518
29766666
39888381
2877579
35872288
33930087
19285695
2487689
9735283
33788404
16831203
36822039
32209506
5982016
2163719
36313278
38363520
18100898
44626528
4893770
28567764
43511530
38225545
5038178
29929473
39263939
45386584
37357107
7375634
17841319
13246
30186939
46537982
5958294
31201885
33384599
29228407
33107292
38300089
25556848
1578897
10849187
39691922
929831
15228497
31672822
39296751
38503352
37143135
6148601
19311829
28563189
13582057
46571607
12295197
40182367
31888305
27545265
42377463
29832299
23946941
46698556
4018657
13153382
29373490
45704593
118113
3671559
31528395
27450902
38508529
5682669
654293
8019100
9243081
24335145
47173291
38181753
24225126
13613548
40176545
20350223
16267992
26043293
19716905
32359933
2838507
7089609
8631926
43288908
25813642
10793559
22358669
5924064
18068872
25701931
19209801
25310815
12773031
30879328
26796608
35523032
44049589
23929149
8455810
18671329
5143622
33559742
3038811
8908505
44955557
14133251
5666921
31518059
28238389
12627296
28761610
7159600
28885968
2871970
25963842
24923180
45368290
1690341
39357867
45401661
12928900
35940474
46124207
29893603
39473343
7901062
27067221
25378260
18785526
22506069
20666121
1268720
41247789
36515560
3241584
13437498
38538466
40649626
7790052
26112392
31351329
30923242
33839362
8996390
5113681
29307104
38208917
5000232
36371442
3417393
46887455
35678901
44077132
38223145
7859984
19128685
36725537
4561152
4712139
22550409
33901884
36794164
45637137
27810291
3010697
10201958
10681048
17459676
14331900
24476811
39883031
27388541
25809561
9565861
23431077
5147052
40545663
34791524
5722778
5726144
11983865
13697913
32852519
29982049
1497608
3298832
14416546
19208730
18269269
20561579
29556876
11125196
33783467
35435178
22162845
33161022
903661
33814238
25186646
34553360
3700852
35350773
3957464
20662509
16630199
41283156
4457877
39853122
22807659
44668469
25517228
29611816
12200305
29553687
15565503
34932481
32639563
41464968
42295458
12177676
34388113
41731699
41605954
5656048
39565120
35958608
13007979
13960302
30113386
37445873
30595895
35681947
23754177
15317912
21238235
29420681
18475497
12433012
14335893
45839447
32468164
43573542
14046313
24877824
1947727
26744139
45280627
20461887
12110458
563759
23215326
33765668
2166578
5647346
40258070
25604818
5845222
23172106
30974407
47075043
18725299
20311586
14443711
41943497
1876018
8805223
15084787
25279654
27574849
23405955
31793134
12623942
46659418
39945777
27207198
29095841
19667284
44716868
44856562
25954791
46007181
22601582
46151202
29205364
47412125
17085963
42240412
6380180
9480410
15696424
32631331
29425405
23469171
10672091
26858710
29239968
33873978
44322436
41096521
19984509
24356538
44490960
33026745
22597180
25312096
35133933
31849280
41322494
3743290
27288582
32447193
21835420
22799458
29065238
34574953
41031945
12639156
31577591
21358849
27665006
44870856
26992843
2566695
46872807
24408113
35179878
35753448
13889469
24999500
1639163
39601368
1759358
19178864
45502813
43391504
31599602
36424246
9594300
13908904
29517870
4489124
3381954
34870468
29377513
16426082
8030965
19673096
32584151
34316735
47009610
30131913
3031652
2584730
14996818
11119359
15552247
10180377
39147887
26931705
23240142
30070300
41708556
11011458
40222866
14112169
33797203
17690698
6906376
5105176
10526950
42257403
22721612
39599476
31873106
14738020
31451932
21324230
25307090
7485840
36318686
44424880
15135095
39522293
39676086
4816441
24615076
41264146
39583839
9077587
32833150
12228683
42491038
27596386
24824256
22532168
12239396
33725630
12197351
12258974
29993565
23571078
15417899
13017194
13181146
10548876
37040931
28999695
37649148
33525814
39960746
44406394
9782396
15352257
19940820
46021941
17876205
15537488
8430996
27355156
19230153
5236763
40048031
24992473
20390593
43742229
10334817
47590423
3732065
41269877
1874677
22009973
10389931
4869023
23586264
31791452
20509729
8548720
41682552
45886358
28777020
29642092
24465573
11370456
45086052
4403332
37590944
43164653
1340938
8227836
39950728
41847681
37489774
43915803
14657656
20410170
40010164
21708544
45715746
34365696
30879945
44615655
46033710
26208480
37002898
20071146
42752504
27266975
32415304
12040460
26454387
22440167
32166041
20062241
21389513
6955002
8095997
34396711
3213925
7103257
18348062
43644926
32223628
17079604
8939242
40559113
27338028
5644468
43472202
6133694
40975589
4671465
12646359
25962564
36099580
14769526
40299446
30712044
812587
15008740
32518023
6392146
1050654
30244642
16999847
34602802
3741077
992739
16048649
12212602
27523233
6302061
34705684
39274516
42385179
8328377
2120513
21204334
12278879
38800737
46130938
15013025
21215489
45486834
38306721
5387536
13956939
30324309
3227624
47064045
13958086
2273381
37002299
19091455
26503565
21040711
18554153
44172078
21079507
14780190
25116919
40892320
16560486
31410910
37154003
21180845
43659498
15963380
27717000
44875855
22618850
644104
29349908
20861556
36563498
13016015
2159912
14502894
16366223
954243
10061746
42476631
28413420
20995191
537302
34975090
47571204
8807566
24088762
32830791
3253307
41316009
3738317
42989642
40395016
26224225
46107449
46393644
45988134
32106498
20559550
1757294
11690607
21367496
18701644
22060603
44259792
6239272
9474751
21499593
25184427
41710158
46972932
41048330
21033988
44373340
15919931
19774016
10587861
30382754
34126076
7873666
5954596
30157696
1915796
41611372
32879695
14000950
30867697
44230840
20415891
4225657
35699253
37240005
24717704
17495975
17619455
22760199
28664846
15374594
27170264
31746097
20676170
7633195
30162002
6293574
38819081
33147178
38291544
2714195
24428157
3968380
10991473
11953225
2311603
35524846
15777278
36258856
41195060
26642040
8531586
30785887
27117953
23236881
24654153
1957505
36441130
2244861
623538
1952351
47342027
24570672
1584095
14382596
21457718
2048427
20645634
36104886
8719020
34323163
39332722
17508535
6690380
28110231
1209550
13662748
41939787
36745238
27727270
15442776
4557690
37938309
11165337
25160448
39439354
22409292
6367570
39522382
7546437
28696470
368256
32959431
8146557
4569270
46380565
32962832
40939408
38966075
1805767
43854089
27632783
11222491
21332588
45671236
38814048
12074312
33545479
31530613
37221151
42432564
4277439
32040845
3532558
41399649
18792878
4950575
19896457
30314704
39154125
22197007
20549913
832589
34188867
27827328
11239863
12448093
31157065
2118922
11333291
38193276
27555103
29571548
25052047
9258276
12125757
7283434
27496765
38722915
27253174
5180306
43933609
15521394
13247967
3615585
26536794
41121778
13406451
45309451
9764791
38321536
35618141
45366188
42236329
26774376
44280264
14154544
1114802
40573790
22173819
29371744
13141229
18296827
22479394
22802216
34405115
21012842
27640261
22316459
47432910
16765382
44575943
45351627
36594601
19736189
37819135
33870947
31356987
22694915
9691310
12008603
1118810
13877367
6119527
28081785
25659574
3706474
39590726
19353059
32466164
8910595
11925952
42982617
36535316
1466552
42771955
12088656
26223536
15908482
25350517
7114886
27780782
24839753
7532491
7757257
35989203
15124220
24179636
24381987
21576105
847546
10922679
20647026
35827794
2413053
41134663
11340118
23883914
35713734
7427106
37093548
19985279
15493003
5244264
24446660
22853016
26863473
39381743
24142253
35737700
510763
47192395
20023525
41494154
40018272
36221224
16640819
41158115
28365693
13459308
929079
12629753
13543228
32155967
29521278
31172743
10454532
3913012
39433970
15728454
44577707
31849283
572222
40249988
25990792
37708521
3744366
43769377
38870979
29593462
15714175
11660213
7174123
36445905
24853335
3893760
7855531
8215114
45262639
15735940
4949682
21416716
35752078
35014089
26735038
30641869
39348774
42336078
6945306
7584686
20189835
4327719
10892094
10473701
41539225
34865019
46447543
26794508
28055202
32244369
22419339
26878271
34416878
8313966
33623977
21671824
6241122
39729591
3265431
23845922
32627466
22579197
47325282
10143812
43275315
32008960
23696563
36797691
22146243
7651190
1726195
9716134
10398495
28670679
16669762
14744717
6809817
19236776
4375169
6210534
45437492
19138976
45897898
17778657
2072844
41504386
18406393
35038803
12135728
33329838
29164244
27517257
26913883
15316322
34057249
11511227
14896320
16045373
35071496
12430109
44862696
25699119
45689975
43263779
21860862
45042987
15403151
5632886
26442888
37879797
7922637
32692438
17066132
9427114
46982265
19677644
29368658
32686556
5874559
37262075
6415955
18881525
41070008
20436258
5453604
23045479
24049732
2466211
23826281
14405979
19383737
1598917
3838257
5680591
32894231
21261579
18600098
25133355
45320250
46394054
20813665
46105523
33320174
2422090
32702060
14295709
13803085
44750186
26270601
34603035
43802068
38623300
18461523
23058132
1420129
8020996
46829198
9643753
30692475
22227364
15601325
13703146
16314687
30186678
34690494
7760876
28584933
24849648
9353293
4248329
13073880
18391574
18437066
19024465
36229006
35561875
35635109
26810050
948118
40290904
21175115
25777538
37203171
15474130
23838935
44419980
24938522
29635437
46686031
22022932
5912677
33024648
31656256
8553811
6635348
9840846
3441186
24336604
11775767
38571719
33421264
46693019
29772569
30485192
30999357
9418956
39647359
377807
10668538
22780581
8121336
10734587
6972206
45426795
43179212
46847102
45343949
7949193
23722759
13661383
37976677
44968867
31422903
21815410
10146228
29908745
3098681
12479467
43558943
17726352
8799150
7969675
15693662
20353613
43481436
35655152
3784020
16866778
39866472
4967554
20841977
15338144
15165376
7735105
82846
40263622
23124342
36716169
17582517
26363893
34882084
21194870
39856242
1514158
18716728
45276761
38993405
38015933
3680317
40622871
2032689
36055538
12098240
32682114
21603195
31648261
43398681
3850069
43634802
29561931
37412179
18140475
15255298
27545357
32220764
16010281
22681105
1794052
1834084
43997648
34117651
33367926
2478141
42189482
15164356
33344399
46630047
3404137
35983244
15234779
28524631
21994179
19485946
33093583
36893434
22786729
35623460
18870353
14047891
30527930
14306632
9866821
33529712
4278620
4864252
35460314
14176196
31327061
15286402
21109762
41519506
44571773
23237173
21777346
593037
11760219
2394758
31395268
22489507
19022667
782436
464651
32710746
1732820
45080124
23056684
8738837
10129133
4563720
9214673
2031821
10028012
5002569
45679398
42746028
26180794
20173912
40676435
37417556
23358232
45482590
24775763
43978736
11476954
24416191
21841373
41914315
30982091
30612831
27058459
38955525
46659617
2994528
9654062
45637586
34950991
23526566
47134165
13130915
42145709
4212103
3962423
19925588
31465379
25505486
2069592
36373239
1849283
227448
17675396
26989497
39039239
5393174
27170965
22206242
41044101
38838543
14855856
44670170
36596818
24063931
29301462
6055634
20687141
38771100
46113422
21820076
28990858
345664
14202094
22220121
25390328
26066938
17855995
42702140
28689806
6875747
23731446
22469786
8798210
17315824
4852135
16832996
11959074
35942423
7350386
43983931
7275328
38401925
20402311
30541184
8410393
38140363
12585816
46477066
9780242
3191360
12651584
6770736
22565336
40778760
9397729
35331792
44987133
16013851
24004297
6220019
45687537
6415622
22651254
39575215
5356750
21553315
14516213
15585144
33700698
21592065
28615223
24344145
35025135
29871948
17955368
14576931
33393724
14428059
33825481
3009505
28236024
24516428
2406610
39877148
43401627
40993878
11327495
38767114
17936315
17588675
36212369
6112322
6092475
1097939
30092605
37381607
35462618
40534149
39613524
9356553
34176931
3776878
11422380
25481806
1511827
8560912
28361451
30384219
33802035
14342656
602895
41002480
28724802
9022733
28549653
4634513
28091166
46382424
7588348
16857595
11496200
35114430
23629718
21354472
18278925
37168457
2801685
31139667
11390821
35836646
2967776
13728727
7298654
7895071
44730356
18737609
22368877
14018795
29781324
45443159
33227855
44223766
17486429
29123891
33575170
34810833
2079768
11233571
34886224
20083919
40837878
42785332
21869108
34071262
23586389
34749258
30811239
14575040
33205494
45272094
33571595
42682706
21641975
36171046
33136194
30711561
41599889
29569322
33434544
38201162
27956730
9137566
10648595
30285597
32077726
22341599
4958212
29605850
23039297
39710893
45824812
6766615
24232545
39763453
8293626
9011349
1543764
38182748
33647048
38132788
23630119
45010550
14580115
38540414
47214761
8600475
2310620
3398727
1612592
24296977
27552566
2704736
29703444
35916997
30360987
2471875
4335905
12857320
36424642
21306284
20511950
11094961
3506592
15221196
38219689
17720879
28007905
16054580
14552629
36246499
28586276
37733309
45405790
11013242
36229794
1239636
6987883
25623644
23456161
3941459
47237137
39245570
19953749
27231569
36614694
17503667
18690837
30639622
44988974
25329681
17799692
10324357
20485273
33395714
34823292
27198712
3168250
39371407
35078304
29462924
38450709
22606637
6537118
1589756
4025359
10606150
25393475
8080027
31030111
31820592
31597710
25039171
7664479
2450082
13574335
5975072
25158297
40971157
12839929
34664616
4844407
37047582
23111066
45930165
35261067
43061886
39730408
26348930
920697
17505270
22925806
41894556
18581278
43540969
28839885
43555332
32219643
41182884
29125921
5990940
29189716
29147628
16498439
1689406
29935389
20213179
40745144
43137284
36126749
28435951
16587153
11557846
1786515
27659181
11233360
8912137
42141188
22225138
3423124
11669745
3957595
32028441
13054671
27669549
16354929
40300604
14429411
26228703
11993168
5011896
42136105
32533912
4245841
43895261
8554263
39441709
31696430
12309193
26550131
29602506
31683038
36537972
5358089
45517982
33127994
36618223
10522616
35505046
23301145
24038287
46225075
23898047
15673512
25397670
13240138
42769830
28307436
14451118
31702599
32102860
5799657
3274447
23979649
12414133
17232433
43855071
12891577
7127527
33269758
42655763
29278020
33775057
3409978
16349867
40028969
2656551
13317077
34094330
36889971
47013099
13398378
25861008
15691512
25547286
2123837
3822622
11067231
1238179
13685064
33461755
8123211
40995525
33652014
32768181
4556159
10104906
10585313
17845815
25459507
47104702
39245784
12928153
46389691
5787030
3032789
5934639
18410183
18947582
25729555
11028963
36355190
35461093
28770773
16902492
14480055
885658
42781162
25215477
40724969
20299540
47419741
27998633
36439366
23547108
22182868
34320344
37289003
11090611
31243635
17564957
715011
38492357
9895364
45488655
34986848
36728811
32848688
7381220
30202392
37878463
34901794
24486301
20981038
27885115
26764934
41908182
12804293
22481622
25405736
12726335
31470175
23872633
10849368
7152624
38901709
11092257
8110312
19724046
15409203
40361279
12703196
7869960
3505509
20776553
17673569
32639231
11560022
42580226
25123030
5716091
16897425
7016679
2754970
31716460
20114424
4283311
16502445
77958
38621448
1533103
6910570
29351153
32580925
4790714
4075915
24211266
716656
15359034
12054453
7539243
41889373
39536643
42839994
23509882
14250134
22703344
12549804
5843930
30716404
18106351
7994724
32790966
39545858
46081659
20247617
20036466
18305467
14969342
40777388
9270295
16562178
7153459
30308841
13403262
9107660
36326881
17190416
40787414
21079662
20127810
12309250
18379491
30320112
25170253
15993681
8406204
39596940
42053454
2882809
45535439
26170493
9523066
17576951
19509392
32809795
5278275
26869079
9035172
46017165
38657532
31605057
8192519
3079402
41591961
1246449
15930247
15247219
44672606
28478164
2700171
42451302
39782600
7419413
21913908
33183314
21550228
10556998
41671502
15882960
46003347
32992091
11694704
24323271
12298676
40250314
28808226
11904714
40855151
30073718
42858249
40611733
37623097
11979672
34759155
26344742
4183844
35062084
17580650
7254907
41339167
314361
20537394
6599286
38512789
16390513
44155416
10700870
17197255
8679411
9221859
21680075
25727017
19054391
548648
5427565
4428766
3768111
21690069
243418
40060622
35912179
5852577
11278355
7795828
4730674
13797694
1962540
46366521
17266289
39361116
34739881
14445176
4146881
15087474
27811918
4226861
35476005
1479011
43127180
35595997
37777468
26165030
25333055
19659228
1814140
31347497
4185348
11317490
38421493
42000841
33815869
28116351
6155506
45090662
5833288
11007757
44141406
15245027
11626640
7854715
35214235
24686009
34243259
47530021
27221470
31366510
8709681
47490008
16345147
21995753
15296545
23151843
24350890
41595558
15473880
38106651
45569608
14828110
30145224
10305142
40878938
36335208
27316665
181352
949255
43231865
46991118
41320294
27640793
34550631
26255060
35294214
2498142
7910352
43853943
27341463
15021363
39357532
37227066
45836908
45254863
26344591
12711565
33854240
43635951
5679373
12995029
40298068
21559173
41420017
35632081
45731188
35385953
31694801
800235
12272565
15591071
12440486
15065233
44990183
37086092
23378311
44083875
22766680
40498990
4496410
42758001
21828059
41712670
15916078
38158945
16434226
30318640
7032192
20859211
8371486
31730200
19185013
4665987
28471589
11067667
3937279
44930953
23113387
21137333
35969750
2240935
18210889
27997998
44330526
5939910
19353015
35522925
39587465
32652283
18670931
15427344
31875526
36312717
30312047
33207438
31126753
43185016
21947154
27945596
6707800
8739101
3258611
13150949
5762311
36184240
35564280
30409947
8961203
25906055
2926443
13005355
10554013
17304582
13678585
8807600
13962446
34310733
16851994
29193723
5810360
29968214
32725298
46278088
10219567
39770635
16293887
3181157
41510818
18241656
24686984
41166852
2976790
19717975
25196670
22962364
27223037
14691828
32517107
989451
20385645
38265465
46936770
1746412
8375738
26977853
44599210
32378724
33533976
34493781
44078426
7142272
24782250
45598267
29984201
7038410
3293419
3085834
26104173
343966
15264865
10002612
15970182
32658030
40104939
15538445
43088861
31267189
41916183
46895245
1662681
23672836
29889727
24992520
4757203
23607015
41053877
10105429
35910299
31425307
14745134
3513761
29801675
17743839
47338451
31931970
33577841
2949453
35430969
21135164
31983785
30216836
17507673
5465340
42212772
13871353
21232262
1227219
29604507
23276950
17005518
29313765
18915632
6282711
31548644
47295378
40340320
14662173
393898
37430140
1623632
44611295
3785311
45479705
36809602
1812600
44111002
17476279
18575668
5214133
3627491
31552048
40647668
3636320
31843078
40985553
36910450
2988915
31831701
290742
4361318
10722807
2798724
24263858
18585995
16886470
46901480
2910180
13038541
3392603
33644829
8787530
12835296
7006314
1368703
24366926
30846932
38896869
13848788
34633621
12176466
47601172
4742573
47272115
19369474
33887766
14187455
36619707
46237598
21108894
2525621
32741064
44780416
33522254
30005981
15675815
3847929
43508877
16875352
9284614
43200911
31672117
7418827
41111974
28802986
15115438
10518137
43823312
26720403
18891220
34924651
17547954
28231698
18464807
38118263
35393370
40293772
40688561
34094086
18530137
28972082
21646971
2735082
29104601
29674325
34107105
46410464
47206919
5341568
37846838
6899390
2088937
2869131
44946992
35627439
32589674
36005036
39236918
8898661
14206051
38269523
21493446
27039692
45481931
30814639
2463305
6332887
21763635
11716479
12447115
15795054
47477482
44616249
21271581
30304138
35111010
28765537
13597228
40307529
3252631
34977707
14596001
19105102
22923061
8941956
44000522
28724616
21798985
6000997
40048819
39809963
45431196
38288808
29609990
44182647
9051003
38356827
41495773
11002184
11848997
20474469
42133474
22206947
9505239
40116045
21740512
42413482
30546509
26229522
30745130
31757530
17088249
5654045
27748183
41808446
39786575
43033128
36285798
34632625
8179802
1760010
15233576
1248549
34271408
38863164
2686873
3082422
26507829
21021304
16478710
42285654
10969230
7051032
466435
19735360
14603139
43120991
16701955
46398980
9141273
25091085
9042949
27923407
13477471
37358659
5522648
10187552
34853325
39559390
24432652
11964856
20132206
23980413
46171676
31188985
12355334
34309173
34213713
36865779
15085676
14461281
46852822
43877474
45091497
4955445
3033405
15814160
39013320
44254474
42389633
33861470
11613613
24327894
22400759
8323522
7538937
18606861
38398504
22888469
24460787
452238
13403181
36553222
16658682
16896106
2008875
28133159
19223497
24786035
37622958
18818203
22013387
41897377
45877671
29277337
18585728
11422535
26068130
5151850
32640860
18061739
16494314
3290091
16788957
8827500
22568621
32260469
46789678
37946266
14518891
35517566
36437160
44117076
34544346
36135524
45282610
29866444
38120201
5438896
7806250
759184
25584136
40346051
23311648
34455136
8242810
13433878
31425279
8006391
41301139
29350769
6306385
12700417
33365074
37172092
9647823
32232356
17741578
11272112
6542708
23045419
973219
301636
46444467
9711505
3048925
44877316
22060194
37361017
27464761
15070200
25057537
38739001
37136844
14911373
8063460
236419
24776343
2074510
6733608
28600722
43595696
16744294
3052594
6166320
24464117
3409313
25689648
47339763
10298893
11274675
24210953
43905318
44862712
1567150
40294915
13297909
22446158
6989993
17337083
36335761
30576960
15179767
35709144
36900425
37745031
5988950
46146414
1209223
6088815
42632918
30581731
42462978
44923781
47253281
28086673
24734355
45754024
19448576
23128810
19037178
14021964
27677405
3610403
36598405
31764596
33304921
994429
33720397
29056637
2157316
5660220
41286536
30078340
29720194
43397614
41569410
4933738
8547099
18237493
16269440
45319137
30938451
19409908
20189426
6532860
13671700
6639148
26716846
5426612
485007
15426775
30067162
946412
22949086
40637579
45654200
4248284
46447114
33093780
35380101
24722580
28583630
2922525
41152533
29820059
39884118
23331917
36274298
10837963
39942646
1893135
30163314
24405591
5738207
13550278
27426015
13278691
11187743
16323674
28003053
47148596
40087690
37039584
2902213
23734404
46834068
17594023
21511787
21724534
9543752
37491179
36213650
3797174
10648408
17820616
41155761
34079758
30999272
39414766
28284650
15537055
43764929
16613035
2013179
45103120
7396138
11102341
32885639
11649148
28879588
38573470
1669985
21386888
42849120
37951794
7256220
25109534
8050270
36664211
38154488
5746578
26842771
18393034
10251414
29212254
34431344
1740995
5795108
20495820
683440
16705217
18557479
3695412
14250500
38520839
12217481
43356991
34866357
41922170
15012765
7492699
757953
11328192
19164271
22773189
29901523
18202010
34565047
2303692
9821440
24795056
528767
45240518
31571691
13544021
28450749
18969127
6091158
36699891
6971944
44598029
7488320
27646641
39087932
18503510
3654482
17905312
28344225
32407260
46197820
8718176
40972032
25594765
29036670
962261
40851746
27597831
13414173
14803593
6808528
17224525
40833366
34594746
16789769
12602564
12486466
39360858
17030785
9103130
34245174
26935304
10543700
36594810
29025762
21182620
37769286
23890825
19317493
24659652
39045229
25636658
27291507
45043374
37386623
1438839
40191692
31081755
20789302
43799648
21580228
24857386
434756
28230802
27141883
25038912
605381
3383335
10149287
37705482
3593033
45260365
2943145
36971081
46435525
5134936
6898730
18143236
37489200
46324439
2401748
41611855
35860036
25852668
9885285
11338470
28259537
44002044
9501527
965519
43364892
40959426
2749105
28039448
32659024
23758548
19923228
15543503
4823905
12498923
34762336
19265556
3858442
45418210
35105954
33325892
20289340
8184292
20775091
43487346
15498006
24159081
36760173
29555168
45203131
13493242
1836943
32327621
5670755
21185705
3250017
20359047
13334005
26600558
8116220
17115520
23968246
7424305
28391168
38201952
13674083
36954127
36803206
18142551
30162473
26921662
17584404
29445598
40296287
44226010
6727173
38586441
26565951
23266931
27718225
17909113
12856090
28261239
34111207
32921708
12885302
24259459
12242827
43828486
7665915
691915
36334353
38409897
46393825
39047041
1398746
43141533
11825257
9881544
5591750
716875
39268979
20968394
22718425
6743448
22693662
36103846
10868216
8656837
10410841
47066987
36441510
32577985
20409539
9851747
20678881
21700420
16593544
11550912
7494132
21899622
6941693
44897313
37011151
8285895
32255387
44160805
42583385
11108382
23256169
32233357
30642054
32525530
3308335
39258183
908835
14036825
25693005
11411229
24858931
30476459
31691051
26589763
11899104
46319120
45901807
9127968
14206288
47337526
9642822
10206820
37532074
46265799
17675529
40460347
18346114
21147004
25938239
10350028
33109932
38340640
33958625
44027475
31616695
36881511
18598781
37107607
41821498
42826546
27330179
45879169
23610958
38015535
33331559
2771136
37146435
46174282
47095147
3999467
9805451
16020627
40141292
44681728
32953288
1562127
19555711
7996085
35647073
35207600
24001404
41726061
11757548
2110717
30462297
47152692
42670014
23382235
9777427
43552330
19215588
41958248
17581212
25873425
869100
34767278
3285989
33146967
41402434
36108123
11468176
17767327
30677340
43612768
30159620
29990805
13525055
31958112
31604682
46564615
28483655
26924290
16297367
12214857
7050704
7080061
37375264
4151287
9200250
20462783
25971117
45985767
41089148
35457538
22587435
20365736
46008448
14787867
21678791
23635107
10464386
20499012
35217707
5720137
30087712
45811509
45996124
19604044
8508060
4680391
35300851
16268798
24907189
9217306
27483196
2899417
2913414
16912481
25790170
10824483
26983635
43157183
23398332
25757015
37059091
12833171
3720548
22373341
9357083
1179779
41061003
9777852
38021300
37016199
7334014
15517271
42337052
41315733
31913194
39849263
32416806
26083545
36395602
22007772
11337494
10570715
29752850
39698932
42572450
30242988
40069755
6260223
11131694
15598763
27070070
14685750
8509691
2540768
33955941
4612834
15802083
4044804
2443838
27537632
47322750
13628282
36247681
7521392
8898927
10863252
3453660
15442636
14746050
30858490
39864923
24282166
20641869
47119863
4662779
36312226
24144897
24470992
31833757
44055945
12122675
24529301
33373413
8930459
34348686
34944740
2168996
40908055
9365658
36425557
38899951
39801358
9762958
30418032
4067732
41066291
43727202
25238774
28221317
43107488
10216621
45388664
24652990
36973246
22974966
27801788
4478469
32732556
17381919
7304456
10682532
8225819
42824219
3462276
6761463
46084235
25579082
13353440
2008103
17174301
31696202
13515522
40767229
16306667
34300831
31472562
17878577
619714
15022152
30442654
23488101
25886979
22413698
44461202
32494777
42886014
10419869
2207616
22050024
14189703
17123841
12253859
1464356
44349984
25493195
41018023
1499734
13438384
34300842
36102582
24017073
20423137
26824692
14328270
46038091
38714719
16450409
35045923
29775217
41778777
13062559
26636899
41002202
32171288
39074936
35320764
20835990
43840166
32693776
14829768
12725347
25417460
34370665
8056333
273852
17088414
11750784
13007152
37031312
18911308
9277890
14722406
21995047
40753576
2911463
16025771
13973105
22281633
27016967
3138318
776575
33534875
40205567
10715041
11335298
42844771
2626988
11039825
36148422
12309918
28069104
4669014
25143608
