#N=4600
11291904
8011525
12579468
7644171
798714
10865454
5328407
17614766
16725201
8133044
11238743
1358747
12155406
4531686
18281646
1288790
18206975
19673362
3968502
16121915
10410426
12187972
5077227
11658121
19056973
4719434
4174892
19894020
6233008
15883689
16384298
13971280
17536358
12037561
2315764
14667496
4463799
7518910
6376023
15366454
6301185
6707056
14560649
30161
17808259
8931830
18480289
12408607
9262936
2104077
11044688
19912306
3454546
357792
17806776
9486499
19646427
9451203
3509722
2585275
8670878
14670284
11655515
13192409
7573762
5120401
8291472
20580893
1217725
9992514
805804
16594570
20382345
15952366
2709873
5399651
20828895
5539757
1363919
20834178
8973078
21010442
12429076
4291593
12194913
8355573
5976777
17061152
11103872
20322986
12089760
5802016
7096522
16858661
4900936
18476416
3902676
19458959
19775089
16106702
21093716
6013439
13884697
14982694
5447017
7493663
4035732
21154718
6890226
11837025
8405101
4681485
19139076
14397050
19474817
16293761
18411702
17137339
4971392
15625402
13226464
5554646
901080
20103653
12955984
6601978
19861328
19279522
8688790
2925195
12545552
6111022
10889969
6391034
110508
5452300
10926984
13358708
12749617
2208741
3021495
4331598
16690216
2845315
17145349
12661024
11322369
13109846
14234422
9740292
14724322
3446357
2922209
15459103
242325
4000009
8236735
6099679
6733969
2577767
13195227
6154518
16324061
5437669
5787597
7911801
13862684
19041790
20660759
18741566
6678526
176180
8346249
4029191
1846492
14359050
8750149
11905624
19545525
10788065
6818083
20425220
3204032
9245746
17545915
15302647
18426041
15982514
14064452
10902998
7413707
18081105
10690468
18735807
12734986
7905808
18734589
5444665
12363264
20484579
10395316
2649334
8653235
15147200
5602589
264415
5137072
19122085
5087540
20280305
17907579
18732338
13202852
9061386
1143252
1563400
11561741
7523043
18892354
6306894
10536076
9837900
5346119
2784660
10324765
7290321
16702545
19410011
16209349
9713929
994890
16408117
7370292
8388819
20333675
7640505
16336876
6016767
11538052
17838750
17401000
8846193
6752631
802998
7823192
14780210
14154594
5254847
7310513
9054454
960774
7751416
9836682
8379345
17565663
12074754
12240972
6988615
7578667
10124779
12667184
13766071
6397988
20889787
13211944
3480454
6426000
8821672
20099315
13015406
249665
5761548
1023001
13132422
18131952
12891891
17793244
5100140
14617620
9882644
20377772
2904976
509299
8085475
17298374
10577048
4496087
12439740
4644978
14972597
14050338
12937398
10877674
2917534
3627333
14713819
14864686
3734140
18895554
14337767
11992405
18600791
19113144
19614657
16499179
13031812
19434272
18234146
16205915
11712644
19696892
12292297
17090150
11092252
3589388
4858634
5932070
21007038
8712949
12867581
14418470
11132803
19633611
6487402
19536396
21053194
16978265
526919
12901736
10618310
5548170
2701295
2101612
6081332
180385
8588579
7149443
18045175
8860801
3913618
4946041
8604639
8702909
12231516
15483729
14065898
17305686
14224490
6588568
7903692
3557516
7931068
12756408
8903964
10669137
8173023
8151458
16683502
16138749
20523988
8516698
20626839
2520910
14673033
9255435
13618757
10051325
13559372
2262680
256162
16370709
13874526
14280911
4960558
16085831
1259239
7477330
19725540
20990520
8981047
5470831
4977099
7585477
4583385
752506
15145636
2357820
8787471
8166803
16671911
7166624
15003666
534950
20385700
14945255
6019610
11356077
9795163
7512210
19871702
7135252
11410151
18948696
2185217
18643229
6683837
11752267
8819830
14254709
5176967
1395569
11210992
4224592
13599842
2225565
13125036
6978833
17169457
11944394
14323138
16136961
7940924
10381957
4838887
9029623
5150092
8830947
1807921
2659911
17262060
923006
15273581
3090468
12264858
756497
9823399
13589129
16898846
17747807
13367264
952375
8955728
8985427
12259557
16944556
16539655
11504189
13815695
1032496
4003469
14264728
461620
20071302
15555412
6331487
17545249
12813728
12728888
11208462
18869877
3335137
9818149
14517084
14427070
19835730
15341199
2399139
10545412
15946471
8792079
4381836
9852819
2334719
2769319
11078914
3128860
4670705
7500720
9874514
570876
15415715
9032863
4453680
12849600
13065230
14762600
16660334
15103852
19717297
1390313
4352793
10068068
11142419
9499432
12027931
19613865
20554728
3930607
6163575
16417199
6457359
1612517
9097451
9529406
8422161
3578194
14414347
4099828
2408551
11165198
6440743
2566115
6291179
10851081
6512813
19121379
16205303
15270021
21074605
19972776
11407894
16013362
19200138
1852101
10104704
18420871
13450290
14461076
18633248
4551058
7319748
7251500
3513903
15842804
16275060
14645879
1169643
3249148
18819086
21002437
15197566
5913209
6376849
8329801
15805778
12402793
19206775
6556074
14185673
5061243
772637
9555793
5908658
11102814
9561812
5967175
10111169
8899232
17464875
11381748
11360701
1800491
12136441
20351572
14673161
2189457
16986794
11650754
19535130
2069422
3789133
6867765
11267432
4297603
20606574
9249704
19377120
3309078
16106984
4629880
20312586
10829824
10317528
10265029
11315192
10986127
9662301
19889422
7862077
15664384
9568853
1332676
18610878
20270531
3364777
13345954
3814328
4080918
7861620
12667365
11961991
9815077
17744739
2017728
6080484
6461042
3466267
3910786
4156493
5277160
4635898
20371103
9838179
9654948
602728
12585770
3124049
4321464
20644116
6529401
7377053
10458323
8291446
15588471
16456203
20443860
5484333
12306963
2442473
8370090
5246173
9944263
3734593
447243
8875008
12493244
2304549
19349108
20434889
4945390
5762528
5304497
19768375
7575955
6530899
6604810
2265201
17754649
18104412
10185792
8561502
2112129
15162121
9007586
10104137
14472786
18001387
18274244
17384337
13658211
14959044
4798930
11392802
1564895
19302695
10685901
13218356
7682705
2750126
4293938
16660563
19346573
19933599
2327111
5310754
9936250
19983946
13239410
19516694
15992283
16183672
20713916
13167992
11012882
12166200
2153440
18248450
14666723
13638746
12585406
2265408
13394149
16979783
11030448
19830087
783535
18259322
8924418
12182143
4563553
5520340
3496998
14035819
20320895
3503166
2394891
743103
3991662
18215739
19962779
2824291
15494337
8547716
11014552
13924432
7823024
19998242
15986591
12401314
244597
5929170
1558507
3887609
16196248
13931127
10905668
9761393
13695768
3404078
19008692
11687735
16682992
21153833
804474
8741338
9835050
5339153
1940325
1167371
13044949
11415063
2133286
1569904
11048238
1339857
8261388
16581711
8917190
10057421
6353
6680535
56469
8787380
14141941
6434855
10558906
7501590
1076247
12331580
18204634
8178406
10883260
7941654
11318782
5788868
6801013
8667679
13454205
848809
9357632
638590
366824
793429
3632063
4790074
13582667
19363968
5738903
12560202
20324499
12378974
13698595
14781615
8552021
6640351
5358607
8550872
20780504
3221388
1448320
10262980
18019625
15417939
11464187
2651103
13494664
16275751
9633593
1979160
481984
8564203
7330074
5900297
18694309
5428095
9374718
11346012
9363016
14519930
20021608
5542884
14150499
17381790
9423007
10324696
7019848
12460766
7102552
20841071
6361764
7190382
9122339
15368521
1923274
16348437
3341057
679050
4957313
1069390
4972633
15741688
193441
1901979
6849126
7348297
6388626
16014788
1647951
3820132
10692978
12963364
17279877
3825803
10361942
7285788
3222143
17662325
6099002
10235717
11718731
1316789
15590654
13933903
12027464
1244224
554670
2271667
6029964
20699172
11199496
3070654
8892562
14005145
16673354
1157884
16023892
12892040
5321810
20168135
7700256
6867174
12924969
20317636
10927207
13859617
1186785
3309973
5943594
15105760
4968610
8108375
10449326
14346430
2542779
20079344
5537807
1015498
1395718
2959310
11806610
18354352
17880848
18058225
8304799
14104860
16996075
17015758
5191784
8778183
17566712
8542620
6263514
20225353
8294397
17940781
7916023
17564573
19501364
8158766
4656434
945727
5565595
693528
8808622
1527281
18683626
2578497
20692436
4201367
16562010
4071932
10049552
3775987
11385697
12449042
8913076
18541439
9772593
6972711
2514668
18501360
10571770
9482734
1472875
1053370
19599418
10080804
12908139
7719183
2593170
14286452
13297105
14361861
3169903
6230125
12318392
3645805
7176488
5784050
4475361
12786022
3009782
18760511
5186458
14004259
12999996
12263912
16026770
1594779
17560941
14191935
6192031
19841947
206863
1715618
9305232
11880235
7487634
8945234
4745624
19714857
11116549
7066980
12367016
9847644
20213637
6534342
20330445
4714013
13097815
6874851
17923111
10165524
16084062
3246093
19137489
11405216
15862971
12158382
5726295
8042541
3148617
14799960
10536715
19810176
15387985
10683545
7134610
19256325
18988685
8002191
7347841
1268905
8013344
5832674
10677200
4663170
3760073
2619140
7950903
13255838
1114335
14677017
12188035
4678846
18866670
17302654
16002468
7820430
19333312
1249882
7829373
4498442
20571976
21013171
12675566
6455207
2018406
9455966
11908484
17719780
21148848
1515167
915251
3350173
12396147
18381607
17872268
827782
11828351
3597432
1067803
17595490
6133894
16045382
20159926
11046240
8292889
3916131
10314603
14834870
1837907
18299750
2146423
3280315
18994764
3219599
15706724
5458627
19790666
10393317
5968075
17798674
20602567
3693645
6637906
731911
16876803
3438382
20919980
15392862
18623539
6182421
7759111
16247655
18076040
16243794
11055183
3781566
2078224
2338400
12688447
8881139
20464987
9250370
8733592
2699683
4588934
5313407
9814099
1991992
114296
12597977
324314
19870656
7976843
3199524
971932
1483941
16298391
3901104
17957297
2375883
19589929
12675318
15516019
14294474
14165570
19040330
1416666
3520631
13356961
3438076
147547
6928849
14984983
13743732
3209131
2596942
5199110
18376123
11991224
1403641
4621134
18284791
8062269
6492902
18384681
7394375
4686644
13922507
5471176
15605526
18343412
5295454
19669748
6799235
2041354
20968486
16006916
19138590
3373084
16751658
19936641
17887363
3719718
12388041
8544621
5993009
929264
14119016
2918535
4029980
3664919
19288233
21060111
667894
1806257
14785720
1923198
20564666
5902642
10499269
17095779
11544177
3254100
9024809
1115866
14386312
17595402
9578805
9525496
16969268
13031940
17872146
9342742
8050255
622323
4749152
13398021
18059285
10454097
4790303
14453416
2997024
17481975
6274391
9068243
12725139
19206625
12583930
3468887
15518466
17568716
18394516
10428311
20351336
12589408
1860608
4860815
10949680
6870411
1976897
17950073
4981685
17249823
4593589
4975781
3723038
15455056
18931265
13929416
17780619
8468328
8179025
4252328
15080383
18551313
17644313
9256252
3688159
5338761
16557918
5090155
18377381
16128655
18891250
15490520
1639728
5313743
13207465
14159608
1888726
5887074
13356484
5904
2690331
20622081
17528063
117169
7997984
10462937
5750390
13528291
14547946
10787713
18091563
16147677
4026700
12305552
3021881
19758005
8121381
429263
17682453
13210407
14488927
13577506
2283055
8640121
3425017
17643938
11126671
1882822
3196743
3057950
13961388
2573161
12624097
7065126
15526780
15629694
6238537
5286224
5760275
8723816
6761013
5786011
13125796
15752242
4184170
2592617
12399099
5234521
7100337
4104946
10927352
5848806
20476036
16122665
7836997
1542194
14447194
18392268
19404982
10947129
11593854
17219809
18529929
18154404
11150136
20564102
20192966
18674722
19685212
21134265
16758020
1332317
1601840
10533179
3353143
9273196
5815827
8294153
15467169
11575078
15112458
5128234
8335356
18933842
1675470
20928277
13620760
13823612
6798414
12508720
13577200
14599451
6069673
8289374
8284985
13635414
878890
20218702
12240249
7516441
8695970
16548388
19139175
2652191
15040899
5382537
14966028
4564295
3505242
20662482
3239722
6502163
3452764
18890627
5313081
19335406
14129863
11435587
246412
2522510
6439047
15611373
16638013
2757805
7410484
9226284
11718712
3685996
686277
16851861
9537266
16367326
1507489
2920184
8846164
20800150
1877295
15463547
1324573
7326626
6373264
15832643
1189081
5277359
4760764
4201041
19088994
770899
4996540
16118586
17368045
3681241
8200889
7411729
1362640
14048035
18863553
16026852
15308730
15802499
15344372
16940629
7521162
12190887
1042889
14542618
19475577
4874216
19413830
16975477
6137544
1095905
11071879
7311587
17671913
14313412
20364501
13293954
4562855
11638846
7917697
9956316
2318601
15312855
20031723
16819336
9062851
3061054
682480
8691648
8281336
13477032
15897739
3302091
13875310
17328674
5452335
12823647
9060218
18317925
5903598
9149504
14907540
17918468
8107087
4377958
9750557
19049202
5376257
4930086
9320244
13764842
248139
16982813
16573551
16970669
5300402
371203
5103265
8365449
13953910
15302792
20761722
8892612
19009757
11375210
18592003
8294411
17243596
10234261
13733932
9145130
1042417
10529581
8167911
10217885
20161702
15144018
20052505
1934962
4681946
2660978
7514838
4437471
11682411
5365894
1030950
18094954
7577294
10960474
19087274
15384845
17453035
19710059
624156
21038893
15291615
8357741
15720480
8098465
9191844
13527897
977219
1148078
11527880
3347440
488927
7390286
10462071
6555073
15580124
10568022
12138567
12472491
13730068
3911004
18948601
11230477
20167680
2515996
3830985
20537216
3924235
6737689
4418443
13426415
5318413
17516697
9489444
12516129
7121246
8043766
2000017
7953325
10982698
14461141
14045370
4257401
12970162
10217596
15576506
13431180
17997954
8227563
14683891
2499591
4903325
5596151
17723038
20790465
19751762
18253297
5282319
821366
1419275
18385294
3936971
13962285
10395450
1445678
20839659
9491468
7384615
19022423
15067956
17048843
1490979
3827773
9840896
20698983
2543189
17672490
19907289
15498363
3324238
19411287
5936554
15596408
7004390
20629742
4671692
8093941
16834022
18380572
18044396
18940538
7989844
2491293
3446172
11227529
4384610
1817236
15583512
659318
6694990
403729
7207947
1951996
11608131
13328406
791694
8204827
14348252
10819549
19885356
19211378
1570443
6466813
10924716
20070449
14119267
17774667
373092
8217030
10390728
15553102
15494366
7085861
8430230
11952483
16804018
3725291
5445792
4343329
14611372
4742994
9955598
4203088
1160302
13726851
20140155
295692
19803019
5460421
9249105
13418543
8286662
2659995
2671093
3473595
8860903
5902236
7383939
5979991
3046211
13628414
17446419
13865429
11441844
15028486
6506691
1624234
10273920
11026345
15547732
20731831
3582691
6552294
5222934
11188157
4247379
3843279
12206587
6384476
18333760
16912657
10747450
15136613
4122639
7092403
17249657
13204459
2856025
4079072
9693573
20664330
2186569
12741480
7358738
20141157
4754565
5803892
7236503
10702090
7443654
19318985
4672443
2718081
2304914
1379654
20141571
19022904
16993067
5617477
5960573
3197147
12790018
3655046
19046957
12078181
14559925
2334131
3510886
13675243
12216049
7275640
13305591
3205413
7986914
1554846
2068199
4376022
8683785
9077519
16353194
4725573
17014070
13616335
3736511
14765558
5546588
14524094
13062331
2959466
13987459
2305526
5310191
11035384
20578669
5876371
18890842
884682
11278083
17395247
369651
9010636
9612272
11750745
1137214
3610892
3194607
14150681
19506375
3958212
13223450
2736859
989062
12572059
8069747
20695965
1703226
12910669
10860181
10756805
18809276
13275622
13210405
9757366
13304543
19693986
15758289
1495595
10838578
2267447
7782974
9778907
18196969
6001380
18879685
18470081
15588065
9559942
11250778
16769516
2969150
10974937
4990659
11776645
10868833
16319078
9835783
1269968
4424940
18744560
7869946
19375456
21131079
14676420
15159078
972494
8855408
2654388
14872621
11383218
15554026
12105141
1222769
20886889
11573316
9319743
7219303
9142095
6590791
275840
942403
12352506
10429651
9831581
12264408
19922411
1057684
1414770
3723569
16533032
18773482
14353527
14539925
9322131
16144558
1668235
7259874
7795737
8260363
13091027
20483996
15827138
531825
13063027
2831132
12754767
2728951
17267009
18523239
4561832
169736
12270823
10411645
830787
19097444
13184
16198842
16008200
3801289
10530042
12316653
19774898
8532516
12871690
12385804
8348821
14567873
15328848
18795289
13593226
1722747
7420969
2159552
8937059
10334075
6724123
4555075
8490666
6260819
6252416
4473734
9662496
3496925
20722007
5791945
13412791
6535442
15992347
3691546
5186392
12321073
20604964
7389094
183695
19463818
18216957
21037079
11298193
2769646
11374320
11433674
13945689
7410440
5758975
14705530
12166956
10786851
19462660
4016932
6921870
13079037
15235274
3870550
11244135
3350111
123145
9721245
1349050
3671273
14570130
8120845
1300924
1141146
10332138
306616
18489171
4610856
19986306
21024520
20307505
14287427
15998246
20400160
16403485
16132125
5566417
8150023
14188527
6383623
20265206
3051320
1834902
1048709
14070952
11846437
2001060
17611873
5474662
3551752
12693896
13428983
18948708
994308
14135523
16044828
11803858
18624652
5463352
16022426
15349821
10230892
19043942
10189667
14833743
18577009
12267145
20342795
9044818
300753
4548720
8380042
10140369
312012
20207650
6782626
16695322
8772855
15241524
13205679
5763045
11699588
9617007
2903879
20673997
16670871
20905023
6104979
13598378
5556007
18138484
15483700
16557150
10790480
19082523
15650949
9532190
11966391
15794074
664776
11320385
14560255
19655940
13681290
15100238
11434795
12701103
3489642
13333356
13865483
3588672
13182713
12185591
3269683
13482404
3732564
13396040
15349015
9126496
8438225
10158858
17671551
17561178
906201
1258290
17439679
21016875
8867414
10969553
11557366
12492383
7962642
9783563
8221145
980187
11610596
8424985
9159167
10224517
150643
1679891
10642536
20860309
8453027
11033644
19293390
15766069
4957815
15513704
1778492
1200594
9252657
16413261
10445046
1049326
2714422
6470126
19783056
6698578
3006910
12097350
4271238
17306002
19332968
10119707
2144567
11709625
8274342
7479275
20741982
10773882
14386865
20768893
11890466
13846959
16399376
14103233
3151123
14080768
6261046
6525232
11915549
18526878
2862384
3974920
12749818
6339391
13786762
7685706
2427340
17184456
13924382
4475078
15161435
17946890
1845365
15825292
12127644
7824007
14252411
10296636
9206962
539905
14693064
18947234
21019383
2318608
7842186
17785892
2165219
19217716
13986394
18264176
5777059
6846540
11348158
5064112
3912051
6925853
14921324
19112263
2023020
6301039
2629713
9659690
16142793
4344905
11896428
12154554
8940591
13712506
16763573
11419729
11004070
1538002
11105048
3233491
153389
20108018
14123044
15384591
13440657
17463401
17239564
712947
2934488
14745852
11302789
5959789
4902833
18943832
5646096
2686877
11318247
8608355
18923263
14311785
5727860
19343923
16550982
18680863
2708436
15225571
314681
7770578
1384613
1320577
20593995
16252346
6667361
17819644
8468573
12727710
3692459
2493712
20893706
18134700
20166566
13518958
10637240
12539502
7625584
18197742
4923615
7330009
2880494
20739341
18920804
8206998
16635487
1325410
18366182
16097858
13840958
9317651
18660131
16615815
15813217
13097898
18107319
15099652
3290731
5974861
2157551
17041307
13810694
7374748
7497459
7627063
5893373
13599499
7615887
10619122
4480793
5344275
19892752
4997043
4103854
17595394
11000816
10861175
8644453
19372078
7761274
7548690
14664435
15885780
19668496
713565
9807167
12132458
2105647
7409425
2487713
5106350
9543847
6183631
1481374
15057961
10334723
5597798
19442253
2271611
11886371
20643751
1240421
12620905
15156228
3566225
8950941
1952285
3099901
11419309
4707643
13035494
9040195
3114416
6078613
17859585
8931465
2397742
19968292
18159298
8189124
17464083
13948522
4809433
6172454
17043577
16775709
8063112
14871428
9122049
1031190
9589012
15811070
7997743
3669964
2367489
10789871
18691632
18404642
11224408
2379114
11916774
17280428
1504157
15342952
3680871
19051294
1095714
4532164
2504208
14534322
13703238
455175
18064946
9193725
19269343
12495696
17977207
7031922
5282415
14470980
3356994
5919048
2607127
7531419
6138333
5122847
20725464
5476064
16811415
4267527
11198504
17733823
13599556
3612864
3410784
9472254
5710631
7721392
1152473
2049033
6792923
4509512
12669379
15892796
12376519
12237421
7213281
3506227
13998475
20523368
1027399
6149122
10104262
18644280
7965956
10985816
19794980
16457937
15437560
20237592
11827971
7585640
3486585
14450849
8225779
16849392
8319780
3661598
11252016
17802962
20863202
12060128
13292994
431958
19003062
8870292
8562493
7849913
12802375
18172900
20742653
13866666
19343167
20278447
9172847
12668020
5871802
20717389
14953512
7851920
5914553
7700669
9683408
7797194
6131069
4564181
15920923
11676819
14281944
20351889
4509968
20431244
3380612
14746248
2193011
316695
6391464
11549594
8267261
9259255
19989734
10787753
4693819
6675147
14406644
9615459
8038054
19179883
14802836
7252843
8492059
8440906
1569600
15442773
13036271
4777796
11442238
16729035
7166851
4174247
6134822
87266
18238232
13387464
8354784
11803418
13209435
7455756
1883407
18639508
4565436
2478133
17541110
16238361
19797093
5550308
15972624
785211
21011371
16685477
16006790
14209286
16564635
17951804
4000535
6630783
18770946
17591538
20917760
7079585
7096015
13907359
2056029
16758361
178029
11222575
20243557
4893473
13213867
20565275
1098398
9487075
3841040
1154348
265737
19011882
5698937
9610694
16261968
6802085
10444388
19214987
20532298
20257399
9504405
7568997
6873024
11691361
20819070
7010401
15347102
11497655
13729329
11993455
17674805
5608103
8332255
20838283
3795075
3726791
16724235
10267597
9221338
16312706
16615411
978590
13073461
20056853
9489852
18206982
17753334
11346990
20034128
2126847
2547921
18973045
7909928
21022624
6667805
19644962
3604618
3353647
14982851
18444773
13984747
7160069
1813028
4605463
4114048
3851024
4829000
10735076
14812187
8242747
3239245
17718559
1812285
16026479
12627066
19302863
19332855
4790033
19122615
11384630
15376919
2685298
1468786
19748514
6581551
3314158
4662111
6319846
20852447
18146329
16631745
19702831
3046021
8285550
20936464
3702519
10198838
17746254
17819378
18253629
16754009
8372766
15415040
3669422
7017171
18160579
10503795
18271772
10573115
16437317
9915844
5951952
6427294
8478174
15086403
261705
13945259
17999330
10848101
1149616
4263854
8346195
19926368
9667049
19246713
13513757
7043142
2268756
992244
9446611
13162136
2248133
11679142
18414461
14325628
9905400
17911011
15226479
8355928
4621163
20333570
11761216
12025549
6165588
4856462
7410620
10573605
12795642
2899022
12825453
2383249
15756806
10259483
16736158
2623907
6141502
12521512
7920077
10266621
9067658
18927470
15907675
9082505
12097288
10826997
20259150
1549472
13289848
5216456
17754712
2919160
3331527
17228301
14938476
16751984
13220821
14835145
8071698
10412393
8302217
2565970
17130639
2296445
14441527
14538192
15863830
17034882
3453854
10152608
4682493
21145154
17153729
15404225
9983356
10547816
7860695
4206240
4954761
10370688
12208475
526411
19464232
7739544
14331027
103330
8680286
13131975
16856475
15829275
3605300
6005772
9284444
2592447
7592615
18566646
247884
5711222
1515935
3468701
3322426
10438268
325344
6605913
17867077
5777115
5593055
18650008
2321312
4428349
1230002
4468931
17678932
19360902
20219259
1199052
14730403
3174558
19850221
10850703
6544831
1012853
8736703
1041344
12668109
1881393
17050711
17939184
12712343
1401213
13466904
7040060
2894738
15708229
1012858
20377069
13779350
1164705
17420006
8175927
18232965
13352648
5409673
5643426
14954046
6208247
12832378
14203246
17789728
18837368
2114000
5503486
9504745
6855310
15474181
5052472
20652597
4813044
4472280
15995830
19666476
8082221
6027202
3677670
12252426
21008153
13280610
15926970
14415288
14390904
2766254
12589538
19558603
9524973
13971049
11074346
9578520
15155011
12089246
12286241
19656170
16418690
352852
14775820
17686261
20984684
580191
14980314
6306569
6713606
9968628
15988806
6153342
6179049
720606
17485457
6592865
9213253
13160716
1825750
15992302
14401281
8942036
18807804
21106454
19976038
9308647
18452279
5822388
16830557
1096935
4880350
9055976
10851716
14195628
2705947
14678115
15026586
5011685
641310
10883810
14113126
4431745
9827886
20746185
1830900
14648288
15090662
14380952
9082981
3207260
18344499
14454828
10125999
19822704
2654175
3317196
13638091
6518890
942038
7774580
568765
1008268
6350029
17333602
20329043
8017808
3200351
14466323
1222106
6533111
11379471
14526941
2600845
5503145
15979070
8609949
5565306
11883401
17196454
15788154
3404808
8845342
964199
17132350
6184613
6458831
2375157
5863510
5950125
10257317
11748098
4395164
1839226
8655768
3296797
16186267
6795702
6990786
13410399
18178713
3932266
5876325
19707872
4314442
21097840
14419216
12573496
100699
18802140
18674659
3987501
17756006
2660729
15665368
14757192
10644649
508706
2441387
4438959
11878508
18741637
3092330
11421913
6812960
12183613
6629558
13099415
20100537
3058520
7534073
19630842
20777825
16262033
15612203
12900947
20997141
5940623
15058838
6436744
1046133
5177476
9482134
2998814
2339626
4320208
12315805
6205690
20113746
15183298
1346629
456594
11928677
1232264
4792355
4037092
13243077
3571038
5565341
469695
13764243
12432041
4018639
18200425
16424893
19995127
19002109
3723942
4894489
20204909
18114611
19207320
13161396
15485473
1006556
17293937
5366462
7456054
15182607
19657152
13578168
114365
5987786
7891584
19472735
11544864
8795298
1936928
130342
14293301
6774603
16723819
17167148
15507060
20358316
1864497
4264183
9120747
6769332
6847170
7043513
12952685
7364310
6191006
10119010
14710503
2111330
17192858
4201433
15068242
2832912
16010130
12125178
4766468
20256287
17535807
11414522
15661997
5485872
4566524
18286154
12427544
6689049
4466197
11242876
11237569
16255166
18577014
2077234
4140193
20642860
11176054
2833675
2977354
4079676
3249699
20832617
18526636
3523492
9351303
13266610
8389990
16913844
15749372
14511947
14917837
1213481
6847998
18535844
14218329
8201021
2983502
11508214
16611481
9371032
2989409
19483882
1278518
8257701
12061181
11630065
6829052
17419925
20743977
3304738
17036588
10049753
11481313
5260025
16293503
2761006
18677239
15038044
12319554
3699437
7663948
17541993
18478700
8970524
4715888
13033661
12749541
14772471
18842352
7451145
8092514
15891709
17746248
21132001
11752196
4964803
12046089
3524313
10706884
21017770
2146972
11776562
14916251
19043854
18066334
11579005
764999
4141347
17697643
15937561
6380738
19853425
12826105
15768585
6544529
11103418
4514856
15621943
6679957
2950643
28444
18444061
14463060
1944991
19409458
8227882
15417920
12188320
11700888
9253868
6101519
14586666
14870229
13660793
18278854
13924987
4204909
5987439
18920610
19004218
3111456
935700
2472442
12046234
417275
1246133
4423461
1564212
4757045
19719444
19971131
8406999
9358149
6235177
7687072
7221138
6850541
16487598
16410348
7437769
15543640
2764273
17467812
945242
19779430
1454961
16164378
6360692
2875983
7148456
16531776
1388768
518424
11549855
7622773
20013064
17649089
16187565
13076629
6673592
20684841
13735954
719927
2137011
9708183
1523021
1134337
9736318
943958
2809621
11129958
14598398
4144843
5176397
5940865
13418738
19738979
19339469
152462
1487214
16953578
15305468
4089542
11988908
15060767
12595209
17259982
139043
5826270
9664222
5953665
18547830
14351317
9520453
11326220
10295412
10902610
19484717
19766361
7505560
19824778
16277108
8657533
1049652
6597418
18084944
2429822
18251765
2385890
6006995
7721219
15288217
10568248
12654333
15888927
14921724
17092486
7595760
4508924
8438441
5636451
6756759
7221610
4055905
8941390
13001504
852597
3397049
9983486
3489253
20008028
7938672
20003236
11732590
8943377
19829201
4862599
17582827
20854092
18581221
5762294
16226887
20559290
16806525
5885394
8293167
20736346
18977592
12282855
18912166
1216831
1580546
8138916
4543653
13526855
5544340
13341565
18523345
4549022
12368360
14969565
8275437
9318842
10497582
17193538
12520550
20135110
7441379
11820533
4627205
8345478
20439317
20665039
12266123
6393725
18391350
6333859
12147727
17760761
21025856
10773249
6996725
9213692
12918123
12362089
16163511
995318
11296751
13877327
6597132
3049518
14795530
12241900
17958293
11522473
20075706
700017
4671450
20255902
1704762
5122167
6402902
14045592
12597236
16255811
4569545
630589
6468003
1374478
10764036
11812164
8178673
15794637
3373728
11922805
11388884
2286184
4721733
8247233
9405344
15515232
16574773
3273057
2489741
17258275
6851022
20979805
9318802
20709284
3016546
8819171
2848478
11307092
19799594
1130192
9787807
3195067
11026554
4979386
14355805
5292946
18761983
6579415
14729299
1087544
7201072
3141651
3204387
20690048
1996007
6132287
13025491
20476498
6745581
2669937
18263020
17625286
7126805
499630
7024352
12869455
10179578
12041832
11842831
5768073
11263639
4808421
20322809
16057155
17700950
18099937
11723647
17674439
20538344
11587648
19043158
17994571
11469190
18232101
7664557
2679510
9710252
20679100
2213478
20603843
5866679
6926936
10600933
15417351
11480053
5306067
11350170
14735052
778193
7034410
6605264
16366484
18591019
12546419
14657055
26511
18721593
135999
19791282
12867320
10442005
11134604
20653561
8789680
8521848
18469005
466032
20589957
14812421
5610089
10002910
772875
5770430
5294866
14390727
17905001
4527873
4315760
18453335
15895257
19926939
4382392
12032976
7728054
4148373
14521056
1395229
16177820
10853995
18980225
2537306
11975871
2612755
2184556
8323648
19415439
3656584
5179490
10587047
3203091
10163206
15031590
17865696
9025429
766993
10074967
9775213
20116164
15872369
3234489
14185827
1362431
234019
18671921
6332824
9130553
3667061
3575005
2804060
9201670
5531016
352750
3652223
4357317
8851519
13467705
8828392
453492
5339831
5879003
16820943
1137776
14264597
7790729
9573763
12134376
4526144
6540724
5930337
3673484
3000470
5837453
16189607
1427012
15004860
2757819
16650040
4788937
8367536
12774857
5549447
1173699
12661232
508064
5852471
18721573
8127874
13272936
4792550
4202054
1937953
19353761
12724014
2130221
3264584
3033038
6204039
11176207
13863801
10416431
8643878
1573457
11992593
13431788
5936973
20539470
4713830
14198729
20399491
17517384
113625
5041383
16481228
4263205
13540191
2903082
13929023
14249367
11334983
16922336
12638041
20967733
5252723
20014523
6249728
13248378
20652785
16947609
2532329
12290344
19583838
5535637
16796485
1776670
8717957
2061791
139979
18679994
14085104
15358108
1036155
6173967
12661193
2741692
11494183
9614371
12728100
18166688
1611326
690797
833159
2947065
3881550
13164345
9685285
10462120
10716049
8362441
18523772
7320239
16653860
6970714
17977680
3898240
11960238
361510
19460235
5941872
17643839
7911137
2696915
19454464
5003331
13370369
337138
14487496
8003045
1200849
6497074
8987808
7132793
19152362
3585327
14579431
2448296
1322844
13098349
13719357
12868582
716604
20826106
1919166
5334022
17616170
5598006
6018366
14201219
712644
3244957
19349375
13231353
20810094
8280872
11675836
5367324
9459836
18313968
9338784
15228057
18828260
15726028
13713363
16704066
2262483
11804629
20212486
9614263
12381745
3216798
112962
5706128
3209936
6644707
20475657
13738498
4885362
13096956
16011844
18964839
13918411
11068503
1555517
4606316
9144583
3685414
17188541
15391780
20645709
3936303
1514694
2124194
13463545
12232280
6815126
13808221
20582885
16995688
19824848
16999163
6862
14628256
16714019
20954985
1759345
17702247
18886655
17404071
9502092
4943341
17409322
9312095
12247467
8193649
8577776
4076350
4199706
2415784
13877086
18521514
796305
20765961
5632615
20815325
1972942
10979439
4306920
13907269
16988826
5196592
285144
10535424
2032457
9335319
2068330
5515275
18523702
3106860
10318296
189997
3019420
9215672
11057866
8171117
14317490
16485539
11359265
6838193
11943026
14271125
2052445
1140981
7956565
15813177
5671951
9225674
4314159
20270329
13622125
16776949
3164135
1273372
18790641
6840729
1135164
9285017
5520526
18333704
87439
1102623
20615679
16008304
5221729
15732328
17971853
7479297
14866060
18248140
4785747
10802045
16638107
17722816
16629031
19890892
662563
6561623
5927096
19020758
17106194
12348753
19146309
6646953
10461755
19829170
1320203
3961460
9197578
14741449
8041572
5239136
17040895
4883351
19196451
18902433
866268
20883714
13017096
4064015
11933580
18546479
15333015
17907215
6223799
20390955
3127342
13125353
20938977
14738344
21034450
10459241
12210545
9640685
15650297
16823841
10631592
7738754
17079889
3958441
8024101
3158220
7202686
19298462
14340630
8636284
16208884
17962254
19273680
4794164
20214548
15186366
12322680
5265607
3943419
3421993
9775525
9548999
13250903
10479736
12851346
11393765
5132491
16546704
9332640
7911542
20903953
6673151
10038200
3085215
7079302
9885640
20301138
8889948
13413125
17538377
10522605
578265
8071253
4087314
13631485
14948941
406493
19224234
5813629
4717966
11331090
20455790
17857654
1857138
15670792
17464642
12384672
18380949
5966298
2659489
8196889
17818738
9917395
152560
3944078
19349355
6796061
13086307
8690890
1998406
9467124
16758837
8106781
14282313
14004368
4730798
19458859
16848527
7893143
6517840
8020313
9473952
15108545
393012
10632467
18449843
661890
20048730
10184060
9307561
3065640
8044329
3038206
891587
3680045
1181317
10658464
15121202
3619183
2255600
15051626
16344812
2754469
13699529
5147001
18315842
17997656
12941019
8828214
8742738
12569296
17950848
20001485
17818702
20891123
907284
18589330
1677875
6146635
2139730
16592902
2174053
14687831
1856888
11393124
20042391
18722135
18726411
69576
8434371
20661132
11675643
361357
5598628
6025420
13365983
19811174
19578464
371723
1200913
9901254
5074140
18219726
8257747
9552919
8376793
5084196
16449600
6244974
3972582
18935447
3899560
1104476
4968987
4294754
13826713
19972814
10287764
8388826
19877481
18396561
15062504
5650223
18478922
17271001
7606957
12994260
7773807
20000757
5621129
4141188
1643507
16681222
9842932
3173551
3426866
12455366
11435160
18674153
12668961
2868106
3130006
20764807
18761310
6156173
15166991
5437887
95333
2214750
14486323
14227258
10241185
8115049
8366813
5484662
19820741
19089747
7373130
3632618
18357250
20423455
15458257
8793503
13254356
7711113
2061937
16236260
20946406
8567054
15544147
2227701
15590344
18133834
5597816
13323423
16384387
2115787
1275110
7028076
2297111
16694821
16183992
4756523
19777856
10437066
19271533
16188123
11056044
8109676
9334362
19887294
17492645
18070691
6731565
18178097
7924707
14654884
692113
7882251
3300257
7733860
17789886
2266920
12072994
13805576
1211859
9356310
20978676
5740290
12004085
18700589
7240512
16070472
16968538
3589733
20541023
11161856
17177307
1492296
940578
1587218
13155729
20474549
10145983
13236682
6649529
10366003
518173
3281800
415912
1033336
16820867
3984310
11378608
2716683
3150446
16631569
7675772
12601634
8823325
17093614
12055598
3650779
5852996
5806681
17895973
8212273
20544825
15590089
19820115
11949576
12601236
21079048
2988566
10103527
1882054
3367729
20273637
9808384
7620934
17591603
10814729
3267729
11157410
5070586
5364458
11708813
7808244
11742159
10869582
5172546
404164
6248917
17238353
7964270
16745404
2305884
19875705
8595249
13312400
19901068
19284557
2497708
8360539
20780838
153437
2397217
6070341
2682034
20153656
14676752
16757740
16067690
8226818
20608598
18422343
14782300
11162778
12959244
11337995
4620665
19417741
2763441
20987061
14932469
19572112
8150155
10153485
21134638
20794239
10814691
704075
19663720
12667818
5963322
3874042
7794950
3403562
12553590
7084295
14409513
16773481
17309143
7968894
14604518
19769367
15786645
13767852
6542112
14701504
8574554
4793605
4485272
14674876
2000452
4778983
19597475
8515916
9662341
9594109
1130519
8470420
15900754
4953224
4872868
12883306
12480453
710655
20477597
6103656
98699
16764166
2168962
18699777
13342249
11160213
2390800
1085141
5193298
1748507
20539779
15059678
13116700
20866289
5400948
14644536
5440189
20326913
7385397
1191921
14853356
6500842
3597551
13340994
13632772
14485760
13565710
16700343
10935503
14036978
3934694
2558923
3421916
1332296
5472522
1420654
5966914
642293
12028909
11293621
20115354
20833491
19982277
19632165
4589646
6234035
7259139
14571815
5473557
11208102
18754370
11835908
14028071
20595339
20935285
7255975
3550257
9852278
12765649
18700127
20938609
12925944
18246401
2001262
16525383
15153776
20875293
4996840
12010487
1518965
12471344
483189
5407391
13748242
12373026
11177831
11084025
6374583
16977446
3961196
7503578
8482578
12060624
6772095
6208627
246553
4813873
16333678
20397217
20999706
453725
18937347
17560562
13416172
12609517
692088
3143289
8519873
13685497
11527297
17271575
9046649
9270164
15389560
12987764
16321989
15360386
7122829
20031006
18818414
13060573
731483
12597498
977617
12281769
198496
11332883
4974168
15879953
1459870
13762690
8197554
6327830
16868474
10272883
14413190
18490139
1939538
12408299
4638847
2257133
12205562
17218886
14108176
29174
5864935
6614530
6865519
4385803
19299523
16544463
1246502
19933261
1562548
21128281
7307601
5478544
9873013
1535024
7682399
5455587
18054217
8248217
2238186
19538335
18656892
12328438
13851292
20842406
202737
18903509
9308958
12176388
517497
17817192
3487202
11802679
8475008
644602
3139301
9689808
4145461
11601768
1789206
17244005
11255268
16096124
8119692
14740972
4640808
9757728
13540948
19675883
21074873
11069749
5687043
18974486
12125701
5271330
696994
19509897
7549557
12651766
19012733
9874819
19665731
13166146
8663378
9108747
17659142
1861079
7900602
8061457
346500
17176630
19447860
6837843
11455316
8685510
1200024
6124926
20166403
2471199
13988839
2100387
9267594
10739260
7441038
2939351
8045319
9205229
497164
18834739
3309582
16170133
11534988
20880531
16667005
6802298
1208144
9597684
11838126
1047519
20097145
3832204
5721314
10762349
5637818
5330390
20002655
9052372
13296087
18066016
3527151
13573126
4982896
6328243
2693941
19395810
2442187
10370581
5895646
15810578
17623297
3589052
9826675
4732690
8835932
7069321
5287719
10484172
20984087
8005922
16486206
9334796
19354386
10714471
1083241
6908993
13194303
1936639
15848768
20882962
13083120
18358909
42731
6747087
3886055
13483360
2663709
18115157
3070831
12630141
16307450
12890607
5076667
2757354
9768518
19511761
17568782
18441797
15157966
11649291
20135084
5771735
8251555
1608939
18680168
20306602
12220226
13471342
20337067
18649859
10003777
6336033
3636400
7719371
14406924
6930899
10412529
11193569
12131253
503770
7553474
13550096
13445636
6724906
16672120
12486721
4353795
5919491
8630260
9386231
3397736
7689690
18575115
19428500
10548714
5208826
10293082
3893913
13791111
14001034
4177005
12607953
13089109
17865501
18466843
3213355
5123193
20232306
13963642
8904704
18541682
828567
7201523
958915
2371111
10752629
14180008
16127565
12845302
940570
1134663
15452783
18300977
2529834
9135418
16978348
1741262
17452048
20876909
1183158
911925
17795052
15301111
20199301
1905854
8558084
20733260
6542036
12014171
13135075
1703180
17582767
8781003
17608895
18262455
7403547
19067328
13239438
4156448
7716065
14123141
8928375
6317365
1322629
788572
2006917
6424986
558103
16540123
13405404
17365595
12196171
5052743
17066574
20626042
16523819
17703914
17921732
4838855
4754951
14677619
15577833
9643859
1377455
19701568
5023017
13570646
514808
9439844
5551619
1398700
12800512
8139803
14633995
5221190
10554016
6626794
3343129
14676056
4343952
8352660
299021
1893676
9688925
20522661
13027856
848510
2112509
3244113
20744570
16271093
2463709
17036265
4620842
8966810
8350306
5906720
8019027
9439655
17799333
7735363
7924706
17902869
18745788
18330747
12201608
6201507
2282842
16150469
14377034
12773822
8987282
11259908
20349368
8840415
18410152
9783743
11587487
7001417
11103951
14031852
813797
14656900
8685959
9037669
947783
9234198
19590935
10607210
1514948
10220011
10149576
21077507
5701261
1707827
16047905
6374685
12984473
