#N=3000
7765229
1611322
5330361
4746802
2324661
1510401
1999140
6414559
3092968
657017
8110671
2153087
5854269
3085793
2990174
5192362
2363961
2605199
1445724
7623251
7051359
1222922
8155537
6442968
4520274
2646766
2620149
4335633
4042897
6740309
8489086
3018427
8286662
3819960
8231072
1393511
3900843
1342122
7303889
939881
286158
1508287
4646323
6145316
721832
5868385
3746638
224119
4553841
5706212
8467715
6091801
5702648
1992180
3822819
5668051
4087279
1363249
4846547
1024470
7453648
1152535
3787356
3376559
5402527
3372358
3089623
8444372
1055964
2279011
5293559
8624253
786454
4261348
2398678
5981123
1314543
3523835
756405
7462041
3564
2958944
7752392
5518007
6904901
2459569
821504
3062809
8393012
177421
2720524
4077089
4750009
414997
286936
5958156
7799804
6294022
3150813
6915122
6975966
6515621
6225574
3805332
2946804
7874844
1708126
8335913
3680
6797462
5193059
3485558
5054043
1776231
4696503
325501
3066558
644083
342285
799332
4427412
2305526
3790153
4275263
7098604
8476324
8290753
884682
8318057
5635193
689547
3170634
52225
7350731
2097206
3610892
4354572
3910665
8626263
5518123
1743419
3416828
7789056
1211951
7709674
535829
8983216
7750636
1700080
7036760
6009180
5635559
690332
797238
4984511
6213921
158267
2655560
5678545
5147423
5582967
2338817
6556838
5441334
8479569
3669951
468039
4319859
7650656
5209435
6729068
6014877
1190564
3736636
1228736
8959038
7835749
7429866
7224866
5064522
2829836
1695350
651047
3476412
638971
7812361
535376
494254
6072593
8823138
4073995
5625043
8342659
2886887
4973295
4159710
5019296
742013
6590791
1635778
502280
2992432
1269550
1231526
1384296
8282280
7217582
8254637
1083439
2012925
4413475
8353425
6539789
7322097
8424445
5628126
1739768
6195649
5420260
5930960
5963889
1187108
651748
4182949
3351001
714690
6568919
8866927
5723143
81768
5849638
8270755
7091546
7470681
8497355
7613070
7198841
1688066
3841162
1730014
956545
2574788
5412390
911663
2065738
2228796
207866
4808809
5715170
4233152
1762620
1780940
3319517
8937059
6614030
3484074
474957
2970560
8500699
6452389
7473633
3862367
5256809
4961885
271839
3292698
255317
1952236
731520
1266374
1801034
44882
509050
3183594
703797
6256930
1997035
1458123
8529598
3934230
913635
1825562
650319
5318852
4945510
126879
466785
3022569
4496928
1121741
6678989
7995157
3590527
1964111
1189977
3803013
2561178
7988944
151201
6170048
6240734
4100850
8341086
3252121
1186558
4729083
3210741
3546215
544488
3187445
8767321
1078193
5880053
523440
4852067
7406351
4629951
4828453
5343581
1985181
6531215
4714878
3288589
5270924
4886343
2201033
3651812
1874540
7231620
1533761
6828962
2988613
2914292
95412
5524789
3123753
4184595
23296
262304
4949705
2790802
8243880
1709535
7473703
1376899
5507024
2062770
2644770
3780648
628702
4180001
1260291
5311945
1087556
7102522
8495213
452823
7601461
4045578
4243007
7619470
3216959
6463824
5273948
4910817
1984902
8344859
4718300
2715904
1018424
8723579
4317100
3350390
5202512
5410933
7732129
1726375
1434067
7464770
2520357
800167
8575855
8641180
2300142
634733
8501062
4449634
1693225
5465401
828619
3262593
2345521
3789552
962331
2412499
5675927
8268998
7326435
1478131
7398805
3151444
3521067
7906168
4618262
8959547
3976865
267359
4689428
6117310
4372324
8362588
3983434
7941122
140118
6850509
4424917
8519071
104424
7430633
3119879
2522477
2300261
8933023
7113626
1693334
4086065
4197796
6353603
658400
3440474
8492638
7533183
44930
3929302
834311
4270119
3342965
1378445
5326840
7617286
5431203
4705879
6132926
8999615
6104458
3229493
5994285
5399191
6581948
1613781
3186857
4408852
6090337
4846958
8399240
823141
8911075
6240732
6860965
2125218
3395544
1046745
3182280
4774812
6069747
4939276
4426688
4725680
4947243
6104371
1484359
1914998
7601422
8386843
3005330
705266
5647546
863913
2212334
7656506
1006853
7339899
1493022
5267196
1419293
2158508
2962176
6785857
2845188
2297629
4426347
4104142
3976998
3726414
348123
1344067
8992034
3805727
3241320
3032245
7502949
7580927
7909669
3379565
8222707
7624827
3976342
3474449
5340469
3872436
6163484
4739658
2404015
4817924
2305020
3633437
8313321
6147957
7842919
4224456
7320632
6183343
239427
2632931
3734380
2025806
7102748
5959789
5302779
1143803
605986
606793
8358221
5768252
8403224
1231666
7767767
103906
6310966
600811
1468421
1345560
2434638
7770578
5504604
1640473
1273928
572274
7827326
1659576
468437
4687701
7932373
7213622
1013593
6774592
2206437
5958945
1837212
1179394
1785582
3837735
1203570
3609964
7000485
8299318
3920701
7166956
7635486
4965405
7166174
2697843
4840957
6277575
2980059
1415739
2813148
5097762
5587246
3139625
8210614
2254816
157517
6641191
1490594
4054649
4937379
1027042
4173362
6999478
8975825
3659028
2320659
1904253
5172672
5316939
663832
7955297
781
1421051
124448
6372009
5201194
8908628
3464427
3365707
4828493
8673524
5887149
3332430
8465518
1569423
6247631
1586278
1703811
463552
8881287
6937902
6534628
5997744
1162228
7071571
7486357
6003721
1240421
2700785
5316158
4726190
7830849
8112183
5219858
5699230
2907582
1835486
4080135
274313
6478559
6979473
5691416
4317726
2568209
6879240
5349021
5784079
7188401
249319
8412334
2883543
5775674
8463058
7511388
641917
5831150
1268980
6170973
1997641
3869937
2687385
4989742
2131618
5204600
3384372
1619095
8116679
840337
2584072
3582898
2160833
4411264
4295586
4452114
5784130
5174248
1583111
2855155
4304858
3473646
8949277
855565
1617166
2631908
6242407
3470945
316918
6399044
8966998
2491309
1738319
6482785
1605370
5995933
2571331
8027445
4518433
4533781
7679504
7172809
4770722
3192129
4110543
8121338
8352413
2928975
6352800
7109465
8389288
8932702
1856480
6317369
3613159
7146222
7798400
8843364
8987358
3309019
1144134
2484212
885939
1225796
394863
2577926
1477499
7037550
347940
6345625
5246469
970784
8545675
5649384
3839716
1181568
7251948
1242948
23097
6420099
5252985
2071919
1802952
3710259
4002379
3769795
3642274
972790
4182639
2986554
2423080
8918339
7572759
7308014
5231706
2357314
7713395
4131875
7274491
4860566
3283360
8597086
6131069
7364107
3880846
2596768
6641881
831849
4989964
6951179
1100555
7026135
3552949
3516567
5551395
3029589
8587157
6139129
7549711
747710
4413796
4115067
3686632
5215445
5078028
1099831
4082824
2852829
6331925
4160815
7729498
1402662
4716239
17709
722226
3048997
6606805
5174112
5214703
3447238
3398229
3067398
1474740
523360
3929411
4895676
963288
7839446
1725333
8918054
6061079
8198352
8037039
8070211
1132621
2225199
251316
5405419
606741
4929262
8444576
7711788
680436
7150652
2410905
1031524
3317704
3159567
1775882
2147305
7455908
8358279
8137988
2062474
5043481
1573374
8653753
1045235
1778367
2526981
881014
3474278
7065731
5811840
7818894
1210612
7101867
4322055
2444252
1894954
732235
6777334
1784292
8648912
3832948
8251339
4739052
1170399
1187068
2417604
3009317
5393434
3314798
3048023
7892132
3998246
8795008
6126771
164221
3787499
4461251
552584
4655384
2338528
4193383
3496839
4249769
5206913
73228
4666919
5594071
6566734
8427796
2532954
3909860
2662549
3547679
7804858
3644491
4793635
8102807
5444704
2984712
4799962
3253016
1765360
3834025
1490917
7148930
5095047
8132116
2122722
5359202
1158545
3572169
7986470
8907021
8582851
8612843
7989905
1722532
8544527
2656873
5765247
4468685
1588412
4501467
7754045
8702052
7199788
7292332
8786255
2191688
6702762
965937
7245508
3616431
4222388
2358802
5026208
5219255
6973571
4033963
6372732
6734935
3989318
4857037
6400525
3343728
5551726
5333032
4957286
4075842
6551871
6747190
2198049
1886361
6301680
5945123
5399207
5008099
589570
4303727
3946181
3086331
2226959
4886706
4073633
8003134
868641
992244
7846523
5722046
5528055
6999105
334409
645590
8305312
6550903
7386443
1475884
7781162
3693506
7361202
4665509
445509
1736336
1970564
1293581
5355552
6578890
6545328
6503240
2076768
8059476
4496108
3223826
501473
3081388
5640020
4146596
947599
847418
5387636
4882464
4177202
8266917
2259148
6829428
7769742
176346
3114682
8599062
8731406
2108275
8178355
8151929
5380785
875084
231662
7852313
4502122
7485853
7490542
4336352
4041411
6898129
6583806
5354878
2133789
4792602
4242370
5065136
2153626
2604129
2623316
6347775
5980584
7566212
3714746
8170681
5928350
1006407
5904117
579477
2210900
7303270
7920267
3011882
1856372
7229220
5845180
165770
3444442
592413
6752546
7686534
1247749
1791204
6595918
6068654
8122386
1638240
7925230
4805852
2106955
4057104
2633029
6809904
7121272
2708338
7749973
5348873
4278917
7600848
1659211
8199019
1930307
6174457
2650111
1690602
3784778
5252767
7896634
1241317
4828073
4961342
1090616
4179096
8152229
1441086
3626834
8799944
5014695
3868125
2172823
4297051
2419242
8924691
8059932
7255808
3912831
5632535
3689662
1563308
2153950
968164
2032316
5723114
2389679
6397345
2793969
2543460
424694
2935292
5634111
6132387
2292522
5132940
552262
4835695
5426392
5242118
6627121
717644
6932293
2248132
1720529
646844
1495269
7910806
3566146
2349522
3478585
8204908
8530993
1914245
7578486
4634972
2929145
8846219
2456060
8858677
2392759
8775718
6126180
5984581
5580124
2940237
8706549
793554
7208575
4708748
3793235
4378988
4480524
6285449
752863
8293134
6080699
8145748
4432221
4361238
8301940
7047750
626422
3896020
4468510
7732267
7662322
3070469
2936869
2680343
8215907
1891588
3195593
3185943
6278033
4786570
4731662
481210
2483728
8312997
5711633
6507787
3626125
1670800
5688160
7090526
3860913
7202870
5327217
6384472
3734816
4405920
8062650
1894156
1717108
1398041
1278807
4981979
3854562
6528690
4968159
5029964
4613556
7409024
3937690
2280232
7786252
1902075
252986
1459351
4686871
4040833
6303037
2019009
6809888
7485290
1763308
6476442
3468054
6404707
3805232
7324070
8172222
6664609
6098758
5735129
6543479
3750118
5497230
4308008
1915134
6559136
6575684
7816734
5106182
2035615
7510655
2810310
2698614
5212154
4156314
2667862
2714354
7817748
5739111
333446
500645
842011
8154620
1627394
3715895
6140624
1225311
2437092
5604539
2348640
5721309
7718881
7318394
4421503
6732325
8581810
1452954
1023478
5789489
7779282
4820411
2298501
7653996
30752
2497800
1821976
2412161
2380908
7317103
1380509
1178827
4356660
6126116
7497406
402083
1278803
6019494
4360081
5715784
6885659
513656
6783216
986556
7736584
2968549
2192256
2792321
8157083
5203068
3490988
125285
4789659
5284111
5832020
6618592
5600302
3504874
6515062
1202080
8443852
4254393
8164832
3954577
4847313
6961321
1525412
1046429
8133836
3846424
4415978
2382511
1777073
298076
7794301
1427672
3811466
2472598
4784743
4515207
5896819
3690287
3293266
3654477
8683810
2327145
5586940
4398221
544432
7744078
7520659
4489275
8407081
1203511
7912575
284293
4310895
6678988
5630452
5751325
7552761
601311
3588211
5832811
1970019
1805112
2126338
8296260
5575780
1094456
1221940
7725752
4006478
966121
7067538
768997
7266123
6842862
5877563
5055158
8336998
6317148
2060109
8122787
2376026
1233587
137251
7559571
4609637
1512550
7646524
7203360
7631292
7266508
189881
2673760
5229333
1031882
3557729
3333438
6087979
255819
658214
8720890
8183408
5708085
3891435
2210965
3989274
5043825
8478458
5697621
3941122
6309932
4468945
299865
5623951
7624702
5396457
2889686
2881258
380015
7013479
1440941
2037175
8158000
4599441
7379305
3943903
3301909
8158634
2850499
6555822
433538
4829455
5972443
7202221
4331019
2732508
7291654
6586113
7651936
6712086
124666
685981
5844243
386818
8217674
1226853
5016441
4876208
6923727
3826250
4338888
2324910
141279
697506
1297531
8220672
1093404
5746088
4208504
3504453
583379
7714728
5981846
3239935
8910568
3228316
563982
6062978
2944856
3449363
867842
8737849
1468308
1100799
853786
3341466
8786537
1190191
6020730
4598816
3684971
124791
1027379
920608
8604102
4551444
495577
3072361
1646118
1977186
3006017
6343445
7804160
8236940
8159363
8331000
5766869
2598028
5195135
3207008
1981055
5250453
4367471
3610252
6797673
8663596
2804146
4187720
6505221
2379347
54846
2764363
520690
5475936
5908441
5531741
8388735
7518391
5549753
4302674
3173027
3769078
3667492
4956570
7953480
2044743
3135865
2559861
616973
5428092
4322947
3854213
3936189
4703876
6289516
2609953
2158375
424798
616283
3740858
1858657
3578911
2339332
472358
6087201
3873459
5465398
569470
828773
1780675
635182
3699867
1299008
7106158
7304115
5393619
1427770
3191182
3720324
2246169
6975313
5102481
6564698
1326236
2545500
5864717
7477080
7417518
4049551
6037372
6884936
6869709
6491711
7465873
4006961
2001140
8528096
168132
8934288
6128907
481667
8012435
5395753
1388798
5678388
596341
7156705
8181602
5215870
4101253
4681472
2132485
2556980
6183391
2849157
4127983
7298576
6923117
532582
2663252
5029071
4902472
2862747
973979
4421187
322238
2066853
2399188
8686466
6405263
733154
4576278
7817457
1282820
3232094
6496787
4380472
8538862
8983540
8566795
1544272
3981491
8283329
7428998
4368224
1409450
3595400
1118733
7377456
1113520
8800505
4055092
481285
2540509
7907127
7505409
6119183
1144999
1666034
593596
4071216
4933744
6827594
1320670
2385758
3693232
2996657
4813678
3477999
5002049
283466
3115275
5096676
3357288
317007
3249491
8515405
2481880
1318229
3322364
6115645
6259996
1631374
1975877
1904735
6762128
2322784
5525587
2557193
2215700
8249413
2750546
2547985
3134362
7324014
6572081
5698643
6994609
1013621
362724
5388782
5926179
8281678
1847185
325293
6835127
7414672
5193041
1849645
4058233
1690989
4139768
838670
3869247
5136503
5379149
688344
107084
2759584
5290056
8667715
5115051
4426533
1459314
6435719
5812815
2041869
1819328
7089236
4087443
1081047
3541597
2084295
6929960
8915924
4132253
4985482
3356438
8985461
6709878
8702973
3305152
4486675
4459521
8664313
5029419
2619565
881697
5922779
3127943
863523
7208401
4162741
4097128
4900854
1099800
7723579
6954427
738281
3547639
2003148
8634497
109082
6952043
1944478
5559486
630201
3759013
3653466
2163718
7706613
726861
3640839
8457257
1839956
4266025
4590049
4975032
18174
7714379
7965202
5766395
7790957
8546351
1856959
6946428
361518
4175940
4951279
6587195
8921967
534515
3173428
3549597
6321841
3668875
1906020
3949893
5052401
8410015
7522880
4732766
4370315
8374815
350616
5864924
4247850
5875671
2493240
8735190
5406832
4902261
392845
6327939
4668242
6681020
1995148
8257734
4253974
900173
8897177
1855778
3212674
8504554
1643577
7855358
7616475
7979416
5427014
5803044
523109
4631474
865559
7505391
4126965
3474946
8855094
996070
5952249
3074389
4825753
4562303
234019
2711826
4332790
5410508
2427046
1094975
4843967
7881605
3170909
392623
212201
4357317
6371489
8147572
2428344
1813430
3939716
6278949
1420894
2017718
504509
6390614
4133707
8614304
3006106
5780705
5170318
6873356
2840370
7597337
229512
306920
284780
3237815
6049951
28850
3407476
934753
7669404
7813593
3021135
6548039
7412382
1041467
4207856
1632805
392536
1921997
2257849
513690
6884012
890206
3384507
7353002
3443986
1616160
8423745
3056391
6643844
2533449
7312556
5991698
3256970
5739340
5313749
1598606
1359447
1077293
6913619
1121365
401210
7463077
2340183
2262986
648931
7769269
8374957
5362255
4037986
1367643
2612593
5014420
2929629
1768347
4412667
387595
3972317
5890296
4743835
6135556
8276480
7056626
677948
7141774
4379893
719865
3684988
238082
676082
4933952
7781183
3621634
6814146
54324
2888030
4286677
3731283
3490723
8233072
4506976
3921423
844245
6085163
2542034
6796031
7522372
4643761
3320171
6613817
3170619
5457607
6618116
8160143
5441493
8940196
4141811
43783
7751037
1456900
6054449
3603216
4210268
6217013
2527469
5323042
4880717
1537014
4707717
5052709
3872236
3905223
1379389
3048215
7562792
6898274
8959270
908555
6956552
3345973
5479111
493885
16114
6677921
4018332
1881119
6672569
2684911
2989334
631230
2730042
5320846
1075747
7887227
6819706
6473864
6098735
8828009
3148188
6285904
3673320
824021
5342432
8964526
8572355
6654237
8941723
2096706
912854
2946075
3329859
4284600
5475554
3618405
5352
6816831
7891785
2524748
5438279
6668489
8555484
326225
3984550
85292
1788492
6991698
3325676
5296241
5154689
2324167
943472
192203
6735076
7688196
22803
6475649
2224792
2479056
7766848
5628255
2953931
5194863
4279248
4142132
4726621
2964014
6861962
1223296
2969265
5112054
8167349
4953600
7537734
2476262
5759617
1975661
1837009
1001508
836178
1445894
1072501
2255277
5652810
259427
1946813
3027157
7708802
5596538
8525126
8055394
6832417
4295209
468242
1315234
2763580
8986735
5478159
1749908
7539357
7015665
3057730
5691087
4677393
2045482
639253
4758109
6622893
391114
5412417
7580902
1276494
813074
5791874
2625653
7034035
5350276
3502032
5136818
7764122
713326
4070561
2000592
7015039
5964918
1320485
1013671
1447377
7462494
4175588
1848270
7821682
1012248
5051834
8919285
905999
248138
8345692
8041992
4598030
1082752
1789028
7650842
8262449
441598
4607031
7380627
6586155
2788706
1066257
2246939
8181698
3589052
680107
6001367
4517541
8341401
2321493
8599108
8640813
3163340
5796436
7902398
106249
4803696
6057002
1864008
1133518
3746349
6252964
5947188
7303714
6830840
8527221
6365232
8338854
1818325
6314370
4339216
90418
2960614
7050242
7663740
8071512
1338706
3679874
4918433
5183998
8158153
2802672
738414
8540501
6476150
7328806
7242242
153586
7794063
1094454
4186331
5442636
4905534
2903377
6421892
3975396
6708896
50861
3999638
7211317
3353756
2772384
1426678
372512
5711535
3983866
3153079
1638118
1005131
7599171
4445584
5101062
1809931
7893019
1298259
6322564
5018152
2631197
4967256
2351427
5188921
6766364
4504154
6413548
1677890
6371030
8975759
8497580
5697106
6710664
5784638
8464654
6060849
2926222
6219434
556826
2978735
1037317
6192535
4904070
5789240
2035974
286211
970777
8358277
7667063
6838717
2666725
6442277
3684302
3330683
4258783
5088473
7133124
6437790
2180311
673924
7748505
2712942
6232453
649814
8341826
7728630
5504023
8947488
1665525
3364292
3558075
731487
639969
1101267
4818462
8161108
1619149
8615471
5691552
1224786
3154415
4819451
7666904
7595830
5197560
6820994
2908162
2942609
7689286
4950779
3441471
7098690
3371117
3987233
629201
4877747
2546513
2139730
1872822
934038
8207733
2456807
4913026
6962272
8482119
1686401
2469556
394362
5461056
6355510
8041293
4558586
5105301
845910
1171076
7738360
8131709
3440793
8501139
6074005
1579662
4937648
2952898
3976779
6924130
7489472
3004925
1612475
8415408
4899425
1504422
6728871
2974689
3226624
4492715
8087757
1708755
1597456
6836480
902470
1250209
3678792
8870919
6366942
1714202
3213693
4720631
7541113
1861131
3563491
3121107
6602883
7013519
946836
6455264
1795063
8074064
3588910
108053
7169947
1924736
3761207
2236155
3886933
1517869
2895259
6734687
806285
347247
8641097
6514961
366677
1964590
2140635
7129720
3173089
1352561
1157140
903415
4258249
2033382
2174271
5631029
1701864
7356182
2866354
1687010
904117
7147584
1830256
4933792
7037804
2243338
4824306
2635656
6194993
2548012
3576999
8774735
5463980
6676507
857735
2236957
7791502
788074
2455989
2269674
6094313
4607168
4212553
4110630
331517
3818090
2764674
14854
6452065
1202180
5340164
1453735
109780
8586918
5592896
885557
1531755
2276293
8058657
6420259
6084033
5900493
4400409
8710432
4368415
69661
8780969
5521827
177170
3332230
3540531
7467093
4275651
394463
1345955
316663
2849434
7045904
158100
1481739
6575810
5753246
4860840
8224224
3538572
3316602
7310310
4111496
1675670
7641574
7503260
6373602
7015488
4330748
5412873
7846588
5375900
1932148
7464706
1710078
4539989
8629477
6121138
3958988
3028439
8783462
5641972
1367695
5953503
8888265
5620900
7351587
2214674
7027647
6397323
4910486
7124342
8668737
5608237
4302069
6109495
3172512
6444139
8168901
4438257
8964135
5865292
3665822
2875568
7835230
1072350
581001
2084447
6337676
3800425
1660744
8313369
2237117
1230204
7601917
6673591
4076663
6437674
2787598
5386715
6728587
8302250
2822273
8042652
7919134
6857931
6940595
4217665
2963414
7787019
772435
2571975
7030063
2593472
2294567
2234191
3734674
2263986
423703
3507717
1563308
5913949
6194862
4563527
6153542
1164243
369402
4173358
8709088
8968759
2564441
4169345
5866525
1447752
1102056
3701469
3894517
8153577
3445230
5874848
6240366
7178963
277408
4795871
4342208
5513991
1810488
5710367
700678
8993165
6312856
2483190
8760408
5030619
677534
7463594
6938566
5884054
1608916
4539743
3102233
6600099
8550698
2165056
6553236
1948480
5739649
7019669
7396621
5266267
2080849
1444494
8320165
246827
2985383
7631842
4813313
7300734
8397511
3700897
232757
6765647
1805656
6780223
3575463
276890
5854678
2398823
2781820
492227
1472454
6420587
46862
6602218
1908816
8533568
35268
473382
1422229
5952127
2429512
1834021
7459112
6171733
4433515
1168059
8234331
6595825
7067977
7115274
1895241
7935944
3190184
7012175
925545
6660050
2978480
1845859
926368
5361234
445365
353646
995180
5996705
3050359
6918844
7111338
3083142
3527280
8588209
7493016
5257779
2883916
2774461
6937403
3321100
8583493
6602467
4700584
8132033
408498
366476
3493808
2013544
517104
8079687
5733681
6617247
1400494
6056132
849463
8932070
6303288
8559746
7885368
8967217
3391564
4006539
4590127
7269501
2187702
1201963
7320377
8562817
3190969
5818345
7620517
451460
2677378
817517
1121634
3878364
5332781
4414122
5279864
2899858
3162601
8677550
5767784
1468425
8752845
6773127
6530112
2819480
5168182
3878828
4377090
1605473
1818837
3388164
8949125
2624886
3494404
6985442
6425710
2739509
8624377
3286409
4813235
4282424
968145
5707513
7598501
2432923
6734930
5602315
2615484
1694176
5408114
4478066
3938313
2416774
7088355
2651284
7442391
3562709
7543401
988926
1656349
4677361
5377169
7447093
1682586
754895
3844474
3139301
3409683
825362
7801673
4589132
5683924
7535223
4455993
7479596
5300848
5040754
5677610
3620828
6755864
8474750
6389712
1287029
3974383
3525646
591293
2936874
7389770
8349449
4611757
8692667
2994775
1105683
86027
7543286
2828622
3019112
821037
7820552
4141439
266450
5616549
3687738
7717785
8415240
7285395
1680020
7284891
2686270
6231117
5468834
4500367
8347475
6179146
6520919
1619286
6725254
7325118
7697104
5354674
8989484
5090048
934899
3760471
6066916
6722248
4008070
7877673
6037997
7687413
5937111
7032076
6201310
5402343
6037764
1130349
1082534
932313
1816056
7185904
3367051
4773098
3462858
6728189
8453893
8195802
2922183
1370580
7335634
8090465
903183
5229013
4506542
3212652
5235810
7189244
6167661
1804067
7423972
8005922
1486103
534768
994311
1554370
803218
1588860
8314293
2896631
3048672
6042959
3723046
5638863
1802615
4267057
3806005
7083312
6343577
315128
5950807
7590031
67332
6690532
5476613
6317299
2528401
3431743
5248682
7161739
317963
6889204
3495020
8931734
8731551
4888861
2240077
6906587
7540189
2271334
4656995
6409809
723753
8455990
7316268
3719303
3406889
3490877
1132505
7753547
5731205
4743684
2113418
2750034
645540
2044869
6552027
4366662
3113780
7359479
150128
386230
7157654
4089568
3175066
7308373
6348673
8968744
7733002
6613789
7030990
5201006
4576951
2487860
5049100
3825390
2586798
4653343
3243082
1872231
2123538
8464581
581553
68548
1681417
5278879
7931090
8192549
699943
2727550
5685235
5060561
2694574
5332690
6740896
8689732
8575372
5218294
7421164
2531995
2036838
4543130
151906
6234971
8901063
5879167
6065718
6197977
8013214
261911
6774088
2054990
6783163
4302675
6620869
2488869
1062345
5203540
2507314
4639383
5516386
5835954
3803075
8488252
5757319
1522602
1268568
2526786
8664866
2878033
2380089
1285277
1125477
8756149
5652662
8186496
6865954
5803807
8423890
2441633
2478748
7954823
917531
777703
8723740
1417328
8981556
5422963
5170564
2154769
6319718
2511543
78635
2280473
7219684
8713943
7341147
3873945
146696
3862998
7235966
2623941
4632615
1938982
7373605
8848856
8762607
907729
8808469
5952477
1524102
7184455
8231084
4983612
796147
3300777
5246765
3310196
4586655
2659021
7559544
4039245
775269
364693
422736
3345739
5050655
8961559
2121389
6522756
8230383
5296983
733745
1267169
7659786
2949285
40387
2810130
8383628
7107423
6721394
2023900
2871717
1413716
8736848
6485952
4197532
2587744
1234062
6030820
7367161
7194850
99918
6429531
797448
461178
6707760
7527900
6214585
5824406
