#N=4900
11375606
5382019
7589686
13179942
15796441
12544274
18803213
20210821
5817139
9389190
7031543
4213155
17929234
20174548
6798485
12581419
6978329
1710167
2076378
22511161
9757857
6358826
3790441
9996272
8145122
3037253
3431183
11646693
10785187
1414348
6604249
8789222
179137
5638971
18386730
19595621
6727135
9414022
13179278
1603984
2053515
10866996
21424671
15941373
23789778
15681876
10505041
8477169
15962311
6311111
5304278
10355144
22223704
753187
6565088
20508430
16262067
12610394
15636003
12589524
11828770
965277
14412493
4593517
22921837
8972708
6416343
15716710
17954066
12905841
14782873
10122143
21680778
16336353
5436332
15312609
23729566
4193930
3172891
16200725
18690966
15144649
3790056
1715274
19094680
4548253
15465986
14266102
11375183
14670725
22187032
7235252
12647000
5439785
8770733
17798686
1612201
4104061
933837
7831923
15235064
22456520
15279370
6368169
3200346
11835960
22733277
7528841
20106524
22631801
23004228
16975692
20059970
9835361
20852847
15422137
17183071
795261
16089071
14733489
12617284
16747247
22474520
18858314
14421143
4666672
16864849
17790279
12878998
13080876
3146112
19460454
5839732
14036968
7644893
19681506
15739437
101475
19128172
13724390
13165390
23762426
20132846
15231391
16662291
6641144
23343067
13043141
12187977
9935383
16268970
4352529
2326104
17807847
1993465
7224423
2381233
14377532
14644167
4012103
7241144
23712703
11815561
10168227
22307532
18136976
11146892
12608606
21539645
19375747
17601545
21944000
7100135
75259
15898325
14212709
18463168
24001243
7367729
18429007
7609279
22471124
2359064
5695240
2010172
22219493
16590257
8962689
7136388
1525022
16206543
7666475
11998730
4272143
23031336
20292485
20607332
15781146
19017061
23605646
22869171
4109844
16639234
3480985
5622092
15907082
17438538
10627719
2975522
8906606
2653501
1914039
20460952
4149572
23708543
3641041
15083105
1648792
16766147
10063471
13536293
22527958
8645140
2299804
7674812
7250190
1275423
21011687
3505533
1490775
17559971
5971744
22497752
11325710
20646006
19004374
23525119
8531932
18567777
1061483
12455655
22513930
12809056
3403468
13076468
8643308
21478454
15613192
12122500
18248190
1418331
21830047
14853146
11988509
1024381
21266684
14338215
23794649
14045275
8127348
13596583
16827819
9335739
14086937
11810592
12114074
11030156
22463635
20086277
20063847
22855987
19645746
9437462
14759306
5935015
8056834
20530809
3230264
778419
14302454
13988602
23380
7389224
4180021
21660295
11833292
7221409
6210867
20791625
7811015
22801610
10103204
5017227
21231665
3056781
13356958
2621356
14976309
10201207
440531
10626385
8096681
13710730
11974187
18238498
13298310
7278415
16821914
23845221
755039
17506788
9808581
2373086
19565933
20968613
2032985
1635226
10003953
18012817
10688420
13387347
12163503
7046423
15670270
5193867
22684032
13749310
2180824
4349924
12698085
10739802
9245757
451741
11005979
4695772
1416584
46648
17116935
9908684
14036640
8975511
21950856
23443528
10933660
17930707
21558219
18623728
14956806
7210165
5849314
14235556
21727078
6969636
18965951
12514519
3013043
18334107
11644784
15451023
5697726
12246343
10327382
4549985
23045158
10959331
22182397
2101459
10020009
8141423
11967829
1186670
8635410
4020148
1885309
2903491
13567460
14348054
12774414
721250
9493088
9473237
5863164
19806118
14550152
631843
869735
11572020
23229940
23408441
15717200
11741300
23804745
23378052
6377589
20943699
11532881
14040973
727188
19426897
10099572
7947681
23311362
16325478
1046247
22140815
14139078
12846210
4854966
3301177
5451644
280529
18933086
15824880
18936383
2978131
12005463
12064853
6448379
11488639
23613697
16349149
5363711
13454605
22438730
16346616
20216510
16115984
14534960
16789508
20125536
4367652
17494992
11764105
2186400
22803597
17285849
10837901
7394565
15167996
18971651
220323
5354147
2538512
3819416
6871529
20539753
516824
23054716
692788
16718487
20752650
17920420
13027096
17248096
6322745
12405215
3427002
20000449
20760867
9888075
18954990
12774811
18701396
18488257
15358500
15409032
2117853
2459809
17767801
9813849
3016696
20410908
22492618
6008760
13896151
18420373
6430523
18401897
2302066
6782369
3691391
14098113
11597675
11215440
13821094
10332297
2237907
4132486
11639018
7986056
15196680
466733
21426311
13885923
2953961
12898691
21651232
16314005
10036671
7950452
21924790
21017937
17108315
4072245
23588238
6087813
2701865
23658155
14710506
22807512
19194695
16485952
10870578
1265377
19571092
20282167
9286838
18261852
12945807
11172285
10569745
11904316
8106330
19121179
2828250
10649957
2862020
284338
4982774
13028735
14852137
17852545
8023258
21614061
11963939
23940084
15387308
14497912
4463460
22234555
22530493
17929317
7508419
14598412
2572098
11902799
17929919
8708112
7692106
1041491
3065954
2042125
9076066
8049932
16259159
13137471
5667183
426844
9442201
21733789
15599035
3831635
5888605
8093175
6226752
8059586
19476624
17162754
2560978
21137702
1309694
7932080
1940777
6199179
7262052
4457544
4210692
16888428
5642158
5649981
2558984
5609581
9792967
6532154
2382749
2415873
3695269
18536954
8837809
5610566
15845183
7505860
21614884
8422578
12626552
23667558
16092166
8932480
2436618
5222457
19196925
19120516
670028
8076792
1988486
967183
22825387
9154270
14329444
10626136
19867014
20036831
3226831
17970653
2836884
18449355
17588064
22094704
2691770
11925508
8005683
18016164
18889308
8540885
2923971
14287631
21230939
21463268
329114
7326103
4552429
11120133
17132029
23712845
19854964
3427775
10647740
22792810
13297257
18302614
7399304
12489920
3783504
19381036
10976148
15345740
15757585
16256115
14089021
8685607
17046201
10058357
1675751
15195236
11319946
16064262
13958516
488394
16910839
13218982
14204075
15443143
1858727
287812
13065105
7655713
724077
2938685
15393506
11400896
1102667
22621828
12107331
23041324
3623451
18730034
1256718
7071977
23219915
14624223
17603415
12444523
22748411
20215048
1236720
21425111
23163424
11333093
10294320
1467696
11360255
499820
2378038
4796573
23573736
20719978
16272208
23926741
1836018
16781678
9887124
12664903
18998377
17387298
8368164
20561474
19520120
10642496
62121
21368950
2469371
21398368
11207803
1323300
21061625
497186
21724350
21695728
23982839
9794499
9683216
17157240
11529644
5668061
12534366
10240554
5467518
23500530
623175
13181116
8376860
16509827
14890298
22446904
21877179
21735669
7082911
8744728
8173125
2673754
20754706
1146071
10930301
21304176
14202509
23375898
524348
11929851
22606070
6825598
8858414
4015155
15216433
1289089
10794101
13043837
20210938
16296403
1707228
8123349
8884377
9939957
5226207
17164630
1947550
23726009
146102
15002716
22593582
7027054
2337011
23460530
21547121
11564404
20779828
2272658
11363387
17708750
3071436
18590915
2202724
18162884
3814613
2172596
15681711
18507699
11336608
22681148
18005585
2360830
2897142
15729748
7992406
16103757
3602086
21548394
11725986
17129049
12665705
23143053
20083492
14782608
13274261
19274463
10794576
3071078
9794781
16782473
2089584
19512112
14776302
10623687
2481173
19910474
14845988
3594121
502113
8975778
19784006
12869396
4961983
21396944
12127662
21047572
14971330
21076597
8882689
12592934
21055557
8476655
20462351
11402588
14581591
10203183
20073241
18022104
11575053
14292669
12599730
15475897
17030939
5459387
19787700
9480610
19408360
5870210
7820116
22236277
14607354
8980621
741734
18517970
6425614
15061066
12164883
2378396
10614598
10999592
2724142
20246528
17905065
10259168
15339348
7153046
22638131
16374130
16015933
20109156
21271731
7140343
19698198
18143888
20654586
501047
12254053
21182084
15272857
9433054
21494542
6682942
2555007
9690669
6353087
14640776
15040026
11758850
10247813
14378071
17104528
16474975
4907179
21345577
22224597
9558777
15147114
2528974
19112400
8875590
410958
13721402
21089316
5780709
16483393
23482503
9238191
2820999
23697543
19183474
17471606
11803873
10923414
22517790
5244202
5187796
4392963
11255514
18664322
17782839
9470892
19768952
4843937
5941961
6198463
19695622
14456377
16865083
2118016
15984557
22389833
5223808
7831567
21616814
7136077
13662394
23794961
648276
19952953
11893670
8260059
5547374
17153230
5735618
18124827
17998689
10533474
21213683
1784622
9488929
23532461
14122489
13570489
9158315
15495585
23936939
17577606
9065379
18485251
7487767
18746549
773019
22097732
18179174
21831854
17081360
4302999
22494850
16398217
989137
5333999
13118000
11432548
23164542
19212145
7504703
2797625
11638104
21691223
22265692
19928441
14374146
22636905
13643550
2174268
17023765
5451688
10089838
14328831
4295790
19993595
11160933
13544724
15609931
459733
9930563
683142
13907421
17160851
13873776
13566590
6179458
17915856
14521404
6950475
18167600
9823481
4541933
15719663
7317077
23638788
6284891
22793436
16206699
18785421
16094431
2694934
11749457
689802
13761456
14761066
14977223
10701200
3614161
14926788
10562312
16779713
21412926
10934390
21574952
6551479
23055187
23238984
23758257
4697923
13002100
2447936
13099963
4913146
20028331
8533641
18025647
22103030
17292564
13511765
7035963
1988187
23537037
20998392
9722579
3060256
21740464
10643994
10732447
21438007
17523863
10221481
5798320
1445004
11889204
8929527
6803223
18357264
20830442
7893878
2191519
8088954
17023165
4566321
21491059
21935302
1834636
4513882
15067066
15304377
568287
20641131
16275608
20476781
9851486
9672144
2921368
10896016
17130131
510966
2223245
16078859
8925835
20878794
5235340
17541941
12109085
9502904
2749303
23335047
1464272
8218756
10607896
19097863
2731685
16977177
6868236
10540259
14539154
5019494
9622328
14695065
10789645
6603464
17555413
9549029
3135572
13003961
19266330
1051272
2178689
5354451
21437078
15393895
19363268
6325995
1376196
23377598
18632190
18540547
12727151
6376410
5487071
4224278
12229627
16201427
13031582
1848742
11511490
10437647
4823408
3018864
21149653
11834174
14061451
15145011
14292700
2084299
10825271
495436
14217754
21388354
20594743
1694641
14017698
19995671
22297364
17439209
21244005
12255780
13053476
8502873
18156783
23889204
15202697
10380885
15283495
13187493
7618893
8492626
13297995
16999234
23560973
6004641
21551475
22570710
4319740
380822
11876546
30476
3910694
12523113
7370656
599072
14000836
7172048
22761666
10041584
4385732
12741132
18108998
23767832
17310177
7775898
8605708
12608762
13355551
6790869
23899499
1213217
19535213
7293354
19457760
990262
1684901
7754211
10694164
14882823
20480129
23363433
16669821
13905180
9115836
10792166
12440966
3959252
2786316
10020534
15942587
4627901
19440955
20926659
15162124
15294974
5013905
12408398
12719264
22735893
21859215
16606145
5765458
18544951
5608452
22297108
889657
21405638
11284083
11340732
22223003
17168507
831155
5877654
1464214
15750142
18599409
2420431
12026666
22168416
14589580
5609487
59336
14739540
15912753
13347284
2575709
16881572
14559184
6706678
16970435
3314264
10997692
18071909
4238852
18806374
21606584
13558926
23192636
18125576
21103135
2928906
15704293
9091014
21881805
9637342
3723476
20440994
11840852
17010738
8692638
10443598
13706734
21315611
22757390
9624740
22798101
6462590
23921138
21838478
19718987
9492084
9668971
2784877
7058884
14689927
19623738
3481008
3049349
6847288
2421283
12012121
15650661
16660510
15961097
1440810
21806490
21316297
22341915
11990813
3304004
21980586
11696209
14675553
22527511
2878358
9713602
11553182
10753604
1012612
12169507
3517667
13026759
18989045
17764699
3577876
22234136
12776450
1059724
15047229
1790185
20364333
20061025
14209851
18864020
5238358
3108896
20409236
18012293
10954888
294603
12638451
23463076
19411410
4961951
21567888
16134755
19294549
23393676
17829495
11995853
3774020
9762969
9448883
20764910
4988248
13111710
17780466
10986265
15298951
18996204
11590335
1500313
1406225
21694514
9048343
21829625
16164009
20114633
5373842
22095371
15486753
18270059
12488747
3276655
20270961
22184213
8898818
7298696
19619655
8066526
2546970
17612670
15368280
6930732
13578002
18011984
21822760
22794263
9989488
382196
4173537
489380
16461971
14180160
5530505
12943711
16455783
4662196
15221439
21707342
20200183
12210097
22009099
14314535
4971396
12972265
13158116
832292
4751726
12600544
16708247
19626239
14628227
7949854
19711531
14793740
18616055
8024122
18620725
9500108
7930226
586936
18968876
3518260
21734378
11461867
8315831
18758441
19065573
13604900
10291802
5885647
7238701
9036833
11749978
4139103
8220539
557572
8134046
19729047
8565876
19351951
10508266
23844487
13343800
22280968
20183016
9115947
93896
4617347
1124790
15005525
2862559
7507009
5795988
13569495
2989853
5304489
19060198
13179926
6366199
1254969
4729228
13693157
816294
11192405
20015058
23095052
16001697
12792096
9220780
19324948
16601710
22830858
3661471
14821412
8770629
2149227
18584715
9098372
1754787
17627782
19803096
23896624
15110715
11085057
18519298
403486
22948291
4388787
8450697
3266601
438675
17546824
17688100
12324801
5784267
7222962
457830
7270308
6783945
20993482
15663477
12373856
643787
12105803
6830256
23682258
10987998
956933
23898836
1868164
2517067
19311597
15970884
1290787
12146767
714069
15962789
6265248
14543671
14913874
9588502
22717433
22356116
10465138
11866971
22523960
11032576
14067908
15616832
5003647
6933253
14151232
5543600
971530
11711364
5873323
23793422
9119834
22449866
15180798
20500840
11819839
7164830
1840373
19931557
5881518
10180399
1048915
7270305
2419796
16567759
23133365
10850462
23842157
10026121
8392622
17500687
6028928
17728214
12059158
23470048
5961723
13033427
10263836
1188108
2591530
18027016
19206183
12628995
21223586
8015967
5244025
2481841
11876871
15669974
18882642
9204772
18354162
19084715
8146941
15579335
3319161
23700803
2457839
16935029
3997192
1257967
5441528
17162440
11766491
23035732
23799770
4773614
10441897
2830379
16585485
13972536
7396989
21783775
17978529
18741745
6732655
167609
18202758
2672099
21325813
10391486
11651389
13368385
2349112
8456139
23715055
10394133
19703610
1199872
11493500
21438312
13501477
17009356
17372671
17586435
12593834
7552949
22791689
20479362
19443390
18811711
6587566
12665245
1634677
4394477
11132545
4060556
2851797
7811272
1614268
18550987
18635933
3195250
13663331
15964979
23356089
22515183
22910634
22275299
22301954
5077703
4065641
6508601
4415522
20413280
5388305
16124473
12119560
3979978
475354
17371704
17177033
2193088
1532700
8167680
1542680
3321273
13039847
18904370
23778899
22429019
4887655
2670953
14442721
1741707
3647904
1080789
10806787
17832931
4793216
2376911
11255740
18255920
1120296
12301050
18887279
1408326
2232676
18757857
10812946
8875825
2422562
19602912
650408
22221428
19137834
17241870
3552374
14620828
600272
7691504
18579857
3145948
23033050
13361931
1528479
20418533
6881132
19023435
6577191
10547297
1256615
9548249
9962200
23721970
20661932
129422
14605381
17366852
2918853
15220034
8225417
4211135
465078
18012097
18669053
15110564
16641598
6454429
20050972
21464325
19262014
15811485
12211028
13208075
17074358
17108604
13841342
20343836
17766819
7622501
11178656
1544646
12896317
9832777
9116589
3295080
21220570
23395348
9141435
22717719
14754956
806878
20145641
19958074
1370499
22808183
5653151
5770831
21795975
14833046
19846856
6053938
22747127
5695983
9960292
20740523
23351785
6218841
9165180
16222173
18736184
1345878
16438058
20194796
12622208
9731242
18163645
9096410
19233951
18928116
13165636
5390441
23446380
21347459
14304922
6193227
1012207
1413664
20527535
15742037
16095919
14150873
6687205
12600163
6354198
3741450
11575343
17723171
11492658
18412860
23794116
9134947
23327230
6706816
2031151
14119356
1090850
9829088
19940775
13843510
19491737
15828178
15095519
3836711
6918810
23484817
20269252
19873730
9327746
6376661
9054831
14089315
18390234
13539314
1024819
23234587
16258793
3756042
17939055
12951270
19095631
3670858
7103796
9207874
5615966
2795621
4772140
21850900
14347352
4112597
22757991
2238584
19502927
15620703
18171019
11055080
740629
13892590
10818899
5831989
11996428
6109076
23658055
5749205
21290521
21278778
15889091
13901082
8670412
14268197
5847474
20481316
22064893
14901733
15029292
18368626
23051829
659543
23102909
12108768
19213230
7137288
8077566
8447846
1463632
4278428
10829740
5502198
12489721
4709822
6183935
16840782
19422115
2379276
453673
17982998
12608366
1620894
8053608
22792656
2796862
1539299
5452023
14289826
15859905
953307
19275717
10943060
16049873
15965621
14624761
10765383
16267214
14392696
8211665
6554993
2382266
6119918
23328264
19658940
19891267
14398218
16387108
1439117
13780911
9426338
9929389
409269
22834032
17107868
3924190
23110596
9689395
15092275
19024110
15510404
19506993
3310096
6911858
15878049
10291966
232065
2553718
20305780
22603989
2091747
17830289
6733327
20832210
8930046
13865390
5035708
617307
17554329
15519728
23965200
10602307
3415080
7078638
10316995
7418473
12841916
4086486
4772550
6178841
2297572
8598546
14222503
3611689
6679793
13324330
579744
12231636
11055530
13069050
2454219
15863096
8900243
3461496
2380060
18906298
20321062
13525981
662107
6952022
12104648
3470120
10878870
6590166
18246723
16824068
2645923
17256634
1788914
6767563
2549896
9279442
1918753
898173
13625503
5041716
12862359
11520695
20370975
5785993
4168807
23002724
13483036
14003946
7150434
12864080
4827748
13369040
12014892
21201988
6666710
5514481
19826957
4648361
14537802
990089
15035154
19888361
1290295
3103031
4848810
1651723
6247497
20887038
22639374
2104808
19274300
7076366
17945446
21378252
16312957
758420
2435848
11212515
19769756
4374953
11442747
7635761
6702330
6500410
11968589
12611908
1570238
18836868
13623207
18659442
10293352
22525682
1623109
10232131
20865534
7971773
3022350
14736248
12206296
15563008
18762922
8489607
1356967
17187026
5525962
5100442
4998665
22070896
23779769
22727554
21682624
15535895
6260731
4683980
15523731
17141722
22998702
6920796
19137075
1691084
3619891
61221
1660148
17661337
7209780
16722845
6359035
11469343
6566885
14310248
789598
1575896
2963645
20266526
22781920
7465067
15924232
16874671
10981831
18837433
3050381
16998643
10605723
13129010
5695279
8602935
22014648
7891176
13894464
19075853
10624495
20562114
3445000
8947303
11302301
6333996
20749519
2642346
21273304
4990989
11346602
4533073
2803977
19508579
14935853
16500808
7076795
21096800
13824290
17993188
18825269
13931372
21896923
2002788
15124363
8397662
5302030
13532353
21276682
3925908
2214411
1677191
9259813
7704563
12207785
19253514
9070693
15758530
15305745
3323789
2187012
15848024
13607221
20906729
23025343
17849053
2676518
13093607
12865090
10486477
6689824
16822481
22817010
13499260
7294317
12185568
11130981
1376121
11317942
19599490
18676096
5103407
62965
599858
22643871
20459255
3947769
16340463
13571518
23467722
13726569
15883843
3416239
6351726
4813769
20525295
15577522
2783600
16997342
20052610
11679468
17200565
20121723
21225000
12961838
5918195
11461185
15541492
17303585
16808093
6120083
4659796
6469537
3613711
20662090
16896967
6887737
15083607
13207453
8281234
6635040
17968401
21663633
6900945
14784205
2030169
3527953
6118470
1697691
23806778
23940888
1048026
14832286
14203527
20357374
21430347
23218170
18663093
20014968
12643788
10338556
13099931
18601266
166129
20735975
16172042
14283073
9200061
8448566
19249052
21221161
23744096
3184196
19633464
3372992
8665735
10926037
14324735
6187583
11243223
19568051
9737361
4700653
3995498
1578916
1694281
1415379
10574382
18918096
17508596
4636081
10172426
16373957
13022783
20486616
22129472
7723475
19044021
11988901
8714471
16064856
1587697
20371103
5112020
19300986
23651817
2478152
10276372
5350243
7043781
6542570
15572553
18752004
13599931
2580119
15014535
6786186
18510343
16531860
8745669
1134639
2206856
279369
4838043
5299308
1442595
10140571
23019005
2979165
20994762
12353369
21546395
16890271
7312845
2633868
9024613
4885132
6027930
14327361
13787691
12301778
16952639
23585993
3737469
17407304
8079777
9076234
22050517
3959262
908561
8466300
20306596
20917549
9430333
5291031
6290304
22473431
23749369
21259195
16036329
4104491
15634083
5496085
18459217
13021271
20615939
5290811
15107442
4319711
21384723
14211699
19157868
10138894
2089774
5254794
19366788
4120515
18761231
167775
7662666
4001013
9629526
1599123
1210803
10966903
16145222
19634669
17030660
19644878
5625112
10540244
9655275
2612811
19483706
13168406
21923830
2879786
18509648
895743
19765403
21839388
22715484
486632
14782107
21979260
10503563
5782571
20467849
1343776
14548249
16657102
2790209
9256182
9463902
5586135
17946243
20510345
14009557
6490416
9989603
13605859
1650096
7080428
15292541
3187478
5252317
21028086
17717943
20680261
2190260
19278771
7057281
11329783
13993069
19593095
1511410
19753346
15244322
14404306
22563568
15885626
17786758
21214075
15319940
12963558
2170137
11455827
10520742
10997256
15433879
13502734
22323319
9056177
1828111
18274456
20073095
8582057
5421384
22449173
13622980
1454036
15879260
22067746
20411931
4833282
4348772
21710664
21199779
9952255
20627549
1349493
565686
4823200
5627495
3864113
13036375
1766440
6615507
7611567
12683938
6377702
11674623
14642422
23586641
3839613
23446631
21633923
18969078
3967347
6569912
2148793
5052106
21639537
4302531
9294826
7643504
18406518
1083115
6433844
9386569
2387907
6315556
7295132
15796825
14454614
21258607
16018367
13092502
10831364
19946945
8635075
17394620
18428569
1789350
1952718
8880536
19479283
1647569
3403843
22925242
19533935
8439820
6350838
579590
9906014
18805270
1209660
9019948
22705209
118287
12684996
10601082
2454501
10046526
10372017
1362112
21020802
6664981
15050986
4030302
1518376
17439284
15441902
20141592
6320067
10898708
5476693
20564042
16717193
5557581
3157962
18954345
22543807
22149128
23379931
11479625
20110062
1091373
6928511
22697685
8257345
2638470
10822624
1092389
23629284
14300594
20914686
3574057
5146605
21621702
12598401
15980344
11119217
15136753
1248457
9766026
4775073
10512670
3989638
21772849
7023775
5018835
6167973
21657741
12632624
22288558
4551114
8005936
16844028
4290040
22468620
17758515
13612746
20532031
4187704
20055226
19747548
9886542
14985657
23769821
21096044
8055206
1315445
1353190
10361680
1329345
16369947
7012225
3488895
22980804
15604876
19969594
2979769
7889416
17106627
15220247
5444529
10854632
20140876
9679072
14687295
1936589
154369
17567521
11378042
4894720
15663128
6571285
12800499
17524010
22454376
19742854
21703527
10579658
19586803
3349455
21850451
17399144
2000907
7529301
6584592
18309019
13456526
22363082
2444886
6251994
19089372
6359016
6760896
18204287
9524702
21129775
14568548
5853208
12497952
15400315
16104222
8732677
8126910
3651204
19830483
22468277
10749610
18354072
12739208
2187658
11942106
904708
21408111
7701889
4666334
8231511
15864133
7204532
3273709
6679429
10084657
11478644
7427873
9641122
3635739
14265053
8631823
9761791
342544
14358834
17866964
12453018
12912194
9668634
3495153
1476411
20322628
8561951
6411966
11834500
4789548
14833776
20248375
23770158
2431315
8055361
15551361
19778263
21129876
2388624
23261557
443534
7842905
17172820
1009299
4467506
506067
4866548
15904828
11899527
12040198
18791889
19551424
11435783
13356007
18943202
5658004
19081687
14365962
2171748
15596126
15622950
22996020
22786573
8218797
6663053
10935486
13162737
20526707
20686341
5139277
6088736
10027794
3375399
3250311
6736310
12572679
12616541
3419908
7706497
2941661
604415
5435882
608222
16371338
4867879
4577240
3486255
3485561
9336571
13779288
3403112
7404152
16332967
11851087
5649619
10146347
14259145
18617018
14437970
21252106
1763878
13431984
3291483
14812720
1227329
13909961
4866182
20268438
2815493
2270615
12926998
18836636
11161562
20040982
12885083
11975877
5834228
300526
82449
1932418
21456321
15562026
12348092
16780179
8185500
11042602
19718377
17017040
16853140
11599545
4544181
21554718
22798213
23985082
20540097
4968892
11094467
2595567
17934999
18582417
1702611
16896017
5951553
9779244
14206754
12584556
11893428
3901810
13447765
19123983
177885
15269701
17970084
1305490
21071803
15178461
4783021
18712391
23066418
5891981
23404892
15162658
1014620
17829321
12890615
17944530
21637453
16522051
11486514
1038982
23224422
2516926
2689263
17376998
8479375
10304944
9730350
16779446
14317483
22188065
11747457
22882396
4791457
2791623
7116028
12952971
16122044
22901041
19317500
18497318
4877360
16169129
12865602
17673650
20201869
20378564
17051575
7182029
3891188
19563147
22359720
5847424
4631109
16394320
18240206
15709930
6581019
11552286
5031988
15445088
3980166
8955834
2349926
15848487
10679579
8224988
17645472
8218285
4607238
13741929
5631716
11213711
19977261
16497039
11215634
23613399
16487376
8081986
8832310
8637322
1515596
5965400
22210778
12931180
20406859
6687920
10677942
15145932
18165679
6669713
23688720
12141680
22286256
18134939
8796574
13054853
3617749
3903542
2586569
3987086
4358227
23738237
24008078
6957420
9662
13727206
14781089
18443613
6566390
2866910
21030104
12594417
20162100
2106416
2253238
5260927
12532241
14601788
2050771
6023999
8393458
5553781
13938665
19824961
14517190
4893031
10468284
10224222
10138874
13451892
3989008
7994366
23728574
20874431
16186332
16169609
7160816
11914179
8007067
4565532
17308369
18923688
20934738
14901173
13584175
11661451
13803715
17101801
16801889
20506991
2678893
12578497
15046592
9045633
19950236
14886526
5347716
21026393
16828773
12738067
13733318
17718137
15818035
7558965
13713615
4272152
18756101
13188842
5199369
13093380
7640795
13000755
15933072
9273287
1097458
7075933
5453121
3890283
1006465
14816950
5460399
17643261
16638262
10753624
14291476
9517401
22067754
16619650
7293075
9704194
20930033
16767912
4004522
22139441
23406424
524772
23082784
16256280
5548047
2792173
21170309
8961067
11903296
19450697
14413725
21217176
16663027
1229729
9023443
7373205
22188689
18716775
13945344
17714420
12695871
8265384
2224326
22957119
19699618
1118721
5699672
22800592
3955047
3479750
23066658
7150144
5570284
6874169
19095972
7180538
14898877
12313170
5140901
14696121
13381229
13183995
22787292
9289821
3051041
900226
4021420
4474269
6020904
5679959
2073651
332311
12575767
1105605
17257447
20909027
7757233
12813481
10327493
20814904
8503024
2776046
12064173
8983305
15985293
17376360
2039637
10796315
22941942
15966907
2502387
4091408
20726513
8470624
15861960
22586773
18889323
22351462
12994176
5688593
3697751
968046
7084865
15676741
3941931
15037525
21175092
10952329
4310456
18145006
19344290
23529720
10800754
18697813
6943668
15782536
18444419
20676290
8293928
5434092
5833953
4625322
22833008
22149740
13591302
4104057
20186156
23794288
18653710
22619689
22613729
22624570
21036116
2640899
18511649
16999602
10727068
13623645
2201598
15384296
17937810
646477
3169610
19028219
10846953
20870938
7488608
23603886
1425895
14262164
17204644
18287772
15044021
5312509
1963584
390572
9460347
21576468
1180559
6622699
12177131
6556388
4112921
4036514
15923831
15481563
1381562
5936331
6279394
12148680
12214685
22919592
13809525
16902232
11539610
11253067
19445043
3820003
6399242
7148123
23228144
22485694
16324188
1237007
19862162
14990676
9803572
13431207
19992895
18634171
2509778
8140617
14642558
23234918
13248510
20581059
9202169
13242883
17731647
7369802
22349156
5906012
21973541
2556457
21467190
18313166
15447384
12296919
4601860
18517108
1417494
8574695
2623531
11927070
2026993
17024514
19007782
15179402
10921429
22445837
3991613
13878420
18902108
4655058
14032749
5627
2849412
12425925
14903728
11825635
19999821
19792698
19042381
3660374
21712633
9170271
294864
20940276
21472984
6620724
2477135
83983
6547701
20202577
16929289
21451151
6103084
7155504
11187788
7636568
3543729
9930114
23855672
5480039
1805646
12200382
9111899
15033778
16436105
5704589
3376812
16339447
22090066
20465669
13959069
11365916
22300847
17684141
5046699
21389001
73022
6284558
17758253
19700110
14099493
9773785
10263363
22476517
14205334
11851233
18384456
22073691
8124468
11655289
20378140
10781869
19774278
14000869
22250524
10690217
7624524
17514703
2380378
21317709
22174823
6868486
16912775
911846
4194677
22772142
14224306
14976472
16195066
7984468
9436747
15632977
19578452
9005689
14685619
16141644
3726764
6729167
12289109
21352600
2474570
6377271
23134904
19677620
16969904
15329380
18903398
10316816
19349880
6105450
4404933
7846535
13267368
18150634
21291099
13228205
6577075
6239838
16133284
11155648
23009575
431058
11540916
14030367
15872483
18550011
3852534
6384165
14848156
16505397
8811255
17400509
13417367
7805524
11367781
6653088
6573059
12797947
5911882
22096904
3431641
20857859
21158996
39163
22167118
15051261
7688480
6014986
17833823
15702226
10208291
8979208
19162134
17000906
10177833
9488318
3701855
21950697
21582911
8041205
3088030
11599290
6032728
6764279
11826024
22579835
741206
8486156
19959865
19657583
11531467
3392478
9284300
6107735
2944242
16152132
7810997
2579812
6400254
8854615
20550093
17217386
9394934
20267375
23892609
12237137
11915408
6254209
18862667
20577180
2008477
20333752
23783267
18056453
16616632
3339868
2619969
15687182
7548248
3150945
20966842
5423732
448236
17142169
8890297
10957988
20345437
22966383
6039720
23786428
23469682
282718
3918335
7751356
8351966
17638400
17384471
1931787
14839290
9122474
20803914
7962025
14310679
20443399
15436483
929449
6385179
10062583
18730341
2124516
2702709
14418232
7126994
83806
20806733
9933915
4918268
7152568
23506702
5757002
6451650
2301884
2524310
10289936
14376886
6420179
13392669
18855556
5137874
6877265
18821796
360515
16535543
13381229
641778
15967459
6209109
4260663
17953432
14905667
19007523
2618903
17621500
7786638
5759097
237723
10437214
23171266
700917
7788376
13826251
20171715
22528558
20114132
7490826
6114889
11875863
6515404
33760
15370918
14351723
5440566
10312296
11161642
7172120
20391116
22024028
1897001
19856700
1918087
7877726
21814444
7453364
17383777
21359425
6597832
23546806
13242397
19938574
15132762
19863378
17722119
23274448
2997227
18831828
975422
6081129
20514946
16173682
18603194
5058622
13783639
22278447
13931181
23741174
15868678
11127975
6689498
4612834
22052257
18474724
14503949
455019
11449091
17846972
18710587
10669258
19007603
17389020
2216455
15868314
3449709
9483850
22299026
20926099
22326883
19405300
11487935
15456323
12983601
6918306
1721000
636024
17003328
13396765
17051676
11255844
13085719
12224775
702443
8180796
17619191
20666978
5754433
779833
22849369
1321567
19046362
3139289
522869
3326163
4162847
6533611
11166968
2893726
20031722
6870559
6421698
15163188
318881
22941136
13924978
12334236
7594349
5747484
311046
4826900
21146959
15498482
5199143
4045466
2426363
3422916
21827610
15026425
16337030
6293638
11392257
2303757
9570001
4582817
16169196
1269120
10511889
14889968
20482029
15462093
17145237
18084122
1238210
11994645
15346787
8177494
22616749
2767448
8610526
19416124
10221316
3685051
13072119
1776226
6227857
22003498
21689446
2117529
3634168
14033273
20733638
6809440
10144562
8300880
18080928
11872787
4797092
5643355
8338289
12991466
14223883
5150592
13330893
17070717
23981456
12579339
10160527
3200625
3139691
15519033
16937564
8445090
21467195
1662180
14690340
4110327
18369330
7656172
5393892
7418287
14482270
23026317
12738512
8865334
3503788
23031132
3534497
2399185
15429473
3187697
23670573
21163167
5179137
751554
17503749
7364388
20033207
18651494
10273062
18704602
18061839
1858942
4348308
3940426
7302851
17627727
9309994
21544602
17183903
16971135
18689775
5616936
19522529
300939
5330836
11698161
7601658
10940359
2738613
4859865
22018561
9502577
3659418
8408307
4728348
9445813
21101327
11922164
11183214
19007679
939851
704971
18566092
10730582
18640432
20361809
443824
16348860
2854826
22160525
8042165
4972394
10879659
18417926
16709282
4984036
8959548
13335352
12931798
3829595
1200447
193812
4774228
4807163
11316981
3399743
22272600
12687206
21575871
21071802
11035146
14219270
6074539
8797842
20880317
12885131
17506982
12886858
18900254
8475991
11280866
217797
22866672
5895622
9458378
3373930
2645797
15723512
12134904
12737986
23065367
6986843
12886831
11968044
17138123
9223334
16427432
11794356
1652060
7356601
1580821
12830863
3932511
17199409
15300860
7993459
4578435
19624550
1605992
18682457
20212879
5385244
14769420
19492742
13843384
17744866
1832584
13917811
3251704
15741620
10444714
21690882
13858720
14257056
19550613
15937326
7571274
9070830
10213535
23424756
14017649
8391412
21540004
19949053
23214533
19686311
16981026
9905979
10005229
20230749
14506595
720137
15551860
21034555
17660157
10519132
1076720
10100965
3473097
5570822
1882900
6781216
2140269
8514953
6685782
21073341
5723790
8156518
5646740
12415682
1884752
4662154
19780439
12447251
13561586
13308553
9681082
20760278
5992943
9285092
15272447
17482041
17663540
5032728
6541392
18152751
7046034
19515899
8218065
7285440
14024112
3961505
95434
5076929
13384722
22539265
2010159
17318109
6271766
984586
16645243
31060
15110569
17065445
13359728
3394867
7315610
395990
5487830
23114461
2215111
10239719
21534208
23520789
8580253
11035494
9934686
23770595
16085346
14850118
17783565
8947183
14586784
12159729
13660329
20076613
16267499
1025573
11266425
16834265
9884018
10173357
21274891
22309260
9749834
12963738
21917038
18804709
22190880
5841670
1580253
2704322
12253025
10498713
169661
8819658
5543707
19094569
16580589
7138163
10856893
16217395
5880413
5103730
19902231
23228315
19403747
10026793
15151556
1093067
6152932
22178317
11017082
8311153
10985781
14955126
14782859
16075367
17224455
6070115
4182204
15091541
13128220
14026925
15548565
15678652
16249070
8999103
18831235
10956753
11851309
5753163
6908723
6662099
9709983
20468997
8076759
4894238
14467419
3566797
669544
21851780
11192536
20071956
4121852
5503973
8324230
19306303
11893163
2132914
16951896
748838
10136535
8043127
21787856
17143020
20857418
15885875
21157795
13078072
14641589
5189210
6636738
21043286
22595341
15409304
6001577
15103520
14818252
16625640
16384262
4607589
4313486
16282122
22341285
8825550
17620811
6191315
2354407
21737884
2589938
19502327
13564541
17003515
11195710
16495540
19995226
18372905
1244286
2552143
17034892
4191862
6603870
15237435
15041708
18085379
11184611
23979497
22729259
10210663
22905713
10695699
16869863
19497936
22671312
16149970
6471143
6476486
14194936
6862080
8173342
9596424
18900176
21079002
21018290
16832806
15251254
4026640
11931571
7645982
19958274
1797457
23753714
23122050
14646383
15072212
19366121
973947
1073784
12033559
3934359
3407776
22627947
719893
13026793
16194826
12548593
10202622
22313144
4598512
22565464
21697900
12588134
2067369
5827748
3575208
15494794
18198830
18671926
20727673
18495828
20846225
21754634
8681502
14349488
13672435
13998427
7332562
7633147
8259567
24009172
3214465
974542
6433121
22774860
13417730
4475240
18543640
22240717
11208803
16020378
20498095
15870151
19606485
21176135
22232478
19506842
5360680
10296561
21835702
9566597
9814326
17090296
8082199
18693075
7016926
6039288
16332419
17926950
15012241
17878583
17576050
4449606
11566813
12551440
14824779
1770571
17276438
2523261
1742622
19348653
7007452
23331960
17647674
99643
15815455
22529476
21681141
6387641
482234
15338965
1484398
1714810
10073370
2042911
2360656
23693536
1620606
9047395
350899
10562635
6311770
15618169
218385
20389801
19285003
22895077
27949
8521344
19525810
2420663
12294537
6907808
18110064
5711757
13022062
20021373
8630799
16935735
4903243
9360983
5265595
23451488
23364155
20983394
11015864
3906820
23342636
15067972
13329184
19336290
20937808
9931970
20343167
11926868
6945410
21357218
3369266
21617287
20236807
12618002
18914159
17176339
4479305
22098692
21090959
20096328
15118130
23279817
22263699
16055314
20600388
8292202
12435624
19457335
8234316
6541451
1171195
14599905
4723722
3397214
23003123
9010940
13580119
9579508
8557602
9338124
1120410
14761265
2703128
13654027
18732256
7409026
20095381
18986536
6980562
8404701
21842630
9656374
13272987
555055
3619690
1143053
57885
16487732
4869698
4227970
1817728
21783982
15606783
19722783
13827096
7173
453338
4241995
8459098
4389895
17228555
11476384
6622568
19304103
4152205
10339278
428464
11690680
21153907
7917746
19141714
7871133
6036684
12129934
497169
11141958
6866914
6423474
1253562
7095717
12631188
6104946
7956886
2183168
5853003
9585101
15558076
6657001
21617000
7576273
8360886
21934453
7324178
6876849
5459197
16471526
13195372
16520718
16558966
23876332
1881062
17605339
7373964
5488285
15856578
18083696
20481955
23781198
17802287
19158617
9732390
21041579
10845501
8965344
10635093
9789561
22571661
7981803
22306116
23692548
252094
12077596
16475256
14862653
17691477
12948479
10506119
13329041
14639656
9547186
16502368
6986336
1748761
23893828
19609889
2668939
281408
1323338
632366
7354267
8313115
11360605
10406486
11649499
10403684
2653290
11493445
22889114
18323267
20822079
7217292
9399442
18396119
14120335
14950093
4362436
22318824
958933
7420231
18246879
7798425
3202099
21980006
9673381
23612419
18286551
12630131
3520700
17020224
23875321
20957782
7257175
956921
7753196
10749613
11524571
18933582
1264925
15671822
8923825
2425960
3690515
18459350
617241
15811512
574718
7535764
14665503
17170509
14811691
6860432
8718603
3599681
3693455
21053250
6675277
1266327
23358370
6572918
20356608
22918400
13204586
7101121
13442351
23423173
9484688
6446308
10009757
22848966
11981306
14474475
12402278
22482563
4468190
17091478
11739568
7414210
16734074
18398630
19045465
21805569
3166976
11675353
7517962
2427128
8288439
102359
15513279
439969
17378333
13255487
20069608
374972
21626434
17589602
13413416
21239282
18475002
19545283
21040247
92302
20599844
19320801
10742995
7647539
10950963
3934496
22972305
5522064
15231654
7370111
871164
739848
3386914
7415603
21517409
7848470
17327586
2257792
14973921
3586919
2222612
13073565
21565116
387152
23124600
17878134
10792594
18382700
9538998
1719446
13359308
12952304
18963397
17402057
19278794
5428899
12712843
15602193
15244458
14491806
14576756
17465562
13825998
19548445
681576
19259617
3468108
324225
10628739
12493914
16625363
1835460
13958966
3686982
188117
4741900
18932695
9073148
5023391
20596694
17359609
6550810
4267069
13534498
4689214
3676601
777999
8814596
11618996
21788897
665807
19038312
3367543
5159940
2663895
10950910
19224437
14984194
7708863
8793279
22544949
12938381
1647343
19810624
19357847
15124970
23728510
22346001
2307098
9066140
16329625
3825111
1861596
590468
23350057
6468176
2651164
2999103
8148789
16590684
5004912
6099426
16374417
3010192
9945503
11689701
3242047
10431158
16449246
5364041
7145936
13327884
4174093
10532374
20092115
7605404
23411431
1245927
6016376
22491988
7204544
15739157
15078613
5986978
8532863
20350954
8912946
20664039
8587750
2049362
216267
1994720
20163924
4684716
10361703
10107904
5834014
8471565
13878781
3121362
1189948
20623563
3829327
7162247
21724503
5429746
1589028
919443
18051384
14287219
18006933
11811125
17799853
18737660
7667591
22472383
22356763
6863584
20447772
17186589
5895439
19541552
2226575
20649579
9444260
12483697
6822681
2712652
7281617
17265219
9885593
4621259
9492619
22409582
5573219
20805060
21981922
11311810
17516069
16833818
20497367
23279274
4143534
5921029
6974455
804007
2024611
5170174
11561703
906220
14960013
9255861
20690850
13752879
410455
17325167
5202079
13567463
16837060
13253917
18366159
22079571
23058041
12697560
11021219
18271410
13882549
5148104
14824444
18246796
12690284
1159896
16304819
13933086
3896418
1804281
23845863
11711949
803720
2305842
14818930
1207134
19438965
3365683
19144359
21446552
11081666
2541721
5794862
5351048
14205876
16262158
11058351
4786631
22825011
5873115
14040525
19645754
3051379
248106
12535536
22767199
21273479
14500538
14097223
2778027
11594120
8123579
7486578
23606587
6876878
22046805
16666335
8585971
16294018
16602637
15651690
16324177
22939405
126263
18302697
20012804
17447148
5185236
1339665
13772816
13415295
13792419
17703777
4294181
13578187
22044999
19263534
5079009
2906418
16567203
5885008
22591093
1246701
20043333
6940252
8884465
5752787
10657256
16944282
10563400
17673233
2108985
22031480
2926601
6689116
13117461
18673138
14267891
2363499
22150806
20079039
9121114
10807791
19668779
19634206
19092736
5722139
2696331
9787560
4325326
1904059
9851676
2234399
2955795
874104
20292996
15950184
19199387
16994024
1418855
23135480
1330190
19429870
8914019
18857022
3014784
10753962
7115891
18198852
3835944
11343015
11003819
80467
2308613
530198
16937875
19898735
1396813
11385831
23945885
12684486
22958265
19571131
5951403
11015612
5684717
13892531
1114886
6657466
2247391
5998986
14221461
6483169
2998644
22170058
11741131
8825932
17511577
6366434
17788592
3755477
19627961
21067179
7152593
17013438
23143386
16145603
19962850
12722328
12437566
4374754
17326641
22536212
469971
2652431
9900725
9620810
11645140
5709459
16446006
19774223
3000342
16061404
5335596
18182712
4658481
15968256
1630899
13756100
10748474
20731414
7196443
13208081
21933794
15016991
21060589
21014617
3708036
2171654
5989245
13911355
14498342
1257768
23229046
1442720
15017292
14784825
17184804
15880917
2709116
384602
14438627
19421190
11402923
23970900
16551813
14912382
5219781
15503045
17153216
21550394
22807621
16189453
2741051
11512735
21902513
5472493
1608930
13806682
11683313
15325036
1275868
23649180
10250477
19037779
8267917
23146375
12075709
16800202
1442290
17891486
12991680
1061285
2869376
7084100
18751119
11642327
8352725
18272947
16705425
963763
18809342
21888444
4880498
7862117
20497364
8095831
17799181
10293895
23124373
22637692
15668117
16841648
15381263
11114103
6962070
2061274
21704085
4777781
3808521
10974564
15022110
16501139
6320167
1820608
22741376
11071730
5530461
17982521
23473606
5410539
20093265
21540784
1391080
7378226
14072937
10203469
19575017
19171489
5219336
6282725
17849988
4554014
9879578
23913548
13420019
12777848
22262753
21323080
349230
11317383
15247955
23795061
4353322
5841996
6883705
4758855
11608125
119922
21899256
12526381
4019459
23308598
7467846
1781169
11813210
5495007
4984133
13292292
11915060
11258881
20413148
17946440
1727554
7695289
1650795
2690498
23022176
21538929
6075124
564170
6964060
9405959
16911355
23604468
4827429
6763783
17463158
23091745
6694021
22600659
5058534
2238290
22088947
12566398
20807037
22530918
17589947
4318811
3472703
17978621
9531326
