#N=6000
21943626
29210927
30145124
5022798
9387479
19320381
12408470
31862211
26026408
11847630
33750097
29554581
10721146
28161873
499963
14207071
8778361
34297210
10103166
33212571
33417270
9504492
1040433
21457277
5055844
20262303
9302897
20650780
22899889
24973916
29513623
16920827
19823448
10824742
16097917
1008856
16777562
560840
21595703
32471828
24610073
5588223
29054617
32514076
19383512
2202754
4103904
11565791
24363529
24082263
19655726
35443582
27932237
16778130
12154379
20405065
20846003
7812570
27137158
5979061
28634057
6172468
24306499
6298179
30047181
15537076
2896742
7789322
35434357
16007480
3417211
28095998
22204712
26851863
28410171
7817721
1322814
3505230
15393654
12403536
19633615
26361184
23289202
7527172
31932128
27825398
16751496
2350530
2662102
8448277
5156151
9819465
12125288
8769423
3401437
9741447
3586308
22889263
4372111
7338359
17286357
48937
35685827
14386990
25529048
12388529
15907656
12402867
7355203
25032470
25114334
12106443
30429057
31463805
26775677
17065186
25163295
31786807
20677968
16326226
32322990
32386729
6418028
2383841
28666704
3995763
28852924
32247949
5602906
27806763
31136122
2899366
10519889
10780886
34479335
609769
5033326
14358775
23288534
31248761
30603414
17134118
21330767
847459
6300510
18472458
19870807
32320658
35463818
24291240
33391787
29939149
3720025
2422264
33014506
19902343
21876446
1046161
1111827
2703539
4770462
7838824
27903621
33393709
5747560
7604148
13321236
33268155
19755362
29638005
9917993
17239542
10833608
26341898
16976653
33463441
19008641
31579568
22412460
29008257
20571215
30969522
32924644
7301270
4029407
19451933
18790516
19172907
19759288
16756592
34283508
30860342
25574853
20299473
20072473
31962995
11332375
19683232
23350161
2515819
6287985
7059684
262889
13370167
7333256
8880674
34534570
13483973
11008353
27442939
32083614
753532
14423703
956298
11994343
8340089
23176234
25517512
20889400
24898946
27181740
1467622
10787869
17095447
32450687
23872830
8612833
8816555
13395247
16290477
2252930
28917818
35726429
14865803
2319186
17332872
33872322
7091631
17400359
33738409
13019235
18610904
24759190
29567203
1263653
9960420
23450690
34277289
34335773
6905365
1594665
33569882
5016936
10398627
8482613
23634132
10477583
15805945
30047214
7961017
4047637
10870716
14082220
5877144
16993482
31227556
35932514
23617502
17555984
22273044
8979219
6935621
17347251
2282358
6116513
26469954
11624648
4028912
32682623
765890
1888429
14679627
12570857
4866393
35921045
28676669
29586919
26000155
35241897
6660086
17362386
21654081
29877235
18854664
5944631
16859569
1155160
1143057
14638282
10620363
28409382
30180450
819107
14360886
26657711
25571190
29787331
10858757
25624072
5486584
11678622
33022037
14758583
19894189
11279475
33404479
16918360
10410421
32121357
13587816
266440
21991311
15709450
13017666
17699504
28285163
25704875
26534797
32217265
20457833
33284845
14048496
3522739
34731507
20573555
15798953
23430707
11784335
22663724
28602035
14211590
15268022
21742562
17354105
2975828
24352643
24766710
3330544
33627570
33613635
21361955
23248775
4291806
10907876
23312791
27164708
19551487
28730631
16733541
18168768
16935093
22036926
16958530
11207375
34784389
32272809
16618818
30828672
33572745
7395701
6859473
32857486
12292194
20873508
28587395
35645285
26725074
14636664
5452178
10378795
29321829
10454079
23419572
610687
14839978
18065749
10431166
1382718
11795538
18180204
1210238
29211307
10736126
20685721
30588557
3955717
34700065
9223117
23969199
24198848
18587096
21985965
4270091
130498
17632023
1434319
30193106
16346279
8798424
18481688
10442811
28711141
31614102
5353823
26179522
13457259
6270211
15734551
172480
6067819
30927667
4008106
34622751
6780409
9469245
8849028
15986518
33984806
14119609
25466823
19928757
5940186
27837531
26319360
5937392
1285744
28635896
35195007
29387056
3570871
10351175
5088988
2531619
18156842
22567201
33928559
13284779
202391
8290473
19647963
30928658
24147258
30538861
13257310
26793891
11484440
30729420
14003284
14056049
31663012
21112881
17092985
23486383
26551786
33683465
6742386
7898689
12548613
12327419
24298068
1039252
28194334
6005375
28086650
4872063
22364810
25638086
17120405
28757323
20143216
25109102
17671348
20836955
6538009
18527891
274195
33428392
22549997
16373992
20446652
31660218
30561095
19409521
16743996
18653097
21134852
17898556
7084209
34992950
20133086
5776281
32436192
10805859
19640566
2448564
11235246
29607488
5494869
28011304
34569564
22789850
6054681
35143457
20562760
9109617
19461483
19900203
465328
14373368
9296486
24520720
14916221
11907998
21758258
34845441
35052477
9625491
21249058
24791517
2556758
32810816
22135715
17471216
35570613
13516667
32953695
6707531
18521513
6188608
21956622
35426107
2227089
20428653
3165562
24146146
32127878
5088115
34087306
35428198
35457147
20872077
2762461
3554369
12855522
12132767
1079971
33744548
7068733
24438243
2655802
8569131
33240204
8619048
20517521
16346670
18478743
14248675
8234498
19095406
3961519
1527969
32260545
1564532
11784363
34077447
26058840
20183269
29114558
698817
32665736
31902778
8016555
14113283
2474398
15110974
5064034
12641729
31088746
21983191
14681628
30036755
11535198
4377122
13623893
6268846
8112172
35383338
10287156
6706528
10318450
2396986
25743607
34183099
34989282
15084683
28446478
12843611
11001122
33211780
28682263
6036041
29428380
16389169
9049248
13316258
20022229
6564432
21443690
24535580
33931581
10304506
3896449
5266352
19748539
1724144
19465279
1405643
12548476
7890169
16962922
12135352
26891294
34142513
29220209
22145671
27567150
31234699
20161348
4965080
3783400
35776683
32986794
3595710
32366941
2484816
27872569
18970237
32116441
34622773
8122719
28665229
14039556
2172305
9284661
18342895
12659257
11575110
20442722
413124
4482464
6303998
18915143
28229212
30058952
21469099
1984322
22602069
27451299
7868254
31461876
23671278
3409741
17985566
11723142
13396704
29851965
16733385
34331107
3451211
8066805
5950414
6864156
31696661
12996636
21193140
33900174
12246133
7092646
1622311
17497981
12253252
35728636
20929633
26244890
7456882
30017801
30116069
14623782
27263609
27942102
959898
11948136
26013038
24133602
18473346
2549185
26400753
32150169
28380693
20070644
12370144
16437366
9154604
33796488
750503
14100494
19761451
30748153
18322982
25377265
20051937
9491951
28271754
14395420
32128822
16316689
2754192
25657556
13663883
15315473
1929063
12826297
16958378
10947441
21216437
22323178
10168493
6330109
19780024
35426916
34399629
14573657
3170451
31054111
1518625
6002351
19261101
17867775
34179804
8831031
33105512
29140106
13363130
11955064
11641228
6471266
2652806
23438719
11212080
24321175
21840684
14465211
27609861
30635201
778948
14886328
26026743
34225167
31414070
5206367
19740052
3345518
538620
33168101
35276599
7134439
31306136
10430070
20762264
5039698
31467901
8634035
4982465
6891864
9302258
24202510
18742774
1815220
25081624
20230458
32711315
27205484
1169851
12723532
28092047
2553782
6955847
20820376
1968702
15552140
28151335
22571952
4068920
16887770
25345554
24846529
9855764
26266438
2445757
12128228
23540822
24576037
22815366
16779956
11632679
30970627
22604474
21995905
5103906
33876141
19060606
7471370
35113438
34616070
29251274
7271671
585079
27403708
16152629
2880339
11483220
11263565
20709987
15222392
30515595
35079117
9884359
33727536
2725616
13869721
12796451
6760865
426946
27844739
17659071
25636774
25866721
24728334
2935299
21116124
22246292
7928125
14220097
15325355
21514579
1847565
14602630
21188329
15920488
4889064
18170353
19744417
4231558
21630871
5338032
32788060
32353501
19498227
20931085
31964751
926363
20951713
12585383
10790172
25461607
16414326
10185063
28234186
25965630
18490763
6896027
6920937
22413547
12372532
722724
326250
9410666
9713566
3017975
19659660
24141095
32539483
14406384
7443499
12760959
9323394
35340564
388749
6055451
23462961
6862956
26136192
18973695
19654646
24088698
33227422
13932284
27694301
8821747
19044693
32077217
18007084
29681802
9570885
26445455
14492747
33308275
25751006
9056060
29962082
5253276
16697595
7262112
28566579
31586525
12372209
3267943
11877603
17009382
15919260
4489266
10691898
25531083
9229862
29205951
32394397
11889263
30887592
31617085
14298252
25362892
9989920
27561630
15189054
12262610
694448
28920276
26829782
20497730
28358465
22699969
170286
8594659
30889904
25298636
19708922
18846416
10832271
30871926
29801073
13871766
18742993
17485948
16620274
20824188
34318359
777312
21074600
5524700
9110753
22736623
33657426
33727310
14350769
9752367
8916417
16196719
561811
4129813
7811032
7247394
27810066
34355240
24885737
35527077
1949952
12320585
12528932
32960506
35612522
12315124
20735081
21402394
6651178
15842962
35749589
28793659
27666559
34337978
31350864
34867033
31869442
23905059
12294481
34154051
9190556
4786604
31869275
16798005
12319747
32939382
18361658
15766578
32405287
48740
10481733
4989447
191652
23697396
35709014
14210128
5663946
4892118
21652806
13857520
24176404
24895200
33442796
16283115
25952124
30929393
22572551
33715392
14714503
7507877
25768365
15876139
28466857
22413482
34436348
20036758
534095
5796506
5284845
14899428
23340676
10267925
5280434
21981525
18033450
18300483
16040911
27806427
16715715
20241195
16414725
31376877
34943076
25996991
29710565
15720321
16214890
2548262
31430616
22321953
15041021
26838472
17439792
8430099
21879387
16123430
2235500
21634668
18455830
18500509
33102582
24842740
28234476
22979952
5940614
26227023
25068357
19283305
11391702
8822427
21298119
13901322
1666312
6706343
9782101
14645891
20289706
17376526
23507242
28075733
28365750
6610921
4959085
1316361
29678188
244719
33667601
19734992
12015674
17096679
13749621
10122630
18902125
2007453
21395184
22657310
2318909
16245930
21468774
20973969
30639703
14591776
4119221
23020422
22416637
15889164
14622238
15697562
12494365
16896320
23116648
27049388
12932734
4714366
3648761
33426784
11712633
16570921
29468960
25376633
21678143
11742168
24727447
32244816
23172133
5149254
24672125
17344941
9089815
6876998
4338336
7619281
28175140
24230057
31881773
30202664
26878388
33725918
28580915
21444977
3963586
5885870
23400627
2989539
16485321
10561429
27441413
22336001
18376367
5210379
649185
25433328
24570036
19578193
31056280
5827192
19543027
5278715
490193
1470534
14701859
16108279
35221097
21456065
20835258
34155856
1621748
5433411
17245920
22695045
21527939
24457636
12884137
322786
35031715
30149321
28185062
22231034
21686816
16426628
16640344
4554581
30377049
18742844
23518755
25777565
28820588
18072493
26576857
20381914
2249438
29245795
18756610
24548830
19834316
15401847
4393523
14926704
7389060
16271873
33294497
21205153
25425921
6218405
31621313
12800681
8462505
11758434
29074279
4615823
22049580
33897500
17035827
28083073
13405845
5446262
35200709
8438673
15823055
20814651
25108893
1184196
9411478
3354763
7638895
28391201
8012786
11605239
5115796
9667496
26845953
14559679
13067429
108828
33755901
19862879
19726403
27330271
25708854
18660367
23579997
17450096
7975243
11589565
28882365
4967172
25623208
1869646
19329781
2122446
11403172
21754129
17028890
4503866
18825566
32033657
23275405
21828879
20759287
14039705
32600068
14220713
16803779
16688138
16382425
6425630
30154026
24549625
3750274
31742347
10685124
35474021
12051320
3008071
9449946
27012719
21637391
10984349
13950062
21059241
8577145
30382895
26412152
20995234
17228461
32996687
11274370
9235700
12712400
30022163
33235927
3395517
21321876
10378148
22534113
27832801
26158945
21895268
1348088
27759843
19691026
7677053
26024075
8522190
4854268
34465597
546244
24061739
2407204
19567168
30647089
23581911
13154434
29415466
9720864
7992761
7767875
4735796
35483362
9316883
32183875
10341367
4344993
16972664
7702792
24122434
26484713
21882691
2204241
29671036
1735768
34652425
26306374
15042066
7975946
16792530
32058393
16979077
29414651
14825294
29896323
24715212
1344635
5161672
21647591
4985068
31992989
21934581
32035510
12625583
28455479
15211211
2638575
16222559
26487952
9303689
21918193
20297266
20146923
3551817
3364662
10177290
26676479
9513844
18983674
14480457
10861468
17233099
23082755
28183027
964247
12218238
3067621
32359567
9168684
23196599
32433148
6850993
29479103
16824299
9987008
12232919
12206848
16818474
30304367
29674275
25156767
5849963
16932604
33453222
358927
17334407
14677205
35679610
22135965
1750575
14881291
18678441
3752440
10864517
25115406
4604680
26533143
15871023
23410008
2317691
29717497
3092437
20347574
4729771
28101039
29168535
17928553
18532574
15145296
11937992
225259
15187134
5491036
23081786
6259605
679318
31198443
12926629
8281907
3457523
33998136
4016774
29563036
35147760
7814963
32727971
4678261
24215452
9637115
7801159
5453706
12471313
10991398
27179040
22801219
9568465
1506826
29474150
5790903
23441751
6446956
627062
8927529
28295307
27883344
29332976
15880999
27740919
2412082
4265133
9894488
34850377
32201812
20318654
17953087
7083100
23090856
20360690
18761746
20649391
32809762
1758255
25670095
24906522
25672213
16810658
27261150
1548664
23027194
5163841
14514222
1635238
8743719
3078141
12414307
23626013
14404482
11615866
17846431
3561706
31546911
13059423
4380877
12602300
20711387
33592398
24321355
25925054
11034517
4487079
30979297
7903239
12086042
32343025
21128961
11607137
29783465
22097309
10518030
21391956
19903711
11436081
12704519
8601294
12157248
798441
5779582
10842776
3552543
28270597
22664417
18944611
28348037
6788480
24280946
30786334
10041468
7317864
18429346
3131278
28401037
34636272
10257867
23962494
2559560
22515241
1089107
31875098
25677186
35081950
32171025
11302417
22762422
35389667
26305301
1314471
33245899
992573
11661948
20607933
35922561
15875937
30663666
21045292
32747013
4446670
12356988
30393779
14916827
7276662
16356999
27922132
32076712
11226215
22873387
30168051
32838055
25490746
35704074
14374769
12319528
20264947
8480704
21447950
2143768
12796316
25652524
121554
1070013
19269600
25944267
14877269
19128925
13700584
8688304
25836822
13013431
28563914
14036780
10478284
11199951
5130784
5048745
25392250
14388161
20866229
30463978
5946874
13171218
2922714
29377654
26871579
18121179
31684389
31795427
25505803
11726303
29866513
10177287
22192744
140675
35727272
29672554
29292103
687153
16124390
11800042
26018736
4847551
32389585
5429538
9291290
26742624
7666105
30928272
31924876
7695011
15024852
12569221
22299640
20801536
33693265
31076153
16098965
7441674
25412502
15328515
13017147
17209426
10450016
16003779
6848572
35040119
13548164
17492061
34152006
34760428
2894046
20589198
19039850
5646961
21247022
1846606
18301337
23454682
3387008
6839243
21395372
30223317
14875956
27223488
28186159
13735179
29147239
770450
17908116
8203076
28362088
33013369
10360854
11409898
2455615
25356512
24371701
14787737
2081602
1046396
3204165
20730674
22825764
4676832
23345625
21275929
21943187
34945683
2059310
9163692
27963287
30171885
25520746
24624366
34076249
27415709
19310652
8427751
31891952
20894747
21325811
16952189
30557754
21004342
10521786
11151467
10758498
10808893
35067160
4834517
1704221
22010922
33385050
25033424
6217234
11883531
19216619
12779494
6982395
7887425
7126535
26822510
32095637
21588626
5313714
13132086
31523758
21899493
10585529
2423350
26336994
321468
6430403
6889875
33729433
23196482
35567896
29407570
9104672
13056238
30933056
154385
3277276
21501519
5816805
29437740
4901135
11329193
29136548
3643474
11791789
9021498
21508795
6447139
26064868
6897810
26030145
16583996
31562500
10264061
31992948
19447118
2592036
6717510
30805569
27805452
14091810
22511658
21958102
32433875
9778961
9431537
30337581
33323126
16600384
30487613
23784781
1257661
35537405
7598638
18134680
28828239
18956630
2094573
16416994
32964461
11335310
15766084
20591049
12115382
31155614
25275437
12125138
34270173
16109289
8293910
29330939
17657935
12732697
12526565
25579883
35939425
28831154
35849969
9538345
15342723
30950209
16186142
6606570
30192754
24642009
3523694
35894834
9475758
14242852
650910
12373412
35219929
8094059
18799200
23473832
20369029
32649737
3831228
28422823
21934943
31561214
16804373
28078053
12793272
19695412
25729915
13884668
13488431
4899760
29352203
32219742
24241043
15027722
3082875
30297921
15166251
12764431
22727512
20585934
15022923
28556851
29574213
35229686
11208619
9633052
19642604
27946207
10714794
31753603
11618450
29856891
6251530
20592550
2348137
22392193
6206981
8313743
20532466
17268690
16658717
1808069
16620454
17426711
35861472
13802033
31053998
18063905
33741509
30170661
27011722
3276826
4831820
7424748
15587081
19262413
34918259
11372590
3811345
4341492
12985661
14509489
27508753
19859338
14385568
17517983
25343316
12421880
27655027
18724397
24131824
22715595
25430186
2818421
22372713
17797567
16060525
883337
27052184
17948270
12822429
7070562
23689746
21569408
31990079
27698080
15451068
30576767
21870517
12785445
316327
29126324
23607509
9990770
30516023
25447277
25862957
30102508
24290057
4939431
16777799
21313403
23826471
7632619
10241485
21489376
14228972
21595843
11544497
7465210
17742113
27253021
11080484
31991666
6118340
1413311
29311152
26149212
17744028
28744194
12661524
26325558
22093890
34160233
20127814
23897104
1157220
8407113
13324708
2976654
4596549
32628769
34555506
2337094
16887236
24645643
33428468
6763762
27337319
20291476
32384727
21750448
8618269
33150761
26164103
3452717
19669284
24050547
13487687
14902059
6650303
14501292
6197743
34196787
20486601
35204290
34055984
34180567
3810564
16695940
27904737
2259455
3225120
9909863
28392216
10123474
20791913
13136992
10379036
5586871
35156796
22717554
31586345
5165551
13481477
25597145
25965031
28250814
17400243
22469984
32187904
31937106
17498279
6993454
23624392
22306035
18877314
17360044
29759418
1551109
954408
17994874
33350829
29101647
25117951
2738812
23228027
15205042
1463784
23661482
33484115
29991245
9236077
29472789
2684109
8714251
31680491
3495046
19546499
8946726
28455294
25194450
8312714
31192245
11599729
29747937
28546618
17326205
16405636
35248133
27683870
7852762
28876923
18095605
5873619
33396498
1275027
23050134
5204515
7472540
14425405
4011326
27307135
24005415
21275887
35189064
25167753
10217352
34523342
30352050
634012
33263050
1078308
14564778
26129216
30273525
13342301
29298485
13125924
8552874
29854799
9588265
25462731
18964014
16820577
6307074
28191983
17286076
8624729
1193189
16165406
13903579
6219028
15601660
22321250
11058534
665721
30815704
9583340
24743881
16757329
9552823
7133834
30288373
1222477
32830731
17147601
4789427
22927275
3537659
6573731
34374374
16251276
19155657
26772032
23018090
21165934
26998794
1120670
18204739
18457749
24047334
27582329
18644083
14935939
27505547
24958783
35405430
1541963
23514105
17610047
22468957
8330346
33786692
13140771
19916639
33387045
1093530
34215696
12036490
23286383
10901663
7602342
16716775
33989723
35773239
21897420
26444784
32024633
13073336
26622410
23297255
32594984
23560371
29685300
15530510
25963584
24928267
17795382
15073006
15183759
7306944
32811775
11897296
23883236
35530830
21700943
21350554
13807148
10797621
4434148
30053197
12911941
31312693
30819355
31028528
3748605
32307673
35822375
32210967
16478353
3062039
29611956
17064474
21080376
28240622
33735128
10890577
9744508
33972027
5744820
26770051
6907296
33280946
26196354
2532682
9207270
34386911
4399994
7237539
33885681
32605045
35233843
5367002
27564087
21995271
31206154
31021228
15829320
20243924
26082600
22897467
5465251
1371333
19329347
10189799
18496114
23246690
28629346
6458045
14548319
8463875
573697
4374614
11557264
15293031
21616277
1969730
501230
7794949
8003697
16002267
28524547
13238571
10160849
32542860
29649540
34445819
4938628
16415441
2262260
24711266
3568120
31275453
6358808
19566246
5044042
35521658
8698371
20165470
5884348
10173704
32906612
21280667
6241926
9587533
14791801
13821327
17449622
7982552
2753991
18248715
29325007
31981688
19589032
11715031
15087819
717687
19667146
3710951
12847321
6986808
5836046
20001875
26231411
6837151
10867875
8362160
17120898
22008255
23258859
20603682
27415367
10802667
6488866
28420600
15621500
30292837
34550925
35200908
2141134
6772304
34659684
17609976
4377456
6354933
15531473
11376868
23870367
12680338
21358493
16329034
4238985
22482484
32617589
5352839
13199842
12343208
21103302
32517217
18076477
35939781
1598404
34994768
31181167
35679618
17353264
16420593
28151703
27778620
24024813
8014747
25878437
15788339
2078502
16484177
18484567
26334724
13501964
31024921
31924942
22359598
7195034
34886147
9282642
20274381
20249537
16682626
17750320
8647110
18402401
19081710
28242202
1918786
17641504
14760574
7527915
25574644
15879369
7620543
25383772
8236474
5936245
32877849
20787361
35227368
2982213
23459646
17893371
27142367
11313475
33038795
13076955
22920654
14636610
16083605
26007650
35086016
21763814
34668610
16404909
16483614
1440206
13481628
30390872
15550448
34881205
35907373
23674461
31126484
25167887
15989512
23449114
6708877
29895636
20811303
4817585
11839847
12146171
20854576
1548999
11876410
18402185
20476939
20396593
3034183
30319792
27339040
18681107
28763788
33228404
26406869
22092743
9373347
2084012
17967088
15359576
3754721
34223074
31168537
7677370
5942598
22093877
26121399
25374881
18055789
8665132
19963010
33774436
23753349
25935980
4555649
27479818
2851590
26157147
29057553
20353077
25039593
30110637
15757826
6671045
11338645
24322857
27609244
17497359
34329292
7227602
7674628
19560939
28280476
9074660
5039560
4051306
27521677
4939855
5411871
7764941
20911784
30027031
29218787
32273532
10567977
14398503
21905854
18498514
24601143
34946917
4595250
18368548
6255580
27434970
15061801
29841286
13477154
7865230
33306320
2251940
14947127
34599969
14521379
11712758
5036571
23583294
34639436
19756736
20028072
11384841
14546155
12121841
6942641
14820284
33851267
28069464
13280948
22958938
13903264
6232595
28691336
643869
26790335
35897884
1441403
30680160
32534967
34708803
16401692
34706352
23730562
3234368
17046985
14421674
556911
21279836
27038811
23254595
28694169
7906231
27925788
23209460
1754163
14873178
25022924
10892329
1649788
30531942
30267602
742982
2925849
16277041
35202467
32110176
3362917
26216190
1762056
21312203
10978241
13167323
5142955
9308887
26161046
19250738
10866452
13302317
16069256
19132580
18812395
5484709
29635657
13052610
21670125
26861835
706978
30490983
16624727
24390394
27606093
1474149
1540516
6815674
12914124
32469865
17831707
5534302
15237949
24594734
16169248
1669353
10489866
21892218
21926024
12858728
26665071
15217461
17973511
10584547
25496924
5759785
7298173
2773822
35829220
27179142
10237107
35800174
26368479
2634166
22849878
8274007
24560025
28554241
12467555
30863411
17231916
29236974
25365055
1052184
1588455
17760619
3226918
33631139
18710736
30192151
18368806
3564112
25720538
12213725
3286374
22723102
29414155
3602619
16020303
23512635
24294252
31086530
12950296
18094472
14074142
17779226
31806452
17180203
11322325
19230582
28981945
3663320
27648519
31088024
21308854
27440906
35049884
32518357
15262332
15146624
4471613
29638670
23761327
2997436
18799571
35683755
30186387
5901519
2791956
20933774
10562339
6199779
4495976
18654659
22288021
20377527
6456901
59458
11681847
31142594
27582064
33893921
18354466
23691201
32038141
12274086
12178574
7386848
28046744
9107251
14868886
24957765
10839098
24077572
8811050
12898052
20375387
32736202
18822769
20075766
3921386
15391269
19911759
20118449
35681347
9712150
8695680
11314308
8477395
13787927
12788127
3890862
25339369
29563969
34996216
12134880
20227343
26554911
28517963
26572567
34268154
14274902
16146715
33941047
27185774
35558438
17558872
299621
28814815
3431499
23647595
19802938
15709923
10199609
11422769
24367039
1234755
18391342
34526181
4586533
24448558
6707747
28378236
688077
32820214
8441305
19616918
17138365
15770346
14243061
10425852
327106
10572717
4071866
3865763
26886153
6743622
14127372
135614
9011877
11205165
13447986
8380168
14826473
8964854
16515016
13324446
32648223
17426372
15302022
35691887
23760481
9887534
7420519
17071160
15681849
16154547
5373857
6712513
15443240
27153933
29837574
19944932
19686564
33328245
25738392
26750539
33731746
26405796
10171217
24115298
32378692
4483132
15348741
24985616
35800221
22572233
34022425
20439925
29665892
5414488
28271368
30172910
30205685
14749560
11697303
32452925
711307
14219925
358527
18981897
30950957
32509330
30206541
28936026
23080088
35332596
4062910
33100037
30027105
5688084
8766557
30876665
28166501
16260097
26963191
15360296
16389930
16091525
28168558
35492982
11208803
1005395
18475607
21236349
14038253
20960967
32094398
17729411
6752556
27332787
12258945
2014931
32912831
30873945
12356704
25980052
5305491
21858414
11817068
22634028
13521584
28506461
27397063
289793
23353756
34355255
23191739
16896948
4882722
14646750
4500963
25972455
22967143
20998229
12625540
19792430
14208410
28245200
5470466
4737625
30419956
17385000
13141815
30416368
25568454
13981879
1646572
6155052
8336830
19310608
31236966
715378
28636294
29041809
581643
29940396
16956121
32028577
12395985
14910267
27679608
6986322
830503
26658302
6789819
20380341
14321964
9470785
33825244
11569055
15079399
23487177
27816547
22643525
28769796
6896990
5645048
18335965
10918086
31105041
14157903
25678746
23617324
34695898
35569277
4553067
5027999
2045853
4348969
5409663
1563352
24504895
23680092
16450163
12336338
33319035
22555097
26236498
30391387
33821656
19752508
15919462
30717381
8403145
16998477
33917420
31978904
34023597
4178062
8722929
7487717
15462005
26109470
19064257
17151487
21007011
23687686
35618337
23966090
3327663
5213159
21113189
12168557
26361058
29895067
9583429
26411237
12217030
6483989
1955512
3104275
11349363
34920986
20283550
35907831
6458468
29739358
23255975
26535880
12199645
6097047
11907049
21794107
28586048
31376571
17533151
33040922
7843611
17888765
2852901
27159107
14852102
27218123
2585128
23433410
17678037
26583028
24455724
32596344
31134627
3034527
6304314
34925122
15946106
26544192
135443
15922589
5023301
4642516
2112419
26405539
13511000
16530478
4260955
31545127
11016548
23127975
30188021
16684504
3036663
35118367
12057567
14902280
9540086
35485689
34977687
8565282
31448402
21421197
26292030
32209506
10572010
3243710
22273266
23517
21520891
18976516
1293757
14617762
27131516
9065530
9628172
5449462
5513930
4616569
1357106
17815633
20091311
18553242
4626937
11617972
25578281
12571879
15924594
24458393
4037287
1040077
5756841
35238896
10849187
10531907
33419829
10548493
17722820
3296750
22213348
6903129
15328589
15711816
28473179
21682054
3551600
28495191
4092356
23698298
20525259
6287452
672284
31956928
16458550
15538647
31693378
24603476
8534591
2368105
18701552
4798392
26190891
18708522
25302656
23784283
28809088
30123079
24335145
34303280
11451750
29985121
1913538
29646536
12160216
35977989
5073285
3336891
7969932
21288493
10509602
12051919
25828903
21133638
263550
15338663
7004055
16808861
5901924
27219788
35660804
35993031
2979324
2406607
13383023
31179578
35449139
30505809
18671329
17833613
32389741
5288803
5308492
1935550
24573250
32306914
28008056
7268381
28827290
19401602
31459591
25375965
35271958
33973829
1613170
6938277
32920328
3267856
4631646
5908894
24240464
33254196
10093596
31283336
26441058
18877214
12508249
17615525
34116069
866114
8709
17937779
16715553
9001579
9927495
4788457
3479624
32090043
35292380
3451325
7613232
20969351
11246382
28333681
24537090
21828903
25790220
27011434
15027393
7377451
19298887
28957129
6813138
14699970
6258674
8825533
20761146
11642135
5090404
3661878
7634149
27007131
8010284
35410685
5521954
1321040
28979666
23511888
24476811
14323029
15688531
15279552
19915850
12901068
26027050
33525657
6801510
18412769
31196136
9553853
24047902
28082505
10182042
33987606
29938825
30616540
27218717
17099268
27491575
1566862
19135183
8223465
21485176
30172832
6431019
5493655
12844230
14656637
7823357
32680847
17890768
2787463
25252503
22390194
29583146
31097870
25813110
33247658
17848456
26597219
35371811
26060297
34143681
15565503
30252477
12839556
3124965
13135443
21447674
19268110
16081687
12445939
25276035
3475109
17328602
15257971
33670299
16163384
32765869
5035893
30911933
18984163
32687907
17638222
20060673
32335489
733002
35215891
21359436
27788160
28453539
19806308
31807820
8787713
35924127
4600622
27391883
7340444
33053757
32485324
17475664
12606577
31117338
10018064
5804811
1165218
18492102
28634405
8735040
1265294
31831576
13273710
34923491
23836007
16905220
20844782
34459642
8944843
30245941
1553128
19463928
7149414
7365769
27207198
17395831
16067271
7546866
30906560
25864781
20447179
24851574
30941189
30285355
29952120
27525962
13170407
28430179
4710396
20286418
31461330
25825392
31479158
19852079
14078709
12859954
31443966
14082430
32906514
12964503
23096527
17670947
28256731
13237172
14782087
7143919
22489272
26202491
10583276
29538574
18407181
13645413
30899455
3415226
17114948
1521941
10299154
16367578
32968849
14885005
12290848
35092840
11746683
6102792
24408113
23479868
15953441
18479463
14469491
2719154
8191361
9859355
2888860
21112812
14231489
24579596
20044232
16434286
31278899
32937863
34639120
14991954
32530466
29377513
29116073
24230959
4553093
31414150
4076729
21359598
26621910
29671645
10684727
24266816
26149352
29412239
9010376
717874
33771691
4610136
35830295
23078550
19111455
1792853
24552168
33797203
29300698
23106370
17795167
16286945
407397
5261607
9359470
31783096
12308008
33701924
20154229
6677084
28275828
33888674
10674871
2355094
3522292
4756076
15256440
12915066
19124137
27883829
887580
10693141
21498681
21521030
34526382
21314253
8492156
24929387
3485624
497341
22698973
12533560
30411064
28107890
16437187
35141135
11628867
5630924
28909685
9749144
19485802
25920734
30366382
29402383
10582243
14090815
21631940
10856199
12027485
8430996
6385148
2850139
12166759
23668017
512462
33080584
5312216
7994815
2230414
26952065
29569867
18074671
19579961
31269929
16479023
10806263
6231450
1879723
9628711
26472539
2866351
13567007
2822079
16275566
7770443
35726044
2063330
13200943
27954640
32660935
19747826
6200719
2337677
2569764
18355801
28517648
30850169
14360152
1908537
20155744
30855693
34299938
1595648
8773698
25038479
2082888
24661140
3242500
22496961
19545293
23650460
10074373
29280153
3096036
14212236
30569501
31254993
28885985
16936706
21753921
30323257
17178061
23844919
33303619
7719596
27479238
26609111
34178014
19504460
27092188
6043684
9565582
9261459
22996348
20112559
9279567
3069516
28599436
15592041
12422587
13748729
8038012
31862138
34710653
31324633
8809840
13632794
9501072
34562728
35758646
21392590
20503227
32942054
32365682
6694508
33025171
31458367
23000511
28134330
9938877
17830729
6530924
25453024
23465481
19926832
14996711
29687527
26646930
2334295
31037618
4044038
15038077
12713380
23052297
8561446
21823561
33730702
13874149
11592070
14059501
26300180
25026909
1292306
23400472
24390904
19693998
4890841
21519489
28653371
9086994
20485854
17848836
22604093
33939902
17261543
16763491
146004
34649910
22602891
23296219
18324238
16991742
6476630
14373408
12805184
30687298
33715079
19671200
11057558
10048750
250783
26383297
636004
17598309
18509631
26355004
14524215
19287436
1033635
34288124
9966489
10029541
587293
5840602
21277486
18611634
30160600
12849785
3809260
29094738
16819589
27434419
27670146
35272922
16658329
29133985
7113328
11149917
6904005
8157849
9412746
6136062
7873666
33764590
26557683
22705784
25321368
3719680
9320946
14487683
33700831
4125887
12235644
5459247
11680003
8427700
2285962
24549451
32030197
12374842
1424592
5030255
10776089
34536162
15643182
28992001
9713567
22439067
1737171
24251532
284183
11648156
15578380
8651471
8443222
10321590
13384837
34317274
6018850
5195059
2252039
28241583
28445885
3807943
26656874
10614141
12397504
25911121
23124859
14483530
25082341
26372019
12870662
17784089
24822595
16687704
14738418
8945624
22154884
26089015
8673151
27632712
26688523
28740379
18750223
33609538
4302740
8189778
32065234
13777268
232763
21927685
25068298
5315332
27410440
24229341
23489283
21397563
24312369
20236428
25096457
7298252
1549424
19666547
26529259
3360558
30532820
24649404
23756062
18005761
22884081
15932773
8882489
16562574
11921227
34044034
1544303
26525473
31440603
33621138
12192558
30917432
18000833
24322546
5309638
6012877
23400561
26736443
19784695
17014116
18687004
5429910
4252582
34188867
12617315
1879855
3088085
12527059
25248912
7823288
9123271
29805095
4011546
34322045
15018271
21395755
2603430
27406755
14332914
523171
15620305
11353601
13091382
11987956
24405573
2056783
9711771
6386445
8049439
14354785
12761534
20498138
16296183
25856315
18584369
90256
114532
31264798
3403788
31443817
3811742
10801227
14786824
6099380
19202203
11095105
7062840
2080259
11786450
26462902
10915377
27115938
10431617
11034599
2276184
18019128
17490933
31356987
29624911
23551302
34058602
10388808
25397357
3689515
25741783
23319572
32686469
4670716
27453056
16086150
4140581
21195950
15082613
27175308
35036541
17121943
35308656
4083527
14648471
20670513
3514873
35880779
24839753
28412489
17027255
6919198
24394218
29939631
20781974
19236103
21637534
17852675
20647026
2077785
7003047
8554655
19350105
4083907
24013724
6257105
1003537
12965273
9642998
21444258
27866653
30953013
2473472
2121731
24052243
14767692
31830760
11102384
18853524
5404143
4018271
10571212
9620813
5158114
31785686
2929299
34589078
19559749
34333216
35575960
6211268
26402729
8024520
13093000
26563959
11048450
20097696
15559279
8582209
14689986
18970786
13228510
30384359
11189369
6290971
433447
31914169
13910205
7084113
31765901
31783331
22343746
14785527
30175103
30052626
12225937
28079672
22496707
832068
31414076
15035028
16601857
35838771
32976070
28995305
11004679
25949830
5407710
20072082
31353699
7789216
31265006
6937539
17434500
15275201
15864355
29349335
148268
18126874
8223956
4463962
25091817
28291121
2559589
2095430
7555918
34877458
20149185
30945268
7713800
31575305
18058958
23606553
12317680
7026240
11071183
14416186
30596132
33618495
12290665
11899748
26354717
15989805
14556772
24085166
2610521
33737482
8608967
19167895
16518646
15932836
1904372
22996387
8218790
27165721
5429834
94239
14647246
24573881
12886310
20107247
6741213
34516307
12535370
33901495
12430109
13452689
25609109
6179971
7263778
32300861
33342977
25753140
862872
4302879
2959787
19442627
4702424
28676132
4747110
29522260
31197634
10738652
17566553
8124551
2063
16855954
10691518
30539999
5316255
1853591
31055466
8839719
22086198
22566270
31775974
29733726
6188911
29308249
32320584
4994227
18921577
29040097
22793353
17420246
23084044
10283656
14695516
11180165
20962086
17492047
11955707
23073083
34220177
710599
33433034
5462065
35023287
32321515
22968122
19960125
3250982
8489195
13063746
28352473
16377359
25951314
33413143
1194684
10386671
3280487
18200875
24984920
29439642
35993286
26208318
11903879
25321570
20687058
35224459
33889004
19271871
11245108
25640049
28758112
25170901
24595108
5977531
15063162
16554121
14478927
30379968
10898510
15595425
10596020
18422919
15182675
15564643
17616244
18993810
8885340
9840846
5691178
34776603
17535762
10671715
5521260
163009
27432567
1415187
23979351
8248955
13997347
9557795
24528530
22780581
33591328
31524575
14982193
8166783
29139200
22367091
19783947
15959180
412749
31031378
806675
32188866
30162892
7775398
786220
10108738
15788672
31019463
16738930
4856341
19239149
27589662
12183659
19183612
10901428
1905143
7204013
27216767
11966468
16487544
31281976
12908132
2385375
28615103
24382837
663608
21954341
12236158
15152505
4223884
24352075
16514866
18886234
20054154
27986726
5766757
16853396
34415920
11780314
12632857
28672682
55537
16688234
33762105
35463187
7168250
25938676
14200058
31934792
22541925
14102169
26150462
24525296
25205355
6660762
35630268
21511104
5214045
23884083
34637640
21337650
4297921
24528140
13119477
26684346
17054395
17470032
27704128
5743238
11724776
31944624
18394166
24075940
33003573
7823429
8746717
11233459
26880340
97889
29267919
34016629
24896814
19489700
12378617
3694251
24930305
11746184
10357053
19876396
7069750
10109499
31701762
1097164
30957334
19133033
34980219
34794746
5745256
31759505
10832660
11132425
22424640
10570737
2812811
21770114
4426678
8648827
5449129
28863711
34684665
33261808
21638012
21202563
30559395
24116022
16820786
5053909
4676434
247554
11658222
5972586
2635754
12568729
2116946
19646177
871365
26704302
23962085
30612831
32818454
23745512
8319614
654526
6144059
17647572
16320985
35046556
9964163
31670911
7225699
13482101
2702412
21005579
27865366
25505486
19439587
16573232
16879276
22187437
21095389
35089494
27339229
6473165
35180952
34896233
31684093
6258535
29885849
23700162
9776805
32163928
17601452
14155631
7817130
30581093
7683409
20650075
27820857
19965651
16452086
22220121
9100324
13196927
1565991
11292133
32109799
20735739
18961432
17789782
30848209
2105811
23392131
28442996
10789073
28922417
5010384
7983930
19965319
33721921
29582299
31621175
11830386
23020360
29955811
23167056
2760236
11201347
27681577
5600735
10865326
26738748
8137718
21291780
17087129
4313841
15814290
14320016
25887530
16855621
17881240
2405213
27316739
17953302
10916200
2805143
32440687
30772053
1885220
24344145
9375123
6561938
1665364
12146919
7743712
6238052
31485479
33159501
336020
24426418
20946606
13057135
9651618
3823876
5477490
2767113
14426312
34958670
19922365
23482317
13022471
35927939
14972602
24511596
21512616
16144148
24403511
8096542
21396930
18806871
10162369
20711792
22301815
18910901
16661441
10584212
5902031
30542650
12212895
10762474
14774800
17122730
7579645
6884505
12881153
30002410
6328337
14427583
21936199
19994427
8509715
11994464
1898911
34828455
23591673
899661
18230807
5596640
21417762
24168726
19988645
14735057
4050351
11717603
13008869
22118792
34371318
18623146
15767850
18573754
26666417
31373883
27725165
1060824
24039757
34453571
8066211
22333911
5917868
33425324
5579104
9681261
11886379
999249
4081236
17995033
2965488
30062081
9091584
6682705
7601963
8271042
1726187
17931560
829874
17869312
29834531
3281152
27956730
7877555
26848589
25605593
30817715
29271595
16478202
1705846
16019291
10640888
16754807
32236607
9022532
28063443
29083614
29891347
34033762
33502744
32387037
32282783
22460118
820542
28440107
25670403
30924757
7340464
11580618
33548723
25912583
21956975
12432563
25834726
543429
33576995
32610979
29111868
735892
5837314
8434628
7266272
25101944
12174952
26636582
15131186
30029682
31580871
20987899
25234568
11042626
31566495
27326265
20273304
5895786
8583230
14089785
20859623
17427882
25623644
21116159
23561446
8897134
14855569
29223747
7431562
20324690
26773665
8160828
29469621
4218959
32259677
16629691
33454347
18145271
31055712
30143288
28278703
20538245
25421405
33908303
14252911
25670708
6226623
29667108
8519752
27155349
24466142
35743464
17350025
4210098
6260590
30337699
24949161
18014468
2450082
22754323
26855070
10038294
11901152
12839929
6764612
14114405
9057568
3311059
13350157
34001056
4721883
30370400
29768923
35750697
15165268
20585804
4634544
15071275
5200966
32259878
9805323
7739632
29482874
10495915
15260938
11729711
27887617
25678427
27159398
15895377
10853171
14015141
26757270
33786747
27265950
26937142
24247837
11056513
34589177
6463346
4232133
4971186
15205132
9183119
18599741
23577582
2868426
8374667
28749540
20944923
26260592
35309409
28478695
17753163
6091887
13066100
8053901
35475828
14825256
13144257
12621696
13066424
22749192
35820129
33022499
3693024
28347965
5268079
30307969
29617991
27258215
18532603
9855034
15111138
29798282
10225074
30828043
17923504
5597663
29440132
15949817
8507429
16701110
15412595
33182851
30099648
21724433
30909645
22854132
25242420
26395066
12801567
3527514
6539755
30955753
15238008
9385056
34729975
14009865
35258955
7246545
12147076
24734322
35629960
20283096
35358367
28111000
24871500
25457276
20573823
222609
537222
34808168
10085051
17171751
2273206
7245516
32482013
27998167
33536154
21714906
19855311
17845815
24289506
33154700
32225778
1228143
33609690
14967018
1862788
10524633
31100174
15347569
12859544
7518960
18895185
9901091
31020765
12132478
24920054
21765656
13621147
19365472
32534962
2839535
20689738
33758628
9709363
10767107
8142856
15690338
20908989
22700611
9103626
10544951
35545011
4742348
35365356
10568645
19866845
9998808
21148678
23581214
32452384
2958453
35981785
30246296
20981038
9255109
21994920
29038171
12714283
10781612
34675734
34776334
29130173
9922631
13099360
17502613
13341707
21442246
30070301
10364038
10639189
4361278
34663185
12459954
20875504
25366547
12903555
19769220
1030013
18190225
11083018
2206088
17977416
26726676
31734965
15426456
20024414
11213307
30362437
13937950
17651440
24753103
9160562
35111148
32580925
15140703
10915901
26461258
34286645
25709023
35184443
34179236
6969363
9296637
23039987
24589873
11820122
30713331
32169791
34823925
23696398
20356343
29954713
2550960
30185850
20521657
8547607
6086464
17045456
5609334
4777387
18540293
28172178
17503448
11678835
29603256
4337646
21206878
14760404
107409
18739660
25887805
11139249
18379491
20960104
15810245
15903671
12996198
7016932
11813448
28352801
21145438
26170493
9433056
17486941
24099386
26959790
2938273
1309077
34505164
13437157
10757528
30345046
22052511
649390
26471958
2326440
4230237
2467218
24872599
24968161
360169
28411290
18812592
25959409
7963906
8793313
4090223
8126986
21871495
21642955
6403333
27142086
25554696
18473266
14548668
22790309
15938215
12984705
14035138
27643706
14868235
33591727
3873088
7209658
32419153
24004740
13453842
15262077
25590637
19944898
29639157
33884350
20447384
10019279
9352774
23320509
10405407
5930856
25207242
30729410
19571848
23930067
77005
2764387
26018640
25047552
32238760
11778098
21600059
16443412
23770618
31142165
1172573
15868349
29755817
4640664
21897691
16992533
9106509
27706288
22981102
19619878
12015164
33126876
23097461
3421917
21596856
15675998
22359009
1277174
18135992
16807460
21395016
34513043
30009217
1724130
3447493
15795348
24007481
13941482
15270838
31385857
1386348
20015498
29970659
12763284
19017744
30191404
17495019
25486632
3174711
25854227
20006005
8593247
11530020
7421463
4546497
20319681
33540006
29035138
3365747
7106538
10281832
19670886
31065549
14213869
13716650
12989600
24008098
16105212
12555134
18738929
1415198
12106652
24481343
35779255
18751854
29531113
14500281
27640793
5480626
18065053
14324206
68130
27530339
14693928
9881458
11511360
4437522
13917056
6236894
19694861
35524579
19551551
5954236
18075949
13689360
21095026
23918054
5269169
14690014
23932071
17741174
1635944
29354799
30950231
8762562
27111061
24050486
32435228
800175
28896085
14018303
23113867
26186673
16018979
10256405
19447991
28758055
20742662
1876066
10168931
1224213
17448629
5862191
20859211
17641484
8420190
6405012
35985984
11011584
537658
30577272
22790944
28873382
25727327
6899745
35810924
26310886
18637990
5900513
1169896
26193001
21482913
12857462
30222271
23260925
12997332
5055513
6072711
7002037
20427437
4306740
16365003
35807146
20925590
1937786
5139088
33408607
29350943
28892301
11704229
7664276
4849945
15891199
16546047
35416441
11745344
17393999
12624578
15928577
20417600
24312435
31970731
34221989
23343718
12650346
17188213
5995295
20628076
25249560
14120623
8103880
19381151
1910804
18151646
23516983
8586844
12246788
9187966
21686667
24042355
31813031
14601818
28917094
27629444
22635637
10275451
31816767
32976399
11795731
19957847
9679200
968717
6803973
17033776
17348423
28022270
15422242
15358261
12524196
5868409
35693407
13435823
31864168
29323961
5904857
1812605
22900178
11688022
13374936
30568438
18608850
27667176
27966181
6125230
31812677
13142827
34479721
35342509
23297199
10827014
13153873
28645425
19620295
2265292
25095123
25473750
2981662
9553832
3148443
22571962
33487831
6369446
7530965
17535151
6423783
30216836
24437669
15815329
16562760
9191349
2602256
35967209
31854499
2306942
7645510
19953757
25845628
23652706
22188636
18135363
14690308
34372170
27033891
17630133
35283631
15541290
22325307
16409700
35549591
20262586
15040997
3436267
35945663
13314130
29097483
14092043
1137664
15246320
13213072
16595552
820439
23778903
28321698
11900742
12461315
19992805
21248710
31193854
32445987
23816466
27101473
33060176
35088540
11492600
31304827
6357518
3475288
25546310
1368703
19596912
20316923
1726867
10338785
21853620
12176466
13851163
24362560
20542112
1909469
12917758
11757443
24919697
11317588
8328893
14135621
4751050
11030407
33432244
27575969
35385812
24727927
15608873
1755349
16214610
31500901
29242105
4988815
7361965
28712976
23125425
9258126
34463304
25550402
19971211
20974649
15117942
11941694
11444801
32268258
473360
25083759
3428549
10784076
30050127
20782075
4186966
13175081
11644596
8704317
11967096
33630463
31996906
7591560
31996833
34709384
24138936
529129
5346978
21587427
30249672
33575024
25286916
13488655
33916048
8029517
33013436
18849685
34951922
9844631
16323297
13172873
31033633
18646475
6597110
16875045
9137479
18966237
24691574
14014134
191000
4375536
25117218
33287523
19452625
31467704
16845993
26035098
29763047
7771955
32300512
4244605
35658977
4740986
3958808
2549951
32561185
23168805
26009977
9262637
14810998
33676823
6575763
1642176
9508995
11114461
28183472
18606934
18775237
20316038
12380504
2903478
8406500
29649515
3925117
29417528
25188246
9074038
17218174
25518442
31596568
15043114
285797
20592613
8179802
16790003
23563
23298548
31841396
28333155
2686873
652410
24167827
31461303
9458704
14385650
28339225
31351023
6226430
3355346
35393127
18730990
22461950
14988973
4461269
30851080
35682942
23153393
13477471
25658649
25232645
34487543
6863311
6979382
8052638
8364843
8432196
7690409
20611674
31188985
4165327
30709160
27193707
33265766
26605666
1591270
31642809
12467467
19441485
23495441
16893397
20404154
1753308
15094459
2789619
4791465
17373608
33507882
33920749
2473517
6278926
5736850
13918493
34498469
22030775
362228
23753170
13243212
27008671
13386103
27478867
30383151
4103494
13086025
1622957
14138199
5633373
8147368
19057658
35037332
9225720
25282527
5098122
32961844
33720851
5281738
30354306
14900091
27228956
15667486
12038612
7780458
7189664
13556265
34228888
8787563
32837147
10367067
21764345
32625521
9282609
1876430
28760193
13448883
30936240
16959178
18564130
6596042
34921648
29775132
17422798
12263877
15045265
35816385
26091126
18820760
1536371
2170408
26345068
6932086
8477822
34482348
9551571
34402102
4202706
11345409
23023218
211626
1084458
7371503
27348916
19317314
6940191
11801015
30884754
24340198
18037531
24788999
12656833
10141359
2213455
17606414
9656340
32224506
21763601
23920718
28475693
30604286
29692587
15346308
20864104
33559309
30279642
21689751
11378884
27474669
10260951
3135303
8862711
17767144
23914901
15547901
11916149
18599993
17247073
6095755
35166954
31379761
10059132
31050420
485019
5988950
19326401
9219210
3748813
14642904
17711720
612972
33223771
32133278
21066667
35174354
9664013
26288562
11428800
31727169
18611958
15977395
15220403
16798398
29334584
5314907
21784417
5820393
6916628
21867313
19520212
4116534
18378330
4070182
35207607
14749397
25723726
28167086
27507491
26619429
17419133
21578443
3029894
34049418
9952853
18261694
11229142
13936845
7676604
18934993
16506766
25297148
10126400
33389085
18497570
23514191
34398280
35917105
9783770
2800093
26972572
2933618
28392517
27112521
1830045
30524110
23241907
35104297
10747953
29412637
11073123
6853304
11625590
20768200
22820276
32016009
34068679
15777737
20913668
5863044
8808593
19117682
6799578
22612210
22474393
6064053
1214009
19081775
8944533
30333740
33891166
23343639
24587162
33868408
3870614
2725748
7259745
29829271
11514762
3894649
17787047
26304924
20033028
3093170
10183110
30526128
11102341
28205635
6969144
25279575
35063467
9679972
20126877
24219114
8881789
26876207
33119521
6880269
8674197
9084483
5746578
22758
19473025
21861414
14092251
10041343
27210987
3365096
35525813
8693427
7345209
2177465
3605402
12990489
27990830
17977476
23556984
9306355
29142169
20772760
5152697
34327942
798183
16734259
14583182
2001519
18202010
24035038
1133691
8651439
13095046
7368753
21930508
9431682
18134015
34210744
33999120
6001148
32019887
20831936
5088025
17838309
10186636
21627927
25433506
18684475
24835308
2784223
27637246
18297816
7458165
11902027
19744760
34796665
34532250
14031733
867828
33034160
34423580
17248527
10204519
3663364
25234738
23719765
11432563
35616456
2190856
650771
913123
1665166
10645300
6943687
28404803
14985750
32792620
22649283
14530817
6537492
18809647
15735219
22036645
8661501
853366
29196616
33928837
24981679
3091741
19619301
22829640
30760216
15497378
22484755
28230802
13101871
21528909
34265380
34703332
24009279
26005472
17453025
9260364
19143139
10151068
5755520
454932
13738716
27323224
22279187
7984436
33631735
14881852
28840030
10732665
35355277
13588462
14309535
2152038
8331526
27605512
344885
2529413
25879095
24439435
17449011
14398540
21003219
31743497
4733895
14748915
6862332
30785546
26988432
18688207
19895941
1915885
1659334
5754280
17175078
7397335
2627995
22899070
3010164
2735155
32423130
33203239
5256936
10187612
25290742
29285702
25210006
35389040
8563991
11480555
3436216
21705514
33148234
6254304
24881165
33431938
11244071
24174126
34373194
25072547
4512461
14141661
8224396
17745588
3126285
30276008
4387171
23376428
26475941
5806926
33478220
9719106
31396086
11971235
8461195
25901702
8205298
13729450
31952824
22858478
1815910
33181913
32824350
23199884
18493821
707038
35058745
22171525
7145253
20231533
4331739
22766874
34498965
13948388
13358417
3233445
27283656
22063834
25898209
16756834
10410841
21506985
24741500
28977972
27249525
30731745
29948879
8830409
11913540
34770912
26034128
2099615
2171679
32117312
24141140
19805885
17045374
2310799
5323373
20378380
9216157
26383352
32892046
31265519
10148321
14778172
818825
10526822
11652993
4391223
15498923
4916457
17741049
30009756
35029094
18419116
6301793
31177967
18796282
33297514
20082821
29916817
1442063
18365795
2555526
21830341
1966100
32666994
16578231
14940022
10969923
13950639
3718619
5597462
30446694
35621500
26608768
32427603
18511488
6736535
22650175
21489168
29370953
22805522
11191550
3851127
23106423
9004280
11095146
24879465
31855450
25200615
27361291
15611723
3883283
29372121
28735699
23026078
21697071
2627592
11221403
28856050
6987534
27580709
2472283
21502680
17110012
19872232
9777427
33022321
13365583
23328242
33781206
13003414
35699100
2187270
28755981
34226958
632419
9378120
33518175
3727315
21317332
21472759
10359613
4340793
7675050
26108107
11804675
16324609
19123647
7124283
13867355
21484855
10470697
18600051
11725252
7571280
29990238
9932774
35241115
23845758
23629143
19077524
20247433
24955730
25038440
19377861
708783
32905105
11544377
35529005
29367702
4460126
13797708
20251507
28536119
14834030
30468049
4680391
25940843
33638793
20137175
31267305
33243191
2899417
12093402
1792478
8330165
6144479
22303631
3647179
3598325
22157002
30039085
24353161
11730535
28133336
31317072
1179779
27020991
30567840
21731296
9116195
11924008
22447267
13267047
23855728
24893188
32829257
8026805
30673539
395601
17237758
6657490
31450713
18052840
5948923
2972436
4682986
26029743
23630218
33091683
2728752
33910056
1905749
16519678
10550755
24595933
24232821
2932072
17904796
18643832
22767618
19332736
24068281
21037668
3921379
15828923
17703238
32433655
14272635
24016048
28428478
35184919
24192156
15961865
13369854
3402768
15342218
31074893
23300991
13203751
31185934
9692663
23359300
793405
15770445
7618683
30174726
5588989
3648043
22055649
30575552
1729949
15411357
31722947
26818019
7487725
1556287
29687190
27488766
2571305
23307481
12466613
9298653
8272976
24103235
18294962
16101778
2138467
23372548
1091915
25844452
30392529
17405807
3224205
30102269
10181456
27454229
8119077
11013438
1918093
6644292
22336194
34395520
31407221
30166659
33130830
3482548
22468571
6379709
15022152
29272653
2518093
11846967
27003692
28171198
21964768
18406003
15009863
35777605
28980020
7169697
10103835
23773849
7224351
11769976
21983192
35168018
13019724
24958374
12160833
3522574
11237072
15653123
1264690
15408261
7698088
14234708
24460396
29195918
27345205
26658774
25752550
10346895
25882199
32081278
644923
9670752
25425984
7840165
25673770
28689760
35945347
21817447
1790657
8056333
22233841
20508407
10490773
9497149
13721302
19991299
2257884
19312400
7955035
10513570
14431453
1985759
10373092
33801623
26926957
16998310
776575
17154861
33185561
3695035
6655294
28804759
19996983
20219813
31378408
27339911
26899103
27889014
35583607
