#N=5100
17822971
22072677
14204054
14757228
3104567
22588326
17595652
13270383
22398394
14815232
16574124
9350246
20425037
9396803
9975787
21103611
11464443
3071086
5803875
18626275
15000821
3654862
14313348
8705476
2010754
24332116
24808785
6954703
10240143
23440214
17887541
17729309
7621675
6279294
23171576
4497750
189932
2780420
22706259
1701712
9053760
21840887
25384460
25331427
23942361
21568267
3953301
7501733
2733831
2149013
4312927
20958910
16307673
15991232
9906692
21066052
2745538
1368571
3730728
7174399
4472104
11608247
20567734
17787490
6089361
20391156
7801492
24498221
8390226
865372
2327253
24395900
12562092
18479759
21378126
5094192
7488000
1804288
3188806
7784922
504905
2985261
11052218
21251622
1899259
8538120
5988888
21581140
11560033
18132482
1270231
1348179
5518885
176578
9985998
22264707
654495
6936120
22170967
10004327
2966845
24521061
3017773
22131466
25655324
8227403
1905386
25713079
1299382
14867111
11396269
5263284
1086002
2514098
3916299
20991686
11641653
13866407
8964473
24875420
1267162
1093653
17372182
23927745
25532084
3049878
93740
5313734
3969274
12313472
6986553
21508946
24875738
9453936
20226079
14605811
6928021
1701841
2970375
22046099
2434674
8882171
16010551
20767883
5536011
4713458
12027212
1429799
12599245
7870820
7503238
3349418
1571570
14322303
12487570
8871915
13744170
13790269
12990746
8470329
2101300
12196183
15946433
10269927
2525915
7177803
289001
10891922
13930733
8751769
20699114
22340358
3346160
11297093
8740670
18769778
18124214
4156392
8590127
23913393
20962815
19190935
16871849
7363221
15241699
24707302
10544734
5273841
342534
794563
7187462
17841374
9670268
23432196
24644492
17643993
19257070
6200797
4856374
6253941
5405609
9402021
13599687
25249949
7836445
4584278
24843217
20220822
23867144
15409192
7041544
2253159
3949236
18174548
22828488
24631424
13018333
9750171
24096380
8511161
5787860
24428833
7860448
18036276
4175125
7097259
1441184
1656694
795188
21464353
18664255
20829226
16229142
23678975
406732
13625624
6727135
9434024
13179278
21613985
113521
14876997
5434672
19991378
19819781
1731881
535044
4507172
3962311
14331113
15314279
2415150
20253707
763188
16595091
2518431
6302071
20650398
23666006
20639529
19898777
20995280
20422494
2603518
16951840
16982709
446346
25786717
23984069
12965847
4832878
6132144
9720782
18366356
19456334
15312609
23779571
12213932
15202894
16210726
8740971
3204655
11830060
17735276
9124683
10608259
19525992
326108
15415187
2670725
217035
17295258
18707006
3439785
16820738
5828689
7662206
2144065
20953839
17851925
3245065
12476522
1339376
20418174
9250351
21905967
14773281
7568845
18136527
651803
19044232
17015696
20089973
15885366
12872849
23462141
21203073
16855267
109073
12783494
24637286
22787251
474520
12878316
10441145
14676673
10884851
15820282
24909001
23140882
5166114
23500458
17889737
20106975
5644893
1681506
3769440
14121477
3188178
15784396
21235397
17822432
4142847
11291397
20692294
10681148
23353068
23083145
18227981
17995389
12308974
412535
12346106
11807847
1993465
9284429
4431238
2407535
10654168
16072109
5251145
25732705
17855565
16208231
16337535
6186981
13156893
2648610
7549646
11375747
11641549
9944000
23140139
8125264
13948330
12272715
18463168
20021245
25437736
6469011
5649283
501127
24429071
17725243
22040175
14249496
24640262
3022695
23166391
25595029
24226545
3706479
24058736
322148
3051338
2342490
24647336
1781146
17017061
23615647
2899174
18179851
10659236
25530990
15672097
19937085
1498544
647721
3025527
24936609
22713507
13934041
4470953
10179575
7748547
7671044
17093106
13708798
4806151
8113476
1536293
12557961
655141
10369811
1684813
1270192
11335429
1031689
13545537
13500776
1609976
18041751
2507753
5385716
12686010
15024376
5565123
2571936
18607781
15101487
20465656
12533932
20849060
11463474
19096470
8703314
17528459
23643195
12172505
18258191
7458335
5830047
10873148
14048515
25044383
15316689
2388220
23844654
14085279
10167352
25656589
10887825
5355741
2146943
25830594
10114074
11080161
16473636
8116280
6073848
8915993
23665748
19447463
799310
19945016
10116840
22540810
25280269
4838425
6342458
22048608
8073385
21459231
10220025
11660295
15863295
1231410
18230869
12851631
17861020
4811611
12163210
11067232
21251667
17076783
9356958
16661360
5006312
22221209
10460533
12636386
8116683
3720731
23994189
4268501
9328313
5278415
4851917
17895226
22775041
25556793
11828583
22423091
5595936
8988615
8092991
17675230
24043957
2072823
688420
21457354
24233510
21096428
1710274
19253873
724036
1799315
6200826
18379927
2758091
6739802
3305763
18511747
9055984
18715774
25426585
6096653
23176941
19968690
6066643
15015515
19960857
17503534
2983665
13930707
25618225
20683734
16986809
17250169
3849314
20265559
19747080
4979637
9025957
14574525
13053047
8354109
13704790
25471025
3727729
10256344
12347384
10599990
19095163
2959331
10202399
20121461
30010
8161425
7833
3226674
685415
6030149
17895310
22973498
11607464
8368056
16834420
22731251
23513090
13533243
25903168
19836121
6590156
671847
869735
13592022
19289946
3448445
1777206
7791305
5824747
9388053
397591
24983703
17592887
2040973
8767192
11466901
22139576
19987685
11341365
18385484
9086251
24190820
6139078
14886214
10864967
3301177
11491648
18340535
6943087
13884886
18966386
19008134
22055468
12084855
468381
11498640
23633699
18399154
7393714
21514611
6458732
24366618
16216510
6125985
20574964
14789508
125536
18417657
25564999
1814110
12246406
8863603
13325853
2837901
3394565
7187998
11021656
12270328
25384150
2598518
17839418
6881530
18539753
10556828
3114722
22742793
18768492
16782653
11940422
9037097
5298101
332746
18455220
1427002
6000449
16820873
3888075
12974992
20834817
16701396
14498258
9408505
5469038
6137855
6479811
5787803
7813849
23086703
20440911
18502619
10068766
21946156
18430374
10460526
6451902
12342070
10802371
9731395
138117
11607676
5245443
3871099
20342298
16297913
12202493
7689023
21996057
13196680
24486735
11426311
25895924
23023968
2928694
25691236
24334007
24066674
10458
3974795
13017937
13158320
72245
25618241
4147819
20751870
25668156
22730508
857517
25204696
4485952
10930584
17275378
3611096
6332172
1306840
20311857
25015814
9212289
10569745
1964322
16126332
23161183
14868254
24699962
4872021
14334343
9012777
11048737
12862138
3902550
2063262
23674067
19993942
25960086
7427312
8547917
463460
18244556
4590499
7929317
15538422
4598412
4622103
23972806
21989925
6758117
9742111
23051492
19095957
2072128
13106069
6089936
18289162
15197477
15687185
8486850
1472204
19773793
23649040
3851637
9918608
2113177
16246754
99590
25496626
15192757
18620984
7197708
17369700
26002087
17970780
6229182
23282054
12527551
14230694
24948434
13672161
7669983
24608989
1659586
9792967
12572158
16412752
24465878
13725272
10576958
10847810
23630568
9855184
21535863
13614884
24482584
2626552
15717563
22152172
6952482
12486623
7282463
15236929
11140518
2720033
20106795
18008488
12997186
24865391
21224277
339445
666140
23887016
12036831
11256834
26000656
24856886
20499360
13618067
16104705
721773
3975513
10015684
36166
18909310
12560887
16993978
10337636
3230939
3523274
6379119
1346105
4562430
21140135
19142030
15732847
9904969
11447777
12657741
12852816
23347262
14312615
15419306
12549926
1843510
5421040
1036154
23415747
19777587
24306120
6089021
685607
11076204
12118363
23715755
23235240
9329947
2124268
3958516
16548400
24970845
11248985
8214076
3493148
25898731
22357819
3075106
11715719
2764081
13008692
23443511
25460902
1122669
24661832
167337
19101330
11653454
2740035
17326725
19091979
13229916
8634224
17643419
2504529
2788415
10245051
19276724
7445113
3163424
7373097
8334324
21477697
11360255
519822
418042
2836577
19593738
4729979
14282209
17976746
11886023
24791679
13947130
22694906
13008378
23437303
16438171
18571475
15520120
8692501
16112126
25388952
20509375
7398368
9237806
21353303
7081627
557192
13774355
7695728
22022843
7814501
9713219
23187243
21599651
21698064
14564369
16280558
7507522
15500530
18693182
15201118
436866
16519828
20920301
20446904
7917183
7745670
17122915
4794733
14193127
8713758
4804711
25166073
14980306
23344180
22242513
25395900
4544350
5959854
12646074
24845600
878416
14025156
23286440
5319092
2844106
25073840
12250942
18316405
3717229
2173354
8944383
5999963
23266211
13174631
17987554
17786015
8216109
23072723
14653588
15037055
8397017
7470531
17587125
15594407
18799830
16282659
1403391
5708750
5081437
24630919
16222726
10222890
25844616
24222601
7731716
10537702
21356610
24741154
24035588
12380832
4917144
21779753
14022409
20143761
19622088
9578397
17795993
19189055
14675706
7183057
12113495
18812611
3334267
1304466
2844581
13091080
25864788
2782473
4149590
9522113
24796304
6663691
2491174
3960479
2865990
23664128
12512114
8975778
19824010
16919401
13021989
25446949
2157665
19107578
17011334
15096599
20912692
10612936
7075559
10526660
18512356
25472595
4621595
16253188
16113245
62108
23605056
16342674
18659736
23495899
7030939
9489390
3797701
19500612
17458365
19900213
3840118
10256279
10617355
9040627
14761736
8577976
8435615
13071067
24204887
6398398
22684605
25049597
6764146
22276531
5905065
2259168
9359350
19223053
18658133
14434136
22075939
109156
9311735
9170346
19698198
2193893
6694590
24571054
4314059
7202086
9282858
9463057
21504543
16702944
605012
1690669
10383090
16700782
5050027
13818856
14297818
408074
19144532
4504978
12917180
1345577
24274602
9588780
23157115
18548976
5122401
12905593
6420959
21781408
17139321
9790710
12543399
25502505
15288196
20861003
11707544
7243480
23521611
19813874
20983420
24577796
11304208
11227800
2402964
19305519
20684324
9792840
13500895
17798955
20903943
17991966
4198463
5725625
4466378
24915088
12128017
24014560
10429837
11293815
23901574
17646817
9166080
17692397
13794961
22708282
12002958
17903671
12270060
13607380
23173232
9755620
22174832
18008690
16553476
7273689
5804624
17548935
3552463
10172494
13600492
15178317
13525588
19956941
19607609
21125385
14485251
15497768
14776552
18793021
2127735
6209177
3851856
1121364
20353004
10554856
10438221
13059144
9394005
17178006
17442549
5164542
19212145
3554708
857631
13668107
3721226
10295695
3948443
14384147
22656907
19653551
10234274
7063769
5471690
4109840
6348833
10355796
2023598
23230940
3594729
15669937
519739
7960566
16693143
21957426
1160851
7923781
21626596
4229463
23975862
2541406
18970477
20207604
25843483
16571936
9719663
15347080
13648789
10304893
18813438
4246703
2835426
6124434
714936
9779460
16749808
23791459
6761066
1017227
22711201
21644164
24986794
4572313
6799715
23432928
14994396
11594954
24621486
19085190
11268987
3768258
2707924
17062106
10487940
25159969
2923147
14078336
22543642
24065651
22133033
1342569
3531767
19065966
4038192
17597043
3018394
15732580
1080258
25790469
16704000
6792453
3498013
1553866
4241483
9868327
13475007
21919207
14989533
20853228
16377266
8870446
7943883
18221522
14138959
11073170
2616326
19531063
17955304
9854638
20533884
3067066
23314378
598290
4701137
14315612
16516785
17901491
13692146
8951371
10946021
15150133
2550970
8293252
14088860
22995842
20888795
7285345
5541941
6119086
1562910
12819310
9395053
11534279
4258760
20617897
19127866
18771689
25007180
14888238
12550260
8589159
13029495
23662332
24755071
12809647
623466
7565414
21619036
13205579
21063967
17316335
1061273
20228694
13414457
21467081
17453901
3423274
20386001
7386197
11387599
4692196
8560549
14787157
18416414
11497072
10274283
4239628
6221429
5071586
1858743
3551494
24507654
14883414
23038866
17189657
5854176
2081453
1165013
4302701
12144305
835272
18565443
20267759
17438359
24654749
15744646
10067703
18045676
4347369
13489214
11264007
12285783
23073478
4512874
14176785
19939209
5202697
2380885
17333500
21237498
1638895
6522629
7317997
9029237
9610978
16024643
1551475
4600713
329741
400824
17886547
24070480
19920695
4523113
7370656
6609073
50841
11242055
6781668
18071587
16425736
6751133
24118999
17797835
25320178
11795900
2605708
24638765
15405556
10810871
13919501
7273223
11575217
17303355
7477762
5010264
15694902
15814217
12724167
16932828
6490130
13363433
16699824
1965186
19135838
10792166
14490971
7989255
20826320
30535
19962589
24637902
7440955
976664
15192127
15344979
11053909
6458403
10719264
22795899
13899219
22626147
25805462
6564953
1608452
6327111
6949663
13425640
9324087
25370735
233004
19188509
8891161
5907657
13484216
25810148
4629412
14460435
14036667
22198419
18599581
7639490
24109341
6759542
15932755
23397289
4625714
2921576
18569185
2756683
23000438
7334266
21017694
8131915
14278856
2846378
11666590
7588929
13192636
16145578
5133138
8988912
5704293
9091014
15941811
13687347
11773481
8440994
21870855
21060743
12752644
493603
17716735
15375617
16797394
1664744
4828104
16532597
5931139
25898484
7748990
3522087
7718976
6824881
11128891
6689927
15663742
21531013
17119356
18867290
10441285
22052125
7710667
6680512
11981099
7500816
17826492
5376303
10351916
10030817
3344008
12040592
9706210
4705556
10547513
14928363
21743605
19603187
8783607
17072618
18179508
15587674
7056762
1029049
5824705
15607879
4234136
22806453
11089727
21077232
25820188
18424339
10071026
209851
14864020
21268361
23158901
22459241
2032295
12974890
324606
24648452
1493079
9441413
8971952
5607892
6144756
19334553
1423679
7859498
10015855
5804023
9762969
17458884
22804914
9028252
19181717
23830471
22996266
7328954
11006205
25610337
3560319
3466231
17724517
7068345
7889631
10184011
22134635
3393844
135375
5546759
4330065
10548753
3296657
4300964
4184213
12948823
9318698
21629656
24106530
18566972
23672676
15398283
12940733
13638008
12041987
11852763
12824266
12049494
18432201
22203540
22549386
22501975
10240166
7540506
10943711
4495787
24712201
5241441
13727344
4250188
2250101
29101
6364540
5011400
20992267
23228123
14852294
16761727
12620546
8708247
5626239
24698234
18019861
15751535
813742
14656059
8084128
16630726
15510109
21940227
616939
15008880
11558264
5744379
23501871
20365836
16778443
9115578
17654905
2351808
23895648
23248702
5046834
23809984
16169106
4230540
10607577
6144047
25799054
2585878
5351951
4538269
23884491
3363802
22330973
10193017
25155951
12153902
4667352
15164794
25045529
20882561
17517010
5855994
3629501
3039858
17374496
3080200
11229931
20416204
23314975
14749230
21743162
816294
13202406
10025059
19105053
8021699
792096
21260784
19374953
16651715
22880863
13691474
18881418
24840636
20189231
24654722
13118374
9794791
23657785
7843100
5906625
3130717
3145063
549301
6473493
22968293
20438792
22490701
13336608
22498681
1546824
11718103
22384807
19844273
9232963
12507835
3310312
24813948
13043487
5683479
12433862
12703793
8165809
8890262
11722262
25058005
996937
19938840
3888166
20527068
19361602
20020889
11320790
6186771
20784076
9992792
24295251
12603677
20943877
1618505
14777439
22376118
2485140
9876972
16533961
25092582
14127914
23636834
1033650
15003260
12181235
3543600
981531
23781371
7893325
17793422
21169839
6479869
15240804
24540844
23869844
13174831
13900379
15991563
7901520
8180399
15058916
11330311
12489803
24577760
25143366
4900467
5842157
18066125
10412624
7560693
24058931
13788220
109163
23500051
14021729
3063430
10313841
9198109
2611532
16077021
17216184
22638996
23283592
2065972
25304031
22541847
19936877
5719979
932647
11234775
10354162
5144721
12196946
7589336
7389168
21740807
20497843
12945030
20017194
11287970
7451529
15222446
25776492
23055734
1839774
4823619
451898
8900386
6645491
5982537
7456995
3803777
11998531
741745
22802662
8237616
10262764
8702102
21375818
10451492
13701394
17428391
12419119
16466140
1755059
20454139
1723612
9209873
5493500
19458314
11521479
25069362
13382672
9606437
22603835
7602954
12841694
20479362
1443390
2841714
8647572
6715250
21674681
18424480
5142546
14100560
12871799
25821273
9664273
18610993
12695939
23245255
15673332
17974980
3396093
18555187
14960639
8275299
12351959
21097705
6075642
16578608
2465527
20443283
11428309
2124473
6159564
9999980
485355
9391706
7177033
16233092
1572704
22237687
5552681
5331274
19099853
8924372
1778899
12429019
2937660
20730959
8502727
11781711
17677907
21130794
20866793
19872935
16863223
10436917
7285743
295924
5150299
341054
2937284
1428328
16302683
22777859
2822947
24925830
22482568
25612913
10680411
22251431
3137834
11291875
3552374
6670833
20650277
21721507
18589858
17165950
3053052
13381933
5578484
12468538
18931137
25093442
12587192
16567299
5286618
21608255
12022206
3721970
24711937
6169426
24615382
17386854
14958857
3220034
14245419
231137
22475079
14052101
18699056
11130566
16651599
22504434
14090976
3484327
7322020
19871491
241031
5248079
9114362
21158609
25891347
2363838
19806823
5642503
19208659
1564648
22906318
5852779
5116589
7325083
17220570
21395348
3141435
14727720
6754956
14856883
22205647
26008079
23410503
10858188
11703156
1820836
3835979
8883051
17906862
2073940
10757128
19755989
20030299
6750524
1351785
20248844
9165180
18242175
8746185
13355879
22458060
4234800
14642210
9731242
4183647
17156416
3293957
2948118
7185638
21420444
17456381
11347459
14304922
10243232
7022208
17483671
24587541
1762039
24135923
24160874
22717208
18670170
18404203
25791455
23595345
23783177
11502659
10472866
21794116
19174951
13377235
12726818
51153
12149359
21100851
15899095
9970778
7883514
11501738
21848180
7115521
21876715
18988817
11484817
319257
19923735
19357749
426666
5054831
20129319
20420237
11589319
21084825
9284592
14288796
1776044
1989060
6991274
23105632
23730864
19123798
1227876
17635968
24825624
16842147
1870902
4397357
14132599
767992
4288589
17522929
21640705
10211023
25075082
6790634
25902591
14868904
13891995
6016430
8129078
13708060
25799210
23310523
19308781
21959098
21961088
4680413
4268197
13877477
10531321
6094896
8961739
25059295
4418631
9081832
2709548
1102909
108768
11273236
5137288
20087567
18457847
3503636
10318432
24869744
7562204
8539726
6739825
183935
20890787
25492122
20409279
18503678
16013001
14628368
17690901
8083611
8812658
12836866
19579303
11482026
16339831
25889908
11003312
3315721
8973063
6099878
21975622
20694768
18825389
16297217
24432700
8251669
10604998
16442272
18129919
7378269
13658940
21921270
20448223
2387108
9479121
5780911
15476343
7929389
20479276
4854034
3167874
11994197
11160601
19699396
15142280
13024110
5570410
19566999
7350100
2941861
1938055
20341971
22272069
10573720
20355785
22653994
16131751
17890295
2783332
10872214
12940047
25935397
1095714
14667312
1574331
1549731
25975201
10622309
19425081
23148645
8356999
9478479
22861918
24146492
2782551
10238847
20337576
2628549
6282509
1671695
6679793
17374335
14649751
14281641
9105535
17129056
8524226
19923102
4950248
17521502
24440066
12936301
24361066
25555984
14702111
16962023
8134651
17490122
16928875
24610168
286727
24884074
6695928
1276636
3808916
14817568
18619903
7319446
21958757
14918175
1685509
7061718
22932366
23530696
20420980
3845999
12178808
17012725
21493037
18023948
19170436
24894083
12897755
7399043
6074898
23221990
14696713
9534483
5856960
6708367
6567805
25020092
21075158
17888361
23330299
11153036
18868812
3701728
20297502
14897039
6649375
4164814
1304303
19086367
5452
3408255
8362962
8818426
12505855
11262520
19789758
424958
7472750
15685766
18712331
22550415
6018594
22651912
17630244
6846869
11643209
14689445
16353358
24585688
13683115
8282136
16865534
3971773
23062354
4786253
2246300
13573009
18822928
12559614
25386970
17197027
5565966
23110443
15038669
12080897
3789770
18767558
7722628
25595901
24330738
10723984
19583737
25181726
11008703
2940798
5157077
1721087
15669896
8071222
7720154
9711342
11229782
732846
16389038
9489345
626891
4350252
2849604
1625901
6993648
2276527
16821924
19495070
7974237
10934677
19021835
18867436
9100386
23008644
20675730
25159013
25725282
16642939
20024649
23951182
1934468
23095855
8664499
20622120
11505006
6987307
19332304
16404003
14769521
692351
21303307
25010991
23366604
573077
10813978
13508579
8965856
20550813
15136801
15116802
1834291
22023191
12855272
9951374
11946928
4032791
5134364
16437666
3362036
11592359
15286683
21985914
244414
1677191
1289816
9764569
18227787
7293518
21110697
15768531
3335748
9383795
14197013
9858025
17617222
4926731
13035344
19859054
18716522
19123610
16925096
6546483
24739829
8822481
4817010
21519262
15334321
8205570
1150983
7386122
11347945
13609491
20696098
5143411
24122971
8659864
14663873
2459255
3957770
380467
1571518
19487724
17776574
23933848
11486246
12421733
873775
8575300
17597524
823604
9047347
8102615
1729473
3220567
8151726
11275005
9021844
7948198
11521191
13551493
1353590
20868099
4150086
689799
16489539
21663716
4702094
2936971
887737
25143613
23277460
18311237
22665043
20018406
11713638
2910946
20834210
50171
25537954
24158474
13757697
5826780
25960890
5118033
8862289
203527
14417380
21480352
21258174
16663093
24064973
663790
4378560
23159937
10651271
2206133
20775979
20232048
20333078
23250066
2478569
3259053
21261165
19754097
25194197
11663467
3382993
22685737
956040
8364739
24207585
23303229
11628057
25757363
16710654
2045503
19618920
23764288
23425380
20594384
938098
15568602
4676085
2172426
2383958
5082789
22546622
12189478
17753478
17074024
1988901
8734473
4074857
9597698
16371103
17172026
25370993
9681820
24488153
18326377
11400248
13113788
6592575
9582554
20802009
7609932
4630124
25034537
22826190
22520344
4571864
24775672
13184644
14256861
20299371
4858045
13339312
5472598
10200577
9019005
12999167
7054768
18373371
1566397
24900272
21352849
18693874
7044615
12945138
27930
387367
1817694
18321780
24992643
19615996
21777473
25457309
8119781
9116238
24060518
23999266
4978568
4476301
8326598
917549
3480338
9321034
4320307
18483432
17809375
5309200
86334
8164497
11684088
23546090
6509222
23071276
18665944
21320814
11127444
22379717
1404725
8211699
11207873
14198900
149780
1314800
1396791
10130516
18801235
8237782
15672667
4061019
15659529
13669130
11260808
11006907
6175225
13674673
7050662
9644878
19635113
2550245
1655275
14622812
19543712
11198409
11943832
10949793
8569654
2915745
25835410
1869391
22725485
24556639
12802109
16029265
8523565
7822575
20467849
3393781
18588253
16667103
18810211
19316188
7493905
23596136
3956244
22540348
20049561
4500417
7989603
19675866
23680099
5120432
17342546
23257485
17292321
9028086
25787950
6700263
6200261
1278771
15077283
21359786
16033073
19643100
21571416
19793350
15244322
18464312
10593571
13935631
23836763
21224076
15359944
10963558
18210141
25465828
14550745
15037260
21493885
17532737
2333320
15086180
13838112
8314460
12133101
10592058
17491391
24509179
17632981
25514042
25919264
10097749
14451935
10903289
4398777
17770670
9199779
15972257
20637550
15379496
24585688
12873205
17677500
15904117
11076379
17836447
18635509
11681574
12703940
6407705
3694625
8682426
17616644
17909620
5486635
13633923
18969078
17987349
24599915
22198798
11062107
3669540
20362537
11344831
1703510
14436521
23143121
8483849
17396570
22427911
12365561
23345137
1796825
14504619
23278609
14058371
5132506
881369
7986949
18685080
3454626
448571
17859357
3982721
24950543
13509286
3697574
11433846
6925242
9583940
16499826
14380841
16629595
5926016
2865276
19229662
23049951
715210
22128288
8714999
20631085
12524508
66528
2402020
9372113
11050805
20734988
1110992
12090308
7538378
15489289
25481906
16171595
4350070
14948713
13516697
6584044
8777199
9597585
7207967
18964346
10573810
169130
23409934
23549632
2150066
23111375
2988517
20757691
24267346
8648471
6882630
3152395
3679289
22340598
22924687
13624062
13196610
11631703
12618403
6030349
11139219
25196759
17318464
23776027
20835079
18582677
14039643
15822854
25033776
7038837
10217978
1687744
12682629
298559
20561115
22065942
24854029
20350046
2528626
9768516
19632748
10552033
6237709
16065227
23807554
25956549
1005659
21829827
15156050
2085209
3375451
13373192
4361680
13399352
24399950
5012225
19558902
7000806
5604876
11999597
9019773
9919419
7136630
5280253
1454530
14874634
8190881
3739078
717298
17986594
18194373
3567521
1408045
20954726
3713133
16641292
10800499
13584016
18454376
1782858
23733530
4639664
3636808
25359456
19850451
17399144
14070914
7559304
12644598
10349023
19526533
18403086
8464888
18271996
23099373
12379018
2810901
16214288
11554705
23159778
16578549
11903213
14517954
25440319
10154227
4792683
24196917
23681207
15860486
2468277
12809616
24384075
10799214
12247664
25952107
944712
19418112
3721891
2696337
20251513
1884135
1254537
21313713
10749436
4114660
21548651
15487879
5661124
25645740
14315058
8641824
5801795
16412551
24388837
15906968
12483021
14942197
21728640
25535157
17486412
6332629
561951
24441969
9854502
18839553
10883781
24258376
13830164
16501322
16105366
13601366
5798265
23149878
14428628
21271558
24463536
21912912
1172820
23029301
8497509
12566073
24926554
15904828
3929530
24110205
8841894
1611430
23465786
15396011
24973205
7708009
11141693
22395965
2211752
11606127
19672955
9046025
22816576
228798
10703057
18965489
25182739
10536708
24696342
7179281
20098737
16097801
13415403
3270313
12766313
18602682
8636543
15479914
21726499
16981665
644419
19455884
2648226
4411342
18917884
2577240
5496256
25545567
17386576
7829293
3453117
19444156
24352969
3851087
15719626
166349
20279147
6657022
16447971
23262107
19773879
5481989
3331487
20822721
9297336
11949965
22886184
6318443
14835495
2270615
2987004
10896642
15201566
70985
24925087
8035883
25864231
12330529
22092450
23952420
9486324
25612031
18388096
12840185
24245506
9062604
9728378
23027041
12893144
25629548
8584185
13614724
10848218
6045088
12600103
2978893
23124470
20615569
17995005
18602419
1732614
2916019
11981556
21829249
216755
12594557
11953434
1911811
17507771
11143985
20227890
11309705
16030090
9325492
3111807
1218465
10833026
24772397
3096421
13941986
3434895
17202662
1014620
7869325
8930619
17994535
25657455
4522051
7536519
15078986
21284428
20576932
2699264
25397000
24539381
24314945
9750352
809449
22357487
6198066
9777460
10902398
22861464
14811625
13156032
19012977
24132045
22901041
21337502
557324
12927365
10229135
22935609
23693652
8221871
4408567
25121582
25242035
23911190
1623153
12379722
21897429
10701116
4394320
4300212
23729932
16621023
3552286
17041989
11455089
24010169
20975836
12409932
3848487
16689580
16264992
23685476
12228286
24637241
25771932
3631716
15243714
2007264
18527042
13235636
23653403
6507378
12151993
12862313
16677326
5585603
7985402
6250782
12981185
2436862
747926
6687943
5165934
20215684
10729719
13708722
20161682
4286256
22154941
20836578
19124860
17637751
23923544
8596570
24057093
12418233
25778241
2008078
19027427
12019663
15747208
10791090
4493618
6566390
4876911
25090110
18614419
20212105
20166422
6293242
23280929
6542242
10621790
6120778
54002
6443463
17563782
13988670
25834962
4517190
22923034
10528290
8244224
158876
23491896
22049014
8054372
13758577
924436
8236337
22189611
9180818
5914179
20077074
2615537
25338372
4923688
974742
22941177
13624179
21681453
5813716
21151806
18841893
14566997
728898
6618501
13046592
17075636
3960237
10936531
11417723
13046395
858776
6768070
9733318
9778143
25828036
17578967
17753619
2322157
16776103
21228846
21249374
15153386
1640795
17060761
5963075
5303290
17127461
7135939
17503126
5910285
9076472
876956
1520405
9663263
2658264
16773626
20321479
5577407
10077755
4649653
3313077
5744198
6950035
6817917
18034525
12159443
15466430
22534773
7082784
16286283
19588051
18852179
9190311
11001071
25943300
13490701
2463730
11217176
12723033
5279734
19053446
25423210
24228693
10756779
4005350
11744423
6695871
4325390
2264330
18997123
23709619
11158725
13719674
20800592
6015053
21509753
5076659
25190148
17610288
2894171
7095972
23250545
18918879
10363175
23200907
14726124
15431234
23193996
6827296
13309823
7061042
22960232
10071425
12484270
4060908
25689960
24143658
2362314
6625772
17115606
5277449
2909027
19807238
6873487
4377498
6834906
18563030
16846053
18094176
9023309
9985293
11396362
49638
18856321
20941942
6911
22562393
2121411
4786519
24540631
17901964
20586773
18899324
10391466
3004177
1698594
7717753
7028052
23094866
3716745
11971934
13067528
13195094
12972331
14320457
2195011
3404296
9539721
6860760
6697813
8973671
5792537
16464421
14706293
22303929
7474096
9883958
12685328
24893014
10209746
5641307
22174064
6236161
5854294
2673712
10639691
4613729
18664574
21066119
24690904
16531651
25009603
24757071
25663649
24231601
19444302
9997816
22716484
15229616
1068223
4896958
8930944
9498609
23653891
19485901
24282166
23254649
14337777
7044021
17382516
3973585
14450578
19500351
21606471
1240565
24682705
4237137
20596392
2132923
22066517
25943833
5531568
15441568
19976335
4319398
16178683
4214685
8929593
17819526
20962238
17579614
7253067
15455044
25890010
399242
5148123
17238145
20535699
10364192
7257009
23892165
23040681
1863578
9481212
6022898
6654173
22549782
8180621
20662560
11264921
21288514
20631064
1212170
25272886
15761650
21399805
24369158
23926014
6013545
10566458
5507194
6353170
21517391
10306920
8651865
20537110
9447497
24644702
22653534
1987076
20056996
3064518
17017783
21219406
12941431
12505843
12001614
25948427
12902108
14695062
10052751
22025629
4869414
20485931
903728
17845637
4039825
13802699
7072384
25670375
3712633
21210275
12364871
980280
15522989
24680730
12547142
22123987
4587705
8242581
10979294
13501156
16133087
19175506
9217791
1656570
25613736
11970118
15895676
5540045
9825648
4230385
21121900
13033778
16446106
1764595
25436818
4379451
10090066
525675
1959069
17395919
20350852
13694142
3096704
19409003
20093024
4304560
25808258
5750115
18119495
17813789
4283365
14476517
8225336
11911239
424460
20073691
2144470
11665290
10428145
22801871
13794280
8010870
2260525
720220
17684530
13564708
2420382
7357713
6184824
2928492
2952779
941849
8264684
24802145
8264310
2996474
12195066
7994469
1466750
3642978
9588453
7035692
2705621
14161646
9766768
14769171
24309111
5352600
12534576
2417275
9194910
1727625
4989906
3359383
12963404
10326817
7379883
14155455
4404933
19906541
9327374
4160635
7341104
5268209
12607078
269841
16193290
23215654
13069581
20441059
15600922
10090373
11932489
2600016
15862535
4414168
16898161
10545401
10821256
25470516
23437369
5835527
3427787
20673090
10643066
24817949
5921883
2136908
19491647
14907864
1219002
4059165
6217123
7071263
3738485
4054990
1863826
21762232
22278298
2979208
23172135
13000906
20237839
7518321
11711856
19980700
19602913
6091210
13118033
19649295
22042729
2764279
9856027
4619839
14751207
8506158
19989868
5677585
15581472
15432482
23354307
20157740
14984246
2162133
19871003
22649819
22450259
24894619
24600098
9277392
23414936
4307379
15952615
257139
13925409
20284212
6862667
14617184
10058482
10353754
9793268
6076455
2676638
1349869
10639971
23737187
7588252
19220952
22996845
21433733
448236
21192174
14950303
6997992
20385441
20986385
24059722
1826432
1479683
20292719
7988342
11811362
16391970
21678404
19404473
13971791
24889295
11172479
4823916
3982027
22340682
8443399
21446484
4949451
8425183
6082585
740342
12164520
18772716
16468237
21146996
8113809
806733
19973919
8948271
7212574
19506702
3767003
8501655
4331887
18564314
12319939
18416890
2420179
11452675
22895560
9147875
20907268
14841798
22390518
8545544
17391230
14681782
4017464
4209109
22270664
1973434
24945671
17027525
10658907
15661504
15836643
13829104
8257725
467217
5181267
24720919
3828380
25876256
22191717
578563
16144135
15530830
10184896
7935869
16555408
8053762
1420923
12361724
23460568
22372302
19191645
13182121
18421119
2044030
19937005
19906705
5978093
23947733
15854448
11493368
7403779
15369426
8647837
9546806
11302403
19978578
17192768
17913383
9732120
21324453
5057233
22871832
24985423
2131134
6514946
4193684
10603194
5058622
7833644
10278447
3951183
5801180
7908682
13177980
10729502
10652838
4052257
20494726
16543953
485022
17509097
23866974
18730589
14679259
7017604
19399021
10246458
21878315
1509715
1523854
22349031
2926099
16356886
9445304
17537940
1456323
11023605
14988313
15771005
16696030
17033331
5436769
21081679
23265845
9125723
16244777
8772450
18230801
17649194
18686980
7764434
2829838
16849369
25341569
19096367
11149290
6542871
23386169
14192850
24593617
11176969
12903727
51724
14900562
24431699
17213193
348884
8991141
23964982
10334236
21624352
19777487
22321047
4836901
3146959
5558488
13259149
16095471
10466367
3472921
1837611
23096432
24407037
20363645
7452263
10373764
11620006
22622821
12209200
1289122
24541892
10939973
14482029
23512098
3205243
4094123
19258212
16024648
13376790
4187495
2676755
16787450
16630528
5416124
6241318
1715054
21102122
9786227
14257860
2033501
19739451
22147532
15644169
14033273
8743639
10839443
24174565
10330883
24090929
15932793
12817094
15693360
22398295
25051472
4253886
13190596
5380898
15070717
2001458
22599341
2220533
23270632
25209698
3569038
24987569
22465092
13467195
7722186
4710342
18120328
12399333
5706177
13403893
19468292
4522274
13076322
12758514
22905338
23523790
23061135
19544498
2429188
11439474
9207699
19670573
15193170
11189138
8791558
1503749
19404392
12053209
24661495
24293064
2744606
16111844
5918948
6408314
10010433
21332854
13667731
19380001
7594607
1183903
14991137
6709777
7626937
15562533
4360945
3360839
9748166
11621660
25000365
8768616
10909870
24028562
25542581
13689421
6448311
22748350
17515820
21121329
23972169
23213217
7027681
10999857
20764977
10596095
18750584
16640432
2391812
12483828
4388864
884829
8220531
14092170
17012398
18929664
20477932
18749286
19034041
979550
15375356
971802
23899602
23230450
6233816
2794230
10837166
11336983
13439747
20312604
2747212
1625876
17111806
11095152
18259274
4124544
22867849
20930322
905133
1506982
18926862
4960260
24545998
15300868
8277803
12926678
25905623
19498382
3373930
6715804
17753515
18154906
20747987
21105371
1046849
20906833
4018049
5188128
23253337
467436
17864363
17662061
9376603
1640827
2890869
11992517
3219411
21360866
2003460
10608438
17634551
3625994
22692458
272885
15405246
14789422
9552748
7843384
1744866
25892590
11977817
11311710
5761622
14504720
5740887
21868721
12317062
3550613
1987331
5591276
17100833
16223536
3424756
12047652
24431416
7540004
9989057
7274539
3726315
13041032
13925981
6015230
14230749
22566601
16730138
7561861
13044556
9670158
10529133
5096722
20130968
23483098
5570822
9902902
16851223
2190274
8534955
6725786
1113345
11773795
2166519
19716747
6455686
21894753
16722160
5810442
18477254
11611591
19358558
23721086
24820284
6022946
15295093
21332453
9522045
21723546
23042729
22611399
4202756
13056035
25535901
10228066
21295441
18044114
16031512
10125437
1076929
11424726
4559267
22070165
5318109
6281767
2994587
645243
18081065
5110569
1115450
9419734
1454873
13335612
8425993
3487830
11164466
8235113
24299725
1574212
17520789
24650260
23085499
19984691
17770595
22155353
8860119
25833570
16967185
4606786
20229736
19680331
6106616
24287501
19075578
19336432
2864268
23894019
14193359
23324896
18319261
13789838
993741
23977044
16834712
190880
19861672
9590254
16724324
14313031
4498713
12199664
6879664
15593712
11124572
6600591
5188168
18916899
20267400
11950420
13163736
21952236
15268319
1433750
10076798
21191560
5143072
20212938
20238323
15067087
22331155
9005783
22965127
802861
4115371
7244457
24140122
20212207
5091541
19188226
22096932
3568567
15738658
279073
25069110
6871239
996757
7901314
5753163
12978730
22692102
11729985
529003
20086760
10954244
4527425
15616802
4739551
23891784
11232540
18111960
10181858
19553978
4374235
17336306
9913165
2152916
4951896
12778841
16186540
18113134
21817859
19173023
8867419
13945881
17167796
1118076
2681593
11219213
8686743
1103292
2605342
15439307
22011578
19133523
20878258
6645642
4384262
12637592
2363491
6342128
2391290
18855553
9640813
2221318
12384410
11797890
629942
1502327
5624547
23023517
9245715
22535544
2005227
22412909
11264288
20612149
7094898
16241867
8613871
19257437
5101714
24145385
9224615
4019501
14749261
8240666
18945717
12705700
24909867
9517938
22711316
169972
6471143
12506489
16254942
10882082
6173342
3616426
6920178
9099004
21018290
12842807
11271256
22066644
3971575
9685986
11998278
13847462
25803719
25142052
24696388
1082213
9396124
983948
11083785
2043560
24004366
9427778
4657950
24739895
3046795
10204827
24588597
10252627
6333146
12638516
18625470
11737904
8608136
20087371
23837749
13615212
23534798
16248835
24731932
4787679
24555834
12866227
3814640
24721506
4399493
23712439
16008428
7352564
17653149
16319573
12049176
25274471
21044549
20463124
14814864
7457734
18535246
603646
6290722
9258808
4030379
24548100
13910155
9656490
11216139
22252480
3546846
7400684
6356567
11865705
15636604
25844329
23130300
6112202
8713077
23056930
6059290
14352421
9966954
7042244
9938589
17596052
10459607
13586815
16591444
2864783
15830577
9276438
22583267
7752623
21358654
9037455
13331960
17667676
6109644
3815455
4549478
17691142
6427645
6522238
3398971
9524402
5784817
73370
52912
20370657
1743541
13680612
19077398
18380902
22592638
22361775
15668174
22258389
12419804
7315006
20955083
8077954
2581350
13545812
20430664
18354543
2927810
24180071
1771763
3082068
12051376
12690805
2945736
22913244
15400987
3325601
9471490
11424161
12993395
1035866
15956825
9372639
17097975
11379189
17376294
14997814
9941971
8353168
15966872
19005416
19397222
7409270
13657291
10236807
10618002
10914159
5236345
14509308
12128695
15090959
136332
15148133
23299819
14283701
2095318
18640392
16342207
8435624
21477337
18284321
24611458
19241202
6659911
16763726
1437218
9023125
25040943
5600121
3619512
8557602
5348125
9160414
22801269
2743132
19664028
10772260
13449030
16155387
3026540
22990563
6454706
11862632
1706379
19322992
12605060
19669695
23173056
24067886
24497733
16899701
277975
7847731
17803984
23646787
17732784
21847098
20067179
16483341
251996
20469099
419898
17268559
15506387
682574
15304103
18172207
22409285
16468468
9700681
17173909
9937748
13141714
13921138
8046685
22159937
14547174
21181962
20936921
12443476
5303567
25105718
2641189
16124948
21966887
18243174
15913009
21595102
25608081
4717007
23657004
19626278
14400890
1964456
23344180
18946856
13499201
8471526
5235376
6530719
22568967
17916336
1891063
5645343
25383965
1528289
15886581
2103698
4531960
21841204
9802287
15188620
17802397
25071582
14875504
15035351
18645094
25859568
12601664
5981803
16326118
21692548
22292098
10117600
14475256
14872654
13711479
6968481
566125
13329041
4639656
5577189
18542372
15026340
15768763
11933832
11659894
8708943
18311411
15353341
18702373
25404272
313115
17430612
6426488
3679502
2433687
12663291
9533449
16919117
24363271
20872084
7217292
7419444
22416121
22170340
2960094
382438
2328825
20998937
9450234
4276882
15818427
21272106
18030011
21723386
19632421
22316554
4670135
7570705
15040226
15935327
18977784
11297179
14996925
19773198
8809619
11524571
2963585
3324931
9701825
16943827
24465964
25720518
4459350
10687248
19841515
22634724
5595770
12715508
5180510
2841694
910437
8758607
1639685
21723458
17053250
715281
7276328
3398374
14602921
18406613
938402
25214587
17151126
3472354
5463177
5484688
16486312
12029759
4868968
9991307
12484476
2432281
20542569
22498193
5091478
21789573
17454214
2754076
458636
11085469
15865575
5196979
17715357
15587969
14447130
2308441
12122361
3533281
2459971
15398335
1255487
12129614
8404975
11666438
1649608
19443419
15279286
6495004
25555284
17100253
4112304
4649849
23350804
24762997
19707545
17000968
9984501
21032311
1552067
21271658
19380112
14941171
16759850
15406916
3465608
25577415
25858471
11387592
2277794
4993923
21656926
4252615
25143572
3625122
22397153
21164604
19898136
12842599
2382700
9559000
19759450
5359308
10952304
21013402
3432060
13338800
15448901
14722844
1652198
1274461
4511808
18636762
11475563
5846000
15558446
6741582
23299621
9518113
4394232
12688745
20523917
6685369
7865463
3978968
9736987
24218120
18781904
25002702
19093150
23033392
24616696
13409614
16590814
12277070
5564501
14719217
11686602
2828004
24874602
23689003
15808899
24675808
3078316
19397546
23219946
20703899
17010916
25274442
15004196
23718864
4823282
16544949
22958383
9657344
25870630
25407852
5124970
21758513
386005
20347102
21106144
12339626
7845113
1871597
590468
17400062
4508180
2661165
13029106
198794
20610686
11074919
16119428
8384418
17050196
23955504
5699702
19302053
20451160
24469248
15424047
21175939
5337885
12214097
4532374
4112117
13675411
25451435
15315934
14056380
12501989
19234547
11749158
5108616
12026982
12592869
4370956
18972952
22724045
16617753
10089366
12226268
20034724
18173925
2684716
12411708
18167910
21904021
18541572
13938787
19131363
3209950
16643565
15889333
13202251
19754506
3459749
25629032
12949446
22091388
2307221
22056938
21871131
13819855
737660
7717596
4532389
2416769
8883586
10497777
11246595
17925442
9541552
22286581
14669581
21454261
8533702
18892688
2772658
15331622
23305223
17905595
4671264
11552625
12429584
13583220
6805060
22041928
23321811
5556073
14883823
14497367
21319278
14153535
23951032
12984456
24844011
20044613
17180175
5621709
956225
14970014
3255861
2750856
13752879
10440458
7335168
19212080
21597466
10877064
25323924
406163
20139577
17098045
4747565
5051222
16271410
15912552
7158105
8824444
10246796
730288
5209901
8334822
3973090
3906419
21814282
7875866
7741952
16873727
2365848
12868935
1217135
7478969
21425689
9204365
3506558
11121670
8551722
9844867
5401053
8225878
10322164
15088354
826635
14845013
23903118
22110532
5665756
21091383
18278109
16575540
22767199
1303482
12530541
22107224
10828032
19604121
20173584
9536583
15656592
20896880
6106811
6676336
18635976
10304019
652642
19671692
20384183
14989410
14186269
16322699
22062809
21487152
17195237
19389670
23842823
17475301
3832423
3753782
24334185
5628192
4044999
15323540
5139015
18936421
16597206
15955015
18611095
25286705
18093338
8980256
16924469
21812793
20687259
24974285
4583402
11673233
20148989
4061483
18936602
18709118
25137463
2673138
12307895
14383501
4210812
20089040
19151117
12867797
25718784
23674210
15152742
25782145
24736335
3847566
325326
5974066
23871678
24294405
23025802
10944111
14302997
17960185
17229390
9014026
19488862
15185485
7400197
1439871
4934021
4917028
21064789
10753962
13125892
18228855
9895950
17353016
9033822
10140473
12378620
14600205
24947876
25968742
25456819
7415834
5985889
16704488
8958265
1581132
9991407
5065617
19724721
19952537
13134888
16707471
16277394
18048991
10251464
2483169
21048649
20190060
17801137
2835933
15521578
10436441
23858599
25765478
19637962
9097182
11202598
1073444
15153387
6185607
19982852
8752331
24467569
4404757
21376646
18556214
22529977
4702436
17940729
17680816
3675143
9749463
6456007
13794225
23010343
16071405
25355598
18212715
4668482
22028262
19650901
15766101
16808480
14761417
3216445
7218082
19953796
5016991
7100593
21064622
7728038
4231660
2039250
5911355
22548347
5327775
15279051
19512727
1027293
22854832
11224808
15890918
12749120
16394603
14448628
19461194
11402923
17990902
24571815
14912382
5219781
19553050
1203221
9590398
20817622
24209455
14781055
13552739
11952518
17532499
7678937
1816683
7693314
11375041
5295870
17699185
4300482
7087784
8287919
11146375
10105712
20840206
1442290
7951492
4991680
11121291
20899379
11154107
12771121
19682331
2362726
10292949
24745429
3003767
20819343
21928448
910501
11912122
20537368
10135835
9839185
22313897
11184379
4657694
21738124
12871651
9411266
19164108
22992073
2111279
9704085
16817785
15848525
4984565
13062114
8501139
24360171
15880614
8791381
17141737
9600468
14022525
15483607
17480546
2093265
23570787
1391080
5438232
2072937
24233472
13615021
5181490
15239338
24322729
9909994
2574016
15889579
21963553
9460023
20837854
12272754
19383086
18419237
7347386
21297960
11845066
14373324
21882000
20943711
20778857
1658130
18129923
11929259
6576386
16089466
11318599
21497849
17831174
17833212
11555013
8994134
15302293
9935062
1318887
8433150
13956441
7777559
9715291
9690799
4740503
17082182
19588934
24095126
6574171
18984062
25425961
16911355
19604468
8877434
2813788
23513163
21091745
16704022
610660
11088537
24268293
8148953
24606402
8837040
2530918
1619950
22338813
21532709
21988622
19551328
