#N=10800
57594262
90689761
30003734
25330464
85425321
98941141
70933692
59610946
61781000
6175173
94179179
75132170
83198424
112588188
767095
45868140
114133171
44983941
31126931
76301679
17460843
108089020
54780590
69950595
88561811
34142082
61737239
61724758
46851854
73129377
101552653
80227428
53228070
95666224
71036773
25814375
37160141
64758519
13395396
34612459
39616749
29554621
5688704
85293914
46418647
72423154
62704839
37831492
27523098
39677911
69484719
112113878
67490839
68602138
8213356
74800682
35253858
36571492
76812106
83264427
19901307
5886429
9190655
75377324
58506083
6278253
60382609
50511311
73105400
100480776
28923755
2286465
31099604
49905551
70552704
8587155
92863686
23026928
16310403
32049221
20150702
882581
103900522
109330158
33348279
19605493
114628577
68629432
16670185
70925676
5397401
109127613
111983977
2912401
14994715
55958401
97776484
76541833
21587556
2142563
704801
26981834
48373762
22512449
5005495
95489406
108916753
60814465
2876226
15427822
44788699
27460545
15497931
15618658
42665210
12682477
2935308
43702901
111195661
72146203
6905329
2484999
94132898
103989206
21775918
103056513
34370845
26957550
75837032
42569352
70408802
94832353
69939969
847985
78199327
60831031
92613180
93488931
16025765
23379311
47893520
77133671
32758964
2815454
12683350
115602310
66090446
95392736
84761202
108710662
25976935
67519754
28672711
39040015
69618361
42781998
27219481
39765122
73188748
28968308
89269384
884446
64596656
57072568
72838436
101350397
44805265
69233869
45595410
103495725
38583976
93041696
112413951
33796655
101328639
33930615
78804738
74019785
739430
17241448
11361579
34900550
114541394
102530714
11820534
77816868
86233250
46214802
67135739
3627931
81011653
80160446
44686011
79886260
12267302
3604566
103718616
105913171
78613523
517344
107721774
4787321
39676687
78483336
71631917
27308853
81154815
61563290
110621836
13802510
67303685
25470866
23080016
36724525
16297464
13569361
10681129
13928948
81843150
34938922
75581921
1125392
67893144
89045074
24131274
70957762
41631044
103201272
46155027
73826201
8804287
29238438
97759035
12367833
45292151
10068627
33327018
115315935
42223235
16474599
107362495
30579159
9173402
57474284
74007026
50332146
48366212
23705837
54987027
80717758
83685779
34500477
24957748
44899012
47414030
37570003
72766365
84444844
25720613
16916589
24030796
113076455
100586287
87690408
27004445
94579847
15809021
64816049
7953440
11644076
7301197
97851840
4535763
75481257
9108072
50301189
43308748
84288455
104623688
20486550
103723639
38786767
35050077
104027746
20096277
79609187
59813019
55849776
108377677
29284159
32970302
100944019
17395639
53970070
71881386
78828396
17950036
52128575
57514852
26741600
7108312
48459941
20067397
2198204
80136138
41459618
110281131
70785828
28528445
65836921
33400103
47659523
66654120
72080891
44214727
80886502
19195139
78492490
70843103
7433658
11888520
26963862
77026263
55207243
83983663
19752811
69277174
107848437
92983893
9054911
6674203
52873738
16287432
95247779
56520704
57313940
60894803
44444210
37385724
97508923
115822801
77959213
3444796
33731248
100849381
13685867
58007028
11761481
66603969
91842871
95011026
4644907
59620200
57273452
33893699
92775227
91372549
60222262
32497862
40110155
109407480
76030055
44316664
6937122
82316606
12076493
19928216
80025880
93225040
7390141
25387756
13415182
93749833
106398930
23687850
89087900
111685528
82804158
81354086
61959062
32222671
37737574
87391208
14808602
82540904
90311438
108240995
51262394
115418413
73107808
43757121
102470358
41677078
32240170
34972536
2290726
83455084
12538075
102601754
79809858
30280309
35628827
37690962
52625563
42677031
57523692
7733813
49726466
98545117
91580142
22531484
17414068
71836671
45043400
71171238
31278510
22856654
35133186
7505273
12948055
79394360
59480580
115461452
39386352
113388717
70398091
64292603
3645226
98897767
66972926
90082526
25618376
40915426
96807270
44891749
109590566
75618576
32793672
75158612
81131049
19743471
25451713
110846461
40558161
22186746
36038052
23773237
57872229
72378827
112628323
14126604
87971637
62731864
93026991
23057379
41067119
88140325
113959677
30202701
4603020
74021130
109915256
97366627
47964860
69152324
12098077
82395584
111127528
61013830
97670528
18248218
27148940
3264967
74808409
16784924
80954518
11622854
75748544
43745624
32370820
97860089
85703244
64914258
69628375
4886666
25737703
10864418
14860934
87902177
36927446
23876393
74019900
88726562
85268550
82209277
74664797
115687878
32688686
24202939
33864890
94405561
108043440
10364016
38950450
111149184
105640010
37208893
95892035
25852085
6006010
84096563
28231714
80816578
87140185
106727587
37989362
54475527
90576973
107624541
61845907
64840885
103211474
108450624
62025394
86220673
49520591
50461858
13146617
102886756
80763130
23500873
55455110
113534256
69327637
1741557
63220779
11111554
79166513
11795472
114260372
41829432
44920008
38144128
90790846
32664658
16150614
94968451
40593250
25736088
52376697
70035284
50779120
16990801
58930033
11563536
4397685
111237466
17662358
106285744
47431645
83868874
2136866
53713553
98277107
106179713
87178674
51425306
13491182
85300711
14839094
76116244
115642217
12255350
69957144
112462396
108711409
38378156
90555384
18521596
22920597
35385895
11105251
39215584
12593116
112296198
41864807
62715571
63805820
50433485
104148878
41681722
33555397
60560784
14498509
46851801
92688530
1877963
84549842
54014939
17622124
2583744
54122730
3179821
20183942
31578988
69870641
21513442
15457558
55169489
55379975
100345014
22792779
15449054
113990778
114481176
48490377
108071323
6530323
22124098
64841718
43588093
75146843
103343597
84512255
12620545
10265589
86637221
32219469
81966097
116532209
62405933
30363432
22543742
49949180
46634130
16121429
14701152
82773468
79716175
32376710
39930921
34317866
72915234
14922306
5919454
39274481
26366279
91193235
79582231
111580886
78138122
75715839
110489927
24401637
45838663
28364706
44939492
86745013
86453537
51602665
25312096
12456752
31692932
6422313
35248028
80500663
101008885
30288072
90806177
45398309
7425106
72972244
28398411
81604382
105196028
79329850
76332251
79389023
61018743
3866391
49054589
53736485
77840806
82125221
96102145
7057280
58551169
109976828
109396547
5320414
67873362
18889783
93848725
67832270
70017059
52923585
37658116
55610575
22862966
17833932
64963528
42460724
15739846
113672192
5272131
25807005
18311106
3789489
78298064
7282258
90629216
83569368
74274340
70783525
71537682
34088947
62264364
101194385
90067096
21830393
28111689
41092
65512725
40925140
78137784
14406483
30060619
19824183
38610677
28365872
50057716
115894966
37188593
106572842
95361086
49446272
112112571
11028848
77763903
111368697
97611549
19845691
59995316
88149023
56482791
18306926
60661852
40433971
73082696
90026004
72957669
103826550
38543308
99069871
10864521
106277231
92435807
49658377
17730097
87319342
107817279
60124875
20533880
35705951
42423900
15655867
88322369
743874
78020930
105881842
99337010
9462525
80002901
41688390
75450801
16048819
61864231
87275849
15439932
85896146
51482695
90527798
92962029
96869708
54597694
9169774
88547134
53080095
58481098
5568851
66785461
3434957
65664605
52841643
111987213
41680026
54274938
30404157
66010495
116522034
25878941
57648620
98615355
111917711
27787788
104814953
608887
92608086
83756783
89515765
109574118
71252988
83893734
15115884
56286204
1517599
115292306
14301911
102934634
103009771
56544247
61907448
56051375
23984579
46530335
12906685
92309532
102356534
4525215
8361874
65870309
78564861
77824462
41764031
111308824
51819703
69021800
75696753
99673969
12503795
5622031
25781862
62930413
82376134
64427209
41984293
15222966
60246165
74397665
88990816
46958396
80523298
63340742
91108320
48315048
108777432
8381469
15271286
84449855
42600355
95141043
24106278
15219666
26004758
89382232
35612071
68785735
56518004
70074722
5215735
66213383
87849527
9318283
68909750
67153168
52144674
15550258
90835780
13287768
41837996
73613704
3813706
32208250
2526940
82726850
81007391
24327577
82421115
36770244
60343577
75344319
459914
99327676
27571225
73859024
32864228
82177350
111533630
38268251
30188824
43861082
45267262
20696359
73813610
101323122
24281018
38856905
90352262
17222076
9474062
9629746
2410392
85690487
67840860
94839364
305735
92200777
11947630
55040426
36310330
8979530
47773094
91204521
66463448
62033875
78965395
42559606
99952156
115636178
40964619
9492465
86687472
108547771
44378971
34956705
10970860
7058941
77346473
80722516
62775314
40423576
106392517
72174659
16708380
23603712
82891734
61905310
103854077
50931729
7267332
109709440
59156083
33702848
12239126
23903842
10045349
11292847
49558617
90459690
76912335
97020479
13077124
51730767
97576911
37320029
5573861
46888344
108887258
36922897
22293629
38564285
71678825
82788804
37246554
71443071
36389636
31960005
54637978
110784638
108415647
21528113
97470314
83215871
23657499
48909909
22308854
84189290
98984142
69178139
8706195
25181568
116083569
92397096
94120536
98652196
93036402
85290965
24594715
1646602
13207702
56144826
1317730
48199384
46399168
5286549
64768722
90208628
40184358
33109865
61277954
73163406
45834244
96524035
60907016
104071840
114529397
69770716
75483095
73802574
1058200
32949100
95664663
17431372
116000695
8829571
5381110
22713428
3406892
85089890
328872
81648318
9745657
43994811
100070663
4154170
13065821
31658857
28930674
83660953
103915621
12717549
12256390
106366035
29958267
39099930
28588745
40726823
68712515
42533995
94777912
31590458
33588406
18158721
60013892
24610895
5422679
36931221
70348186
38398574
75344232
4297691
29541285
5591487
30928990
116375435
23187126
94008499
44383237
64176754
71404563
45513216
30722912
21120089
77777290
105871445
87027416
102694751
62588911
85085687
56909219
7942820
88216567
56941140
12736042
71046300
70902710
14987734
78226990
114014125
56820919
69752745
90008702
29805851
30367991
101524122
71992198
75650372
22603936
115510022
81417472
50284473
15699555
41491467
98696304
23046169
43282534
1941728
93749162
102609721
113509121
116608079
43170408
65133896
102678431
45711937
109459311
4852214
74806816
8474245
24005423
74978698
87348383
36448210
74453653
71357620
78920186
73122177
42196530
88959463
31134095
39926005
116191800
40617016
114848934
96754576
45937008
105276444
5072608
25104712
107402942
96338855
13929648
114098472
72314586
29149846
87545122
32308695
97486792
47791748
85729492
35520843
525044
15990763
74168025
1331476
77124720
37924352
89951712
2270525
20731293
38480709
89680701
19437224
111320008
57536120
91681968
68795926
114513502
73337384
11175064
109944471
24024269
32743432
26553350
87969520
48303055
87717003
63219204
109929578
95230334
1062358
77992819
115833569
55506044
84207302
75983395
6177824
65156689
51471002
77193454
49257699
91764332
32144581
44395257
90487712
59662619
66308214
105584491
52532661
97276745
26395262
14714750
52694749
101080378
103439977
72713946
102977107
40450299
110120476
31936759
96036765
62196314
41749147
39850174
97291850
19050613
72476022
93588000
63862619
7670300
45048873
4862442
49240249
89121963
26050673
101543222
55093588
85671470
79189229
85781540
44581995
89918515
27914774
27944433
114743271
62989678
79233471
2363977
61053535
47924161
106827613
104150221
12868094
22698533
15337782
3703850
3151624
112769352
48539127
59000177
6393681
3890540
26775399
64337028
34028375
57019204
70317623
17275677
89053104
37234343
57866766
64601192
91815245
81565097
65350962
43702923
49899773
79272940
12176365
4866944
83019697
84129079
20136068
9164244
19546909
19208431
3128353
108755078
37699300
92612216
32224777
58696653
86502166
17719825
41983035
64716327
84606100
33083279
7372541
24451912
110022729
92941670
47213860
96075952
79628954
34041652
31526557
92996459
112893243
44687287
101370877
73855453
64582170
927637
53999521
75395462
29472761
75119767
76530300
95642647
6110050
62468582
64677248
69749469
49753726
8899756
105307416
108117818
87664181
31070871
25201682
13946777
61276346
61135837
64549394
103272496
37788410
34802900
108265583
87001420
96745118
31766869
67819562
37150337
19418506
95519754
115505163
50470114
69009717
62025348
30965399
100964212
12714856
55777492
81082053
106239538
85839206
74236545
82916136
73717403
17758155
12029474
114001014
74643851
71311057
77710124
42970543
115390621
54697783
7822343
19181857
59594780
60311993
20263438
86248805
85588392
26510037
53479814
67468345
16009135
97274122
91827908
19882158
71078948
17901916
54809138
23323402
60085432
104442020
2210291
76356390
59754304
105322048
84254520
79636938
3884066
23012340
83111830
96208763
111743004
64150351
46882049
21309605
22687230
110393402
32768991
18120047
58464531
4169322
92280437
112766978
74158804
5249621
13036650
47755546
74456484
67007119
21113111
100369043
44687715
61491874
40065500
28080996
32761610
61242179
113165109
24315304
27909337
18961479
97290344
90433399
89426750
53128648
36504244
4567183
99892500
76563299
90443241
62337554
46650519
87030816
31053957
26403257
95396768
62669531
26642435
90727442
22319404
7584867
60303542
64570349
76693893
26786951
31555887
8446306
33332842
25527259
91628591
54115939
46174729
44161695
101892785
16183196
1199778
7904575
30763943
37554946
29912780
51376055
31283597
68210891
39597678
85024426
47724452
4669325
40350127
67021198
30423900
5712684
47530974
81480221
33014462
68247587
110094110
53992258
81421346
95856903
27316160
47466895
186784
29991533
42961917
25311839
33382883
80284833
94631796
27351518
6271348
9665518
59742007
110862802
20486439
34928352
44674299
97343254
22209055
34637443
19490224
113547309
20661852
27247017
88026112
26985834
34789870
14237206
26676098
33954451
26993748
113964628
52468608
91514946
44572279
10640714
47320044
6031365
74013484
16289906
15573141
60012177
105819080
24813654
66188503
39783186
60682927
10036856
9176659
25301747
61939220
40206836
25521197
41639648
109097148
73788906
309736
835419
35207088
77315101
29449473
52118802
69392348
89791523
92158532
38540914
53267231
31030137
38421854
61964937
75074457
107399487
41787304
66035894
12094357
56151647
78570156
35381180
112701266
16933453
47744180
68263202
47749689
68372292
41329912
39585357
86545447
39634636
19349576
31051916
55886382
104261580
7923900
78815064
36524292
61128395
119059
107942295
3919310
95625998
68141262
57002193
95305130
102275658
104105738
24676807
60090381
61636703
35600630
92401694
17147393
96011889
26933289
8164332
29790474
1695276
68199411
103457161
31711883
31727997
23128016
93711319
67737288
63435506
78696005
93185628
105172715
69096692
87764662
63557117
320868
82505605
69536456
1951951
42185277
42469035
37039807
15652317
92452940
56228742
65468405
8983061
66221414
25238013
104568552
90936944
17947023
36471414
80329145
54640565
80630710
7656140
62978944
22515289
74902792
9599312
5420966
89579227
99453
5259057
110660662
115008917
88283958
27067421
12875774
26532960
114619726
97451066
114787543
14793507
37970957
40230392
21054510
23248100
55254620
68097138
58571428
79946458
3804334
72673005
108301622
106079050
49393349
101343261
65057953
33287194
57463489
161908
95558566
1730537
81578730
83593241
33456772
61750998
77051326
80028338
76349048
99826218
107443739
74557151
41702627
14722857
32939402
69597373
81316673
91948162
112256434
33862053
88284837
14365284
23279656
54921991
41021097
16106154
91843402
64896045
102332259
55732952
35223179
11965324
84913765
67791362
54505545
1392064
102041951
25188737
89224600
49755527
106087221
92720882
89581379
88745254
98009815
57631240
73980940
95418250
3663325
97891149
10582396
81326476
21307817
7173502
11042218
24088682
78377526
36110450
29672866
90366935
87459187
84071817
5423409
14845330
13713041
29316808
28807464
100250054
35741517
44467348
8137778
17341967
42674697
31950138
14764314
2591565
101931545
92729792
16159482
86940480
7906961
3408894
1607886
113859136
93399607
91571769
111055817
104650592
113254894
62241049
16267155
3937486
1682405
92746602
102677867
78066618
41538921
32303746
23435905
18399550
49756281
24151269
2577653
40083132
46658594
86638153
34395712
14991064
16146460
60714218
85332594
10687825
26649288
74639748
50766949
105389016
26280505
48814767
19707066
40641037
108522274
40160554
17899620
88219417
99171311
1697750
102594343
23139371
30511094
47248265
15821897
9673149
94132676
80543131
5687419
31667530
70491693
21645124
94262101
5458634
34064929
58656475
7884506
85863903
48359243
49915812
85681950
33603098
56932494
96186513
22741417
20302857
105592874
64165500
33588704
76031940
87826656
103309708
7317474
20837945
69755590
51918767
51949360
62465146
58015068
32005925
102009059
112996688
35543825
35605626
45537758
64841027
10297232
74608695
181953
62719775
109623319
106135438
10861681
84593267
38557269
6539547
34677783
29560934
92978844
94882627
38095
114952341
33554117
72038708
16852215
55254074
41867329
67907065
77096087
61658380
113102101
114367063
115422560
87342799
25308394
87569064
64659073
112181087
12949006
10686516
99821724
72993682
115541799
52285764
49915484
8996335
30200703
104398787
77486469
25990133
109292139
44639388
98100126
94940044
30171379
113548781
26121617
28172578
71444965
79369025
62875821
25759302
89058669
75817125
22683725
77730937
74620058
101936187
12359363
104558955
59748348
95499590
23078198
106545464
22085060
110120328
96113497
52174200
43070277
32847081
44530007
14352095
14468009
32514975
68818427
49962430
42103816
63392593
81936758
45685663
38273985
35022326
3075576
11327732
49160697
85351169
65371574
86701104
42187838
81463403
81480757
69842885
73414530
77561501
58395597
86550861
67050050
111230046
55607823
28718182
18379072
12015032
110137299
12469208
38374789
5425834
84665673
113058154
73082237
94878062
90573716
26946253
33825259
34364408
110559788
79099593
91126961
31871801
53183977
20308583
8048873
51882886
59410918
34827299
10511450
111769182
78906668
86295498
92850974
43592791
83184513
53873493
21603872
104711465
44443536
41956636
96947227
37751241
70448067
46135984
61052803
56209308
80990096
2689295
107841078
78687987
25915616
70818378
23822927
1301091
8861294
21185204
41371435
112245367
72560632
88819583
18918208
35313877
3110985
38977480
69952548
26436678
57393587
96287237
7764238
6692294
19472199
50811243
24662068
62202389
13109518
106327137
65008231
2302108
93413680
84986330
102828690
72578154
109920713
2637723
7893286
13255928
65264573
515482
93327159
85210385
85708598
96580728
13324958
24637937
29547523
90305312
18672440
50701293
8138667
73592995
29993856
73909811
85665355
34974932
45157787
10807409
60877087
27985531
16113419
68799156
91705617
31514596
64684868
96664785
54013150
7377803
84532399
28017818
79410515
113386432
3209055
61070661
114996835
39659647
53929127
26809860
13490274
61719445
68671067
98832487
35891270
42982554
76715653
74857946
22061475
65135886
42657620
40041561
52919915
32562453
4114287
111680833
25465075
105270695
60096016
25995332
92570919
87785968
72772393
18339854
46353226
80189409
7141534
19510604
26169372
40173311
74778794
79261418
25828175
73652143
22116833
77673325
20921079
59543397
80163956
29983544
12215971
58058796
35927273
57879083
7097378
15483593
51584817
116109744
12699776
20273677
1186569
5554693
41432742
109222984
11198320
74806252
101983667
14931852
61371811
111511585
14345136
49090281
57144585
64794851
52731064
10537066
45472999
38901165
47327426
70068789
110696271
70976889
50961418
20443680
54257896
55591264
50747447
79274769
114923175
55108712
95480936
56567215
110996374
14590120
55202947
112906469
13434440
107112083
48550346
12281530
54367000
66190285
44322847
94571149
67285482
13829899
79849640
23367839
92808524
24314167
19107371
90252591
64682623
112010155
17659862
22946756
57308090
43602365
100433834
106319590
60752339
12214445
1364268
114729906
1155679
64730865
112319752
49116540
52745083
99000062
15922313
7759481
46868433
78456578
14721508
43917643
37661375
103499103
4260468
2555933
76271545
23737217
3916358
89699496
102665695
22021127
39152923
115592131
99490026
19543017
104955322
110626064
11058766
53273403
50373783
2769
59949412
13319690
81157856
44985602
100095259
54105736
109677973
2950790
40795202
75826036
87620804
35105442
27227557
97163252
46603205
34535679
85675153
98535231
50546573
35037194
87134732
67573536
10636809
105503963
8484251
51681918
60252281
59019626
41287621
37054093
83448544
14963810
29864432
27052120
99911259
28468098
61274164
81815567
79933616
5689760
96562109
107097553
36465867
109331879
11488099
112671604
31952736
98601589
59364129
99613038
24400385
98270770
107052914
75594891
45251682
114068256
58357927
71161818
92211083
74287440
55153290
56396424
79656182
49359964
82417957
18095692
113138112
103548034
33217088
89476064
17187522
103870230
95609453
40434264
8702772
77490141
53307475
48979699
5524833
77733360
40523753
113409124
53019088
109624659
65200594
22053494
21857172
100710488
63972157
35814659
42594888
5793326
21942097
61560489
100825483
95509924
32842234
23662048
17684140
93950488
41830241
93393259
95167458
66082942
103766790
7686703
3288937
92214115
56419575
8755709
72677902
47539095
96172160
30965594
19091116
81130107
6044966
102682514
106079229
58178831
61836192
28998029
69571474
43072174
28718255
8487064
77825783
103495377
98471808
88894512
115423031
92387300
106266470
18804383
110757634
11552674
115870759
111173229
67499843
8880480
29223550
41712308
76411609
15042053
72884257
81012233
23014507
112469766
88809951
8404829
105247358
18764018
279774
109048040
13210020
89826509
26655257
36894901
104712346
54048138
30591671
27942277
29593295
94713796
67537255
116224406
108656462
106990278
81949679
73751164
97072502
14181496
16791681
112039377
39991176
77054492
40165911
62573308
7222407
70045933
8125055
44162948
53517628
27093266
13716412
92955120
101754163
20570749
54266860
8093698
24454842
52517876
8368651
30008890
102697334
77186978
82238357
82868928
57881406
67768182
56959483
101673126
22153950
56377189
3197094
25381498
1155714
86759979
54448252
79699460
64491935
28995419
78410166
77202509
41979103
41109293
86651890
24984094
112755907
1748983
47688677
42409582
66460543
47821674
112374163
67792036
67269202
14470175
25909444
72848280
93577862
48545924
98476032
113412453
55221475
81040746
18896875
38096255
70231674
73416463
49252923
103929427
103656317
85264503
38514249
64958639
44993386
84902906
25259047
1669954
51928441
116507003
46675420
46632136
28516102
97903988
89846222
111060922
85495944
94003521
22335878
96805409
109964449
65398916
25839207
65088850
58772701
62120413
105483332
82942248
86400147
11952050
65415178
86661307
40271117
1574972
87663222
91287062
32974465
25392044
71634535
53259935
19314530
113375062
73425915
34095181
60371674
43806330
20048673
105330535
100679073
73576963
70966202
92839229
6626214
80358794
76245519
92470454
23683896
24854911
65490700
47702469
88320934
111803835
46961715
113587685
85240508
62271178
19652527
96354531
6077514
74899473
27797649
33182979
100967018
77583215
14046508
71681140
59767258
63111710
82327963
55803474
114914379
38571038
16593710
78759391
104638528
51390607
74943383
92621428
101137608
1650495
48704384
22696878
26563327
101330538
93935158
105525978
104157293
109356685
116520511
20858165
21896085
66854435
19136471
77249508
65779586
67574798
37316807
3963784
112800962
43756925
87173394
36154987
50572511
81843103
51779638
59980730
114856630
73292888
43917043
9764359
23050798
111977477
45401721
37677349
45136874
32542103
36969097
14622757
87460599
49666076
1721694
109250208
49038479
116165303
87896331
61815802
71413837
110199883
81394021
7969604
41148044
5330290
32338979
38555411
14950103
95126750
16063686
36415900
98205720
96543197
81002638
102013449
114804233
60823248
48671882
30514117
61721504
103943022
60864692
26174021
48591227
2196392
21353877
103862678
44751466
25660078
28385410
111407863
69051839
76063731
92270625
50556263
38343817
101815860
70455354
95174204
113561031
36160490
3376891
44155901
29702594
20179390
101305197
84290115
47065374
61368861
17613055
35547483
103315425
58668300
4820143
61368550
74084926
43657429
75477267
97947234
73248240
285309
19137237
66459206
85683544
38418395
28064538
59809613
36218459
34294864
23120942
728759
54421526
99837502
59490705
110016109
21077646
39936335
66677060
11517890
6017066
6908384
30727340
41946875
101223375
9126344
102531283
24101322
18372819
6515587
78809997
6789034
31241766
28682472
86358297
25873930
50163566
110409675
84652301
35489700
27836967
87887070
57878055
109009048
78759856
67517999
43339049
57523385
81882899
59768676
28754180
80710192
70288640
69564626
104019222
77122053
107393525
27339325
109894956
11583785
91913821
50127525
85034367
5367836
26482535
92588623
105825260
14673866
13896337
44728861
25575275
35467920
9127214
38323685
65669999
69200101
102275101
31534003
76732835
1172706
37443665
75829555
24654600
109806588
78811101
8003526
15190727
95809740
52065505
107731061
91153049
17869614
23644989
109085745
64146207
59772299
10015915
109060029
105738592
95068417
35601647
103891590
17761551
104530744
52688585
34135996
40430896
32426024
110730338
903279
24481736
92240708
113658455
64614704
25939490
30964991
3901651
72063297
4656691
82159520
84086071
30030933
70363408
11836320
30393459
71726179
70673707
31587498
4782011
1847002
8630495
95674534
99166635
100265556
112063478
68226191
88009288
39527616
55907917
66453260
3884825
76507033
66301217
14017092
108676683
1839823
26308300
86345761
104617226
22589387
11796112
72249751
47601104
46600859
57802614
115445962
114907798
68826705
70920633
73711108
67283997
25004939
100251057
78904074
60219898
72535861
12318273
21556028
35642791
96040885
152043
106507734
15793980
112425024
35672422
22330921
13862598
51682543
5873278
80331105
91628284
81835253
14447137
48795143
96296692
36939538
92488958
41196690
49506338
45915694
90100052
36343553
12748671
75678825
66585801
38663870
36893070
80881019
21403985
93738688
80246904
52330650
2158941
41426689
98562426
31953509
64421273
98135123
76694259
40678026
65883968
42833141
102178562
25471228
4269814
55100002
104073201
94536894
115700269
13162785
81130652
62384856
86397753
90724802
38785755
102344782
65223515
107758013
48597745
17036965
91579747
86783845
70408225
86845433
93645417
48390932
71899250
71706877
80214785
81824748
55139465
40412740
86526957
95042189
38038028
74336551
104003364
90910416
13406242
101279042
91368663
38369480
23599101
32016600
73464917
47667742
101710667
96150180
16178266
78453900
63268741
4734314
41102058
69980922
62909812
21938540
16139777
38038132
16567412
39802045
111937792
8060905
2374712
60154036
107678826
111731242
60930309
50687952
47505383
23000392
77679941
107315692
81544563
92571360
46945934
25278367
31489476
23256767
32881439
59407582
85315472
41251448
106428132
19163518
53841145
72835310
5371128
92977733
42740341
56470136
85390963
99747386
17022080
55247100
115863728
104954504
64225859
37929917
89648012
104793322
58095829
101748582
60369758
104229826
109045514
23689167
109036929
20045523
102544926
39593620
69619451
114115583
104050304
81556452
13792390
8827041
30094968
113504622
7586770
59632956
39448056
78107492
100523659
76671207
107661242
77933811
63270122
76072538
27797717
104539431
92387193
1829633
40666698
36680591
111832897
88999990
85747872
766938
67066073
36392972
52183317
36026628
100323193
26546892
51461484
16927769
1240271
18425642
5380195
94082909
75749298
79416849
87086251
22589848
61364715
79552334
98099723
75370692
31648974
25968084
63872733
55706602
6636737
116270338
115536350
42389588
21933917
97318529
65223622
79003075
52709780
73600055
32528774
83395424
73270251
80999472
59511203
71760993
59316344
42603347
6996658
53159450
66015764
55497546
89093755
102634024
47903360
3455268
11497959
23906002
19331347
112206025
104773882
12210778
94336421
18217821
25129596
107534473
44608749
39587197
46474300
85954357
48293434
68169303
71847850
1509258
69646757
16907856
64764335
6156894
93227584
68139112
12029325
11345369
7594186
85638487
91136065
71960987
100763922
63895564
83735751
55084198
65833234
86556061
35044812
103441949
90249073
102182400
61060172
75294392
39257393
26268627
62070137
46784176
46486176
102903624
101348554
111453493
40320273
44588852
110767570
13205843
60544926
43030839
36849305
100236830
32838194
75204131
36188866
45679724
46025960
113819690
68003016
79031285
112946989
49502412
42381777
14954680
110888637
82755175
61187885
40436847
96422452
7130143
110039253
99636313
62583350
104723331
685923
75078060
100683927
67736731
24320168
8271726
58156274
78285175
112011593
103798471
77141800
39009177
25640337
83634676
48836331
66464234
36649508
97992309
55253776
76266602
1730425
1775419
34296353
102021372
47037595
44749768
109150423
53279551
98950390
35468920
4039404
49589193
98721521
92412201
57544086
62674994
60863763
70997804
49107004
73002416
9481763
41470754
38136476
7139733
46985167
67484023
11210458
8346536
27585513
53478356
89933879
16349053
71377825
37510215
40834579
41721673
62439379
73681503
49240147
49361196
53387400
76230833
40008737
36046527
79512068
103186283
13567990
104501348
109479671
55599880
82829570
2342029
111125588
87292454
112569276
86602261
39898510
74372102
35052658
11236459
98740532
52423664
23478104
77619782
91710836
83793077
40445156
13078183
20294103
89649315
57316089
65304503
113358766
53462454
22478537
22974350
41670242
5931740
21671777
107137641
61114293
112177117
54376384
24523326
95357574
38197174
51549603
28662050
23595200
99268995
35721985
69084380
8676457
104288658
37174626
9956282
63498974
67435842
3725723
2953230
92930549
3853635
42825966
21708045
59755842
64510427
1302572
51172602
61457448
26134661
100724887
84554596
64783173
16179210
20937353
66695523
62565603
68920609
40903695
71150821
21916166
96036957
79873384
46683805
40789684
86378785
6230559
60545744
22468922
47835718
8090894
2546133
60737794
26279169
20405473
56546870
3052979
23131541
67087715
24866481
77991488
15869306
63617243
46051280
1577236
68656744
25791828
39378412
47004443
109470369
107917438
23195991
55247273
110134600
40453246
28207570
111873492
6358470
52454850
67886419
103737925
29775355
98780661
52154554
23226190
45237561
106099155
26150127
61780054
99182039
77889239
31940208
14292070
42924129
68223082
78838825
21652301
32961460
48100974
71772081
102186726
45746468
99382746
75003332
46224737
82058405
92392721
91950703
19260546
70643125
85745759
99547001
54512795
101506729
62695399
45039692
100097508
54880746
64900889
29839845
84889969
82928740
11680756
100056875
21271827
35261622
78701481
114483851
95378365
50318136
89029336
75147023
116161732
65287971
99250612
2237664
110761489
21749596
6204943
84317175
64093960
32202660
36851602
9473102
1409221
55778283
28102433
70257663
86630778
98612150
66122719
32796723
109620542
24382764
21355394
23427977
56523258
76346975
73418145
68194971
98760035
71704995
92536412
113924067
2490111
8824644
43996351
74407944
5619266
21965913
47465573
54620857
30793439
29036949
29334299
95755189
85787505
46130283
52098574
53834055
105631609
41739954
11441329
17516194
84499507
109612050
66649833
36291916
25550570
49676780
23622189
101475968
538512
15035397
1251345
92685798
3205378
22030437
26942370
115602040
107812475
18428624
25286558
99641881
59889444
31167646
43656615
31953450
57138675
10358619
90356356
19439044
5204077
66432909
67506361
96171221
15385109
64936683
12669727
40714602
97101897
56550422
100224623
72456345
11830019
95860909
65743428
52206969
78821593
56477376
90315482
8170594
75179181
42082542
103948896
75899624
90668971
33297995
106200725
85663261
53118172
23923446
68572683
73636487
51047800
2569678
83501493
91310508
15798416
4082935
105093610
72609182
44720403
4363714
6712917
7586680
65002946
9266052
78531488
70650998
29261825
48232940
68825329
47243187
116017201
70650900
86338899
5005710
28143453
82277279
17090578
96121686
20839276
113966635
38098623
76377293
34734892
79418558
34180527
107792864
76002533
32053525
65896265
85097353
56000769
45410495
45695193
42315577
27967857
30298548
1825669
98658639
96819369
46138059
8867917
111011491
42507447
4061620
35878762
96625397
109401632
67727573
105986693
61101984
10555372
75320066
90160395
43582028
51379654
50090632
89860229
38868810
92692757
20485770
87365790
61648821
17442638
15396645
40489908
45949219
98082809
72327611
21114350
33771508
51594241
4806297
6456358
110485681
11299989
84791189
38602334
48299648
105135831
30666626
18905219
83613345
71904042
40069763
1685429
60474474
5361504
69374458
68143021
31043936
3043132
3292774
21158913
19457049
81917466
16125927
72798498
64311301
68696999
16308053
75278779
105712191
110146309
38305170
71883346
10963971
27618988
7935708
77358059
21522486
75402585
95475456
13251544
59393198
82671889
48950972
108971453
90957569
66331326
112813877
9885023
31549713
38015308
52996615
63298551
17606165
64068929
56490445
36996152
10948438
22801745
36973609
33828845
30505967
10686181
111911268
98209543
54060132
49173123
98522603
56234571
63973017
12803567
80940573
67061745
39677949
99259647
112797577
81072546
34781612
74798569
4852037
16214792
68372773
105567687
6808106
97250014
101084121
33688699
22542
93759594
40259408
26287428
86521207
96900055
4589679
62738145
116326940
114465562
33163736
85719036
91933999
113551273
21089248
98320927
2227798
75245404
112441664
85962638
7544138
66530450
54389425
15924351
9406685
87762760
4483566
89759408
97227471
7324527
41392921
21698744
55202016
107962984
69661379
23783062
97213115
6764118
29574409
78571534
70495193
36252464
112593418
110253072
42647103
62483845
33842893
80868791
115664896
45911214
31573212
108259788
105087395
83266666
11440784
36287278
107175290
45122669
96330117
6852356
86140
50069937
68677366
31418954
58713499
62897261
42172283
18641581
100872556
41285575
13941746
8205750
41568990
50109573
76410179
9741942
63458950
35895309
49295579
7405108
105427450
64946547
28142632
68800116
24055006
14281745
56597162
100322934
45036529
46260179
102778620
85307187
39320068
53743735
37210300
40071918
9988335
886708
52663464
92666805
116356585
80472174
48435572
79790678
34614253
88478500
77086364
56053842
47107860
100989032
27226105
36627333
88855171
13860887
12202954
40372073
85885217
58300613
45507943
7692971
54903741
49034885
48096887
115888151
91719030
36323592
104048454
33961530
49133754
20154920
44231233
84529537
93821551
7920701
2704314
95200412
41370640
24060961
28827736
10480526
60097491
61328848
72388009
48483098
92579301
1865971
42827759
78192245
51360502
44436688
7559714
55655590
73955855
11773295
59803327
105721130
35153468
15217163
106370298
12567847
90936999
36310532
81825222
115261140
14513691
26606983
66372675
30890114
80603471
15462518
102696148
11614392
16713176
70522038
53618969
14387056
115109100
115031072
1956160
43668541
87120834
112426420
43815893
16198355
24583457
44586163
115990833
70549251
40920165
70059766
47382625
92315860
69760471
103181869
96852095
31587207
62643512
50910157
44833967
68989079
46712972
32174109
5959053
2326120
3376568
55227898
12430896
2764187
75873868
54133370
116492649
70922478
87842963
115869731
64811153
1997836
51629628
45931067
23166625
65244306
48262925
60840757
43427395
38173264
40538357
45941938
34716870
41618063
52160815
12659857
110993655
44386851
76761171
67371156
37858854
48576011
27317660
74937526
2911539
4951389
82930408
48586548
54074955
17168756
64240102
18880086
95471211
103025323
45631772
10289498
69780541
10089661
68266030
45449087
51420024
46883923
41744753
22057012
47264409
7773963
100502317
43622499
54491627
76148790
88017126
10884958
93628101
22366270
108647119
70964992
115480065
113725281
100986446
35194868
86301176
9178409
21211944
16505342
81208412
35542111
106627099
24331454
6633267
21382106
51667964
77326641
47583144
33970789
86158326
3641910
1245966
24353527
3569002
43606669
30484318
113614486
18877839
22663109
23526206
42885468
86618547
80285197
27424105
23131666
61946554
1119463
92573627
102309834
74481873
56876958
76872474
85244993
20627120
45946626
21762592
17697174
107808316
43941234
80688453
61804798
72907
74279298
41832839
54558147
72692459
7821209
90088280
92632372
52684563
107844640
15461362
111450510
18338643
74268272
95161670
76276720
43277590
35696669
73400990
105876881
84213468
30925847
111446031
50893575
102741941
94461358
101612352
93967148
43868327
6409154
19971959
110118391
1586839
81975259
81109868
28023717
71776647
30207270
77171010
105837683
89505997
105796721
64252470
58701923
30990682
59465001
50839360
102004340
116086831
42475143
111070851
81283523
92787537
64948302
65921224
56738423
50593031
95203198
73995188
98353567
4822315
102600331
29008522
21526752
10198612
98866228
67492708
13902594
57341274
19337919
89548843
30804073
74806039
4787469
55826193
93589973
107981800
8364217
107573489
82766938
114291236
94086179
15362299
84012744
62318901
18681656
99383235
203094
90380882
88034858
69345044
31259193
92401719
94745925
70674045
44259648
89488584
96118419
88957382
26537200
61171881
84761373
22941510
29179696
13445670
47461976
102656484
73178492
58676611
61450940
67404639
30278492
79730908
44644273
101269510
62115806
44940774
11348377
47498051
107085319
43596769
22562749
77225149
96105701
53220970
22519256
71942267
62951384
34946538
4196008
51559320
79955815
71315703
23443163
43163212
104870809
105425366
41205544
5773852
28398119
29683662
70723996
93612613
17615101
116343499
21244762
14617755
102459086
15715237
72898931
29860169
64131069
85981780
102669523
72127064
106909587
104212719
67746258
59355693
2954353
97483936
28116157
36792602
14408524
34657798
1957668
99096956
8350875
59485511
51689857
99389137
12068561
2344127
3691480
2997346
13884413
5529524
106322455
3922546
116187799
103557152
43830647
108644006
95712193
46420434
4380805
95517524
101258366
18225952
31239536
14125380
83075411
41421988
34834934
31951569
74270553
107075788
47407099
25601739
47416950
97309360
27021286
57034845
105099715
114801956
61278522
57925497
5981726
2765302
8055529
7543792
55808589
114050213
35586830
48158299
109765699
34118483
112241617
18456614
51790542
37781178
95930447
99087472
83791436
92362777
101184470
48668814
59658837
66737740
46544082
38345735
40173275
28859331
43719953
47174218
108820230
58513219
97833598
46401564
111560344
10645316
19920592
7650289
4284514
1468347
52556683
22632714
98967942
5784068
39166168
69343070
70629742
3567670
45866632
35122622
80667569
34446730
50088361
21313102
74528095
17684751
42589412
40962687
36679102
101846734
113944251
110382296
111556506
87188281
26480971
103910055
6360802
18452245
3057236
29615430
19140406
94736244
100106547
29624871
51794327
83562127
71440068
35507120
87503732
11419902
32997891
59354467
7882264
32403610
26687319
33565408
97645650
105346309
91622067
42936807
106930229
26755969
15224953
55610081
80827479
8028726
32176447
24709002
115951840
24960993
94112514
37479164
42941917
16544419
6148433
64250837
44022025
107983796
2509229
28149264
51501267
594281
80630778
90956857
99361590
85944641
106546972
102672473
115056080
64866097
75675483
51320148
110532121
7196227
71397263
104082106
8716886
7215454
47236489
9796305
29982705
77568094
79294361
26654710
20486024
14804637
61741608
15872761
104446159
49878578
112122117
77184411
65836321
42649766
101049885
113329118
87528562
89644505
26996990
63735932
70973977
68479256
27886515
54413645
46442971
112145439
56845617
115560582
25196379
86308396
95105574
51291625
57082070
64489724
81553103
52576893
74962109
11863030
68354274
27261747
32005886
69472351
92774527
69147204
71761205
59369010
17655757
71756260
18670528
6481364
83813047
64523962
69999915
80344707
114208029
47522389
18272689
87177222
68418638
21868384
29226325
78579480
86378522
52468807
37491244
69690073
100862619
47700362
27820773
115521924
51127221
79498683
45674775
81369146
99455077
47968575
40698482
59138023
104583214
2110196
53121450
51431970
66955934
70441155
62072018
27030807
27067381
44367935
57950896
106479158
52129862
24721148
89051866
16688449
68246189
106430883
89832930
33304325
44536770
64962091
69847149
86398076
28007235
45669830
88634294
88280684
60025362
38588286
6016573
101114874
51794263
30643924
105999953
87888757
91337404
65667713
17043540
37228224
108878073
81193378
65390922
35441413
73114960
30584612
91459150
82905494
109857743
24870838
80097177
74778695
84918486
72140949
45727412
104330182
33608097
50046007
82264111
75550489
34757653
92012649
43078551
11869136
103910151
40332240
70845216
54109180
4753269
52490163
88477302
73436660
8078418
82769940
108585894
38173096
37366870
114551941
50771947
83042677
56592353
55919858
29051283
28551934
38532851
112321405
22066070
74697609
15288354
38215092
80435568
70852147
36066128
2746311
57663920
49800971
83542600
66318683
13595507
47956610
92375374
5707362
12814395
17868952
45403069
110673954
35364779
2287823
57959588
42815719
53991394
76004049
17387006
81333509
6485863
80475243
97033051
31814608
42225670
109039837
2148964
77689257
61151857
102905157
83807341
39308867
36205464
83549620
90583310
7888145
35142215
74506422
76944294
18780442
30467803
91078876
100677996
109189061
112900060
29919168
25428712
20621515
69518186
53551764
100940458
22634885
86213203
35956844
29665644
12500043
95851610
15883807
41845546
69806620
66699693
257721
65365558
76280949
48407405
64040518
95547482
64325402
92002248
33829047
82706077
37918743
26142446
70758827
15083977
23602174
77040983
19840578
36321057
46883301
15302191
112947244
40932870
73713160
104708864
13781837
18618127
26044990
113787745
41587824
52404692
38382374
116453947
1325040
28697097
100722003
88678270
61718434
29582955
54083505
55650231
11947250
70798396
2540272
41681474
111883400
103921117
78121312
52502017
87977444
53914060
58229032
56202010
27151033
55095033
78663874
64597723
24993932
21603928
75405370
41773878
51079652
57648907
15731944
29286770
83618663
2462677
82558395
54031833
65599335
31248739
53109958
18229406
75554997
63222786
80200162
107345012
63907303
72170882
110912986
79739064
26763027
3133999
94178137
10516940
78064730
57059945
37155982
99860055
18487906
17756463
26041934
21792881
21993874
61232896
111332006
77550460
101466973
51309656
921875
95333559
72333743
37850802
54669244
16173614
47279112
55992910
113072027
100808240
45407855
107778987
102200928
16246086
41709269
37118191
21324588
26168305
86535669
19399519
73818121
44658655
43726219
12772667
27100876
61083415
7729553
107985979
7952214
6133414
26939543
11034702
40664314
104123758
38535320
115316335
67705218
63110873
10585055
5293039
46570942
77125398
66069718
65082736
42885128
63504594
115186153
1925068
68990184
89840644
23636930
61045454
17557778
99282805
53006744
83718528
101094831
1596138
12370065
44881141
82109101
39455786
89139383
89951610
36418540
23388077
104731279
62412179
16539930
98063288
55863322
98128207
82203900
50528753
66536584
40960060
111154411
73309139
26251768
7944730
72282865
88957756
56002339
98442881
114827975
51410606
71348463
104177319
36127038
89554280
72381759
40121120
51000876
113714936
101860332
21969991
6848146
54631621
6548856
83015354
63823018
53298199
31591623
41243840
56014343
41191074
62671922
34533309
1026274
53934012
68582392
90479985
90769782
52555363
27094418
58614285
15283567
29757813
79759190
43969548
86517034
75306823
54900789
29030885
38190419
95192340
15421134
88436423
107448604
1214287
51423731
70542808
113923856
38364178
95211919
69444664
40164800
8737909
82590918
75149920
11127860
63990658
111349196
80119127
37271796
45300235
95495096
19277649
107844410
4452367
37032388
57486149
85080034
76348450
61573380
114357627
35707366
14206847
37012691
84869426
3930432
61023183
91970890
92442822
114839379
86474009
34817375
12978510
45573679
18600260
80440724
95612364
26718862
114012591
101264032
65957776
54095826
22366358
30208891
50358261
36012333
77323939
43876398
18686037
88604714
47366533
77344935
67477940
58240045
23953138
109538537
76091240
62823805
5496880
105589077
33184497
88863960
16217115
49177787
66601316
39845027
14391763
42311962
8724716
59916764
78897674
83712515
3737565
102994025
69524952
54445492
65289926
105359226
113149866
57981103
21126773
37090118
101355427
74579404
30112434
77769334
35365286
87142164
77602937
33272921
20695590
100646711
22262643
24335718
34786023
72252984
79083941
71115000
80054289
41652201
104142829
23867278
14187563
113895704
85667729
80805727
57935627
7308823
15556082
7383376
73265677
111151000
54941314
71549722
87177748
59610271
166397
2092364
114410204
93596227
11010278
112999873
65860688
114613290
109855407
11634653
40162325
37431740
14935801
104150640
75428268
38210755
54839550
50021837
55960076
78358906
113213275
50552251
50683147
69008712
405692
49679584
23973252
111971044
71383325
16409012
61840068
71173801
107722087
1410330
27735539
61000619
51108096
102189664
5774593
72423667
113338853
52651686
9967101
24688676
49311090
25406431
98890679
93120644
53448563
5407825
75639389
92168192
98110188
48967192
45035460
53038279
94936260
55527870
50130976
48173154
25326926
108393367
43438262
46721468
114905865
90149505
55226025
95324429
36814441
69762908
110420196
88650177
3340595
101200671
90401627
4154076
88597869
24806483
65444885
77920371
71901268
26672197
95096362
93035539
70670933
37471220
2907303
94726735
30200944
106341239
52698522
26569087
110127503
69928757
108135444
19581436
53335064
33426747
32867863
112767894
114385943
9219525
46212180
47150149
12602801
65595144
55349192
10677498
868845
38772688
30787639
95505730
3964893
105588772
90128235
23907828
7270276
13206065
42028213
51595486
112853737
99409766
35073644
90546067
64557323
6032326
34677202
105170801
35680805
23648338
66555714
67235793
44580353
97257036
39764587
1925303
112689929
16576504
27853489
22003116
82771424
89802497
53341124
28020695
98318496
76922170
98519616
3638419
64955958
107222078
64485472
70271300
82816073
29041318
103832494
7350152
18315151
58992494
38615086
16408641
27031615
17262308
75434836
42655050
101207108
23188083
22035444
22010442
98408710
54690992
16625621
54750729
39447631
93058955
46141080
26003706
59929842
39261168
103756578
111324659
24406005
35444153
14402436
6789550
58689797
44840000
85375066
49870139
79924509
69316408
57613806
32340195
32695201
100210382
20619605
10520294
41419374
15308082
53348451
91621611
63206991
40206667
8609648
61407555
33129113
54843542
86850758
65245184
14855163
68312425
28245852
65580085
24717986
86202436
38054484
56783288
12879121
64022288
108896334
95547944
36621207
5367054
11720589
70138536
58791008
53275153
73811844
114401393
64720
13141783
83011963
1799436
55041184
1729736
22520426
84523930
39988379
18538333
36999332
65915079
43594439
106647046
75489230
15898328
73323315
21995826
64526955
81934808
75364710
34852909
83827354
83122672
63216046
6409066
44290322
61029616
101174063
60670061
79353060
114905285
6064229
81282227
27242640
87157255
9704986
3982093
47524598
90713301
22907524
94955916
38389478
75659741
33323731
101457034
68011374
39352136
63271117
77637676
114747455
108882039
88276863
8741917
86795980
2186430
21875004
100260262
29640185
102908779
102569462
114710834
87662645
35546974
2900869
71224177
87596287
35631686
29038198
532311
52323823
63887784
61632185
101536075
7648367
41935225
38185917
38337328
89208312
2352707
106000813
106005537
22086059
86090433
103506914
34499348
20509875
83569856
114330801
31569352
15246134
67022487
43133594
64402098
112554318
83909184
90149608
87063976
99947864
81790415
55540127
115391378
104203047
67660590
63350158
85951040
69366913
35833209
48976515
99842776
96906649
67874010
50462253
35550341
113544188
67900688
36808548
105580524
68323722
47308313
105075759
115447667
2431799
7188039
22216119
25490342
100601321
56322823
79487478
32520115
94227368
104519538
52041220
18252007
114933677
75480579
84938154
17487767
55566561
29066135
49380523
109319937
2293452
99201565
115381794
7963664
47540596
106140235
504765
69516056
92840144
29211348
24555176
93581458
23226719
13856926
110606494
116044836
78735456
91607941
97118896
75975361
37549491
24524271
97917484
28769539
19914017
55872019
84747245
110850255
74736312
114782588
110578144
110969789
99624599
57205189
7458899
94664541
61263721
19257046
92924509
115898686
5984629
58661880
30938594
71785514
51761471
18998553
18925939
2760095
102022080
72594625
26021507
8779952
52573883
90009094
60662294
25703763
29099337
17928287
272111
80406524
15157989
101336585
34834519
52923687
43905097
36165482
1740032
62005036
13272417
82226259
84960092
98802746
6900409
11940040
52859574
49001376
81580104
62971315
24702218
93242128
67984372
52652413
112721288
26870120
60909757
90697637
25431652
113296444
50733927
63539157
45572004
78874303
105395117
115309038
99147285
98540062
70856695
84117404
93684944
31109671
75325849
4343681
93906802
5862663
94963567
106528260
24299158
36301606
42950573
88689805
28484469
41114252
39706286
69987281
49402097
112216944
39963710
78532496
67724439
88499625
6107669
46902967
27690647
6855055
92415972
15029881
4855118
39747024
8791554
20664892
101806500
786815
26020115
104018542
98203506
58661960
111541317
52249353
7817137
1836321
96947149
6460818
39675784
92092972
30023571
87509602
44492505
68104085
3748456
20821472
108772608
47216244
2450625
12660766
49963567
100632578
54201957
100830226
102544154
8004739
111284778
45751588
67186939
15321784
40440855
45954153
50844823
109704996
3265834
49319948
10124166
52817807
93077248
129812
47600467
78559486
83761146
23671033
7295107
4495841
66334477
96111842
113892678
66421677
75098810
65773341
114728425
46197217
106185449
56792566
105421431
27286623
5310733
21232786
81116962
95339489
90651949
49488505
99580830
67088028
4206330
57957984
5217339
14517762
33008667
71893064
71264379
10588933
73976557
27823266
7243164
47876429
21013032
96082967
68333253
28901592
76227893
105899488
105379417
10222455
99445463
15512273
110773292
74574874
47220838
79592087
112398660
23563921
45282175
89586476
109834318
106328569
72912946
97927906
107857014
22419734
114556508
43441112
51309399
74063757
54773864
27800198
27506806
108751440
67818703
10397395
88125806
113969068
6454025
89867144
16089164
24870589
84931436
79144835
10139844
23656917
34309912
70775814
78333233
103557237
16673529
11906412
46435185
50493212
31335027
64415901
19073964
40492751
36630878
23509201
46556951
62662425
7945124
65073041
68589264
70489636
3943370
46222292
97879904
29547066
4935708
53584330
14730745
109238148
92798553
56004030
109927315
95356306
54102285
66426821
105085682
82820318
28535015
98659284
79382878
107482277
27785023
43528393
110575800
21932083
15564077
29447540
42036790
54095489
109093301
22366972
20573361
91036305
41286584
92259204
14816321
60301190
8749407
6690344
47274463
45405877
1901745
43500494
38234254
87921968
85855436
6426397
51401070
37692738
2197890
83818115
113546478
53816570
27964316
12451889
27858922
9432217
84957870
19669818
81485758
18056996
29044018
92917788
76219984
28949023
83509797
56089606
60990357
11307160
4788599
51737599
7171623
78583408
74285059
31807856
84484528
48162697
4228507
15546585
88749891
112984950
103817429
32418218
25957648
66495728
44134019
8189104
44586460
66900874
38589429
36531600
106440643
48058625
9407990
20130377
15922296
3526266
99264637
9252757
4135537
90808821
94092541
23327396
110738881
74085991
27579349
68937943
7376436
55847188
76332787
56331673
87027302
37321700
104924199
17768543
21909268
25196775
17563305
56018490
8423861
107170805
27123609
86310265
80099958
53845354
85469371
6669539
116030730
56419446
79763847
28771770
96709941
67970180
112388048
41800938
66709555
88372162
40568786
67684763
16783515
39011086
68047475
69258759
63376062
11051053
205238
13854407
16772913
27032500
28894881
38753597
75034477
21241885
48804524
73430419
54454624
29049925
43545693
18582589
7673135
59757297
80987353
54909002
1260624
24015886
49195782
46988422
2912275
49521329
116277289
112128387
92275025
104960051
69053520
97485285
110918141
89812739
32923156
25982946
116601654
7652995
37912702
1604057
83427262
19754599
77848356
83835665
69340420
100428397
54235237
69404133
106460302
104935096
53676850
2235832
21103611
116314454
47351133
7423889
73886305
59280868
43074867
42753370
42005540
95880782
64562128
16258823
21174714
25270161
104710245
114997597
88829364
66121733
88359332
116231597
115017810
94059960
29600428
116576287
41931724
113903771
63690913
104224470
83831485
54002397
2848329
61643352
90391778
36033895
80989023
31132935
65238957
111797715
94831242
25746717
74706068
87255597
28188579
70780748
101044427
86552142
26638265
89237768
115707553
110939372
86631169
115081524
52128236
80300288
52885374
54347255
78035916
57652146
32699770
22188133
11574248
14778063
97294330
59258843
87434939
17154937
100905324
39492240
37091647
55539275
114198138
51888949
102851171
106240068
44142483
59770289
18808218
32338893
2606599
626029
106774766
54294511
62196150
114420981
2264372
43196857
69611115
55847782
94041528
65885336
89497434
68955406
43983125
80139392
6317149
95906328
96703291
45366049
41934103
33166328
651734
55921700
7746466
91044511
18755479
59767220
57163690
18182189
90167758
64952089
55069880
108993786
99993769
18999292
92773496
63056590
113758960
3725779
14313978
25086121
69865841
9358042
110601887
112680428
100076102
8914730
53972225
111500593
92677945
33976033
73383492
26247223
85129851
64619247
33880821
573290
86239463
108851602
79752309
29137602
12921950
84034218
16220290
84900808
21880333
20371346
96706242
19996468
50499939
4955936
79087865
5149043
25921940
33010786
106671832
36539139
80840416
19996192
38117101
66430721
113449813
8764245
109006403
15880190
26343414
89632849
37460981
57101861
27253281
43681721
12917312
92624772
62153885
43812574
104834567
49847495
86511408
91750306
105512234
93314526
95673996
46077078
63080841
37346431
134000
86675640
115062039
14409694
71150010
77316486
74064319
28893252
99060832
67337184
95059209
85881554
110343198
110419261
44184549
51268510
29491466
17068368
104430206
12306390
73941167
61047890
108938892
41160512
112716311
59435155
78197314
106291195
93906708
93045202
38924392
102364307
63489259
85709183
104949006
42256758
94895655
6727135
50474043
13179278
73633987
32603578
41697005
59074688
12251423
75079811
111441934
17185076
59767202
43382316
67971129
80744285
112935210
49503736
79603198
6425115
82168448
101792113
115330433
39506031
77519573
1178839
114055301
21232501
107453529
98221871
108422716
81716377
97696779
65834095
19445903
62522929
20352155
14580824
112236384
111706348
15312609
68059618
65853948
95662918
95050736
66431022
49104716
106510095
83975289
25774715
55698313
90626047
72236170
45475223
42090730
56287072
10365310
63797060
29449786
73700782
48488722
90552251
110234104
35173850
45481940
4865079
66926545
73249438
115908216
92140396
93816029
84253322
89648883
47386556
94521831
36504271
99095734
23330001
98775411
41312871
1502175
10223090
48535317
15949098
83073542
26257300
26837286
53304529
15308337
103501166
80106679
13314872
45070311
105369025
16210934
20196132
53560494
22749779
27397038
31654894
2491513
46429473
106371491
101108241
112894452
2515459
102332491
57782863
69791455
88552321
40741184
102193078
91753179
22278016
37075442
29769013
58912593
39976121
89837850
1993465
106394485
22701284
45067568
24874179
99772161
110101156
40762723
21905600
20258266
97607566
89887033
65986902
98138652
35179661
115415751
55111589
49364005
13780170
65005308
84238378
44762772
18463168
113081266
109947795
11329053
113739322
56571164
56919128
98185267
115100196
4889527
81520306
87532754
51606413
32075085
77866561
21166518
107758788
96622197
70911365
47432544
54707372
67211152
43027062
102455657
32959210
38069911
13089257
16981028
46542140
87797112
99418607
55097744
47305574
53376631
2373555
15554055
58110969
52029601
64628591
75531071
69923115
97408850
9666193
78403524
40956298
29207993
66895154
108289874
41914825
3700213
4405481
68891716
82215571
52920781
20690029
63941812
108167771
89895775
82166051
108084397
88455168
46041976
100687819
31751519
111905663
66983955
115529095
30543527
98746487
15183370
113828508
39483220
56452552
97098201
11508370
97270054
103933169
111158571
103884393
20986738
86088272
68124701
96165317
66237389
109356641
95397884
98415762
48047004
1440607
36124075
55360208
56703648
50776313
33703863
80826055
12685765
84877469
31669353
33355020
107226896
75370819
16730307
75938480
75822499
41128661
64953429
41349291
14270060
25070299
83723322
41461422
19850883
6731690
48731063
84461628
109273266
93957277
62291686
109326797
61376960
33311392
21656344
23841223
38090548
65466395
49156702
95970745
25614203
72938535
64588343
31288416
47511950
23565275
10985051
82436837
26858601
39883130
74265970
89448639
53183045
8315261
40693989
99992886
14098424
2737416
70133571
116586470
32580317
76943924
18994082
85499367
111860844
72829950
22648151
58759804
87815822
24181796
79346032
110965788
25426585
88986698
68266995
13038742
113346675
19065550
8170867
102013593
34663715
65950709
96718280
1153789
110856837
85920203
29859315
62115585
86797100
109829648
28916017
111684581
81723081
62804132
110814846
53101040
32977758
115106355
27377402
93490035
115395212
106999335
90662423
60351473
92280024
49201444
4867875
59296711
32365465
58860158
5295313
81473556
3057502
10798077
87934475
48741252
115763104
84633298
81163198
23076149
76070197
82751885
869735
28622040
77790004
112348491
73687268
104091354
47674773
37018068
2827612
55043739
62682941
41460978
103447227
80946942
64799609
62647718
54001398
115495540
103766286
42460866
110179082
70956251
11674974
3301177
15541683
24010584
8563101
46374943
22206414
47448156
52925511
53124874
2898402
90338650
64673718
36669200
101263742
40594664
22298757
78006634
68236512
98375999
24624999
40799509
26945544
113907699
6845061
59504161
5316458
80773665
30785892
106877905
55414567
35628020
42701706
17130370
1804170
9078574
110089432
85721540
44549754
79226862
36414786
14192831
37038538
72042683
14370443
23257108
88998153
40562758
101345265
27437003
71430455
75320931
81918078
15405013
39914870
42711397
28718269
15078554
25359098
111797873
112139829
86247827
33823850
81586761
23680939
32722630
81168821
78826200
97270384
78320553
90151954
81012104
116462389
13781430
31008160
90447686
86515474
61561150
85772304
73987964
110122556
103989072
35406061
39206681
103326745
24836315
65315929
81524026
19578726
55751272
77974023
78516697
110530518
49064849
417940
109458369
52092247
2848268
36637876
64221910
78498165
76370524
97967573
26014703
43905957
17410640
4675381
60491140
116042225
29746862
38581903
70915875
662327
10569745
21854382
69766348
53221219
57528287
3550003
57702030
109824385
76872804
78098757
1072148
113612603
45533302
4144122
35833967
40990104
76907353
14217966
52483462
32464567
11880562
21339321
31378447
18008416
22892149
69872867
93089980
77048165
28012157
49061493
47535979
5312156
80966096
114179975
112159190
112307533
43317200
27566903
108752236
11223831
80529084
44891656
77778635
4543198
43876769
69579631
105146643
44442786
50301034
79107770
49049750
110512146
46410802
9469210
89522067
110447614
41860709
44028487
29512186
22700001
16059027
97959635
9792967
16622193
70862775
15915916
3555296
80056999
63677819
63860580
50085196
75985886
1014887
56162634
16036556
47397613
67242226
74002502
43356666
104392519
32696968
39580540
20990079
100566819
84248501
93457210
80935428
67124338
27969460
96156182
12907033
116076835
27096859
41840681
13066896
38769406
68878097
56334717
29971802
35655563
62845693
41886192
59949329
1580904
36884038
106637685
4040946
10813337
89269164
3776126
83402440
48770150
71972039
44172869
67595020
65087793
65487750
32742876
54217305
28532626
69059322
19029982
34333567
36291083
20926214
4695809
8797604
81186164
110129025
104725611
92346235
109228419
52965784
1275274
114179958
74034330
17368520
48228450
44050898
40499014
48444088
87193200
29138759
54847876
95325120
82815774
58834118
84918754
80323555
83150953
42162688
80731869
46067398
77601388
27493479
56380051
11206784
20711993
105479930
48864236
99723457
22394589
111688461
26895083
100546755
113915138
29983432
24833136
116424363
73497699
11360255
41559841
108508081
110926616
112653759
58369995
2492219
23646795
42756066
116231686
85047185
12524930
53238390
106327348
114358234
6781485
67540122
78982549
85592167
14408969
101779406
72828374
38487835
114413324
113551652
7037248
45454405
73125734
13472881
74864521
12953247
65037269
93509713
50138086
108434397
20330593
63577559
2900533
103203241
30231136
110956926
95359838
62770327
46456905
38787226
35375685
85792949
101094782
93843144
12763793
23884764
104006083
7240351
79414217
282547
40425918
110204368
87229885
108136116
65075612
29318438
79455162
4566502
73179119
34524156
105533864
81730983
33346423
56547238
7843403
15424439
64500021
104536242
27394642
8627585
102296074
106136172
4352785
8533647
106477062
53487071
61110547
35047164
83454434
85849850
29692663
96893433
45128755
57911446
28680954
108472740
4102949
92894636
15672639
39411766
1177733
48986625
5211209
65885614
40010847
19947162
104669798
55872435
50203797
85862101
52238430
25086056
116299111
67505715
64063101
2753526
86672638
23224327
5354501
34524631
40721095
19744847
68212479
101259646
101772127
52426319
24123730
81331184
23040532
83326014
82164186
51932119
8975778
101904048
9179446
32102042
17706994
18807697
51597635
73081371
17526620
101372716
77662956
113545584
28796706
88802404
45362655
100111637
99143233
33573284
82952153
104065080
34612720
63749790
77135915
20440943
77349417
57437717
47130627
87748413
74350236
96900139
90716303
24837366
15520683
107011750
28468036
61265624
1281077
66864920
112058416
68584666
3899638
36824182
116146559
45325070
106299172
11789371
65123114
111718154
46924193
67165993
26929164
14171777
103040374
19698198
21273946
37564633
31051110
114834119
113672111
49512870
12703085
100344553
44332959
70895060
105730673
78243117
113810838
97300041
110928912
6557863
69078108
75214569
47165011
104357187
28165585
42544648
12828808
114597122
84788989
32752416
80765620
7230966
40861461
113439370
36610718
71043457
40532523
98178241
102131034
13327558
53143541
106411656
111253881
14053472
5047851
56394262
15277835
107252975
76185563
35714342
76032853
81360922
47048984
52583993
22852008
30208464
74395659
96716392
81795132
77558023
39854585
15289879
18583878
17781633
72906847
103036108
85552424
27204965
92998330
43683008
18713678
39090068
32687433
102823249
115415638
14434877
96848700
96203493
79183751
111464642
36628988
71412490
106472543
16840520
94828334
42775617
113016962
113477637
104825437
66505253
106937775
70036582
59023033
32187771
48869210
45701882
58001408
89833045
56454917
53908261
58959205
80494060
88278061
18252556
5974549
19212145
99854757
33347688
107538135
7771261
52955728
19788468
93224157
63696926
20463558
29314327
102553811
46511709
6539861
34788855
55445850
6073633
69131001
61284780
22149993
6999795
37210595
4093146
78837470
92600858
13593830
40706649
74519511
69065916
83001430
20590491
76277641
92083496
97031960
87749666
31187105
105898803
115964911
111873459
9106745
21915479
22774466
67764956
39029489
48429858
13621483
110801070
31887270
62131206
24074185
18056846
44802325
61249738
38462946
86094451
66044977
109131545
74345220
53929020
109428276
107557935
88162161
105167975
108860021
107773158
19748385
35953646
28115686
25373061
20422622
57981790
99525990
22308238
102107102
44868420
16542587
68130278
18050514
61794054
65292511
10788076
96233901
6671504
43168391
93935031
11749231
60079587
116343270
83427286
13730488
52223930
46661544
97029004
16743219
72906374
10981101
111015325
63494654
86773897
42487071
114754385
3838318
102621200
5765650
33976824
74781535
2712163
50801397
55226068
82200153
58621007
15583315
2298870
42885902
99728805
25555391
44961946
46349098
112082970
84729372
81305115
83444341
21718799
86047903
22367894
9411720
40847205
68528254
65380269
14259208
104469502
40312364
17825123
27839665
3053487
99815428
67519097
85115641
40144020
87606383
79901283
63698734
32494510
24707109
114563957
101343337
78076052
8196204
13007613
76602258
63010572
111897213
61076447
12307079
93164328
70479641
60671452
74551627
80698753
73031535
44397714
7953466
37258877
34649696
8284197
82541477
107635038
96552715
5214357
93085286
103075502
103157804
113738408
95754804
111234688
106367752
88335724
49437423
109789263
65714030
15525811
50703493
18732885
107236806
116239258
18612701
106420889
35603546
78117542
4068916
35772658
9748018
116309269
2681030
43654658
28371483
8650748
14549752
41440843
18696554
27310508
7320698
108563117
7370656
7419080
109760894
44542119
22621693
33911612
59085769
46981145
24929006
99067866
120184
815917
80635711
105098789
33675602
116470889
68369524
52363277
81055258
82733361
87937786
110670282
29104906
34894270
106594195
35202874
34120145
26773437
19939852
47865247
46765853
10792166
32761017
75849282
102096351
92280549
8982606
76657904
46860960
72076719
18432155
59625026
15103944
12128452
36729265
29275955
83379260
102276164
81065492
87024977
53628454
101007146
52039717
41865662
774125
79820758
15263022
34218527
27971214
9147685
15104230
18880200
73299446
57120468
66866676
25438447
45419589
101509518
106189379
35199564
56972774
54267332
22895760
33791619
45389193
99056732
64850464
112994284
48647709
28021975
82948890
59726422
31556650
88858960
26602640
83195598
99813173
54078966
19114297
9091014
100451870
5947392
68653525
47860999
11700879
13320788
83852699
58183654
44536743
99885676
60267434
71144785
8878139
88442659
85581156
96998539
50409023
84792118
78009024
36884917
44428955
110729931
33123781
65001053
37009416
20487304
64081301
90722159
1590726
61130535
105041120
52590870
110886513
103296366
11971930
1480855
85424046
31930652
114556221
21355588
91007537
19788405
102203629
76483231
38033636
48752668
18989515
61487735
88326793
83919094
51724766
96067903
5044143
12636477
919751
62927258
66860207
50914396
102321040
65639857
66884022
49708383
40618940
40729287
17872320
28004908
3564634
64068457
57563116
26091445
35791960
62487936
98394770
101414591
57493716
24509530
77065875
99674051
9762969
108898891
78874951
39088288
26471780
106720516
62416271
114608986
77246218
1220350
100670375
100576287
72984547
74118365
79799693
12614032
37164653
70443864
18405421
25436819
76240127
43038810
44336676
98980999
4994220
5208868
24348716
74459665
14746561
84806985
68762730
18638311
13750740
20118064
93312018
28502795
29474298
109159550
61902241
24633561
92839434
26552010
68740224
60370515
36953712
9355829
42172240
59691464
42167366
23330241
97740143
93899129
38044590
87091438
74632283
95138185
107102308
56181732
53660565
112748251
71056245
96608296
89929923
33211574
107283767
32116098
14564184
4840736
16320116
35350231
3856967
32468919
106238299
59384395
66161904
25225878
83828463
66805629
9914950
112871868
101925651
10648705
19266845
107510036
96629130
18450551
41477620
110994058
33089117
5015899
70781957
85808300
105964529
57813825
66611020
102443031
15795982
95853954
48947399
31814826
93715563
61112573
82947016
12336050
23519561
47319905
63274557
18920225
81519979
115906246
93605023
42379245
78623206
816294
66032415
102275073
33325064
36461721
40212101
63920817
63655000
60931762
67160910
3521498
89981473
18720695
101459262
31944785
2138391
104474826
65507811
12703142
85556642
83590741
113665123
4599336
13763556
64008312
89918833
39140733
85246670
92788729
92986831
92988134
15454859
77534324
62062972
17367877
20770351
27243969
44723537
60133502
18913918
96403845
66665867
106000318
16582304
44948065
83076975
37398879
18918184
98557071
63641649
12280934
1150814
49656811
79284134
91262823
26725272
45093734
62793903
108898537
8657498
63416137
30925162
114726983
56763973
82782633
20607970
77276850
56293680
112923323
41431264
29553601
79821541
69681432
22923343
95823425
26029881
101159904
21720860
54600880
28729886
13984838
97600431
74491621
22931538
34190400
28468920
82430366
84399865
116017767
77973375
10570516
6652164
112746160
25442642
27450753
26488952
72288278
83809215
26740079
33101782
19713462
54593888
100638116
43651551
86367069
5426194
88069002
3753647
7736021
4964079
2201895
39016930
63410030
46022701
105104803
114394166
77054783
4456991
73829349
40689232
13190845
101767874
27165041
86257207
1117994
60281538
47712503
39186496
64095753
20109820
49103666
92701912
16190449
26535551
72222550
13937051
45653803
14428552
1551752
16682721
106157679
4142823
50552128
65655865
16931548
31971440
88528446
84329181
107906147
20025105
13524191
43573638
100649880
83523503
86508334
78571499
44149415
27602683
38046459
88033841
51883001
70531745
20479362
2253397
97521749
105757628
12385299
76934711
72874503
45372558
82770594
40501814
103851276
66544317
25091049
97205998
40705294
68503341
70804989
112296139
36015226
46640689
73705305
70042010
87337718
58905651
88488670
72755575
23683311
15478344
67554479
49629604
89649997
79325365
37831728
20587037
32883124
83652742
42127747
32372689
58161283
64189907
63374395
54608908
25839023
73227708
26401008
93012786
80451745
72127930
38590833
13936845
75942972
62763284
29516970
62545773
83185969
73010326
5201096
22017337
42468347
36192743
11797876
69062960
94405871
2142616
26422920
510435
25491459
94577841
16961924
3552374
38350883
38110316
76171530
97429868
109415964
70913079
54421952
114478530
44148588
23791179
32383505
13397199
96217316
73146645
105308307
109132262
30541978
16971982
10219461
90045388
58426873
57618890
42640039
93895436
93291158
48485080
31512140
21939084
104190587
95491609
91984475
57561016
45334353
53222081
90971546
42901064
74728120
78594403
13418654
30751389
44213864
75876860
72692523
35048684
42604667
88336324
98912800
57136591
75185110
69240572
47405349
81171438
80967733
110794960
110346925
2675702
108898124
52660532
94558240
94593201
98120885
86726024
14553100
50396919
95133961
12377142
77446040
91940361
34380539
54181794
74698867
9165180
33272193
100996199
52775884
102108077
61114844
29672228
9731242
110653672
36236469
101214020
18788143
9615659
49860466
57686393
24757463
14304922
2503277
7832215
11363730
95687596
108232064
2175957
89590880
51157230
25960233
23264245
17241493
25215359
68873231
90342669
4352925
47804117
87844985
71067286
92376835
67101173
41399388
73120853
23189158
26620810
51353554
77741751
101498197
35555543
103146746
64888878
50904822
71419312
64203782
9187773
6096715
57074833
24179354
114290265
81879367
744873
2354644
43538825
68826064
21069113
50461314
49925640
3390912
20743812
29667898
19255982
91875644
62742208
69730929
62087408
41762614
15798010
22558635
84572949
101290722
79691064
685095
89680679
65322596
7128949
32972048
8446451
23159096
71398111
43259249
38340541
48558810
29249161
41041141
18900424
17678201
29717502
68221372
100774931
93471798
14889319
114128684
77751866
20979594
53932918
39528773
5153295
31147289
59507572
83887853
59573673
14368467
41519776
104672260
104839775
100609853
78213938
13150832
32782185
22839300
61973718
45263030
29658386
11570960
11323639
115282683
81506900
100849334
53332052
34609877
15719932
41873355
60195765
38223092
63789929
22785629
27984831
37905442
19537245
93102734
90331707
2865043
74132323
57549924
26458322
91688943
115791298
103338268
67817114
104159156
109820915
98366388
33939390
78979334
46704060
75077936
109914260
94860653
85129402
59422327
91054113
25460470
26047055
37410136
58201891
73848117
51212014
51522098
64213736
64635832
66934041
32781783
24370351
99083381
106362256
39760055
71835458
59595772
110157354
17414356
70219765
78805210
51662328
6825084
17028704
116447038
106588535
50491933
3806540
107632562
81338902
101607607
83898580
162568
34161752
6679793
9634380
34539811
32551687
79395583
88229111
15814289
91023157
101250297
75211553
94730114
94206332
54421102
106016008
31352143
82392029
63394681
109740136
99818920
64840180
83176772
43964127
115595974
17116661
18838934
71697612
12499962
115409485
77218787
107168189
47585570
22091736
94842428
62950701
64701027
36336056
103618815
57242737
112933044
7043965
20790450
105354107
110817818
88669074
90584957
38252008
30536738
115194501
74526994
103818423
113847837
66060111
25125193
43898362
52580328
68033080
111118826
21971774
115787544
55127051
60289391
101274870
5354338
58506372
7295515
7458290
40043012
27898479
84415917
55542567
60829777
96725007
62732780
72565810
58132336
92030456
11688643
91321946
49310294
8466883
78693229
69949475
61443412
5055743
97383167
78572184
68885536
55991775
78322384
62476304
97736342
1783019
25302984
45859678
66426989
96037037
87646004
101140446
83708703
104330911
109449788
36227597
38592671
18665953
108840797
14774019
90683792
3221760
12628717
96000819
111627102
4961115
20529938
99511229
52810208
41391392
249799
54372862
6219062
76539365
85136950
99840294
99959660
45905948
74853675
81926544
60291964
99955094
39654287
95444736
113701870
22107464
91990431
23818651
92585792
105619037
2145302
111322974
8234659
55631232
6794510
12115872
114537
27102176
30585059
115077346
35172329
88314065
17199542
70982399
24543335
39231002
24986618
18033116
102253985
91538582
90235887
12810858
34216854
17546823
3454305
89883218
94125303
103011395
69636979
97902819
97384378
111117701
35852093
44082416
55516695
27655963
29494443
1677191
108569848
106874625
97877804
12153560
63770730
94608541
45995781
54473849
53617018
50088037
44437230
20766756
105285358
72689063
9356553
60973636
88025151
65046541
68209869
112862485
5627017
75159278
110014356
101265591
55601006
8196129
14587973
53839503
35726116
87223449
68403018
27739917
43103895
3269262
82797780
57260511
40991523
112547745
10036619
80813892
109406309
19711796
59373833
92275352
32627542
108913643
40727397
91802667
59419524
109690592
50811759
68965056
67521902
101818226
18001247
1761503
20433643
91968154
33400115
55949829
44119554
65133756
61582138
33807014
78917740
18213665
95187522
8141261
51105065
38288452
69403689
17130957
103724255
67100191
51547955
105428505
97457749
47676806
40990908
38418097
90132320
65633533
98927439
65760399
12708212
42673094
16325018
81123814
47848600
16229989
42331321
58276170
102856017
91332103
103223123
2100107
83748600
56899069
103341203
33974108
51204198
2303498
82223003
114935751
17606072
51834779
64437597
107003281
5508116
91997376
56130659
72335551
100888951
56254345
49435381
48224399
42788124
48058659
86756123
106212430
30013973
115602849
3016677
32079538
7583502
46324053
15398905
49774492
5694871
101037705
68391105
100872078
32661056
78351854
50498154
75206421
94290293
20403851
50872622
49812566
39072055
47839944
22900170
52664552
13466221
49340352
9431906
53215694
18044686
19116903
34519382
45898064
108019347
73332625
16680633
74449011
40629182
78964830
98023388
69426424
116340279
38002881
50373924
74094635
32025191
78057933
72297429
44477727
97971797
3032677
74876026
103047504
82337353
90199819
91196276
76890527
79259296
38278632
18696312
88786622
27737557
9150387
77181061
33570336
32703443
102319434
24389253
19166387
79264552
107984137
67016130
90209274
53941319
88955992
49760836
104187465
28049766
69264752
86241702
42887923
85298955
32639837
59814858
5446826
10940523
100881273
106157845
107112674
10541075
57509555
59569191
42130851
93086945
22825257
57144713
61500685
23054882
33045117
68790258
105695279
54042817
26023768
40448438
66393855
108869856
28459714
17945763
33125473
31929427
101565495
31036695
79852129
21699314
75573585
63892612
20467849
21663827
48648289
95507113
85050224
12386240
36743934
101626139
31586259
116410376
24099596
109350428
33999604
26965929
90730119
113210471
35612592
81757543
59952354
48448091
7068012
113170288
33020269
2088778
68717299
11189810
72103110
63923147
1231464
101873388
15244322
89564367
53253604
84225679
106726808
100064086
97439982
36973559
8850172
38875832
82410772
45097296
66583939
85392764
107993338
56936206
53258117
103804502
6013160
63422067
63391452
4979234
44452989
69794089
94589298
52757782
57921975
18193352
48678824
76270728
48619784
95622274
99477560
69829519
103425698
69753249
22537542
58564150
2526417
11716506
20255523
44981638
53743959
9647733
32134647
52152466
98886675
37799680
88376680
1033926
18969078
110237363
27029936
39658837
11872114
7719575
52042587
29614877
86213569
69696551
93433169
26753895
108836577
77687941
95255606
92825178
67226831
58784666
38308627
5508409
74612547
58571420
12846991
49555123
75364688
42298597
11739416
97852749
18830602
94779317
21967620
27273871
98365249
67273991
35579879
30220866
86109636
98986037
100785339
59459674
77499974
15745228
48138289
63975029
10461109
84434570
54516551
109682052
100812120
27700837
40625048
73021054
31170361
87188395
85779337
94151940
71431625
33600099
7208758
108196732
113054069
2657258
39657621
116108013
97804356
53233843
94039158
26649962
69449693
85040111
11321385
61488575
53247748
11667349
9458478
65382688
100262451
74779344
380632
75754696
44494105
70076654
103881717
53658422
63720400
52179238
18266811
11198523
37186031
52515129
116502740
44909686
21492903
103063779
22068855
2478023
31747780
56962676
15328577
7961118
79755993
116294036
52030096
35828690
76008529
99282765
65002056
24507755
30285238
94907609
19836608
107475684
54319884
99666109
83355240
100485507
14993206
82391683
59299413
40239975
31022226
13438961
22840831
19014880
2639628
13069808
103789447
23786662
25170313
15674541
3894651
91890933
88249137
69387332
87466635
99464404
68997527
18058077
52634776
87413185
88551354
36810500
72084074
70474378
84672903
963557
89149723
22716861
51369457
45860452
17399144
59970975
10799332
57734652
79829064
26816596
35863125
88114905
19892010
49919381
92029035
99110950
4424298
105424733
389805
69408558
94793258
29547972
94110353
15824276
63292741
18076976
101227
71120516
29288285
109919672
66234101
43289271
5317716
39362111
83024750
7628122
96781912
31946366
21871527
108354160
6924586
102583744
44049500
85384691
93458713
34567932
98721145
51655741
58595105
87481834
23261834
10292610
14218861
7357006
15723049
108812225
105428692
54785186
4886415
33962644
104601955
26871990
76904522
114329595
107183830
51078384
33720224
36391382
72985410
83891414
112268290
38179896
57088661
9481568
103303546
41802972
92612827
11239311
76357536
96266125
4586602
15904828
111209562
70010266
66531945
8901493
103925810
71466048
66823231
25978055
5021752
38235990
84291790
25826138
11933000
2116077
26056604
66468811
40763093
34805514
26802753
102786722
51516350
63249318
33508741
23387864
82085437
44310332
54616339
60452708
101696564
99179966
113976513
33631697
82724457
111705898
58718263
9271384
114407926
28587241
58326265
95835615
74266620
13499342
47733164
62104189
77992985
107891091
87629688
54616372
99929164
11517064
69277980
76092116
97803882
37162039
85411525
21632728
107217399
3400003
63116196
116028496
16455509
2270615
22877064
4776701
45261602
30131021
67585120
66535941
2284251
92790553
48102451
12162430
52146357
56482074
22438131
71340243
55925556
76112624
101978392
23837048
30353183
80079571
38644221
7494783
94548270
13335151
6480162
107828904
103584494
60845581
24475061
59642438
4972642
109386044
53831582
26689291
27846770
91434567
18433490
106761822
88607826
39584007
37687929
28769744
48520147
62965508
86001852
32088508
93723071
69862451
33156457
70822030
33494931
73272699
1014620
103359367
26390658
62274582
14677472
43942056
103836568
31729018
53774485
26246981
81539274
79037016
56219431
37724949
50790371
95489484
397521
59838082
39027489
91362422
107371523
16431639
17206067
64103031
115572052
22901041
36367520
7847387
69807409
94739194
94845671
103343669
88681895
99088602
6401644
30912084
38131201
8913216
66829745
91377470
17991179
43814325
76210274
77369948
85291057
107592290
56461994
25675100
430189
22595850
5479984
43268492
17499587
110945027
27735511
39048294
1057261
106231956
29641717
83103741
6057299
112397070
28265654
105733441
60957401
45452057
80722340
111357361
38885667
23015420
63130826
57261232
6486897
85257985
20907954
59615957
38485730
81829774
68158745
73801698
5096263
11174958
63496611
26414923
109887765
38143555
9406577
82557151
31498286
81848278
54838087
64927488
51439668
30777226
25011101
114203671
6566390
57706920
96190165
98264436
64492152
25836471
36353278
63510941
46772254
103681811
39420842
81324033
76733511
56983787
58268717
26644969
17927194
25353055
17008346
75294244
54608899
92161930
27719063
14534428
30408609
72024491
39916387
101839628
24210836
83944182
65977135
72905585
41178397
70353694
109874788
981211
95704217
49311468
72053729
13411851
74911930
99077056
71018946
50088541
39056593
32915661
57600253
107236580
18707786
41486417
95538811
88038101
61753320
3658202
91258042
45208982
47813655
72612205
83826123
115908881
90729415
112263442
79670798
88160816
22613107
60563320
45567483
13615995
22363168
20940303
106996535
72787018
60020463
38103285
109128289
96423643
62171505
64077465
11697769
47309686
96373098
23204237
113420060
64507968
72484548
66609466
9346489
48544774
98522791
19526311
36238083
50532229
89650335
67071108
42593332
56960741
86163782
24627180
71223091
114179780
8883470
68893250
80298730
80236820
23895410
93014454
84725874
62825448
84344368
36457162
50529627
79828759
67359690
46810593
103125109
23939774
84726676
106460179
60270321
95954192
46515977
17130604
7938896
80653223
28870956
17966152
33701280
88624002
63707340
2329840
33881050
93250280
92961470
103924277
112150947
77709962
56633715
96232342
12295821
4515609
85737473
3719034
24667280
91383546
10047547
113304931
11633082
36736113
59944202
91103347
88015296
13826383
104899649
37936374
46951943
56886955
2222441
31371440
102706582
18420690
73972001
46596774
97739334
15251508
95254191
15918605
113377771
52118106
10494869
8576787
27811959
42317557
41635116
28002349
79750463
21275064
101324359
37169736
65360818
46117818
102843699
98042551
83514441
95976324
35713933
63544133
2144003
31765381
5363069
56109807
37321357
106684123
115946214
13144357
18513737
91099715
5423736
36124613
24306147
16140942
83581671
116449610
79207094
68323682
91281621
90544357
3877875
55206541
98929668
83958268
10567007
54831005
62328618
67933938
25155950
51912181
106144694
110637826
111084025
63282577
56803594
72140629
88170385
24846499
7720621
30352754
114757197
37246424
69182943
24496538
53573848
63221619
73131619
36626367
112409437
84038710
108254689
36559608
44639534
92062293
21629649
59273069
29675055
58380067
78429245
31158124
57468157
90825747
53834232
86907026
91752192
79920725
112383638
105781261
74692932
87114197
77809812
90260659
100312577
53924954
115968549
64911111
67452183
105732910
45011679
75849828
39399176
64156026
62893589
102006465
62387238
11213212
28807454
115156931
911910
35567128
25287522
18524761
115713555
21877136
22487017
33934561
5227793
25269441
27971449
32395903
103441621
71848488
90932111
83365096
103112772
10235639
19899432
39565984
66333734
97495654
60919869
54032711
49732417
51680376
4522640
63870308
58264932
109880326
21193038
30350779
84457204
51374016
112677744
13102623
16649343
45181206
5963111
20795520
38467820
4086591
58103793
68040155
85375717
12020101
63465664
111510417
60541905
39043779
95286116
60264653
95726866
9239493
49510071
33825739
41379074
59245945
90640900
27914153
73386752
86459023
34313035
71354580
82688302
115460168
7139512
112493824
6713386
1876520
10655357
18391295
83314505
46083692
4574491
90505300
68118196
24421885
16224301
48240882
107920543
17370252
10754582
109864757
84500420
38227756
59824840
61428550
33822822
4181877
41564748
2032172
51734350
83456498
64215068
86834479
108746782
5262992
101838467
36285721
83165645
81211666
13816803
109449206
25929125
96792607
5604628
19877314
81104972
46817679
85449930
46019416
97473463
89166827
50039916
71035499
4404933
103606593
67827432
31790650
411156
74748250
54457104
81539872
22673346
106915706
32959641
72461061
86700977
68590431
70432547
21680069
55282540
33664197
35168207
54015441
63651265
6750578
51067384
35085556
113947847
112923104
43943130
26437963
84761893
111036954
51171697
20577913
34519066
109719183
25297176
35511285
100038534
112145029
96543861
66852286
68178359
81009211
49992143
65020908
13307891
36768350
103151863
49230729
86652933
76381258
2948057
76529339
9442732
54784281
39106056
87509884
28161211
49546177
23229896
112147610
7841517
58092515
43244367
115647782
57644279
29792148
103571055
81149877
91930300
15534650
16860143
3157451
115664950
61187423
9832674
80717163
66755418
74734235
46282672
58087224
66938526
64803777
37423283
86536479
74586700
106199880
64279987
80617231
89668290
13101011
226872
8833736
448236
13452219
60040357
24458031
102465479
88036405
64289734
20096478
16509701
72312721
41288406
82911417
111072005
51738440
34434491
56631824
55759338
29442525
20663941
97042048
38180707
47863404
22256491
110609469
64495220
99142606
80390359
80834554
12652775
34738283
113397010
23953834
27626741
88643953
76808298
13692630
71526704
108617014
26771701
98201915
9204345
106189967
48476926
54440181
43942732
52955596
35967883
75357291
107901819
89440538
74785557
44211238
31331814
87717516
30219110
100300667
17813459
93615705
84077545
105338942
7111542
72716687
111749167
61897741
17117249
84831284
103560929
21288419
30736298
37221735
97688619
71404165
110210865
43484960
66435927
85225442
61693778
111130976
571734
63690580
106072354
35031670
13992128
47671148
69904057
101207036
64186752
77078148
17827792
59324488
41553404
61853802
55599438
26917883
74976812
43792460
102058616
114302824
88203431
75972133
91614501
102167289
52931868
24985423
98431183
71944952
84653708
114643198
5058622
13503693
49698452
58401206
13091243
77388723
31448026
40789538
14702873
4862264
35524744
72613990
3725050
62599151
103516991
59770608
41499267
8637618
72229030
26086483
22688322
33999772
71003895
66629078
3736106
97626917
104935346
100427985
66886329
2473643
112908376
111261047
48376080
20273359
74916810
88941706
62685850
26585762
5264794
106692513
49100844
20889222
85737000
60594443
21099884
94879372
104181579
63376414
102589297
86192888
3046217
4022874
30263666
90016979
78333733
67911751
30740587
102461702
35483239
3588912
2061193
92635016
36344237
76074375
74227510
48331048
83676911
3956966
25448548
32339202
20955513
105146402
47752968
107497629
4376494
5687099
40253705
65952321
108293827
29890052
103892852
29669239
42329141
78991915
107240022
92512032
80392142
75115305
31724138
59488224
83884675
42626819
18407506
35976819
109037464
70270544
70846130
99301339
30965083
36942147
101226234
30097885
32093537
90029499
115207553
55064174
14033273
10363653
78699470
78624588
104200911
24900936
87032848
66457110
46563403
80088346
108751524
20903918
107870631
37060948
41080718
95871486
50229356
112740593
81770690
57699755
87269090
81867613
114715106
867198
52812240
59160365
31530332
93669364
75996225
104843900
24328334
100012316
70766373
53798533
39555370
37743801
26301163
6944501
5669216
25659485
88857716
71690575
96463201
11999145
103471593
92943756
62064425
40493231
25471502
116543078
59624650
86401892
77019003
103518370
17300496
75782877
31127770
91290063
664659
92623910
82041157
87169801
60456946
33022572
75461000
32610868
80038214
641677
82690416
50618642
93799915
76858571
16182612
3519445
114538350
62978362
115435883
62161348
28832211
103673241
87487705
4069909
425025
1236126
72390600
42650433
6441847
55143861
9248906
30134858
80130593
96982215
59672431
75809708
947987
74819323
114524083
29419572
71445393
5831844
82399660
90280470
10283851
69844250
52687192
52377002
82109781
11762642
22637272
72725931
34571845
17575208
48319310
74414592
42757909
65210369
81365157
92946989
22976897
76870322
18426057
4320885
27357856
32816738
77925625
88168416
3373930
40015868
111623543
97804923
112187994
12555409
85556908
74546849
35698099
88888180
77703360
57347480
25154426
5062064
24406621
8120883
22780929
31072570
109689436
66450920
42233472
52458464
5844561
18656012
49512466
33572949
43035261
55829441
29442808
85873387
93184873
70172637
44467874
30391763
60211645
85604775
24820940
113308728
44807119
94990620
111697384
72641296
32940858
17033543
30244764
41297681
15071447
72970010
105479099
105194602
60606359
71541090
2945998
20235241
92260752
41646654
4130141
73801874
79284569
75910171
89369143
110756740
9960992
75503100
5570822
63542918
88761285
46470321
49574974
88805824
110013391
94663840
42396531
39606807
49925726
73914755
100422212
74480476
60327280
81901639
102248603
40371118
95920339
9262974
16105100
66422507
79002086
92823601
101072732
16491458
113912809
13866042
105185918
63058075
34705445
7064131
61931573
116595462
53096931
2874764
46409293
1730213
44738114
85121777
55824596
92085250
61551105
18520573
20195503
67919792
33944930
92985629
24266018
29497831
94864518
87885130
81989776
110474258
95550792
18530319
27945541
50854734
95800598
29445416
49090131
82713614
70607201
59056809
1509798
99330348
74776650
77927517
62545618
616494
71534302
37304023
3213376
41594942
32539272
43849874
43653774
4447099
46084741
53020889
112111686
101030261
108974338
111423087
82528716
92659688
39369721
46463755
1764603
61050614
75478216
37996952
12527445
19240483
32243789
40222282
84748360
5483785
54356845
25241595
114043118
77902989
52728380
7327132
114581169
76055803
114405134
107272886
8975413
61694480
108650181
48652229
18501545
64278280
3376994
84028591
22218714
94959108
18949169
11731281
96486799
104201363
5753163
20268793
51132124
26760003
33829067
59506765
56044298
24417485
20476844
38039615
79961821
93312578
9561998
55271912
115044020
100674284
46586335
76963185
43192935
44371901
93238865
99076585
90023196
25057887
113043051
10487433
46435938
31387807
5978118
7541635
53069239
26956789
34403356
108265360
18679335
9411581
86993550
65968312
61095665
43804267
28477617
72653539
26232188
73491345
8685577
38080835
57481348
2214434
31687950
108719981
2312334
116144607
102673534
79535763
26585579
81655244
52472945
38894303
26282198
26984958
21101909
61443880
8277454
24991774
69235439
674653
112919547
43189283
37490695
36405756
65535709
2949901
63967961
104791354
16009997
6471143
54356515
113364998
116542100
32183343
6046447
87380202
89559028
21018290
27062818
104331277
103336675
73451616
65756023
81478319
18707504
44073765
40172070
55566431
28712228
26046156
79823958
76513791
94293574
82504424
89077795
8707985
103579905
57496818
50434839
67248630
54532674
22173171
107318551
77125528
107227946
101668157
60317383
101867752
82285246
1574832
86538883
69821986
102707742
69645888
41306249
11104703
15361537
62089544
92382473
68838437
48392583
45283164
35399626
16909218
95564519
79544607
74913147
84294905
50927774
76225297
7893709
25370775
79548856
5650393
16808145
5360193
67346541
106706181
63292499
60426890
63470721
64856625
28515737
22926667
54284351
27180335
35362231
63163100
13696961
47099309
81402441
79446995
114322276
3818648
58636071
11269614
28616833
46651480
7724825
73520628
113316442
2243315
8562630
74188663
102907483
26741964
58707695
6919651
43235460
46399504
31911153
88507683
10572273
49299032
104204437
39084881
13483374
104902923
98400660
98853597
97380664
8907422
20810923
103052662
91841816
59948221
51508418
3059835
49975039
53445140
64957998
87091409
15975833
98460667
63444597
95987831
31470134
60271821
22972128
2691407
83790860
30575751
100943247
19451022
35815658
115941515
57324222
79233408
55485889
20816867
78042673
110968003
81669237
8826332
99507873
88781981
9973182
46026908
102705468
10847260
37469306
83137332
23646811
36628003
114954163
51136406
4339332
28778727
93120962
109036378
18388161
64339838
42723723
32965361
10090430
73222251
60455626
36507355
49154364
109121517
103751261
539970
59423759
109527257
115493150
53480965
34040143
47089552
8557602
19568136
103840449
841303
84823170
20474035
80252301
17499065
74655445
59906584
10390566
76744754
66312655
33386429
102213037
17465102
89149736
90223076
24067886
115937740
97359725
96578024
49697757
110864005
1686821
5942794
75487114
116367228
44923363
14472007
59889104
55679928
99348597
83366414
85192633
67324105
110422221
68309346
7108499
114550692
110233930
24967766
91171717
96811183
60876694
11989961
110037216
89851996
40826981
92093493
114203613
103135721
94891203
43754963
35376891
49923224
8983061
61015107
56478124
37207064
79727041
24486320
18450925
32024492
89584193
64846917
108179236
112511530
74715417
98780733
23378974
61386376
80731073
10505385
103413968
18988328
19126609
17943723
23612013
54331261
113842291
70448650
115722460
92931609
82735531
22325414
110085101
19739627
29251696
31991804
18756139
47702549
51542127
1567638
40485257
93712664
106771500
9398502
20456185
13329041
18049660
60837219
74612409
109706375
108018777
16793874
43339944
12758978
20741432
69803364
103212432
68874312
104353119
24720675
99486509
110959534
109713719
78093297
983487
98189148
28413306
65152131
7217292
74469464
11436138
79050384
4580108
93442459
107988843
76258967
103320262
72946916
69458443
105782165
114330060
26583428
112692442
90176581
74150176
116470751
82090246
9815386
86027804
41357215
31646957
21393212
41299676
11524571
97643620
100434987
90971856
70583843
53715993
92770538
69889356
82597310
87701542
92924772
38085827
83005556
6800524
45501727
6580486
90838645
109729724
24153479
69073252
44185321
8086335
112298420
30442946
88696661
94808430
64634592
48021169
20122386
88353222
57504690
85156346
27059777
46718994
114841318
694486
19082313
53032626
24928214
44511483
52659616
86124248
109224101
7748699
80565510
100375634
99067007
21765392
113508032
16067144
4738462
13742375
83993305
17489989
82448355
40675492
6009673
24245000
107156480
99569671
61293445
58749326
86955028
26365291
75600311
109772322
23729902
91210831
373010
103407597
99891013
92874546
53522368
56812097
25321693
58800117
34831231
82999863
17026930
99765657
96677470
103888474
95897651
43317813
59443946
106166985
98122643
71043633
10915185
48407154
12614642
34928154
31112645
93822707
50599019
101029481
109399312
36962305
39283448
72102094
97848859
43078916
67552853
111362251
69944495
58961831
89736817
51705575
34286022
29778457
51831636
53359657
92408158
37694296
109798801
36363942
26575429
49715489
58428991
92627032
65258139
35431936
32292765
46723165
101063395
13636713
109709663
85260848
103717077
112844533
4549241
103126609
21098050
56554652
69589064
18238920
24675808
59958360
47837568
28889995
101973930
62100970
108164487
56044215
11118867
60083312
94574952
50588398
101097351
70960684
108297897
18534974
51008542
18656051
101617133
63766177
26559637
113505131
80711607
590468
23070111
112598219
81501175
2859130
31878844
9630703
18364982
43749443
74624431
33700228
37365508
45929714
50982103
48081175
78109264
8494099
75625962
71577898
106894132
82562377
19952142
20965474
81521472
35205994
108736415
104752003
99694571
25969169
21758648
16077017
83692924
20210981
12043004
3194100
32457778
104769401
51646273
101304755
6383935
28694717
30681754
37247963
15784080
90451634
20418843
6531366
18239968
109703586
99589385
17252286
49004535
32709778
28869060
93409470
52151424
82767245
14316983
14941183
106879876
1547667
51997643
11822452
35716833
23913604
68187828
95756654
98385466
22951556
1946629
17099602
60874266
104833751
64792749
9252714
72211666
27355258
71545611
48951311
108662681
66879607
105023227
72235066
28521984
62741816
10416115
85173871
92527370
12769316
79583541
26381053
13794463
28084039
60274625
56600180
90131768
45236272
93810024
81285864
10040919
13752879
270482
99585182
32622084
37437491
54347104
71223985
83296208
52629634
60568085
36427615
86321253
42281411
109782580
59988114
86854447
114286800
5590330
114109947
115614854
99463132
82746429
73834284
102555901
63001982
10753786
8845904
83158983
80057145
12339011
27095738
29094425
10796621
93201708
9361729
2104912
49681100
10655899
94832223
82948381
18286674
43285035
26333139
3390594
112135781
102361414
20708130
46635576
22767199
31363518
41780570
113547231
67708076
111044128
25033626
27806629
47336642
113146894
104026874
98926350
49506019
50534031
19732695
8691709
91484238
46669460
71876320
83372719
40332855
51547188
56615242
62859710
95752885
88575356
99322465
113463835
79594215
37308242
4855006
73823598
11619071
47376443
19837234
87865077
111671116
28526733
88383386
65050293
111604504
53492843
10517283
40814310
7013423
89703236
101419020
8111518
6336605
20329132
26757477
94113145
3757933
16003515
11500875
98929050
8981141
109977853
108608829
53734246
73652800
5442193
53986364
88357625
52345328
39274130
116121692
94584453
81525860
82854173
54533009
70790194
46479419
37454048
103998921
46865535
14690260
81089888
97994042
76827090
64534829
10753962
13935899
21468883
54986004
18163023
38283851
3210525
84288682
34490265
116387883
33258805
69736866
62675864
88875934
5724505
74388271
81231149
40051443
10735666
36374753
65042591
14754902
47577514
70727417
22909033
65511494
54503171
64518689
87240080
62891191
43065945
3731588
43736505
31148662
51775479
98477972
51757215
3462643
98993507
81393400
101675649
61022871
64012361
104927593
7644785
13636691
111616235
92820025
22972482
112620764
36760869
110955175
39809499
98706021
16224246
75030345
94911415
39575609
21452743
83508492
67118316
59880913
68596110
61898534
96031448
96276466
47448094
87003816
18426995
37970636
65344669
113388056
101341716
98339299
109951359
79428391
38627839
46959101
104022786
28657308
4134894
54694848
94730928
81419154
3794606
93288638
101541232
11402923
20420923
78211831
14912382
5219781
11813095
20283274
14450440
9027632
77849471
57441088
69622776
69642569
101232551
14969000
3436697
21913325
107675090
110955888
23369234
9970531
90787836
49327938
50566380
39355741
50900242
1442290
27841552
109031684
4191343
23329400
44454171
15201142
114362366
42592738
38732971
2785463
59073804
73649352
104008486
56170531
4172167
102617406
66205872
79319226
23933911
57084440
46507720
29028187
68131681
90681297
76044152
51432095
46391326
49124090
59477818
58508558
45214577
4512152
112541143
105630202
73570665
1861433
24431800
42900532
31482564
81723620
63380607
2903272
800814
1391080
37928289
41492942
78683495
57085061
32811505
42869353
105592760
3790053
69624036
16699586
92253601
26920062
39917907
104522768
51873143
102929296
62607416
104188005
95545118
42003339
12522031
78633762
87018870
59348181
96159926
28579291
12246435
61989527
12938613
75947872
87311215
97483229
56645067
35814142
68132302
76985082
21208947
88893174
28176452
90667604
24745309
104370834
23010549
101592241
89878982
64325138
7384178
20604076
91665974
16911355
71624470
1137479
99113837
106403208
47101746
82134028
15640678
52938563
91318313
80059015
67266435
51497073
29350926
96299985
62568825
27202758
48808630
47181343
