#N=4100
5080785
6266058
10215641
6781003
15920288
8540029
14024669
11567775
14976473
2541698
9249519
5221626
5988044
10770626
9451951
13593370
7726378
13539287
6150988
6779832
156198
1675366
1593153
888432
476873
7122248
3682950
14395290
7221351
8397313
4417171
10913303
7155771
14289133
5369855
156033
6177076
7286490
2318255
9754847
13363655
11092414
12579676
5008195
15657769
8526185
7442381
946546
13383088
4475622
990198
11881287
13812014
7084426
14015483
2891583
16710898
12095637
5781639
8921569
1241542
6938039
1346968
2803258
3915576
14893365
10451298
13232230
10732836
8035842
9788692
8355460
8048166
16667012
10179334
14711222
7756617
2966759
12569869
1501801
3277128
6519293
14675804
10920431
7183529
1919846
9723465
3592849
6657615
15653601
3378121
11051804
15635983
3263603
4965481
7493347
4160529
2415456
16057058
2377375
12601197
9931681
10789647
10146944
4713914
3016095
14754874
6254816
16499632
1854096
16249519
9166698
16145764
8559478
13810487
16204201
7875751
10879864
12828249
12415812
12631139
114517
1889843
8142636
15913075
2550025
4049810
1783154
6624259
6125377
4201249
15067774
1021287
3577072
8005591
11072619
3326464
8704298
2618818
7332933
2518332
3493560
7969732
12555084
683727
15544143
15989473
8073460
15058726
12713731
6329488
4488503
1011443
16149819
4092826
9933441
8539286
10537954
10195425
4170006
5104090
624177
7062183
2562188
12864129
11914813
4257321
12803531
6185966
11738778
11976722
2576769
2809833
5039110
13375611
5223787
485417
3275742
14357493
6373743
7505808
6989670
395677
3691523
3414053
6168393
16548016
4369280
1237384
9571248
13917824
2541901
373569
7760890
10918388
60597
5728847
5132064
13440330
16222717
8928945
6937612
6011159
10199567
357213
10099869
3479815
10921674
8383455
7367823
5978066
3814284
3575617
6840805
3953508
15854774
4931009
2780288
3064976
15505483
5001198
6156934
4237034
312972
14645564
1589844
16043789
2119651
13013120
6502718
10211558
15539379
2383919
8524810
2523271
6245539
1716414
12921993
747128
372690
3792206
15947262
12474297
334364
1909796
13786740
8593317
2039046
14589091
13718043
11268449
4688226
4124891
15260711
1079184
8329433
5386725
5344590
4521613
14283742
4118799
1686748
8819627
12948380
6808396
2214799
5498411
13957245
9129787
14223387
4708394
16071363
14037466
15497558
8551047
12484270
16007650
7488795
7580598
5704384
9593152
8621258
3609042
8408979
9873986
8348114
16421340
7912984
1225791
2834865
1267634
7980420
7491873
2408348
3253489
5464672
9895012
3888545
9248851
5671945
185921
1824357
3323835
14166717
12103428
1062252
4903672
6106786
10509163
11572861
2095342
13797694
11360793
7874449
4601159
1961002
7122323
13586475
2448869
10055372
12152993
11472807
530451
14640722
9323337
16174945
13025822
26587
16316145
3228014
2348110
2829205
2334449
2261583
9263045
5996642
3166610
5944332
16624965
13521470
212068
11030894
9196535
5203310
13365646
7824685
16322134
13876952
1433481
7786063
5328441
10125792
2149470
13779028
1614900
5100270
16668801
9797808
14488478
13486940
13507085
86527
10376161
13147808
11708494
15932234
1985198
6455141
1535784
5594071
128455
7622278
14475248
1371849
5691177
12102215
6391204
8536070
8548511
3921210
5636593
4162934
8510892
9662721
13920228
4430613
7421793
15795382
8904243
14401951
3110779
12972798
991554
7057448
11162609
5253353
10199970
13201128
2130206
10723506
3732343
15566606
1931101
14986554
7594166
13965108
3553703
15083515
2899477
189097
12220318
8587393
7052707
16693800
14854449
14934847
12336370
9829843
12684603
8544966
9213917
8666852
1810189
12548202
9470999
10575002
15736668
16286464
5272305
3373600
4595925
5555790
3775960
579514
7236371
9320652
11065631
3364606
2863196
6925604
5749911
12336519
10542945
4731381
4357430
5024606
2250244
16404925
13229447
16631272
6734777
13475716
11809374
3848708
9425055
9994535
5302697
12363067
7494059
12330036
12211161
16629932
10932940
11265308
6323884
3871765
2260976
4140026
10228215
3140198
8996180
13632051
3782609
5518339
2481137
4762505
4408680
2428973
9670148
16563732
625418
15499590
16664182
1814838
15356012
13871988
15113997
5586182
12765427
7674127
1397096
13559374
10306048
2864695
4807852
2183857
6257070
15930778
7757367
9209685
11971110
3477840
11150914
15830104
13723180
52164
7705878
4654949
1803555
6784079
12513071
11424100
143578
15405714
16124363
5573350
1106561
7439870
4189086
16016054
9981600
11145922
4555041
3925711
13417625
5687075
7040011
9660906
16573189
83047
14868771
12951007
2368181
6902270
3927746
9068231
15058610
921798
4755399
2992975
6640501
9720877
7913258
11380229
14299153
8684493
1384264
1900508
10071791
5656685
7264532
6055889
14538297
11481487
9499221
16370240
5923887
2760484
11602136
3622182
14524867
7966501
4826780
5913470
4457181
3005948
116352
12065634
6894818
11844522
7693238
12070273
8035245
16038766
9995965
12398644
11226223
8341100
7249497
4015902
7928388
8396566
9170189
10781578
5557600
2542257
4768104
2301705
5045618
16249156
11408922
4414916
16122840
14434353
5797118
9201548
12921131
5081831
175916
11634545
16422798
4267992
2074308
12446602
4812543
14268386
5149147
3013841
13026232
11466452
11655714
9760331
2838965
2431452
6013474
15869416
14306640
1132469
3506303
630701
126315
13784570
15427799
2724812
1513222
13328808
9025631
1286585
1272554
8521445
5363757
3976196
16265450
419443
3100974
14412223
13855674
6296216
8168128
3265901
8627486
9224262
3746856
3779550
738333
4881005
8166633
13675938
13619674
6531734
14626424
14211504
12271347
14712512
6312702
226637
12056254
13117707
8536349
9909879
9065996
747833
13488742
14466747
15987291
13614759
6244095
10589773
14478731
15753867
16329046
651456
4289449
11479372
8226438
3872395
3874852
1634898
11663035
16218171
6873908
16723912
3702322
12044710
2656258
5808515
4303808
14759896
4051711
3592036
13231137
11409249
1570543
16683984
4026172
5397518
15946029
7300229
11070728
9630794
7267938
653194
9235019
13030574
7604520
2395059
9019361
4466681
11570991
11749124
8319369
11639198
14067654
10507327
3544422
509883
1756804
711772
1528758
9452463
2021492
13357154
3186597
8786546
13351476
9339463
6940311
2118754
12645812
10417534
13009296
11047364
9858675
6839960
4011213
3137838
7634069
14080238
8760833
12545314
10294991
10425563
8094776
9361290
8750523
2832649
15791126
4917862
11303801
4981605
2069385
5848467
12619198
10657135
1846235
7036242
9307172
13332778
5919459
1598448
13172380
6169336
7036151
6720836
11819412
6740976
6990526
7702276
16398768
10948791
4450537
13547221
14288560
1065647
10380165
3832661
4142369
6613040
2848476
5455334
4975928
8222251
4002231
1386476
13963484
5323458
1116782
7708724
12773919
12363644
11372298
6451543
11159925
12908695
12343831
4117136
2955729
8655256
15865259
15465067
9273751
15998411
3167056
10455899
13733278
16380646
13597706
15497036
1637112
7239746
1453102
3589451
6872288
11292294
269694
6254760
5163060
5563139
8949947
2125895
1203719
11077123
10917713
2846309
9952966
3688574
865397
104183
11995026
12480369
12298011
15627853
2265133
16209932
9471714
15046243
14743533
6357960
9847454
10661182
12980978
2774329
3319757
617528
6129233
7320076
9918334
3037165
162939
14682824
8018183
10970931
1124157
7229139
1980911
5652303
4307069
998549
419692
13177173
10215236
12898080
1959659
16642412
14079919
3113754
1002309
4082351
5990502
7073124
7341424
12363450
13455097
8613202
3312715
15705589
2960656
12045510
7632503
6002009
9362187
789044
4793540
8085375
15535590
982362
1036130
7939897
3396834
4331613
11217514
6186345
11431682
11459426
15640103
9997568
13933252
6542705
9354448
10437053
10428028
11341743
4854254
10363028
1456066
8077206
8073086
13768648
15296844
6843459
1208469
1276811
14676975
3811178
2852765
7595693
10199048
13514518
9335904
9824010
5513452
12371608
7356243
1434114
14336175
4900917
13256641
16109720
12924678
10626226
5582799
65000
5689197
13587049
2289942
4497418
5393882
13843148
8363699
14020033
4780004
14207292
11037567
7081282
6225650
6148247
10873310
12988559
3804586
13774296
2467767
4079338
10648954
15068846
790994
10839976
8786240
15243936
10526921
12859678
740549
4609270
14585059
1191778
3996687
1060314
8747240
8183850
9063144
10966408
15595986
14508723
3785161
4889320
8821492
5850612
14957182
9712535
10520791
16535249
15738863
12442
15901865
16618979
6282606
14970580
12926576
12736563
10306907
1721170
15084620
16358771
612583
9328264
5058059
12622837
4610691
10394352
9397865
11364421
7181247
6510186
1490751
14744550
2545659
11722478
12139822
15231933
10783673
6311869
13246905
15929884
10539837
13544806
16305924
10356043
4663673
11205405
14461944
10758136
1108587
1559875
11300712
603267
521093
7277228
3224972
10056271
3213105
15501199
9873670
9246698
16578048
2381793
2604728
16737247
938805
1631472
1985028
7467309
12582033
12315620
16433961
12797314
8881133
5100519
12704100
6519057
5900338
8705589
12070945
505320
13652303
16637005
9991815
7274823
4064122
4533774
182600
10776408
11536672
3295397
6641970
16650802
14056509
13586776
14752219
6085017
5859440
2282928
7843349
12398240
16048008
11333442
93214
14975596
11813701
16612032
11258113
1198538
11863286
12243941
3127025
2181000
12572882
5458041
7092222
5901235
5610623
9500724
4134438
11695871
1852409
5668714
14512103
3775012
7727336
8272811
15051668
6074721
3044921
9123428
12305025
13685933
12133261
291183
3717483
10615163
4748745
11627692
10685034
5485806
12284580
14478985
11898779
2475167
12460939
10205019
1766796
10724753
3451835
11079245
9797288
10690918
10554899
6239292
5533344
1652615
5227890
1731760
10579696
1972509
13800168
7817362
5771969
1518098
12352439
8899792
12543650
11876460
11956633
13016050
6200548
9809412
14631566
1693760
708371
1736186
2556703
3301072
13540985
5374438
13137867
3557996
5157573
8902283
1011402
16415105
3686440
15868902
4741593
15375855
8814060
12282069
12274924
13682178
1587969
13089499
9556679
12141121
1479432
2147221
15194484
4506788
4904561
12895380
11750577
14217299
808722
13992266
2776726
9982989
12830386
4235583
15160114
5552469
1019363
14566022
7477032
5120585
2858361
9269524
15714452
11941883
6497620
15995425
16739020
2060369
7413587
3212978
13756637
13782645
14052660
2299104
5369731
7497263
7890178
14568312
7244093
3439253
13775401
15351144
11632876
7277917
15829741
13207613
10688957
12708779
11707661
15017509
6216134
3529999
15385425
16529028
7816384
240770
4385358
9329561
5113733
6244462
5970319
11457533
4216434
2358917
7022447
7611420
12866691
4450924
792911
8702950
8616378
2301004
12134924
11038784
9202480
3120962
1499952
8284969
2296165
3981181
12245604
6497107
12523616
15144655
7947189
11100343
11937038
10754417
3359242
6269721
2028028
16224922
4435085
9218535
6302227
2571523
6818508
4163741
8448067
11105428
9181547
10191115
5712044
9013962
9538832
13531032
13438318
10132291
12849366
12609059
8267566
13910950
11163438
14036794
3207616
9806293
7741101
1470837
8726388
16557842
1834635
5423014
9922695
14477083
2400026
2138486
6736977
12523081
7595715
15066952
1196904
167585
652283
4794533
12385645
12020061
681666
13442780
1864725
11551936
14059141
11040773
6506854
1357145
2099213
14350300
1079905
3796780
16446203
15916895
6635147
16781074
3022988
3587728
7740106
6686946
7156292
8480025
7129697
7428130
10218189
9015891
4591941
5442223
4112867
11556386
10155336
1743250
11997159
3437473
848602
12701996
4745080
8966555
277240
10915954
10517618
14586532
13971634
16475130
12893907
15660939
4844487
13146042
9044957
11873602
12170770
16538163
15071837
10727326
2836189
4775966
4903024
5649076
12096888
14983138
12172747
2521382
894648
16105164
15502394
8692048
8228276
6442647
15258938
2500709
13754321
6656009
14306146
15120695
7434162
16557865
2419502
9780886
13588793
9316794
13611765
1443444
13701974
6099391
1627822
9800634
5292599
6729887
6089849
5379025
14088490
12877584
3828989
4816120
3680407
4863267
10243111
5727567
9498327
4406449
808084
15443626
11835367
14558281
8504713
14463277
15582593
9912709
8782642
12145349
8228341
3315894
12429142
16514861
806792
11707936
3710784
12527094
9451398
10022266
1550036
5075889
5000697
15775722
11383010
10566361
7978461
1640182
4919483
10864701
5184602
3059803
2742433
14182091
11589209
15402005
5680635
3437244
14297889
1270268
16526207
4327000
2509101
721206
12804077
893219
14870059
10498519
10977058
4375508
825089
2584315
6306400
11244337
3600781
5546347
5646877
9727281
13265581
14473201
3925788
7812512
4084115
4150429
4304976
3955484
13717637
4410367
3721038
9970888
11374687
11608521
4136444
1615882
15274668
2305557
6726162
10494551
5476950
4196263
10682629
6390753
15793535
760053
1400979
6487021
9090767
3787197
5801493
1256589
6192605
16585359
16121056
12742152
7242793
16704610
234446
3746748
5649200
4726037
1637964
5562325
13143854
14444408
11699721
4780117
13638608
15143420
16621923
15896198
1016249
5726096
793293
5110034
8479286
10227303
685528
3637698
10208113
1829654
1945533
10260454
9342566
16226447
12507705
16109566
11055410
12318410
14722305
12700396
8392184
16617078
10672604
8363736
805800
9169822
771715
10355930
9930691
6699347
10906425
12716216
14056810
3179511
4424506
645108
12632711
11469394
1692165
16757659
9297089
15142608
10366270
5846521
5171037
12802816
1387260
10968534
3926225
10718748
2027792
12641969
11614798
14116303
3395541
7259870
11852652
6685889
12063026
14024476
9452537
3530433
8291710
9215222
7356801
5568632
15762944
12685052
2172305
15973078
2194909
16064089
9971571
10176974
4459260
6816023
8876591
3282033
8940742
3897777
15913951
525010
9246428
4354927
2263650
9323172
7810365
14638177
14043353
4336113
5732766
12850836
12983633
2723077
6065799
7285270
16009848
16599866
6293663
15531737
1805027
4631456
11604829
15769069
1300383
13790748
14685282
782333
4178082
4219252
11461350
7362544
15071360
12536776
9158083
238994
7893340
3474252
4708931
1192517
3966001
3009688
2588556
1501883
16136751
6275934
991607
478111
10598359
14275728
16540429
15459480
3331072
14624081
1083787
13131571
9612666
6269549
6130984
9429059
5957893
11538095
15014461
10635886
446956
1487351
8143583
6700823
12121772
1699243
11217481
15077639
3682938
13122623
510276
11462160
8291095
3525880
13361203
11948880
6748175
1916348
14375693
2813022
5011415
7427758
7000587
12797127
311656
7206410
7028119
7935527
6894659
9330630
15105824
10556133
1979100
6444340
12293343
13854134
14826305
10708379
14567363
4834299
4831528
9597917
14910957
13152216
9391225
11444855
10186708
3935153
9518453
2751454
12622436
4827809
7116102
12407698
1572528
4989650
311751
14507490
9639704
13148526
3155049
8661483
15072791
4934967
4231556
14198485
11900292
9992006
5876851
772966
6733343
8489313
206691
16079623
15579028
5456072
14539923
3238774
3926237
4690644
12445353
214738
3255280
14739973
7899467
3875039
12159946
16586746
7155960
13591742
14885736
10833603
233447
874306
5648196
11049551
4125154
11127326
3258663
14197539
13179795
3267241
5523805
11560620
1539700
8143774
1529835
9849278
7603421
16325020
1435364
10318901
4928792
11993762
2580026
3926241
9332600
11181725
1701010
8935878
13358294
14011429
5185406
5993897
9362673
11330871
7790888
6737616
10561051
12604943
4477253
1619175
1727541
9993552
5834305
4303942
540353
14628337
4217434
9898041
7199747
2055123
7738875
1002551
15274683
8208302
2225231
396721
10436952
4499582
3750472
3167917
452276
6468056
15013010
2625057
13383341
7799466
14873883
4745396
6680922
7097222
8398391
10037119
9453199
8015969
12700029
7452313
3232109
2162311
14772687
6197196
16203962
16340574
11390841
14877961
10384871
10339170
9259770
7269035
4047306
9895937
4964907
14637219
9894716
3017064
364695
4441465
1118544
3580181
13157005
9257323
14454024
382422
9950611
14614407
587379
10537717
5293147
13844914
15381871
15242114
7419876
1326000
1759223
1051671
1421711
3115836
6291864
16173834
14917648
2023607
1221
14561364
14272524
1256771
1898520
9398035
8094460
4474741
5936157
8578103
11920233
16649618
16605044
16222895
9321260
3552466
7769367
2664554
2228557
14055871
13482891
2171725
16714290
15453388
11569808
2057877
811708
71776
11976133
12969805
4561084
15554451
12662843
678009
9972311
14233780
3461877
16326358
5168029
6096540
8783060
12507339
3131878
8856097
4257048
2460226
13937430
10523497
5991664
12670353
14151581
10643024
7411918
10459933
14641679
11498031
2695265
455424
12320693
13231683
306962
16496595
5582139
11042584
14026133
10455954
9065750
14175338
3346818
5274211
15578182
12540483
4053811
671652
11728668
6347072
9082083
1267077
13181916
12158641
5258434
16305169
12811345
8527408
3568188
9989775
15987339
6273582
12761983
8437619
7649544
1877898
2470462
11936186
1976834
12464315
2912655
16405060
15407157
7616336
13833921
10710050
811815
14516740
8399570
6265111
9975156
13733443
12818643
13686748
16157296
9344547
8540501
15435091
9350070
14104606
9841313
3353240
15434039
10884084
1770676
12523358
12514585
2619668
4827051
2381775
13867159
7909840
15184659
500627
6804521
16127182
2310479
7160224
345103
11476128
10256469
8901929
10189667
16087617
949766
722205
12607998
11245896
1397297
1800350
11284088
15767230
14196084
15524202
10983020
15961009
3499827
10132810
1366029
13727211
4007116
13366532
13718840
11670998
15000148
16454297
11585599
3447872
9517276
8253175
13899982
10978853
7952163
9467462
16093139
6513871
11938429
6611168
12575329
15053589
217786
12569887
587730
15045076
12024374
850209
10398500
2386137
6125694
4809498
12621892
4949639
10979905
14074544
12698920
7355796
2740541
3332424
6357891
15348424
12914533
4432520
7499234
14051812
10142554
5285491
10748543
9498360
6393382
5442
10269379
1982711
13159033
16547521
4646576
5441757
11534516
1392522
6574246
13789575
6443114
11160869
4864240
3624108
11334003
9366496
997905
4202117
3031412
1925371
7849190
15672721
6903487
14827264
3303269
644193
15702110
6546621
11842502
214190
16269930
10531859
9949656
3520796
5013005
15867575
15677512
10358462
7562929
8026898
8925335
2819005
16636867
12307745
15239724
7131885
2138604
11686055
13162928
4168691
11831885
5635446
8172972
6259293
15935155
9370168
1415212
11291439
2890212
1310643
7074535
12749134
1322374
10892082
4653284
7268064
4108166
3454134
1433127
547443
4003552
9231110
4389282
9504981
5972661
16167189
6582478
14779913
16664171
3331002
8609240
1376111
6510292
11416325
647601
447236
2283476
12718090
4216904
6951078
12601790
8795973
3899370
6667831
2587436
13812671
5834937
16174243
12064103
4815537
12968162
11308571
3258449
835614
15536024
8002749
16313019
3251476
1974193
11091580
13630711
14002916
13342031
1866576
4936368
4739511
8843852
12142399
116300
8034452
3051708
1737479
6208537
2700220
832894
15836715
1748567
1019399
15819602
755532
1557088
12132548
8386068
7869221
1332596
12284548
6028555
1024959
2234286
4781278
10363069
7567655
4870067
8602520
9832724
9603970
4623211
809400
9090690
10992342
1825915
12965009
904585
2985343
951652
12427015
17112
13606556
12075832
3687054
9179465
6301388
10799952
8715040
1840665
12921158
5853782
1247277
3275410
11476632
12524732
1760549
14544931
7879618
3979309
4826844
513280
6244389
11597006
8739202
10087757
15650573
7816877
1091090
2968230
4155097
351183
8943579
4427091
5774443
5500623
13077945
4460723
10492315
2861258
13206909
9645747
11187151
1336066
1514861
9545221
448634
10394761
5521607
7366338
14544920
10039838
4387599
12966633
12756434
13535846
4800187
8485862
3661780
739907
6638172
16538006
11386741
3442955
3962667
13927241
7621829
10216687
8063814
846567
4287627
11870843
3934406
1641930
13500953
3733620
16637135
9892297
12659842
12291770
15592260
14191808
9896925
7661754
3969966
74092
9874066
4060280
1847690
3933774
6163167
15808738
8378859
10073020
8434647
10555980
1666947
2578782
1732580
13002972
13722162
2645697
10983411
12814307
14428317
16222177
7883779
4345365
11110038
11081554
15008366
7930506
6025362
9822833
14597689
16719687
10839923
1743811
10510634
15462474
12364916
8703667
3177611
10436400
4209593
5855865
8823400
5473976
5666621
11700403
14633081
13521376
5027381
7374755
4930527
5886472
5112139
9415746
1950520
3179532
859712
5185533
5946338
6115676
11596431
8657397
2012573
12187450
6188896
1806966
8088383
14542037
297594
14131747
1612999
15545618
12802765
9736518
7650895
8955246
6673022
7258326
4394368
11754430
14876137
12324782
3935952
1932607
4359554
13574988
9846715
11554036
10399103
14098941
4103103
16218982
15082022
12819127
16712588
8456860
14122893
10766637
8732557
1561976
13942503
8686482
7894723
3847519
15677017
13006090
364397
7532112
4995709
8879587
7818478
12943530
3768748
2974485
4699413
9615518
3175885
8361294
7450933
6793642
11630440
3897497
16316395
6625161
15506235
1749471
16534304
12560917
9437655
12659596
10477254
10094984
5622986
7502153
3483121
8144904
8010381
4098331
16523635
8862180
5110838
647513
4047637
10963231
16608601
13148119
14778106
8995764
13540855
16166957
7287248
5005279
5201263
10370444
6900858
15558839
9121817
16488229
2083662
16152672
7036609
15588622
2415382
14288083
16301773
16194791
4234790
15958202
15797494
11679641
618062
6761128
848913
7709519
8798645
3416357
12220785
15421150
1708516
8535576
10965694
13726805
10717941
2255945
13862148
7222630
13475176
9779146
5255139
15918562
9540809
9558527
16096849
3030592
5856812
343571
397297
9365150
11143659
4839885
6634248
9718544
14772484
10046077
8102254
10187496
1707841
3685209
258976
595232
10431155
8709749
12478178
3495311
1394289
4083002
14581012
14366615
12851857
12506613
12435234
6510217
16315236
15753278
2633295
9105183
1813433
8170932
15344423
1425115
6877402
9201691
14229811
388508
8338236
220565
9928519
13726130
10064055
4162748
730575
6935844
3118979
8395176
1527820
3837675
3844665
2074399
14544902
6341640
8804898
13491957
16490442
3013572
13939845
7075884
10570761
388318
1293530
1946251
16618826
2292414
863455
14009246
7269989
7225627
6966511
1569291
12995555
15741731
1043769
9145400
5408024
11894825
354030
16263422
6102774
14313026
5883022
1052945
6661199
5791325
16362113
5218078
9252812
9355047
1585874
4428030
13193014
15811116
13696317
2609580
11832426
10447828
2846255
1504218
11040073
3838300
525522
16463676
10333707
1762465
8791369
1758123
1595570
2851005
6183920
5049829
7651827
91696
14114354
14056641
9152034
2810586
3632204
4824782
12972034
2584758
3345233
10583434
3978690
3248489
12376846
6131727
16217756
15817955
978696
7189918
6118114
11376578
7672306
4379103
166894
1743884
12384204
13355742
12009179
6092223
3548996
6208706
3553183
11303768
10424437
4327252
6648553
13660967
14093069
15002121
15416069
96744
15016589
10460484
3840734
9172411
956551
4831357
5503361
6412119
16327613
1739011
7013203
1731942
8804900
3621153
6544705
2095501
5610265
1603993
15152561
9055229
12594270
16035931
4655215
9376991
2847704
4259953
10858419
13996325
16795533
759105
8869531
1647697
9503933
11622897
3669050
7157952
1117265
3764350
12012437
14595670
5547632
3392050
7800758
2512919
10624409
4940712
3752940
9168557
1623243
11730151
4400014
3217279
8991747
13008783
11132093
5661380
4274421
10099314
930313
15147835
3868693
9860155
10592168
14959501
10505632
16714701
11955516
15945117
10830239
4423907
6794912
15648234
9577642
2860045
11373499
1455852
15930990
4636310
4768542
15215965
2738403
4004752
4698707
3330367
8734362
1032779
534586
1740106
2034141
3683679
359187
5719192
16164524
10687467
3003985
7174036
1687982
3335129
9150204
7795526
11656266
16548388
78254
8121790
16352577
6737189
9300830
715025
1897907
763790
6320777
16218037
7883911
16279449
15409302
2797775
11612159
9464428
1380919
13124949
4329156
2285241
15328728
4794008
8999485
16478856
14833832
6505977
4292384
5215337
3520791
3534476
12809331
10151066
11434480
15637552
642802
4340560
7007768
2489871
9689879
2654849
13422256
889656
4667290
1748394
1416856
15297210
938791
15905679
14606222
16345149
5899277
11463393
6770176
2493507
7989992
5422015
15598707
757908
5019527
10179726
4713516
13981780
5311784
2897440
4433304
14962932
11460682
156439
1681136
4603743
14797559
7477382
16282800
1983601
13423123
14934699
13304509
1403643
5809922
15756350
9574973
3405769
16086922
13961682
16318322
7232083
13016009
5418981
8657913
7847748
671461
14429597
5351996
7158853
8246759
4276864
9085316
2660458
14782402
6817275
5130944
8617478
6667779
13961622
1292612
12019480
4928297
14358160
8638671
15017673
16479429
8226811
3897448
4658358
945673
6702861
15384171
971781
4747519
6841836
15109273
6126129
6182838
1075131
10687058
1389820
2107983
14881562
14339515
1968443
149495
3782843
7324866
11458300
4836844
3744453
15994330
6720625
14688732
411859
11120225
7624590
3084658
9808107
6084188
12587413
1955342
4345855
2672509
11234911
658998
14034141
8052591
4793018
11580669
8419017
16473827
139540
14732066
6360192
11453578
1304716
11559519
16193934
8077490
14926220
5865721
15582471
8213920
2867662
9940722
13925639
1540402
3110765
3656285
14351854
9914904
3333951
3686857
1251888
15795841
8479501
2453472
12247095
932712
11441129
10496952
10113634
1299482
9230870
7414194
12069645
5840747
13443300
10328212
9305020
6712300
15611580
1445268
6901802
1327259
6829957
10269353
16612070
5809382
12935855
6468517
8663016
4348111
7820877
11411937
16162267
7546789
7822344
1750143
7629078
5945166
13879603
15312961
6039838
3390123
10780895
1741433
13345727
2534520
7330153
7859752
12424018
10087841
7228832
13442450
1525190
13634096
9947019
5947073
13956367
8587743
15457641
9864600
799365
274088
3589592
14412124
16727711
14490699
4680541
4929638
16715329
10489480
335586
4298405
6854396
4049895
7024801
1289495
6920502
14052313
13244440
11595089
8562651
10404737
3495430
8191637
12291250
13972797
7299433
4091767
7788378
15183553
2078527
3197242
12969898
1712414
5535103
7601593
14585370
11001062
4594051
8220444
3635083
8899212
9887125
1368421
13939393
9782489
4855056
7938934
5489662
15453224
8099659
12984534
10727008
2136154
892204
8199483
6184419
8925881
14626760
394655
14827175
366113
10275660
5368305
16550566
11344042
3007542
2168446
3169498
8308360
10946840
14880183
11769820
104636
9126886
1803979
4292827
2015353
12452796
5118648
529735
5963504
12092330
2527525
8565256
4579843
10382723
1593283
6712227
10064167
6928996
9458870
13239069
11545139
14974284
10185640
8174543
7312703
8031606
902836
13348541
10842204
5753297
5769360
12621810
2915053
6161184
11787699
14099138
6489291
9836319
14812211
10011769
3316007
4758323
6971973
10481137
12932077
11474288
14063357
13635099
12193857
7098107
15666950
3370596
7661581
2154033
3075227
10774163
9802923
11959539
3382700
10833915
15451765
16418177
13447631
1429435
12285414
1951380
16096928
13287523
2323832
10053888
3039796
5448390
8636247
12307685
13227781
16106978
11893952
6965250
10581670
8823261
16246527
13512916
12908889
13697419
4964631
3729209
3194982
15779008
9121295
3774524
9999805
9825850
16746284
11496251
2142508
15807891
12241069
6043040
10247727
9488962
14031162
3345631
9030610
5142789
13027254
6262531
5525308
3070690
7528723
9682275
8527893
15162629
4351805
9179680
6305956
5995624
7221435
12033979
1582723
16105446
3838241
15313555
3486862
13551913
11868702
12909468
5560164
15365628
4625399
2705616
458352
4691892
7128378
15381600
16427482
5760084
15543808
8456554
11352798
4979615
5330470
16158213
8856673
10969702
14571766
6885498
4412900
7925990
8195737
3079169
8422104
2899849
16058373
7387394
3795269
9116595
8284069
2854548
14907276
12547028
8190759
14500273
5074411
13981815
16647793
7970928
11217286
10564193
15739605
12004586
8736463
6974289
14199968
14584695
6556801
2449296
15499762
13947252
16313887
1099408
16444318
1034709
11718100
2745298
11716846
940721
11019320
12547042
11473790
13020523
7472617
6822465
14662481
9717003
2764528
6083599
4844844
11826221
14441251
8765316
10418139
10961768
417487
11750671
11698454
5223070
2945410
14400353
14312935
15279177
1994829
13699020
1931384
10777379
8535978
15979805
6276932
14808798
5074425
454845
15168043
10369134
4057936
4382402
4872159
3551828
8452349
12889529
1408082
16093004
4151348
15477468
16073315
7807938
4608781
14108102
7720136
279754
8209044
613915
9151313
8027451
5163041
2761579
4500446
6340701
10905380
1625607
16450756
11515291
13206909
6589161
1300495
13119629
12740054
8792630
2143745
4972866
4541701
15354136
19689
13153411
6672207
14578734
87801
4329027
5899057
7106221
3741961
181593
12260874
6389734
16140525
11435861
8666200
15488360
6699946
12003610
5228699
5665115
6018316
12700801
10659108
9317866
10975884
3570708
54449
16213131
4953177
8198290
8681928
14864477
8869130
2343180
8679676
5595101
13200586
5717464
11655348
9965748
13464590
13438534
14533535
652165
539434
9276111
6063181
1034831
5985294
5141419
7619528
13510451
1724917
7088400
5066936
7376273
11231052
4469680
7531203
6898701
11942681
2142268
6184800
15887550
1756115
2962212
10749754
15848359
4866395
10830334
12242214
12812424
8702620
5257424
7202505
16314604
3290817
921762
6028824
5088364
3416502
531128
4247034
11158644
8470869
597256
16655071
4332351
9336999
1192455
713900
8668652
12999674
15836109
941316
2717757
10709338
16729420
3606144
8863971
14741235
2788310
5609919
9198017
1966607
6280743
10285779
10815974
10118781
1301216
841329
9067858
4673780
3649778
11313574
4138518
3873778
11266136
3618450
13281868
806302
14301313
3530856
10281917
930290
1021896
11725133
1845367
1988185
13431355
3254052
5543218
13435224
16139176
11525758
7960634
8775483
8984563
5778164
1050922
9240957
14001552
10367805
535262
12389521
12660958
520067
7401911
6263354
1930658
5554531
7334386
9174543
2508960
11170304
15894924
15843712
10907299
15401315
13254967
16806131
3924877
6630981
5474590
7363693
2541195
14795990
3528081
12357126
8586613
7493118
8705695
14225552
14516848
12628715
4987610
2201124
11202930
14460900
15738969
9566116
3045571
8777602
10089619
3475248
12876526
13107130
15202266
10911169
11476438
2427506
7135061
9174705
4089785
3292121
3835612
2797590
6209377
12844964
3651431
6974581
5589791
8690501
9237942
8119244
1425785
7336710
3272155
1636814
11415329
6961367
12090017
12183844
8514597
9596010
886503
1965357
1630691
12774759
3776108
14915254
15147722
16456461
5339093
13905716
13892744
3604169
15956160
11848317
3058693
7574451
14546640
14280548
3068236
1901232
650608
16598971
12731382
8924309
2160318
11845006
11060290
2494007
11297340
6549240
7965319
4921745
14999250
16138959
10240558
16743169
5379681
1242005
2563716
1734924
10563077
2044427
545476
4185229
9915198
1391666
309735
12645408
9433459
3279265
1783370
4339820
10242173
886376
14674020
16476312
13161186
4511050
7142209
6375595
8359991
4439881
7294707
10869602
10759277
8998553
9982972
3644757
3292449
519289
13802969
2181368
4742750
11767331
16489015
9883311
8768207
13840470
6665557
897159
5650613
896994
6475801
10575862
338711
5966490
5137623
6785591
12961059
2702328
11694409
10103910
10490604
15106155
886629
2918040
1509624
9463683
6651789
1111080
8390059
14649159
2502354
11669440
2999123
2648544
15831274
3674568
3993377
1572083
7034879
11884751
558283
509311
5438239
6166641
9815431
2435295
7704703
2857149
4825244
13398254
5020801
7572564
9400051
4036467
13076251
398543
1073624
4616151
15418727
9334140
11650035
12467331
8451687
11938076
15465168
10062711
9253209
8918627
1013800
6525568
2250032
7005163
7503880
3002944
15271939
2761802
10223571
11116449
10449869
14062681
16611724
984334
7109834
9001508
2962843
4263620
1789817
4353005
9776117
15564917
882453
12325480
13812164
11002497
15298388
6546541
9048910
2727641
2472115
6622158
11635209
16057088
8543225
545598
5392894
16769010
9121934
12970891
11314726
5269055
2756367
3413736
14831492
15459735
7211690
11223359
11297504
15648422
3470552
14260638
1752753
2493477
9640613
3069143
14567107
12570747
16687947
15040273
3705953
15838548
14888934
11089611
10664194
8584215
8233664
9232003
1257804
16466400
6018044
3704510
7247564
16720154
13012046
16221654
4162231
4176789
7752807
9650387
13895669
13590596
423545
11297131
4736370
13879867
15804718
12140355
4668314
849398
151338
9426343
5174354
6304719
2855946
1432191
3129931
4380785
15827480
10166814
9218836
6107891
7502465
3639431
8361443
8835257
8468847
7125365
2894640
6775732
5030362
15212059
8854225
3353679
8105934
5209536
5015073
14955319
11989017
7855492
8288565
10656620
6570396
3742163
15788308
11088682
15028233
5576638
11971949
9719588
2664349
1382925
10359969
11280728
7784105
1236078
1744137
1693115
14708524
4492582
14731507
1676683
7106125
3644689
10952127
9960615
5834040
9773102
2470274
13945917
1285095
4546402
7481833
8095235
1327451
10211670
15926734
5308644
15525809
6392544
16169620
8193622
6212341
9123891
5340111
6090990
15951076
14061556
3771608
13031841
9999977
11086818
3338077
13955511
10424170
1179025
3293861
8698123
8488006
14733872
2267604
9999861
15832472
14080163
4782022
12828807
7299382
5337710
5949025
7332187
180202
7045728
15467031
121351
5786336
8088556
2319381
15532756
16675099
9494791
9693764
12854467
13276168
2159052
10661649
14339568
9501019
1173510
2234039
11101666
15711401
800962
5217839
3003665
6780781
12057833
6879782
16777195
5157507
15713298
4478677
58851
13872913
7378475
10415491
7063581
4026978
5438111
5838992
16434153
8832144
3338232
2192818
11550121
9468033
5291659
12105529
11012874
14885631
14046598
5883826
12707736
10830181
5773527
12933884
2617107
2703845
7976485
8102038
5098656
14453906
13910203
2256881
2612851
15965018
4977380
1224589
4402826
13415968
15114281
10044855
9895543
10680199
13711159
16254593
11068680
7216029
14868932
5129048
2177895
15829937
12723820
16583853
4016594
3069682
4957399
11325069
10218710
6136100
11001836
2841775
7644574
14755186
14089502
1388262
11562192
4174933
2920309
6971492
3520424
237601
13143696
10450951
16421520
2298650
1385661
5939632
841654
11652515
5018749
2404043
11813343
9654138
11626454
9501526
5464493
11434820
323233
7376934
11105046
8860171
5562274
6256312
3192994
5718089
15277953
394220
654508
15296229
6441316
9879474
626082
6648566
4868809
6285408
1456995
6543147
13534404
15247612
12452693
12174612
3391110
14925338
4189645
12805155
9178293
10701079
329773
4076582
14428181
4848734
5667177
16654186
3591880
15412295
5063580
16791725
10762904
7585035
14670147
12406271
814185
6954194
5191571
15135663
9561005
15632905
6703974
13973313
11856502
14337356
7984967
7395956
5747045
6102086
12475381
5101710
13082899
8094560
11022926
14583995
1256854
7064883
7394126
3610155
452910
14288546
2121578
10970154
2574370
3519472
3018220
15102043
10006710
6368667
8431689
12397693
3776402
9176619
5988346
264066
4393831
1882880
7534095
645334
5632708
184341
6692305
11112425
6837706
16571563
2993389
14456699
2415493
