#N=1000
255677
980617
693220
680248
280458
289607
503630
334750
107295
550731
594437
632950
718979
813495
644579
242286
725782
383951
934928
271077
975412
348274
648194
181243
978042
932120
638439
536473
685150
257995
166900
56930
700159
403613
176617
427209
663812
434400
740313
955847
831753
780943
988371
476693
87713
260628
307359
936205
890041
68153
104384
794169
370233
197575
542805
923070
728471
861944
369573
628219
557837
244788
880314
754451
221301
223718
686896
189466
602648
440871
967477
836561
174729
209243
169333
633010
370588
720707
313321
95871
697921
388310
732865
447164
469104
680861
34997
100252
785608
606286
747906
284886
504987
656595
67555
31835
102571
727526
703491
247588
747643
758233
667227
541720
320156
930128
801189
756217
22786
406512
844508
732257
919206
52004
412167
850353
376754
910213
352346
500722
101298
572812
217331
473152
554024
821531
809846
336484
461384
945258
580361
205922
919578
737100
222032
563940
907342
394677
911710
772030
487307
792504
320090
550354
156751
983456
498007
876033
808914
261035
764891
109647
18788
877302
144806
699040
841648
864589
756124
255461
507181
843262
983891
355638
311258
827356
133730
616813
907371
600707
933441
418454
117253
818135
533848
280719
174542
236971
592642
180767
723748
887590
446342
319748
517155
280218
942917
586186
838908
912862
271571
151543
13504
638036
703408
175946
919986
533024
164872
970418
964955
596807
366107
836535
643593
296876
169577
993776
513224
705053
215926
404000
851935
647624
858333
930970
441311
30055
314615
168865
380858
115035
929637
319058
718051
170384
11074
431069
49569
568066
604311
128420
953214
550731
148457
649818
783653
464525
259350
590725
334619
568302
27168
920966
206313
828278
97854
272446
130697
199580
720730
61800
878486
759252
307984
286982
602316
924509
308259
402650
96353
535080
979964
303396
767079
165433
390468
674429
129906
691048
563557
413653
843490
198891
304612
415368
697580
898275
33217
550398
802596
961478
753816
73003
638437
864977
460224
199666
828156
773179
422687
792958
249502
296030
394428
92649
35527
180921
592373
716253
329059
364666
590542
428121
501311
406337
382151
628683
577180
71739
796583
211092
804542
370340
612780
438771
518321
687046
258480
35198
5177
608157
880030
156853
260503
213507
981778
319275
851862
227707
607212
900939
344855
665706
527471
354129
310658
310412
313601
847589
748699
907743
598313
847271
852020
925735
661792
483123
163369
131823
636670
848325
347654
666523
656577
422729
843147
754070
193564
950924
364353
423007
854969
472227
355048
698560
40528
944571
43213
405858
249275
382929
55723
154079
185479
850398
243866
11469
846454
315045
784170
970148
191748
406426
304877
902507
229165
892223
871218
252058
577456
373627
67959
156409
431698
891979
136846
116171
695295
660285
350135
576697
197450
205326
910214
655511
485445
928822
227300
876307
123297
377743
146771
770742
177261
412654
31289
458608
796268
979092
184099
421047
941929
657482
501063
315527
678184
476562
766037
118598
944336
626309
666483
541940
201382
462893
428211
609139
805525
331057
211036
834056
200482
215617
739453
200154
616387
533698
756010
375220
37163
8118
919985
626402
979298
506002
30991
559586
13726
621228
933617
402396
424927
203590
113729
73744
138869
578654
879604
971469
130575
995419
576104
481828
599231
205755
444145
722668
496535
747892
455236
410762
28820
895483
76910
901213
973777
891265
625970
611331
196301
730027
288667
351182
546221
535075
675642
648902
929580
884185
876866
648748
396188
370349
37683
358064
190720
696254
267431
85773
200571
41254
815352
127608
921707
185646
756744
362446
694963
377444
322663
326620
665306
235093
157041
378820
86996
791458
772036
280832
487997
506517
92565
519625
661129
341429
90632
104947
977184
226177
751923
72963
119547
629706
852365
40761
972185
379300
521283
849844
712138
569071
169579
767987
148096
365584
606785
806165
784962
265519
669768
449872
326889
751136
428993
556182
845747
345956
834526
904220
588131
122217
702100
560287
139022
473065
519479
122340
148663
952213
680265
425652
902476
285496
161202
823433
580623
341266
136397
816590
420131
400132
20879
252207
386890
564538
203157
941528
757826
712309
683621
27844
464696
229035
40808
16681
805903
48767
923577
723011
531238
394769
264450
79043
704874
301437
687035
245533
402636
217766
795711
167923
13242
456342
49050
445363
806713
972350
257906
211482
247613
936087
987037
448014
423133
992042
574606
564392
999031
528807
458561
452195
171396
444514
873509
940841
898802
469269
449823
234712
204523
339368
600374
49380
131130
558201
668957
76731
724737
803321
224446
281099
512954
994996
873409
340241
474512
527300
105831
546836
357411
14046
578686
712057
545713
885741
491018
145589
264746
110455
115839
636644
689739
42173
380424
54399
833465
347137
852286
925139
290366
229451
407691
654214
1984
827610
234410
927677
169889
91785
449650
126855
468334
174446
221039
881625
620995
380563
511251
628103
902218
73666
737721
116839
208709
514787
202114
389827
56771
104335
517447
117653
708968
61582
419804
74308
657721
142625
959527
524535
623452
275204
905817
68210
553452
321977
370373
474393
959847
919086
371883
266878
864958
222933
914726
300383
939517
579280
353880
420618
876869
937366
697850
634660
403862
277179
596282
614687
519174
165823
618719
36742
721752
65340
697837
560560
843632
932789
102510
174468
535629
148949
352153
46075
764918
335445
946503
518899
183912
416515
204269
242209
533503
902172
519878
270676
758006
430459
995969
963933
444072
553379
338905
161192
703210
246549
458050
669163
878660
953561
822316
971055
865533
498209
99572
246019
633034
529988
796131
941704
364513
302097
203831
262827
144166
89419
274708
794074
467888
442590
625027
764381
331670
573857
703142
34046
849391
504490
328348
907606
569529
805608
352983
619514
865176
569585
931390
691330
646976
494033
219373
101686
639432
595913
988119
350093
103032
313619
650547
703508
592421
532671
61238
297623
205967
198652
187199
941786
416462
522741
36123
950015
940433
783398
169625
173845
922610
918857
953458
545290
336102
104961
595068
289338
492880
156000
181047
399525
721199
117876
123769
294797
808205
862587
591925
745683
263691
664458
905663
466447
63809
734226
261890
766587
860789
250769
220388
858821
64255
329997
431722
46764
612081
439068
589792
574856
434801
63171
275756
907903
791172
261183
702873
62522
80395
408968
840021
797245
82149
652937
204557
297223
873438
11121
27699
483468
668015
371891
908600
17491
199417
992655
456972
37225
4267
526621
780601
8399
753500
14572
205030
728650
662289
775406
704003
283151
326819
668584
592687
266427
779500
674937
751024
389970
824608
655809
574869
650524
172474
397446
42019
643692
988388
411852
738126
477368
773122
766028
284870
506351
833785
429625
506147
379137
448587
35419
171965
541893
889085
399251
515403
871031
331830
95215
815101
174084
964835
658924
90004
528783
409059
630168
387067
992520
638731
972099
673999
748271
932244
855246
