#N=5900
30544928
31681413
11711721
25683788
26818152
17739602
25181717
14553345
13085395
1992870
28502280
27013795
33048432
21587265
5355144
32518947
26626658
8789918
32482097
33886415
20968956
1232447
17758132
23927108
19060070
9392594
24190543
23239270
4572292
6827586
2892357
4861139
28936848
28782119
502071
12264806
28727794
12452433
10124652
20881600
3754439
6915015
21658651
24603072
29770608
31375226
24110437
16813830
11894549
31249650
16128283
21115434
6245964
8365537
23810152
30630801
4820302
6626543
9610499
23784739
12700739
32993826
4359068
5935627
54325
12123225
26213741
7846194
32771581
3209637
23296536
3224954
1217994
25093426
24566222
12956778
8744263
27670788
24759134
14852702
14267272
31836332
32115283
10425164
3545235
6447195
10283888
5109150
28735804
11426674
19425671
30838699
32939501
16309430
14531887
16281718
3425231
23004103
8623245
29546627
26065230
33013111
2732319
23071217
16349163
31705435
12271231
17965148
2667102
16996388
17547419
3842108
28291097
14931674
141276
22509672
12521391
33667215
20493480
21970692
2560760
27189827
16306811
5921369
2147785
15601371
7658473
8688605
31748874
10420135
16077894
2994013
5927534
29910472
10799986
22457602
29038333
19348429
417728
22898581
23515292
2615745
3700832
5781425
26483870
1284062
26089779
14624286
20370041
17377239
5663881
20712978
14305628
705440
33072897
28269181
18662498
21311925
27420712
28754860
28566188
10241009
16267614
18279933
872139
15525143
22039873
30213339
30643138
32611984
19197749
6997452
205462
2416770
3765233
1123170
4987608
32786126
8960405
23730650
3071611
4958440
22450082
20846447
6116529
1024558
848469
24717638
27555738
6443289
1750832
10286255
9368870
742471
31050060
29542388
19692006
24237890
11015590
23645686
21670108
16780979
27305806
23155879
21502749
5789108
26972766
5330545
29714515
4001964
1280568
6298751
22915498
10689110
19997978
16208892
32352408
18478767
12230392
17269483
31884420
25081948
14046195
14636483
15860466
30885757
7790384
30856321
26641368
18308198
20413467
33324230
19351817
21516698
30993114
16172204
148180
12234387
28123564
12679350
15896467
14665045
21110774
30780193
2410289
25592797
28052086
15082925
21404348
21958445
3223287
17247937
9221482
7234025
30919686
19814146
4244389
24292187
34516441
28127139
23029968
33706770
26404703
3179613
10632104
8022312
12122227
11542417
31147921
13458519
26378577
9189861
1518342
30327977
2728106
22137365
28262036
6093641
11859637
4156411
2000549
30799263
21138252
24217337
27063223
30701086
9371292
10927251
25335806
809671
25796022
19850355
12338252
18382391
15130973
33899688
11684392
33473709
19973841
11221645
1203763
20124186
6461755
14190978
26139528
20708052
10277727
24105624
28166678
15870375
17828160
12593213
27809627
14510753
4109631
16135972
29438867
8561621
9204815
5485451
23281420
7413631
28792969
2512151
30771585
16467265
3189433
24536334
21533532
23923241
4759890
21822786
28794659
9827289
3913250
2033904
16614961
29217353
30351051
15573465
12134334
27390994
32557169
937241
9145473
30358011
31004743
23953416
9353788
1791184
11502483
10032855
715633
1589290
34132719
6235251
19007320
14076192
19776443
34520747
19202169
19006188
17909535
26760755
17285915
9505898
30566441
1041496
6346605
27033643
7089882
11197093
18245521
26272745
28816086
20002058
21004223
29213559
12450933
34130934
1075551
33986780
10710137
29290382
17391971
9320112
10532395
8560160
18947610
24843842
16611211
27251415
25793859
8403637
20267901
16244419
27232880
27606384
18025200
29959513
8788122
15627138
6454594
33053464
5268522
34412527
31624712
10946876
17401594
2537740
12684383
6595169
16594809
25463611
8021573
32905398
25182503
20498553
26758949
15769781
23123570
8207574
6983514
9549440
5244344
16735103
22292806
32083368
18818262
2398062
12768505
10544658
34432202
30925654
25502339
18395233
17010933
29086972
22336080
10806425
20752932
22030772
33383597
7762998
281108
11596607
6146448
33486309
21448570
7814961
8786267
2837716
2963229
14321998
22066635
32044564
32726842
19894743
8578449
32347191
26849448
5916437
9115906
5300555
13914721
31225368
30869154
6204508
8334040
305307
1496415
2253520
11013250
11050576
1616549
1604800
24958037
22405074
24700042
18610854
4851732
18537856
15581082
29802253
5668743
2171891
12729701
24453238
17118882
26735598
23231285
10812479
26811717
12700538
9241401
7710213
22891328
19827433
28781680
30154107
13365644
25255840
636970
9408450
20902539
3285062
978345
6347183
17553342
30235773
27103359
9859480
12869113
13409190
6336137
5289092
9126596
10067690
1221953
30379990
34733882
34604333
25644664
19101503
24619211
24223969
3002120
16810808
30535376
27599427
29517136
3957193
4353300
21425495
32503692
14555356
20541721
5552573
3317410
7693862
6630246
13694169
27596929
31653608
28356181
20342034
28140726
13556606
10143808
25501207
28808913
15632379
9985122
1420695
5362969
31881989
17762180
34286281
22103673
26578182
23246126
32165228
30337089
13871531
883773
26951119
501532
2111445
22995914
24433242
4170519
33860226
9411574
31328482
3512882
14799575
10198226
2639518
8821280
29321430
15516085
27388218
34342997
2176720
7732101
29960275
9778316
25993999
11040155
24748445
20314680
33448182
20545041
3385969
13369999
22845915
28028792
10878290
32750927
13209275
4285254
31725625
30347344
29422000
21130256
24946950
30051881
4950382
21933434
16243063
19052020
2602951
8919702
28456308
27208404
16548103
18920120
19839872
29752905
1665559
28276991
16928711
20078183
21772713
10167178
26565295
24904989
4083103
6593036
25098888
17671932
9673254
10595369
29473980
23443706
16179873
3013516
13808818
9971949
8594069
7323361
14669299
10204547
16445186
9536188
7368532
21605199
17254561
15636467
12824194
5660963
30577865
30835120
28322889
31677725
6084074
19972259
34616101
21221172
31729783
3767105
12271538
10303135
29225497
26460464
9634888
30281511
18493033
6485457
30112651
33199523
14951762
5133111
2836015
29649988
27091628
15805652
32854591
857184
19868603
6062661
12148075
33710141
24751045
32424217
21135210
19672903
23052477
20112582
33023221
10690233
9351609
9884661
668247
33753986
32041018
3149431
168860
20103511
15607282
14243126
30363508
20111775
12851484
11103950
20868983
15498030
20010636
16055516
23519110
20968462
16121617
3797445
1838517
5078142
9371740
1022628
10723269
1625829
24559
12402146
10021986
10407623
12653644
32328817
22848712
11937506
11615736
9999321
13813590
19569094
1391642
8523144
23316378
32163455
25903315
4813467
16052507
23115760
34743900
19721665
19129945
307060
18499292
24889476
29164874
7745910
25071655
22394710
15677430
13690523
34558503
12503169
11632498
716137
9976667
12849390
22197503
16120229
8607679
29364033
31062716
4038188
17429830
18502911
5374534
26861141
28953155
31140843
3985815
23700425
1222373
18314056
5952187
16967
23891407
30843751
16142067
644718
22646208
3174261
2058024
33842365
26600089
33593109
2592221
17930025
28315298
16907056
19867513
4569491
11934203
1823391
22737241
14642275
24359756
9043692
12138912
29326317
29918470
9745345
17748238
25278992
29232650
9918436
18684901
12510275
8197543
2231392
33396695
12877429
647759
27348503
20513730
32743650
29351398
9758752
32872513
23745806
4972853
7307708
5905837
21365515
12273636
13693549
26576950
19107026
13935223
2393567
11578078
4639477
15322696
7829802
30667678
5985961
25794480
5717095
13923581
19393701
1583633
6048191
27173700
2714109
32807106
18564
34681138
29679178
4785899
14828391
17839969
7680925
19107659
16285875
29598566
27976610
34568327
24183383
7528948
33369332
11144457
3748276
32855387
9336735
6108909
14214168
26872381
30474366
4133462
31948976
27030001
22943110
32124673
16418722
26916559
27201515
30042666
9116333
11839209
21178561
30530733
25627680
12892360
25941049
16527549
29488770
9711248
25272581
2302511
3780671
513945
1807722
21712954
7904805
17274355
34518131
10080706
18996991
3444364
5263939
34634304
10611279
30836552
4923158
10449643
17800225
15362305
32937692
13395601
21021530
8286201
28663270
33173718
7477177
5493387
15328555
16449844
5930577
24758636
494789
6141304
16682727
8606953
11268410
32634100
33087365
31073766
28890354
19172688
27643086
9237387
18974732
24235222
13036327
24370853
12321952
28478211
18414362
13915077
19542332
11921399
24882611
12433469
7108749
25837333
34372811
25379919
15955055
34599274
32149496
15961423
18946480
18858628
10329589
15004645
27817333
13914677
3430680
19652966
24271542
27481451
20274647
18677466
11913270
8631703
30030078
22480462
8935879
6492963
23842467
31182449
28886237
33855278
12870659
16538830
33955865
23847124
28040424
24067219
4916379
2554454
5631833
3941835
25851296
20488499
11573965
32237953
13716721
22816
23451906
29667663
15568181
11642944
23457389
24242808
23769411
23537114
22711582
12563430
12416727
14060775
18311790
12347406
23973000
13097122
12571993
9888646
8194330
14749555
18435385
974544
11513159
9216921
16441457
17686929
6771778
814735
8786047
18859059
19264636
11808961
6210274
15398959
11947120
34730275
25604813
11205980
383973
8650807
18325227
24142908
14161362
29288254
23849000
14084353
4902792
32632439
15526848
31293373
27309983
33292051
19343087
28636231
2445143
4890308
8900882
11986306
16360100
21050673
12648784
27939263
23935428
30363587
24604147
24814727
23609888
16954006
27690754
11051066
18563031
23846974
293908
24150596
24385462
15290148
22631092
32493006
29396043
17044797
11950286
33483753
30846908
3716365
8998935
14532424
23340209
11923796
34147522
12494423
31925246
6358784
3335116
23194288
6753698
7650141
31933974
12558822
22464561
27917367
20744
18486022
34271512
9077347
25593090
15966043
20704106
5586295
9806306
30722291
10271476
8233921
13748404
16314484
4449742
31885140
4458488
109372
14808551
27788738
9159307
32804545
34415087
19758561
26070315
29004877
9259167
4016607
1801664
28052126
28455855
25753398
27702933
7569055
23183242
9270381
30233323
14055402
30124820
1572385
16973887
28766992
27857765
5936851
1119582
28413957
6340175
11479751
25760065
16814007
28183652
13474333
30807817
29483797
10499394
22053708
16466798
16017042
34444339
121853
349193
20886800
2570156
7696137
1409319
33201427
13955562
28660938
31891516
1357827
32598208
300622
16910996
34253809
34406677
24449831
2653892
24336169
18106100
1549318
10079777
22773442
2974938
8754109
13016998
18555939
11682955
16344945
4931435
13557539
21625284
16726642
8741067
28252317
28550576
31631969
1309911
1861321
30872731
20854480
8520418
33154400
703946
27271166
20863503
34144095
30417318
1104573
3519978
30142659
22647967
25399255
9756443
19229000
31881154
20745640
2888090
32935417
18793247
23014793
28890059
28182968
22986067
11919099
26942406
15952841
759238
4529018
17414490
32528332
20150534
16059253
1554483
25443439
20927435
19758929
19887703
274658
13266607
12930724
20386216
3418967
28328101
13084390
5604495
23019324
1952393
14683298
4045357
25420280
24102313
16970960
25314149
7033226
423447
11676974
22611938
3040907
8452071
1355237
20237435
29517096
19205405
5869140
29629323
20652776
6492322
6956979
14698443
33921227
8676209
31375413
21888058
29382364
11131997
14994784
18973967
605700
25390986
11147984
24179717
17069086
5811099
13637175
8494875
32192541
27298490
10520287
6877059
13744976
16959833
3631880
34697774
22626215
34186819
11935930
5954333
31454682
22354356
7396617
1296755
3367432
20243416
6893274
10408397
34599884
24413799
31899570
11235983
32395486
5336884
10542542
32647798
8428559
10412272
32784589
14579068
13553514
28370455
27318765
13857203
18407204
4255062
12025430
16671882
2732137
13655160
22631302
19421513
18986924
11226788
29213482
27769036
20453533
6553061
2582414
23363900
16091900
26562685
24767028
34557689
20981912
130269
34673209
17923078
31668759
28487721
22070303
23769898
34036837
23063703
1831773
1735322
1522925
22443856
18114167
7384210
29478237
11404514
14281618
15291474
25583256
11924006
25186622
31899633
25271162
93315
22670459
16344211
5580773
24636759
23958067
3058833
3271511
30259075
30662776
31972448
18524471
23080187
21938125
32301515
21540778
3461503
7694742
18212301
17039206
6709653
17176179
14186763
20631258
2357612
24914853
17757210
21462845
14356893
33302761
33000538
29322543
32843701
16459731
2521940
21365248
17772579
31279645
30182650
998190
31656176
34107910
21032956
1539408
7740207
24606773
27402064
10495884
985089
25109709
2852443
10151981
14818567
13345497
26947635
4968354
34631547
19264449
12535894
19844351
459060
16540806
26800603
11478453
22760739
30125882
15256184
16774389
23697056
20148327
14775234
30116767
15631289
20499770
33020932
32054324
23621684
26365941
31717028
14906694
10291142
24316947
18014347
9850213
13523951
7683186
16506047
4050782
8068975
30805088
27853749
23790608
17853654
20748307
20295855
5986350
30502413
19181444
26072741
28390290
28590625
29085465
31905836
18386966
31688086
30728578
24410882
32788577
16074799
7400081
31702348
440929
56582
34404748
17417753
33546756
23687798
20510959
11007034
19088367
2215020
31179028
27568340
11867303
25055895
25187998
14723610
26185710
25400820
21060863
31294455
10203659
21470966
25250845
28786084
33709510
14653779
6274387
1086228
15633869
31417086
21371187
7096763
1319827
34790537
20980380
11803308
4599430
18295939
14638006
15593614
14421304
30196720
2380342
31953694
22943772
34597178
17736334
29701256
15197161
34399898
30117197
5491161
22571456
10597066
11775283
32623282
33829910
33740888
3788628
32610693
30097259
21390651
10189970
13590106
19454692
2684441
31975302
23815817
27948222
8514873
13213272
17277610
7252947
26666751
3480946
28052517
19400017
7410023
23657646
33779587
1092027
19520131
28525879
24758175
11577156
2107982
18098240
25292804
3643629
17207977
11684309
5770739
26009546
7505528
16424804
30448876
9546220
23460429
10602544
10670611
1261926
10620108
3060250
14010431
31340321
20144510
28468458
20430431
6317995
28211102
5253708
11143853
7942974
15681483
30733522
10357939
33274354
890262
13608495
21946476
26008432
4178780
24155936
19634256
22032895
27774376
19846332
33685610
22198503
24056023
31683948
22061496
3353373
6989326
9615559
10909890
13826515
24330943
15176723
19247729
20268127
13645812
15220331
21658622
6480716
19106846
31559444
11327877
9691831
9429715
21864127
30447763
6219472
31191560
23861511
23157286
5575873
19863895
26075248
137007
9966236
24694622
1709522
16517070
17236398
9358203
30543168
29388786
28136403
25604498
28100985
33419506
7165096
20187072
24909179
29962839
33488602
11393315
13537337
14054069
3210242
14746154
30659838
7135773
25615687
28071203
31892038
29512453
9897659
1380626
22501071
17522753
31531810
27161320
20783902
11921199
5295387
4938670
25361388
29526898
7702988
7913912
32583914
1275843
10772057
2779449
5689088
19434533
8183073
22864770
7467817
20148056
23940468
26662222
10053736
20176820
18173543
19774998
7011382
16448493
28732404
30149752
31548851
8874197
11129519
5108818
10633397
34652077
21309269
17447476
21016571
30500731
21215442
19068050
30396756
15411111
29406377
6897905
11966715
22845018
33734303
4879182
10094320
27837234
32562266
14352325
13165438
1725050
25852595
11671631
8973229
9121792
8283818
15703619
22314387
551029
18609549
27995922
2899092
14882125
31042035
1948520
103975
29877917
24471674
23498850
3444396
30634946
32047190
31161120
12750698
29970655
31200504
19815582
14671796
20100802
23309731
25567394
27561822
5994388
3387812
17343196
10880992
31806376
31904071
29128465
21725524
27801011
21027474
950571
14778149
1164117
1550433
11415126
15697107
17910314
15525247
31166863
17884248
26150122
24034203
17008703
15298859
11099702
20579438
23914402
27348981
17315342
22179582
34292212
19186983
30465024
20249126
16562528
34154438
28176646
32174578
20774953
13022862
19863357
34210139
3363023
9540597
7713706
19963466
19340245
26066
13448712
31206247
875545
10851262
12934501
20502852
26194458
7824308
3264095
25808407
27866769
32938360
15788144
3306672
26698042
31120587
26882481
8461537
13379485
4417370
1574807
10638401
9659838
10322760
26496433
7473144
14273939
7687640
6514754
12207585
33960521
2597449
7535331
4446280
19466805
5110193
17238756
24459637
14767539
5135736
10020263
13823683
30313905
19477558
11234192
18236505
7004687
11728696
30960317
26814671
29567533
26062048
18951969
2186694
30858822
8072379
958390
2066354
8537119
27990891
28745840
18777827
7204231
2425138
11281111
19080755
14416241
12103020
14439374
943856
9631831
14616291
2589491
1340986
12472871
23579082
11349775
4263603
16971164
4898269
7862702
16644425
30013227
143176
1228303
18056054
34345260
31851087
32204101
13832879
20786660
15584288
7496716
12197063
22818898
33988091
4641380
13472385
26544776
34633084
33164365
32364432
2143420
3083996
14064798
32282855
6607918
6451506
31210901
24400326
9695043
31793113
15416121
1220759
24681503
28260804
20661953
20512381
11064426
16619813
6336163
32663184
27575391
32392212
7555682
9346513
31516902
4818297
4381606
28990345
21753249
19343955
7563219
4670566
20549665
7613292
25145540
17017592
20830050
23491375
33057792
8474284
7111610
21965318
15368806
4169122
17196378
4042140
14176217
2474829
13118008
32827539
14371088
18228878
24948897
26810972
29038493
2526557
7138635
19847652
10690711
17082683
22867877
24023514
3598613
3532072
21593243
1654165
8033387
12355766
16379765
11092474
27915478
2942487
28842527
11326666
14066492
3985135
14997719
5422265
22913742
29699131
31952229
22370117
13263972
22422339
19672337
9190841
15909433
14129539
21053361
21477198
13484070
19335805
2430270
26018034
30308686
9237477
20084401
31750914
8513874
13437277
6323534
16588812
12949582
24857392
20402534
8644226
15881394
9372175
32353624
24617212
5698745
9529889
2697780
4073130
6512906
29616385
12211067
18505821
645469
1717556
19046928
11539622
13100706
17266380
5933633
22631358
24797190
30720711
14690966
26735063
24561282
16276143
20259865
28378943
33049585
11030359
364189
15337769
27747017
22823735
21919432
1625614
3016983
7891396
15935650
12080672
18234502
10493510
34268894
13179433
12690437
25854135
29679576
14542934
27279191
34096510
7940392
22135714
6159429
33224824
6475197
20255926
18036559
33303093
28014754
6975402
7356929
12350455
17491924
26121402
9070338
14028036
9763551
15009898
13730481
29515727
1885364
5055068
32613074
8414759
7573444
22221090
22648531
30393067
6602542
29217064
27937081
9525568
15660516
9977090
15188265
32055692
27051173
324743
25946164
4927885
24293479
16045527
27353704
3463888
5621437
28870441
297555
4321411
13124533
8675412
31712654
17544192
21555211
34465571
9839815
11990377
15618547
28241468
26529573
31886975
13556547
17959991
18410890
7678411
6999504
14863522
6109527
22123288
104851
9900637
1647768
20829591
34497677
33293264
27239920
1300026
5009493
26432143
7418758
19653928
11193788
21320670
7704376
33638421
18847023
16408348
20270805
7805159
3948506
32643169
2739671
29951723
224073
3547367
1568884
19686217
4022257
20282477
9739106
14085261
10212961
3164505
17663258
33197650
17547356
807776
17954855
20165566
4501941
10171675
11949552
1628954
2473646
15369615
13367616
11041864
1723428
11701222
29139075
8806784
21682682
23265890
28382839
15347857
34335111
5359993
9947111
14010583
10069516
30648188
31232004
11825311
9690735
16855481
4506381
32191791
20379422
7783180
8216014
2872987
31771615
20653524
12334925
26241783
13646187
1666393
5976375
27726644
14092127
5873185
4497532
6334825
23740780
12286431
5400746
20324527
30100478
3372510
17588580
33054206
10221038
3640108
31392517
12308945
31286060
20796787
23975777
17506434
85152
11636077
14611649
5529832
31080924
10668531
9528994
20729543
22384267
103190
12492698
31830888
16942405
16284688
25007666
27489840
16995954
2028236
26809534
21119859
17225058
3212058
25735275
32722094
7164049
10595730
23143168
3043212
9975221
1603286
2894785
18628907
4628740
28016705
30810839
10351380
12357851
9425803
32310432
14626966
17970786
20281597
30896809
13526152
34098734
22979430
24753893
30686096
8876764
23597476
19458170
8576551
30858010
15139545
9578926
28194424
24694095
10803468
148427
15419901
31784547
33761668
22628069
29087360
4922440
10648621
2114535
32540886
26265018
1292421
7803744
4444633
20992863
7917378
12845846
27486225
3366252
1156417
491512
24373800
27549467
4318625
33807626
26737173
14519037
22849045
28045997
33347781
13828921
25270347
27601833
2697187
18102814
11979447
16236411
7191555
19193604
24895700
14000728
21820385
15109559
34696366
15672374
17580225
28624713
953015
26994713
3066038
8416951
20246474
14639761
812294
24609589
10958581
22764763
5244843
9020123
26849237
5745947
11131734
7167533
4885972
10534362
10911259
16859430
15414298
17264414
32183220
9786141
14114362
30221598
21602920
30145240
3982944
25395513
14822261
27346065
6748239
12499864
7604657
30446886
3681180
2121118
8628332
1938457
30725527
23572482
21961976
19681704
24933562
24670959
31066275
22836542
29930065
17720432
19486211
5628156
3150051
26035209
22993222
8042709
26238653
31017408
15322979
710466
7910860
26395984
19741408
11111354
8818683
29557126
11082140
1742723
6205592
9129436
4050068
307409
22712507
32101018
12689016
2097020
29550894
13345843
3350331
24301909
3833966
17524589
6708521
19180929
34606556
16049401
27529731
14791773
12370133
13000582
15779058
31609507
17577300
14257869
24102801
31149547
23351534
26026290
32502655
29971770
21226930
6759051
22428394
20615487
26623710
34153174
33556690
5248985
33585463
9899328
6856973
8726624
6991620
14732707
26461198
19814783
3679267
14529149
33822716
4834213
30233282
25594776
7506706
10501340
25716336
22150097
33456893
28189765
4799360
15007190
7543376
24685030
4208928
12348807
11132384
10638311
567710
12920947
33202013
14122425
26981295
16197853
17075427
21986838
11053440
1195635
20802068
22918641
19105868
32301527
32137507
8995528
23952026
9430196
1118034
32336572
17350737
18449703
9909975
4187916
61848
30004570
13552646
28380618
1044682
22285023
12246299
21255286
20749653
17004160
21120585
29068044
29218000
15879792
1184770
12208385
16899768
12574128
25591135
34183926
32423087
22707311
7877494
26425455
16153045
17478332
11690183
2426407
7651441
14715406
25445271
6491231
18223473
15341210
5397905
14599397
1535370
30052140
24208288
15755195
11859747
5240793
27883274
17009614
23053611
23420643
21427251
6789428
4224627
2883823
26306432
5997632
30627853
25209163
3998857
13726638
33900478
21048364
11791137
25233797
31301933
10104061
25166913
27697663
3069425
10155766
25201109
20590176
7455979
18967495
11945508
18923719
6260769
4462631
30392364
16264182
8459601
18543428
15292997
22300582
31139558
1097268
26072362
16901214
15382272
17760494
26009088
32740268
24556432
25760663
66884
27677857
31108222
15011147
2496554
17289250
26773374
6233614
32718255
23342260
1970312
7482876
23341356
24806587
20076617
11848936
25044772
10232606
11477456
14195729
31038221
14238344
9788583
8311868
14965713
6715591
17277649
24322012
32673384
20952162
29462441
9129324
25181303
13818972
12311360
31072941
8644582
3431113
28336888
14498964
24074491
11973726
22216260
11492420
23835402
33917597
371479
10849043
14004386
21312699
28480733
22726353
34082632
3072991
15107806
14717287
32925795
31135488
29669572
12807646
30580860
4907055
31627965
18181949
5174389
32953833
26809639
18219205
14166623
16363162
27092705
12582070
12211910
12372250
11120941
12986359
19913211
3132367
17178311
26088034
22040068
14671327
31692134
8628930
4957197
18782319
9121302
9381735
24628215
24762516
15989682
1662497
34542667
33484132
15445896
11028771
18787210
10446477
15200087
1584553
4151252
14720455
25534716
34035552
27269040
32062161
19881635
28635177
15902299
26580570
18469487
2674724
9714130
12909815
34317629
19649048
18227691
19168787
28202054
12229304
25029850
17315550
21026601
12777481
3960508
4999419
19902271
17202657
6295225
479632
123423
4925701
22261416
17546142
3417502
22707449
16159861
28111066
34239277
2491161
16866440
5559672
3167096
24875083
18755711
15148842
26256995
5998387
18212523
10886504
26012703
12252369
2618628
5290768
16948797
21567852
33514195
19422639
6342819
25443111
13028217
6650868
25581785
23627553
1386281
34190024
23278173
2932286
11244626
17943190
34134066
26801358
21613962
12091841
22691675
12757324
21009905
4634077
4059270
5960154
8267876
20721935
19377159
5124362
30660160
32336158
15225033
32144671
30468009
34501952
23934912
24210664
5264587
26201762
24422967
22527582
22945398
29408570
3608220
19253269
31139229
11305811
28183270
8856638
25891936
18057598
32771640
15049751
31176202
18147336
10656582
3143513
14135362
21851001
24709330
33325490
25941736
4796667
32283346
6257345
29237365
32543151
23861284
17547006
27329950
29824398
8182947
3692129
22342928
16375996
15143586
22282590
20223876
10125672
158585
105771
10954983
14624304
28466755
28032688
28085561
23615582
2507770
15619873
30719266
9176249
25115731
8947977
10369303
23813781
6469647
953945
5213201
28846887
33437645
12901407
31555057
26616952
12622130
60337
20225707
5017914
11387591
9381690
23244276
20344281
6449017
17732295
10612330
4851173
14788504
12465688
16969902
28141522
14577729
11034875
33616947
1301949
2478329
33488944
18600580
12432761
2326301
16385381
32101831
30894280
24352863
20758305
30464832
31677803
12746333
107602
16583639
25853311
2932673
5511980
9731951
25671430
27017378
22220229
11954858
21456983
32697960
5935027
29334576
13275779
8556546
24201589
6774956
14119155
31162643
26288786
15140930
30315609
16106104
607112
429447
16748647
8011972
19620816
15094164
21703023
31984930
11071658
5384946
12071244
2568189
22321722
2980158
5560394
13595856
6019831
26932408
19422180
32188482
29206573
30574410
18510977
27848947
15296170
33788226
24920621
34256269
14533818
29886161
23431044
16668726
4882218
1654482
10382536
22445887
4022506
5581663
19913686
32577056
17873224
33164672
31817796
32799453
31770328
13437987
18247263
32714937
21799422
23657771
13677504
1357626
15278240
8796338
27001912
5113488
19254407
19108047
88810
21938679
25003943
21776562
30359777
6509918
32441977
4800873
2532201
30329038
22518439
10822600
759260
9147358
25467931
18379809
3815776
23128978
15712152
29399493
19037432
9705381
8379531
28954753
33239302
34238338
24351932
31967452
29098265
21389315
28914105
13122249
15652489
7757610
24144585
25558903
3977717
26186526
6356021
15783187
29569778
2634667
20164670
6453038
29405169
26412539
26741244
9226284
4091546
6006770
21019962
24892680
539666
33024780
28676408
1271849
29213660
2962616
3053347
15976015
29810413
10420080
13051251
14167172
3779893
32768060
8466468
12268117
20690335
3721354
30428518
12380326
32113085
17825718
14521795
20178885
22320993
9998059
12279909
14008866
29540691
12068768
20289859
34077818
3811120
25713791
22292089
2501231
32035791
16706854
2924764
15643241
6640187
15093192
5700704
15585363
1341310
4745114
16649600
8310009
30491856
12602800
21932118
11934200
19578311
4523735
31972563
32385714
4530955
211140
28529008
30272874
8257648
29386069
1049315
25383476
28488001
5585235
34386467
16392550
34140253
11905159
34016124
15128411
3015467
25029176
33745764
27841302
33136846
28120387
10451478
18557656
17098075
17408382
4035223
11266184
24066367
31761423
3856706
9068082
16027079
23216526
18487145
17684173
898067
30274081
15070595
1359037
30328569
22481308
6450013
8275428
32963279
8986947
16192648
9984166
26702331
29698964
17389823
3842775
11022311
17116683
14522433
29905478
28152016
31157388
7409478
4261870
15734344
4713767
25390938
33152906
22318458
12286651
2613578
23612617
24019098
27399288
29719025
11316727
13591616
32273066
26892780
22979112
6358203
21303685
27404344
12123142
7940238
24346727
24130343
5190420
13038253
18175045
22495999
23890146
15423044
26769298
13680933
17391438
17205309
2367873
19802914
33515842
23077553
10024290
17967178
1965957
3071258
32255960
19233948
14686090
15178449
5589095
30384769
29045062
2627033
27131203
22802799
2749818
11308474
5955298
17504422
23958108
26825588
30536702
10209213
22105193
9563989
576645
21662111
7763054
3363907
9778624
4812250
10375182
31026619
20521219
6805596
12458755
17077510
13644853
19111322
10206974
2962062
3253566
30315849
23950802
15822729
16847501
9318983
11423952
3203297
21777721
13748895
4720395
10236299
33706154
443082
25874522
21286325
1147073
27024391
27798725
13562006
19101031
27643173
7831450
3443709
27970744
28157434
30944123
10682791
5121342
14701126
3084847
22240837
13468348
14631819
28472364
13644204
22351263
21748644
22556489
805008
14852742
28350900
19171778
1683415
34106010
22923718
28297601
11658654
7923359
24229139
29804143
4920908
34482430
14484017
7309587
6551539
12299678
5506583
7597944
17690505
25306365
12526615
17842060
23897730
16354143
30797307
15161302
10809841
6895902
29015590
16443231
13169327
29054891
20321647
32269402
11710942
4263944
4068462
16664512
3002451
13820295
15320126
32421322
17194477
26257926
25876591
33763596
18682759
4273805
19144916
34658446
1408634
30982473
11118340
8736428
29617889
23901405
10219299
29176611
28536576
34770700
20195171
4973512
17343949
5321288
28200940
19120017
1261493
14321753
25417973
5391129
31435819
23872201
30618318
7504468
31648753
10866372
14618680
18834314
2865170
22972444
12803691
16745793
25438171
11290522
22590715
441278
30174830
10258600
33055027
12826650
6690337
4137468
11582573
22297519
4059795
3142772
28512045
30680365
17695935
1545772
33656399
13194936
16297034
9015532
27695789
2078025
32074788
26456237
30104210
20929378
21607860
25586756
28965079
24996893
15925693
1595701
26269839
6611766
3568263
28917558
1244077
19202819
77673
32513387
28595475
8189431
20256838
26966273
21097553
28574586
9322324
13904452
20309148
3482595
11750745
25313139
6783816
11145410
28921964
28591041
16037886
31420968
9661062
16632964
33537055
9313927
32837438
32162281
29441276
8439031
18103471
3540690
25417345
26698243
1520135
25702789
11165465
26492253
6907534
31266687
8265438
29913316
2153707
19069595
31508780
24678921
31201176
2266362
29917525
32310997
18929978
23478509
32693914
24420722
18605526
1374773
14682652
24398407
3322396
25900585
17831687
26215228
26094142
23788143
4796364
9837883
18795254
3972364
7490401
11804219
29112980
24005843
22478122
12284787
22678420
18506004
29571397
22963766
18146384
30512603
34427084
29319257
4872982
20582726
9738069
29017120
22125964
12855654
30640306
11917169
23880030
18117131
10682450
16256258
4992888
24897587
26421069
6991035
9669385
18294558
13399684
6091779
25401010
28045705
17523391
23788240
359620
33868794
23346683
23637128
14903207
3107943
8844774
10665863
33266763
20956002
22450401
10208795
23785624
12523175
25308306
7623772
13124243
9858450
13908776
32811854
4491787
8126511
17664938
3577606
16967135
9427566
23378389
1612770
27686085
7728183
441557
11532493
8229173
9502326
4055940
28310931
4651181
11962358
23025463
23057968
31980379
34000813
8974076
5425438
34208933
15449856
28524997
15122389
29440249
5782265
4410502
914181
15232963
8237372
4272804
15354365
16551482
4913791
25244800
5417178
23572597
25749232
7476553
14728243
4851145
16167168
5285468
5666799
14791980
13098237
3347478
26554940
34601881
28334221
11710442
8350129
10083193
12006318
34785474
28526068
25359303
20246717
20714963
23952185
15759477
34169014
24919566
397890
5414781
34305569
32750626
8844353
10161673
15382971
33516362
23257932
1375188
26997232
2319321
23047041
2569943
9823258
4108084
15515337
7514613
23777711
32448243
16367126
21457016
14538756
31884692
1407118
28560827
21355950
23106206
4625173
18017818
14687584
2457265
20644015
13407482
6631240
10137992
21713741
14007783
6519130
20938611
13138148
13690875
16569649
8202543
21864606
26382232
15140373
7140681
25957488
26394282
17909487
8556021
20049898
10051516
34602328
2374499
13199240
3338132
32492209
2167908
21447390
1280102
30636025
10506023
26503741
27433458
27692448
24848717
869635
27638256
4368962
29009192
26636269
14261004
17135756
3987511
424743
23556092
13304781
17401467
30417971
7857971
8763693
17675399
20925862
31264196
28765878
11031332
5964328
31212107
6341883
204953
33659948
27276154
17623575
25728611
26563822
24127779
20479755
30744031
1001987
14181544
1137021
11912344
13836261
28389665
14756317
17833277
17211707
29520397
8637774
12742572
21742109
1573084
23719522
33968117
25299868
21627358
4689449
29832962
32362159
3139316
17391379
32004924
712332
17569383
5248856
19893378
23125792
30371797
18870596
13163230
345283
31630944
31966027
30812985
11177958
9309507
9195503
4469135
7778287
31138277
13096637
22583993
346803
26165751
18542254
30276907
13338785
1550133
1705169
24430822
26500571
23895582
26756067
15628955
29253592
33760647
25096369
34036149
30026514
22049653
16007203
4342299
20452986
11920106
21617482
6708823
1531220
2130813
15446084
9267881
20055060
21740887
28115326
4879897
2090551
16992121
17835324
12981550
33933150
12619587
32484756
10871616
29451991
27805421
14606173
19291030
3734133
3046716
7292531
14947800
25670254
4087097
17534818
3007749
10388886
8750255
26072739
16336926
6149340
17778784
15962555
4438749
8913922
386791
21854574
13182588
17868972
5215736
15306795
23061534
7241183
4679334
20339030
34234547
13334874
11559457
11998499
12859919
1450049
3205434
32222983
22662505
28508212
32858150
11745010
18125547
2600915
32367542
374370
25784178
8864862
4839350
17394176
19804920
17327820
16638837
32685794
29617439
22048140
34701047
26796091
7816637
15418047
32853160
22236048
474955
10109408
32866652
15446937
13597545
9507222
23438419
10917494
34456252
30257235
3451055
7014762
890324
23502680
30345021
8390002
23869942
11585116
755338
11192713
22520382
18664284
22058334
26894935
14231503
19283000
18016518
9654175
14943092
22743752
13442983
19838018
31321864
23359429
16082105
26753637
33934558
17254771
31540026
27441490
29366911
14758375
11479742
27310323
23706325
18759905
31708250
1940815
23874735
16901055
23944380
19699034
28506368
2775333
32952004
28650914
4339908
30082767
31021193
19178660
26231889
14157141
3755913
28641813
24234872
22900921
19287198
6493068
22697860
16781651
15961748
2056588
15125637
27529838
19675659
21765509
18958757
14807195
12806436
28249287
12468273
10432632
21557031
23929041
33245426
2869237
32439722
9234835
27924465
16864052
15422747
21663662
13995855
4928579
33428202
17741804
203060
2505547
25341321
20641272
1656013
12505497
6454516
17433715
32644668
28942051
8959073
25519470
2338922
26447391
30765843
12612819
11997207
18687794
26299319
13274177
33828360
15575670
17885675
6260802
26941783
10494167
23045461
31064052
4725519
30922655
27210484
3635375
24923120
2099410
3450342
8295885
14670830
12322466
8474642
31198784
26603129
6585269
29563628
13799689
14450183
12078048
10387087
22796617
8933021
10723649
30198503
27567557
23443888
7391507
7288928
19951318
29842235
16196392
3853567
25163730
30073122
25111074
185033
16627235
11502167
25937877
23894830
18282046
20529338
1889373
1635156
2067025
16208672
6749166
27486189
26463567
27218614
34473439
16671701
16175465
22089762
12070581
9542215
27566156
1622859
25902537
16097751
28752092
10196857
2816080
24978697
13445887
2872493
33130744
27542405
17293707
5408539
22005457
16646890
7725898
9754287
18959577
33464424
24555106
3604139
27822751
33865452
11043149
12383677
4601120
6633250
18597192
34521309
7713265
11468405
7680768
4969265
2545257
3773395
31560971
24017173
15921539
9977068
9652373
27722205
29610535
646817
21756227
1514756
21760900
9071475
20009182
15355438
5641672
14763241
16634577
4702660
29264332
4409899
28596485
4889811
22993572
7128787
26840541
2743999
32996735
27980960
32291882
2601670
11925442
10847489
3628386
23009335
15176534
9005556
5965978
17359365
13695917
1948338
16315575
30479049
3429803
29319528
22794448
25012599
20308909
12224678
10916176
13638107
16226328
10731284
2122857
9513158
33015639
22933168
29335705
19658651
16055517
10707979
23046871
23726108
30480955
29432831
6306943
21890756
19383225
28091227
1043790
7290455
33328536
21806048
7684601
13227205
33084205
10569770
3360009
30744389
30808351
24258478
11515250
30786756
12525646
13999689
4251040
13356988
6877651
7891312
20685367
16402996
15037024
28424040
6682751
8590199
10049606
13025717
20846966
1356356
18836278
3311329
34415854
20101331
12795429
31924832
33940783
2339816
3835006
3175117
19229139
24095181
11732832
32325561
15799302
23242244
31195625
20433314
16745208
14548242
27664289
27071327
9720244
30520412
7638020
17730621
22553233
8693249
18263026
6799223
25824090
33544948
25325900
2491022
10234135
10455613
17353412
20029251
7184263
14549825
26252286
21713579
32369466
12564175
25203523
19439575
6497036
5910969
27579026
24483882
4827997
21217463
8696893
16063210
7967179
33754772
23541182
5017596
6942746
19528079
16283324
23333068
12574399
4133873
19947610
25014884
27344937
26877174
28586966
20280685
16990360
2951697
20583643
2193477
6067139
8556139
26670549
16823155
1082972
30435150
5050575
12838374
13250284
9752122
16595614
27023170
16075611
4013103
23544273
18419679
31027267
1413037
27459044
22369515
11598937
17144023
20501505
7064251
9886813
25635269
34507043
4060469
20958145
1291089
34406515
24053985
7473167
31045400
1036166
12318184
17184865
19372040
31052761
10300701
17750097
12582511
3478897
32465933
31869424
22131236
15034222
32731338
24624101
10315021
1868010
28608272
31330797
18939822
31440796
5826344
4677124
22479540
28537542
20977747
28627923
3361115
12281405
19228570
13860535
5737713
16075424
30957751
1621942
7733836
6821804
20094165
4786673
5421248
6695297
23211673
32317136
28792788
30863328
20089415
13794225
7001775
31977477
25504453
14262698
8961256
12098803
7772964
28661618
14440013
8696342
33472940
24310581
30617279
27226732
6976371
4115770
8341588
24135946
16337778
2947162
25474143
2662454
5648587
31987700
12712510
27158346
12227720
14998563
23861553
22921939
23099773
27549078
23016221
13405650
6489733
4373225
21732377
33886623
19262265
24939433
2152650
6246207
6597796
26501508
18885144
6914011
11851579
29468013
33471804
13675323
21372162
17560030
14023531
13300242
19759979
21787534
3296793
24115782
26708791
20386062
23979304
9694123
21059344
7906582
15746860
31486698
9184547
20866531
31733973
13016057
18341637
34534729
11434650
23757371
3913515
13490718
8252208
32986257
32169438
5175359
23725379
8071919
21873638
27045998
34077036
19717784
29888744
6984318
24210065
17014668
34136718
16072722
18020850
13646233
33532036
29690330
34562725
20242076
2524894
21272831
1581407
18657852
30621214
22017519
15505163
29810846
16131281
27150436
9260878
24097518
7375308
31489381
32878471
26229441
31967255
27092718
30317720
2137662
31731187
8137343
33803819
20490485
17350686
12404107
3157095
2553546
27165436
13289894
18660669
7940628
25461617
3637474
27226276
24883955
5886238
12428314
20549968
26843763
9038713
1845083
15292634
5219454
23595713
5785752
30721722
19093179
30171532
22180377
3143844
504288
14860243
21399712
6596976
4060726
9312258
24677201
18702877
19224807
22638278
4286781
4787939
24651249
32561237
4061548
28407574
13852476
3389600
7968470
814715
27892846
13059371
9506882
9307733
4502533
34497808
8541345
15949335
18930829
31393720
16554133
17980899
10799517
1351040
16729775
20167850
24897451
2038923
3679682
3700454
22060616
6535545
24799977
20317261
7972347
671948
9702690
2301347
10306755
29719100
26117834
7848698
32630425
33892661
766388
12626785
15566979
1221211
34205203
25023517
20594203
4466679
1251124
14705254
527175
3954438
16488167
21196997
14788308
21217724
2974064
25816941
22636785
24128029
10614571
5671000
25175193
14793591
10993514
26531644
21162262
16298759
7082310
20003640
18325682
23618764
13231582
25353463
15437009
19002110
13035979
29962536
3939503
32106687
33027087
14140179
23976130
19344030
7486519
13044954
33390940
13656035
15202370
16965785
23026423
19894567
18751073
33453550
17704916
18768341
8712920
1158622
32783078
7537133
30845644
17045806
8181755
18303059
1581070
20284473
15062607
15739293
21009036
13872911
32204143
13683057
6653660
194762
10026676
17904070
32652585
16425155
14703199
19381389
22288299
24382873
2189651
34792732
14004216
5809880
10058850
25249374
29196565
5000857
34165379
1806171
15464736
11970868
3240452
20651778
23349024
25263283
7608736
7325978
7219250
32009381
27729968
12823177
26425765
28411522
3200871
2534781
18210443
25130327
17191738
11569153
34452244
20453358
13997468
12828429
11423315
5057993
25893996
16653980
24346122
11458096
33375720
29622959
23431845
2050756
2306627
16023046
18044032
34482943
14406011
29206074
29657202
23392033
33695893
23890984
34274665
2144131
20153044
6641290
25488084
31548380
32381686
10887400
9030043
8939475
21744434
18842922
4785458
3699485
18088260
29533163
22836252
20588550
16579918
31482386
18816724
26707272
25690621
12911545
4825741
15087565
19583768
5766218
13190954
31551762
27811526
27633375
11466048
23414665
33143191
3864269
22518337
23442211
13216553
14260707
28227604
7308535
24828249
10062295
15673234
21573297
2216831
15427453
1771826
13946233
29865351
5905179
21881531
10603056
17401363
23133109
1896611
22842007
2028279
9631166
9349300
4396861
29300185
7601778
24969914
9700980
14721303
32331217
19288194
29981605
13506045
7428894
26445302
3254952
7845464
24319367
19801471
12344185
9635689
30676647
26874703
19262295
12577403
22822008
8706445
29369357
21104830
16339032
13492707
32441418
15140982
1747521
3500534
19599205
16954062
27448698
14486372
8813285
8088757
1122886
3536303
10251093
34393431
26199521
7527068
19574865
14683678
23934824
9543069
14446980
7362830
4052694
10555850
7281633
1717178
16441000
15876649
23473413
25271637
1008772
18204470
30351778
8867046
10861836
5112832
32214363
8623527
2627072
5276982
21911251
1539455
1410368
2724025
14818566
11515843
7665830
10031796
24310285
5835580
5490375
3891130
24154784
26409103
18188437
26214984
13053766
15242950
4131463
29342529
29729860
16215312
31416221
14502531
11462684
26311896
26559347
26937381
21522277
1087617
27940201
19187225
21530890
24704526
19131782
4786770
22015559
25903837
28615008
20419155
16490796
3154858
9776279
22013387
13355337
27019074
22083521
7784823
20323091
11989738
21999895
4490914
4752628
5104324
22753185
8598890
4789619
25471730
23070767
26408638
14366727
3235674
55443
16744120
26762554
17301531
245349
25669991
9413041
14723735
10642875
18550996
13873108
6830792
34739867
5570514
6695983
10093783
9858515
5095762
31310696
16895571
16547730
30963739
314705
21355042
9601710
2454568
11105002
19835092
26353195
32432608
546707
6827499
5762357
1092563
31962077
9595200
15027115
25672045
850627
27885670
7884716
8302594
24208395
24646084
30522000
1600221
2856673
17036531
12621619
346957
16580866
30002688
10625615
21933724
10250040
24576618
10911374
2745981
8551971
19525696
15933836
34264144
33749009
20240744
10139035
30363619
8744573
11215032
17787329
16621620
3677275
18048633
12590595
22608174
11052996
2749055
23788602
2509716
455665
17428932
24531342
29457143
9016234
10122584
285936
31577645
16024647
26195679
10885732
33171415
9850273
19766679
13388695
27458977
11496171
33734004
12576290
16196539
7537757
23812282
4031025
15879101
6995637
33915127
22893159
32616867
26366977
6359670
12788375
29882110
32486284
3672344
18434793
1512176
18171524
8900258
9955499
6926819
5608991
15192639
9046305
6464883
8270508
14464692
4146273
19373218
26196247
23574008
12165514
15732242
16816645
28999486
17059529
33262358
7548150
16533488
19828492
20558454
32756974
33189617
11447317
20237694
20310821
9534535
26366677
508291
27364853
18836447
32690514
23217695
6922131
29391614
2318609
23707291
23078446
15382266
7207704
34537591
30830950
7239614
22746300
18364288
21451336
24599628
13433866
11063283
7850101
10712461
9111137
12519279
12878796
25986369
28681018
9066116
6243268
31603817
2627777
28220745
11914316
27372487
20899086
7288427
30386754
11009930
16499586
12614442
19361317
24041677
1054877
12466661
20598279
22220259
29004009
10388053
16749526
2721404
26025733
30140823
21907252
7198355
18648262
27886266
9006686
31887201
6438339
12832524
8953087
34138878
31395246
28699476
21059320
9889155
25598841
17772312
15722200
16531496
823150
30968242
3443398
2908205
7536239
34283812
5470732
26282605
19172321
10682290
4887739
8090964
11492560
28830987
33001669
10834648
21447927
30984163
22934114
31183049
5510865
4327198
2343144
21506090
3100634
3287007
18240542
9067345
6212748
19563959
13088098
32724946
23432003
28043173
32247474
16063635
15111491
18862029
10658452
344943
33999731
10866753
9899295
24731499
31456646
26091093
22710535
14338465
14736883
7870501
18103491
18814776
1226564
33866137
27339135
28843290
31884260
33486584
20052833
8297803
20205542
9118512
477472
31441955
2195268
2649031
29478770
4030133
8935885
34601700
25255649
9268231
3483693
7881789
26094551
17118181
617796
14840033
20308561
30732108
6643937
19047354
15549227
7193274
1981877
28662552
32864044
12850043
2544627
197907
7820331
23573588
30996830
21902028
26036772
22238722
17786733
29687071
13584485
34477654
20381592
17373860
17983681
21175513
31337580
11254518
20883206
28769275
32269683
1261207
15182881
34260664
17065477
10960262
33212818
13205420
15381511
21929722
5029712
13781040
4011078
9991890
21610402
8758108
4115295
31159702
8654236
7382665
33379065
31020626
16493973
34016080
10109867
30802750
24365894
2568304
3058422
19621999
13586394
32819020
8269316
4222619
25121432
3860057
19652338
11283096
32249295
1600470
17918644
29847823
16244225
19326556
29950182
14524287
24177459
20806216
32590638
12443611
25698693
23436572
20910759
9764810
9650186
7541562
27744328
4743894
13055497
5049403
616269
33437362
7697587
4409259
8643868
3101922
30494350
18051867
28174452
26475058
9429832
22665675
23971228
1719938
29959098
9143965
16743650
11733848
19181110
33227652
15606438
15933882
13786386
2632783
6094069
4906291
18559652
22694925
28201212
14428135
32161816
31017010
24793494
28669252
32798497
25402001
9737471
28092878
32695622
29582364
2503830
7709894
16780163
14827263
9049875
18225250
14036442
7589584
20200996
3247228
19441266
12973655
33913400
8880095
18883131
18209145
778666
4131517
14606695
21257789
13708228
27566151
22292100
34201494
8195367
28779206
16779966
4228693
25589048
14249313
12802201
22486568
22733606
33364914
24864408
25533877
22097841
10789214
22958319
7227341
28217416
34634758
18164111
15704254
32175016
14751614
27676037
3594464
14496876
11114131
33775690
3580321
19370784
17586481
6685113
3966673
3190157
26604240
26236493
27176067
26325708
3510874
21695747
21273316
11267073
14075194
2575558
14870500
17381799
12397148
13136817
12513161
2459742
3412496
12101804
17844138
24328325
5825492
4628775
10916555
26553347
5452795
20968794
4667697
14396323
14890874
12540181
87677
278532
22725619
5480320
29125979
16317388
7620553
18697758
31206574
31503396
24988410
25807270
28942224
9937406
9724320
411357
8689191
3157758
30349899
13215363
13411770
14082145
23249567
14021347
21885650
15130058
6077920
26937517
14308646
3875928
13888148
29417357
5962554
30481818
21933354
10428221
19920815
10927158
17782934
29472891
26634758
15051004
5346535
28530867
25321802
6566562
28945045
19547415
24555988
16267754
14039383
34200424
27006496
8119508
32017014
19021720
821412
26275578
2312954
8964876
32723375
18216331
7484003
30344334
34634590
269782
16718873
14521511
19102400
2731930
24126355
22177478
13802788
33589974
34395823
5774387
6084161
12677291
5508032
25165565
24071259
5919874
26256996
32058362
31371683
29815023
5972352
26666537
28362204
18906624
1480873
2379041
18391741
31287807
13625460
9376665
5240969
3250529
25205156
20998509
23739143
25346382
22591656
8028401
16769399
10982117
266355
15728596
23416033
23661744
22982156
16086483
9358192
31251974
26086010
28778733
1452819
21875728
14449250
25983162
24588470
29076653
12827168
33088663
15310424
34448518
18981510
19052460
14321387
34668775
33216854
4974328
32650570
873124
7762045
1040802
22376085
678198
27556441
31403137
14303552
26540182
24810474
4653045
19062741
28283869
14329483
34353244
21360845
20182597
2419580
26309808
3029815
13188650
14107153
31067965
20127131
8386322
20645607
33420646
26091791
21607316
32022283
31609768
13307040
31157434
32367949
15046535
21184646
25089846
6592663
33724094
31551028
20600192
25133563
19519498
6923023
18220473
31933664
29861038
6416368
13304517
1466241
6771851
17135106
5720831
10422358
21516486
6368117
23111878
25471949
29292024
32373862
24938436
23315406
22334092
9972788
7278103
8453872
11534139
28348819
10066058
8590531
12031530
13677168
30986677
11659421
1135572
11804104
7892733
28394797
34454518
30979412
30555411
20423080
30428620
23426300
11384067
20118124
11886094
25548016
533513
5976618
10039770
14965648
16037303
3143806
33248649
3002871
33197815
27017195
16317289
31198890
12413855
372109
1805182
8446158
27840275
7550775
12159587
11723322
21912973
3295024
24624378
31202697
9039013
10310496
11540206
20646051
19584610
5909475
4771832
9641452
14012902
30969550
5790585
2298018
4755992
30305041
21495583
26072511
14603340
15945180
29393708
28041283
31415422
18327994
31096572
16116953
20447803
8864562
21908944
14783863
29066012
3577468
19662491
12466548
25535887
5630731
5137805
34016745
15970160
8612283
3850867
11714884
26213558
34369132
15612436
2757068
15701700
5550403
31488804
10635644
8603345
329300
31754712
15298469
32690192
22232010
18281595
29737527
14608551
7595062
29931373
5863050
12851582
14031760
31402330
26329143
13734158
31335523
19429464
28328862
17208726
28365322
30912449
12720076
18667432
34135620
6078264
29139643
21020645
20423090
13690933
28114877
2449109
9522702
21090460
27026252
7623459
10686533
34616155
32819088
29553481
5163199
9270720
10596026
24371189
24140394
30973266
9478882
14126797
25874142
32226414
28562237
33771477
20850416
30715398
13601375
2378561
9728761
15448710
27715769
17973981
4168231
31098003
34306445
1899243
34477514
27220098
33687959
15943052
18716542
23548367
8221041
4865597
9203913
14432761
4155892
34087184
5099123
12062469
9638147
16176252
11375997
32656839
20170102
7735441
20986637
22226252
9472793
26564780
544065
20691352
7741123
2268988
31430490
7086347
27094872
18534462
8503556
10139591
7722011
3114531
3608040
28598281
709704
34000316
9333637
26903424
13712623
12996458
24760059
11791308
30816151
27714143
11670202
22017437
33072649
18495444
21682186
12855027
18823657
33085078
24070863
654776
9984117
2159614
33392792
16955280
76037
29462612
30605138
13933730
2404826
28491312
19264644
32689868
20287693
20410766
26216952
25994902
16990308
31855917
121106
32872301
29451494
17248345
335250
9481208
34481788
12670695
12857751
18168880
23100961
11174835
26145572
17102423
2083577
28003767
10423729
20952307
27057785
26187413
29479087
28598546
8203619
22927465
6472916
18366378
3420457
29171036
25873795
8191594
2404422
17682762
21800636
9233872
17576558
11738142
20697044
5576493
24379734
1682915
16096895
30072125
9091258
32951806
6678694
5204856
945981
8309903
26283221
22532826
7247380
30625209
22125629
24647242
19507007
1375467
16566169
19302450
26766613
8191033
21200959
27980551
24179791
34136081
12610415
1263650
22168409
19014128
24289599
18381196
16665244
17955089
23393431
3886402
21269411
22442377
13731636
13223156
1062523
19731598
24480784
17410139
11118202
10013748
32154659
204557
9418855
8375136
32911492
22859649
8084828
11138465
4633721
12179727
11967672
17669874
11784052
3787212
2348884
6334510
29797766
2042428
20759265
25024640
24964766
8046255
21379854
18073625
12815959
7725971
8613396
14467036
9329066
10913644
24668480
23779523
26176653
10632792
290308
11036613
18225928
30715102
33980794
21773848
24469262
32254046
4584575
5449542
32873034
24380043
9648831
4773126
11887662
1976596
27718373
30964728
30040297
2917468
9460228
33158924
33206906
21773339
13872143
20359544
8810578
14035687
12752801
4403626
27216865
4385206
11865820
20525666
30319427
25800334
17189273
19019720
34191013
4278119
19874297
28099908
12492381
31745822
1128339
15732935
6746300
