#N=1900
1490
1700
826
1866
1447
1911
1743
1770
672
440
561
445
206
804
187
713
697
707
359
966
363
1652
758
1878
855
1724
1527
1322
1904
1805
1776
1625
696
915
566
1677
1682
1746
1209
227
233
200
700
1494
107
1481
796
1732
787
708
208
929
1240
1477
350
1533
263
165
1547
279
1109
1303
1059
1462
1234
1264
468
1454
1512
1452
1971
740
92
1220
1141
819
1137
88
1967
300
1911
1174
579
1708
1214
628
429
1985
1056
687
1664
90
69
1796
994
223
194
1017
1927
772
1359
750
42
1717
526
1052
853
1279
621
792
1722
203
1961
1951
1722
1229
15
1743
764
966
1061
1869
1097
289
43
1977
296
1866
101
1620
730
85
667
990
863
1248
874
61
1558
860
1275
1772
925
1175
378
1980
908
1049
682
1339
312
1215
1825
1120
1993
621
318
1120
1135
15
953
1741
1223
1420
559
802
133
14
1230
1787
1936
100
1836
946
267
1773
1741
11
1180
1911
1515
1193
1222
1647
802
1316
1487
303
167
1395
1236
1977
1625
863
1287
545
1573
790
522
1130
393
1432
276
63
1649
698
1036
273
497
1988
688
1869
391
349
160
942
1591
534
1510
634
213
373
690
1080
1291
940
466
443
839
1090
1297
330
226
1578
1471
1376
644
1049
1585
629
39
782
151
1893
759
68
1432
957
764
1137
387
1134
1526
1751
614
847
543
1819
1590
509
864
161
1302
850
934
422
234
14
1453
1246
921
147
23
82
460
245
1748
295
1012
1630
54
637
963
1121
1650
1238
1701
34
955
1429
1651
457
1228
880
1059
1363
970
1431
1094
1749
1223
839
1687
221
778
165
1233
118
683
375
1110
934
1431
1726
1421
58
283
272
384
941
201
771
1398
308
1910
71
712
1665
208
255
61
1445
504
1522
988
1103
1926
858
1452
1750
1388
1385
1513
1372
1442
1592
1675
1786
514
1614
1543
336
861
1770
1597
688
1864
457
46
763
194
540
900
1402
39
130
94
175
1914
67
237
458
1943
364
140
99
1078
61
686
178
752
1774
740
616
349
1583
642
1543
706
1949
1864
793
501
1213
1751
306
659
27
1939
1899
124
1874
318
286
1729
78
1857
1343
1310
913
1882
579
1867
1601
1975
807
877
1136
1680
356
1448
1094
1043
638
996
166
368
761
345
65
1580
281
587
683
873
386
769
944
1905
1174
1046
281
604
1060
1167
1282
1571
964
131
1028
1314
1253
541
1320
270
235
1821
745
1625
64
1479
897
1408
201
1914
1930
924
38
1898
1624
1012
429
1558
1323
1933
203
1593
985
1651
879
930
1995
983
306
1499
1968
611
1757
1267
727
1100
1277
1427
1922
1278
318
32
1744
1027
1912
509
1690
496
1355
173
1391
553
714
498
99
339
624
495
1015
1696
1743
1144
326
1100
1991
1744
1179
442
1109
332
1978
1292
120
1677
1781
1859
1155
1960
1106
802
1460
1336
897
817
1874
1604
1325
929
753
314
1812
643
1597
1026
364
1991
635
1290
465
260
211
743
1955
705
522
264
752
796
500
213
1906
1085
1462
1736
1493
1388
851
1010
1118
109
1161
1229
722
48
390
1518
1526
375
1078
1723
306
1950
664
133
1954
1726
1765
982
891
1415
752
612
1593
517
885
483
270
742
292
331
1831
1556
839
1648
523
15
439
1804
69
1572
1501
616
1997
939
369
1415
835
349
673
722
265
234
1728
1110
690
586
634
381
1355
1180
1493
625
1032
824
1209
720
388
1311
745
1897
1576
562
690
1025
547
462
1185
113
527
438
1437
1156
1988
1585
919
752
1675
1455
889
1172
147
669
1417
755
878
341
418
492
177
183
1650
551
458
227
283
434
1936
746
1119
1371
894
295
680
1679
1911
1465
1864
945
1307
662
1756
1836
1792
1076
780
386
606
235
1285
1627
167
1423
268
24
735
1537
1315
1008
295
1267
1134
1216
384
1216
1816
1409
600
1644
1190
1915
871
1122
1499
1405
913
545
1545
980
67
305
1358
586
1131
1175
710
1728
1685
491
317
1079
1326
360
1401
976
1059
614
661
686
773
511
858
1467
209
954
303
1933
477
1239
65
1925
1618
626
1877
1404
1490
662
1854
606
1609
399
121
349
1302
787
758
372
1842
150
271
1750
301
1905
1163
720
477
1508
1868
996
64
1882
491
657
1137
1658
1551
1327
1497
1897
928
1259
1098
1335
1592
1373
1388
1050
101
535
292
810
586
1582
1428
98
852
1925
1887
429
947
1407
745
834
1107
252
604
1654
399
237
1242
36
110
1726
389
985
1271
853
758
1735
1950
710
1383
931
1173
1947
655
866
977
479
126
113
743
493
673
1454
1854
366
855
806
127
1517
89
1569
454
1537
226
1980
904
491
352
1462
1981
1880
275
749
969
619
740
1307
1737
1634
1440
1290
640
750
1042
1490
682
1338
1160
1002
1506
553
1342
918
633
1736
1627
1886
953
916
1186
1675
910
99
9
105
882
1106
1868
890
1437
1133
691
1593
68
1704
330
1680
275
1050
1661
1030
1920
1607
1292
1191
1226
711
699
1279
449
1530
1665
805
1218
904
681
435
112
734
199
1845
1065
987
1263
831
1872
1724
19
1689
1130
54
1739
729
381
581
935
1947
705
1613
57
1644
312
761
567
1226
1235
1947
678
268
1670
1213
582
677
1559
1982
812
626
1037
408
1950
401
1674
1601
237
877
1877
1322
332
1504
1744
1296
1077
1530
1970
1064
547
967
277
1466
1687
1436
96
1043
308
933
945
846
1119
635
735
349
164
1239
1725
1358
545
815
21
1480
870
214
1327
13
982
1003
1229
1525
1281
1285
1370
1086
1128
1164
98
1905
257
753
111
770
914
1497
1067
1250
1137
1353
1337
1509
388
1807
153
857
1676
323
1227
1458
165
1945
155
637
157
649
988
1666
907
1789
1794
1930
1840
1058
146
1665
802
1715
1913
71
965
1974
1356
1531
574
1830
1631
217
601
1283
1746
1529
229
1950
1650
935
1743
1200
1873
1420
392
736
226
175
698
431
194
1174
1193
382
716
1434
1399
1526
343
357
1672
790
915
1516
1497
239
1880
1295
207
892
1506
765
1251
1136
1637
217
481
238
423
1968
1239
255
457
1760
984
1634
1534
1485
297
1554
1886
156
1294
1118
1637
644
32
1430
232
1885
1642
369
1129
1477
655
1399
236
956
1000
611
1511
1923
1272
1267
226
1499
1337
1981
42
140
702
1210
963
1093
1086
206
412
591
1789
306
756
607
1715
173
1684
142
842
1626
1446
1078
1340
686
139
1773
1931
246
1900
1639
1721
833
1178
1610
124
757
681
938
861
549
1836
1625
592
1025
924
1573
1332
58
1139
207
728
760
1382
1568
1199
1894
316
292
525
1510
461
554
708
864
929
1630
339
575
1103
1237
1958
1253
1143
1020
136
1309
876
1568
1330
379
826
1604
4
1489
1694
907
1811
807
273
414
801
40
1625
1522
525
797
527
1546
618
292
536
1381
1560
1835
586
568
1980
940
742
169
818
1781
1911
1098
120
887
1076
1840
449
676
790
1280
1516
1271
994
1423
622
678
1452
1681
1176
702
794
992
298
89
269
1811
121
962
259
163
102
1467
464
281
438
400
1050
1612
1603
1963
729
93
1091
759
413
1385
1503
750
886
627
404
1148
723
488
1969
1307
1995
401
1303
793
1700
1822
1472
64
1675
1269
1241
1531
1326
1510
871
412
123
1707
1257
1664
499
1319
345
1739
1905
359
1623
1859
937
10
447
1202
702
1482
1765
1636
589
202
1267
144
386
174
659
914
1387
1165
1156
902
1651
1939
1319
1203
1858
429
559
45
1866
1613
1855
1736
1309
966
1438
1067
892
4
812
888
259
1093
1486
1473
1231
1495
201
927
1958
1660
1584
447
81
890
1087
1812
1006
947
634
130
747
888
741
242
74
1876
255
447
1746
162
1403
1230
305
1992
1715
746
1537
541
1344
1954
1579
694
1804
270
326
139
1621
876
643
1747
1833
505
814
865
430
69
573
536
1488
515
1858
1412
1959
1
454
1173
1403
26
963
649
592
1752
811
1665
1093
1894
1940
1875
1043
581
1375
968
518
1188
735
1895
1025
58
1122
76
1000
298
957
786
599
871
653
1197
1878
1655
281
928
659
917
168
1219
851
1801
942
75
506
187
676
624
606
1120
773
948
1059
1266
1120
214
1700
529
576
1403
1437
998
1358
949
996
1365
1203
1441
66
810
719
775
1295
755
1843
1883
24
1557
294
1658
61
1950
271
1288
1567
590
1639
297
1536
20
487
487
2
436
1747
1556
1298
836
1164
1292
1516
407
1376
1855
1173
286
31
367
1939
344
1830
1217
826
1682
1650
1269
1498
60
253
1049
18
51
1184
446
1139
1354
835
6
1763
757
359
1662
1678
1089
266
806
791
1688
981
1165
1519
148
10
1558
627
1589
1016
449
485
645
307
1573
1356
1831
1612
1132
1591
521
1648
101
1523
1713
1839
871
298
579
1826
69
612
1276
1598
404
1522
421
541
178
1104
814
584
1356
1290
477
1961
223
683
1534
1485
1933
999
378
706
1094
1415
1260
1046
671
410
993
915
208
1755
1176
1863
1787
1761
170
1594
191
1525
550
1395
1509
237
427
739
751
978
1550
1226
347
963
1447
48
1187
1293
52
199
202
1682
1740
788
1969
1859
1693
192
1569
645
1487
797
459
313
1411
1213
1487
1892
1190
1968
1074
586
1780
299
219
597
1997
988
1091
814
460
1414
1714
323
1096
218
290
1491
706
1215
629
1616
1829
1690
827
1963
22
1962
1261
1047
188
775
810
1625
303
1675
1950
1183
971
1677
1543
136
761
1496
476
48
1513
1518
861
1534
1387
1383
789
309
1667
1309
1144
976
216
486
680
1007
472
1135
1676
1564
1147
273
1640
834
1359
490
103
713
426
1402
1630
1980
131
1479
1188
1520
1717
1481
1609
1134
1536
658
739
1210
14
1545
1332
1352
431
1846
1924
313
1358
1593
731
645
64
1145
1527
447
1270
151
1235
612
205
1708
354
1026
388
951
394
326
643
1638
321
1106
1114
1487
1871
118
931
331
24
712
1528
29
1562
60
1875
1375
1656
1101
389
1528
257
1180
1763
1404
1074
62
307
1200
448
1981
523
835
1679
996
999
1540
536
661
1247
438
1151
1911
155
187
848
1217
1429
128
844
1210
208
1297
548
1701
1097
1875
