#N=13500
456
4
1136
1397
309
1449
1293
1469
414
386
1303
1872
1676
1669
1061
1847
1677
573
1581
265
9
260
1473
1859
533
883
467
675
913
1715
1414
1503
138
1688
103
1283
1478
907
166
985
1153
77
811
272
1993
487
266
1412
1007
1763
792
151
1728
1033
1834
1859
1971
1196
1262
1854
19
169
1399
1299
209
1197
1117
493
197
532
174
881
85
767
5
580
1924
947
1063
855
35
1760
761
311
1063
638
1040
560
1620
1536
454
1164
1960
202
181
159
1000
1028
762
1759
447
1851
876
1505
1286
1502
1961
1069
1354
1304
94
167
1139
122
1272
946
1462
1505
105
899
1576
695
982
243
1203
1597
1398
1684
581
1355
883
1385
1007
1817
1988
217
148
657
974
1187
607
415
896
636
1104
1767
841
1006
372
1854
1917
1776
1492
1386
845
1963
1458
486
1244
1640
347
1067
1398
790
1669
1330
1244
961
493
1002
734
1972
1755
1129
1796
97
1838
1430
1090
596
362
974
931
1973
371
802
1162
1819
139
177
241
1558
1398
511
1990
708
1280
241
670
521
1691
1606
619
1657
1292
808
1008
1242
1068
559
108
832
603
572
811
995
663
985
20
581
779
173
11
690
1231
1748
481
759
994
1065
345
34
757
1812
1092
50
1741
449
1576
679
399
1980
21
50
1910
269
975
524
648
289
1013
89
943
264
652
472
1197
1417
857
960
751
534
1386
707
514
642
917
1062
493
39
658
791
70
194
1076
1828
1622
1129
1955
559
1347
749
1880
470
1510
1236
58
680
1109
766
1575
44
20
1186
232
1453
149
878
847
145
1969
906
1716
686
573
1948
316
1062
224
1206
1123
877
1239
644
855
1273
127
1736
1106
1065
746
388
254
568
1037
1355
1049
447
1353
383
429
1726
333
1769
370
1955
165
1110
382
1348
410
479
465
409
516
1562
166
1506
990
718
810
178
1352
1343
1963
1033
445
1108
17
1627
50
661
1356
822
46
1703
1572
1261
1143
1904
883
0
405
1346
243
1454
572
1449
696
1255
1810
1468
216
761
1341
854
1016
818
1058
1357
271
1672
1058
96
1250
786
560
111
377
1143
1942
1538
200
952
1217
794
1201
1317
82
1229
1039
1048
569
1362
188
966
239
1659
547
1386
742
618
865
272
1537
1139
408
1861
613
840
1385
989
763
1407
1752
1901
712
1973
278
1478
1102
1678
1303
46
1566
530
418
854
1360
1930
521
470
1525
168
1864
1677
526
1569
918
1624
520
1979
1238
863
1138
222
1623
1235
1313
601
618
1499
555
773
1629
712
1614
489
775
889
848
796
607
1849
1643
738
1201
1346
1492
940
386
1657
841
1458
1241
1904
910
1022
1060
257
489
1846
1871
1844
1603
1583
379
1167
83
1980
282
1000
1597
311
1090
740
1247
704
959
1835
98
1372
416
1381
991
662
844
1095
976
1658
387
646
243
731
1907
878
1499
400
885
1527
826
1972
353
857
1508
386
1781
1413
606
30
1862
1161
380
196
537
1897
1687
1187
708
330
1858
99
1182
1808
1232
1507
436
415
16
914
1617
1970
907
1968
1519
95
223
1751
1994
1446
1651
1666
623
927
510
1794
1632
1357
1773
608
1591
492
1311
1676
1372
1260
1491
1523
1242
47
7
1650
894
1255
1745
1769
544
1221
543
328
822
1166
1156
1273
1296
1596
21
1023
209
1723
1741
1916
1121
51
628
291
17
1887
1516
1593
1597
1196
348
1125
710
967
1669
659
398
1820
1173
1550
1871
2
1694
273
1387
742
1726
736
1045
1690
1731
830
476
742
776
868
290
763
1688
914
485
1382
1900
494
1011
292
1486
849
1950
1171
299
1598
1059
1395
991
1094
1698
478
1006
215
1657
989
497
1609
895
12
1623
1819
721
306
1015
1992
813
50
1452
162
342
758
550
352
555
1347
1050
1966
1698
512
88
1926
822
459
161
47
537
484
1987
1076
1735
1760
804
730
1494
1408
983
651
1708
693
55
433
646
1646
1303
590
1650
537
1878
215
133
71
1765
775
365
1677
504
1462
750
670
715
1005
266
1839
190
1286
1701
289
1038
1718
490
410
1130
499
1997
1209
713
1877
847
248
451
1359
149
530
713
904
927
1835
1189
187
847
877
1258
1424
138
1901
247
425
242
628
1031
1991
856
364
229
120
361
464
1426
1932
99
364
645
1246
1604
1322
157
1183
988
312
930
1867
738
1801
1176
156
1659
62
1395
695
1773
666
204
736
3
1766
695
873
808
1505
1287
853
761
1324
1532
421
333
1846
696
1565
1575
1130
690
582
585
1557
761
1407
290
729
491
1479
1106
882
41
1574
1400
1634
1587
1956
744
405
1765
783
1434
1687
168
1212
271
1567
875
1435
988
1577
1822
1179
1710
475
1359
811
65
1610
1438
1533
1925
851
430
1445
890
1624
190
404
972
521
615
222
1416
602
337
1279
1022
1742
1614
1810
1867
1789
263
899
410
1750
1817
976
127
586
1103
480
1962
1249
1255
929
652
112
1790
1193
1106
456
328
136
1581
1039
108
1656
1875
1826
1547
1411
1822
957
1525
1435
64
1231
1873
1648
1068
297
1226
1476
1040
1586
1140
1902
1006
1777
865
1413
876
1290
471
368
1164
283
109
907
446
1033
1887
387
1335
294
4
417
606
18
422
1592
1257
83
779
1582
579
1807
1037
36
901
18
1384
508
568
188
702
700
279
1077
1021
59
140
34
826
918
131
1987
1995
1014
762
782
1256
118
1504
1416
988
986
906
1461
1096
393
1894
1196
249
1869
1910
1626
1680
663
1379
1429
1234
1666
1904
840
924
1118
1668
1656
1759
643
1279
282
1574
961
510
1970
1891
513
10
1901
587
25
1287
624
631
1689
689
251
1430
1714
1526
394
742
786
1616
1269
1359
1024
377
1920
1513
760
1773
47
1071
440
1960
1991
369
1986
614
1964
1394
40
1935
380
702
1419
1168
1036
1415
1183
1222
1474
1427
1034
1335
1883
1955
59
147
1466
1690
1775
88
1524
71
416
1820
406
1035
1016
471
1457
1339
959
1656
108
3
1986
257
1942
1757
187
582
1988
1523
1275
1736
489
813
372
1378
608
146
114
1705
108
1382
803
377
21
1678
1513
1802
1674
956
1671
294
505
672
70
1360
212
1108
1750
251
1033
462
1807
1112
648
669
1706
904
480
1176
1345
1732
1804
1126
865
220
447
1000
131
1823
894
1442
224
1145
903
962
53
1961
518
1731
888
1922
1815
1137
1850
187
632
973
1560
749
1372
218
866
1584
1122
308
532
625
106
1133
1599
1749
539
1705
1535
942
887
322
1516
597
1917
194
515
1628
505
1319
628
325
1602
1784
1884
231
1540
1001
1495
497
202
1400
1470
800
594
336
214
1597
1261
1213
1870
290
849
1765
525
289
1689
1196
1443
623
1718
1287
442
1371
244
1326
1179
1042
798
95
1471
1846
806
1133
586
1440
1519
1445
170
970
807
548
1766
559
75
1772
1290
1509
1479
155
180
790
1043
1560
634
1646
527
1084
14
1396
1733
338
1259
1809
57
1585
1270
549
638
64
1648
247
473
437
1713
1010
293
1135
1329
1131
1556
1064
156
1841
1033
1551
1632
1575
1794
119
137
1925
281
117
539
1952
947
1649
1345
833
1592
1211
978
1907
586
1021
1682
1163
1579
708
975
158
31
1048
209
1902
200
1956
1438
1870
1839
463
1386
773
1170
1334
607
557
56
134
298
128
1067
1958
225
1424
1442
1417
630
1864
1120
370
1950
573
1291
697
464
330
117
1418
484
1066
1736
495
166
613
1720
916
702
1929
1510
340
346
1644
959
1252
1237
1579
740
260
356
547
1522
1696
109
961
580
1490
1847
1052
1682
432
1343
1123
775
1694
354
1792
1406
804
24
1867
1382
1095
850
1380
955
976
1666
193
739
1104
881
561
1116
1063
1558
1529
1808
1414
152
559
100
1650
1211
984
730
1994
210
1540
1423
930
1460
445
583
1874
1715
762
680
1005
1756
620
1988
261
1447
1588
1255
143
1820
1692
1757
503
1792
1117
1362
1661
1217
1191
571
1724
522
1421
346
1587
730
1822
1637
710
1450
60
1460
1938
1174
400
1006
1747
211
6
387
1317
343
1083
1141
130
343
614
1090
1494
1112
1594
1377
936
690
525
393
20
815
1577
1694
1956
1330
1060
931
1871
631
1443
1360
1338
1664
1304
175
212
1183
970
1041
850
1946
1497
116
175
1346
1295
986
1113
152
817
327
860
247
1076
1467
1903
872
1489
511
1737
1779
55
1163
1895
564
1206
1172
776
1468
1987
733
1770
594
1265
1633
233
1143
169
786
1736
570
1694
1837
788
647
1979
1835
1579
1711
455
574
327
1935
400
722
230
180
1629
43
1699
1393
1912
580
361
122
1906
1890
1851
1600
1536
1900
225
1490
1859
1397
1512
711
1822
1005
1383
521
617
48
147
219
1537
187
482
235
574
1561
1475
1790
675
914
272
749
797
1952
1375
489
484
1272
1978
1591
1575
507
1328
1301
831
1778
817
397
954
1960
1738
1302
56
1365
1204
1228
886
561
1518
369
560
764
1374
308
1911
546
511
1337
1697
1914
262
717
1677
1551
484
876
1267
857
660
1653
346
816
98
829
921
643
1710
517
444
1197
1438
251
854
1271
240
574
850
1041
1074
1423
236
1155
232
1244
727
70
216
1614
954
287
1555
1518
337
1899
1562
404
642
956
1523
635
343
610
11
723
421
1642
1500
1870
805
362
1191
1436
871
605
1028
1113
1117
371
502
1436
393
99
399
1934
1700
606
1325
6
612
912
624
1621
632
813
1666
994
837
1138
679
1369
1934
1028
851
1759
1489
1099
1054
123
1979
402
1037
459
843
1793
1052
1693
437
412
1826
992
723
1812
398
81
1976
528
315
1469
1205
1652
961
175
1983
1753
1147
1809
1121
652
1087
1963
1560
1688
1851
1594
1799
640
310
1446
132
14
594
1085
278
313
1767
507
1324
664
951
1472
112
1652
1472
174
1075
495
722
1602
1536
1843
112
409
1889
1211
1727
796
507
738
852
1491
179
724
1319
1772
1433
1103
2000
294
552
1743
0
1939
1020
976
1896
1474
1403
1323
1490
1570
1954
902
1126
1093
1146
1431
387
1460
1002
571
172
408
1735
216
1772
1138
551
700
294
614
1166
1468
486
1547
16
573
1985
276
1369
588
444
861
198
137
1148
129
429
259
1287
594
837
1957
1079
596
108
1515
1287
1938
1978
1270
571
1620
1895
356
1563
1740
1204
1397
1833
951
832
749
156
512
1709
1332
843
277
1423
1331
1959
683
291
1565
1310
171
1537
460
1810
358
1819
215
57
154
1595
609
350
696
1007
1084
795
763
1484
825
1670
1432
351
1956
762
740
1039
393
1374
563
471
1292
362
1622
1085
1595
744
1664
1063
1892
1805
899
1602
1710
1902
687
1601
413
1094
495
916
157
669
1612
916
812
1366
919
365
525
644
850
650
768
1320
1422
974
853
302
164
289
538
1440
1358
109
1932
1593
1549
1497
1380
1826
1748
1241
300
246
440
446
1284
274
1516
1876
1877
1973
1672
236
467
1120
810
564
1764
1168
1375
429
1952
1766
1004
435
656
1723
192
582
1526
1502
1244
297
1405
166
1374
1852
398
1544
647
83
1949
552
1427
1904
1799
1643
1633
1778
1660
1610
1869
1517
1553
1281
685
517
640
1134
1782
1672
539
1078
924
1554
1769
1831
1648
758
37
95
1099
45
1196
1785
271
21
426
466
1909
586
500
588
831
1479
1084
1995
1179
969
595
704
748
986
1310
1537
348
1454
1793
1553
1659
435
899
1315
1775
1175
1802
248
556
1841
409
1764
1755
1022
1948
1280
743
114
1400
475
664
51
1395
1655
638
299
1744
1239
1795
1801
654
787
660
167
1956
1527
1062
1962
282
792
528
1388
259
918
722
1833
323
268
1894
1348
1524
1010
1857
1539
353
1843
504
1944
585
1451
1141
929
1275
1577
1106
1995
1688
269
1877
1338
976
1611
666
427
1037
897
382
976
1188
883
1935
1986
1100
457
1034
410
1258
1497
803
98
619
7
1824
1281
1889
1280
561
793
1737
265
672
992
1017
212
487
61
1710
1500
1485
1203
226
1920
1394
689
1200
1981
1608
1602
878
796
275
1782
118
987
720
1539
1986
738
564
745
1249
460
504
955
946
1431
1020
950
1273
1565
251
1538
1163
1857
1082
1599
1102
812
1770
1540
1120
1732
1062
1023
1444
424
1417
1241
1490
104
684
294
1515
1517
378
439
158
1456
698
1736
845
838
456
1565
755
712
272
5
135
480
478
97
731
1080
1607
203
935
1313
557
1639
1033
1611
359
1519
1359
923
1741
422
610
303
1280
1724
83
186
1736
750
577
1792
1527
481
1750
1842
934
527
145
294
1647
1740
722
1390
1280
1515
252
1437
220
936
755
1438
1586
1330
220
1094
1989
1777
52
1944
1223
539
485
128
1548
1666
1697
640
881
848
14
700
460
1651
1581
286
1738
1316
1124
783
1794
1426
1217
492
1341
887
1485
45
996
1956
1902
1095
992
820
432
1351
785
1291
1068
623
388
364
1563
617
1914
264
1162
1397
1966
141
1567
1745
85
773
1008
1296
334
1529
586
1902
1407
1525
1105
1642
35
1142
725
604
1346
704
1504
1771
894
1299
1899
959
742
1464
1831
220
56
1237
737
1232
882
1922
1153
875
565
1505
797
1765
1490
1964
1360
1874
1796
21
1544
18
1810
205
1873
1936
999
877
1572
522
1851
594
1927
1267
798
1259
79
6
1357
91
78
1244
14
833
405
59
611
1338
330
220
212
1339
145
1875
1649
1439
807
920
1470
977
596
584
239
668
1188
791
345
431
371
113
76
1246
1281
398
665
1068
1730
390
1126
1434
75
337
133
1150
1511
729
412
272
324
886
1181
371
1840
1449
766
756
420
232
798
1569
832
1679
580
656
669
718
1942
738
315
789
1301
1368
1270
1405
738
1682
847
1970
1092
396
1047
1733
1606
1083
1028
534
401
1295
1400
1120
988
619
1452
305
715
374
402
1153
1438
1391
1963
1897
1073
31
1000
1212
589
894
923
1360
791
1964
1147
1072
1125
1734
1577
1725
750
781
110
683
347
1078
346
1562
937
1012
1634
1541
761
1932
1340
303
1885
549
289
1230
102
1402
656
162
1282
1414
1938
1400
984
796
1615
67
877
1033
780
785
141
1334
371
1396
694
1703
644
457
489
790
14
655
890
1331
574
1941
120
1242
668
1883
430
1585
228
1360
1919
582
1731
535
891
1446
414
746
640
668
1195
680
1657
1855
886
1835
343
1127
81
950
1211
1332
1716
238
1255
1526
96
1514
1667
1647
1630
1827
1691
284
120
145
1249
1747
1995
403
1455
1784
1794
1823
1511
1760
195
1394
1917
750
1678
1416
520
632
584
1741
1860
450
327
282
1957
1345
1707
1546
1479
374
594
846
734
654
609
75
272
477
69
117
1844
1446
159
944
672
1488
1274
1223
773
134
1857
20
937
983
576
411
1867
1775
1394
632
83
383
680
1102
381
575
6
155
633
1067
400
1343
1217
672
112
1893
1158
1140
1367
753
1198
874
1887
526
1116
1245
1460
1678
1692
1011
395
1425
2
547
1096
669
1943
1383
1756
1734
1851
1729
1231
1324
1957
973
526
405
1942
936
1309
1115
1758
642
1509
1882
1553
449
1725
710
1452
1849
329
1777
1048
1714
914
209
1533
26
503
969
215
700
1241
1552
1032
33
1540
1270
1178
667
49
1877
1533
1060
600
843
1441
1877
381
118
1243
1059
863
839
181
887
149
1006
254
245
1729
664
1669
1650
455
205
856
1316
1664
1745
1578
990
1720
690
61
723
904
1323
1077
1766
1699
847
878
1976
690
1175
1076
346
1721
33
577
522
209
1907
794
1583
542
1554
181
674
25
888
1371
996
228
739
89
1139
67
230
888
1723
156
145
1343
787
1898
1042
1770
1642
1825
670
1728
1070
1365
1684
1845
311
1529
1294
1303
1030
1102
632
1350
1090
1114
1860
250
345
516
1186
823
1370
248
744
1017
699
1218
1543
1914
1198
1306
44
1669
1497
598
551
1008
499
634
1114
123
12
1962
1490
840
769
1787
1508
1966
1147
938
522
353
1992
1527
1918
786
19
237
312
1973
251
1890
1118
489
99
359
337
376
622
1153
1076
1173
1635
1704
1775
804
1083
570
1887
794
1389
996
878
1206
1507
123
917
490
1986
422
1298
205
1791
758
151
1724
180
1628
1743
1450
1961
1816
1841
831
1064
1648
1361
289
1182
891
358
626
1932
755
289
1460
581
494
1635
1781
1075
540
497
67
578
967
423
730
110
370
52
1130
751
193
1470
775
466
913
373
999
1402
1604
336
915
617
238
1826
801
1863
1095
1727
1007
404
1531
1645
291
1300
496
1121
980
1620
1859
103
419
170
1000
402
1468
1955
770
1105
487
1430
98
1090
1817
375
1173
1075
856
1134
196
1806
113
674
1149
1613
319
1320
1263
1320
1201
131
1104
17
703
1489
75
805
1467
1340
1007
1841
56
166
1917
742
1963
482
879
1493
1020
1523
657
944
797
272
350
1443
562
1575
216
1184
1428
58
385
341
21
735
1799
1627
1284
1284
1925
1315
646
1878
1864
470
1463
1357
1279
76
1168
385
1036
1355
153
1219
1669
1379
146
158
1242
1530
36
1650
542
838
1452
958
1703
411
1080
490
1895
176
415
507
1192
1829
631
893
1484
256
675
1818
129
775
1073
1511
580
1060
122
1592
1431
1642
198
1585
1136
1484
321
1656
517
904
518
1388
985
1029
318
298
345
818
661
1667
127
1901
1188
1062
638
13
1389
988
72
481
1837
1847
948
715
1264
1481
1410
1861
1581
1129
1919
1489
1513
687
1127
1944
80
679
691
760
922
1066
1706
1175
1674
92
384
908
1595
226
1976
1122
583
1468
1749
1847
343
280
1942
91
59
1232
805
12
1049
447
1252
1764
200
1626
1498
1748
1836
1614
791
1209
941
601
1375
472
1644
508
1374
1180
1567
1911
1905
252
221
1153
1730
490
626
358
760
1286
690
1627
709
453
233
1885
957
627
1115
633
1834
469
1401
867
1099
464
942
1907
1275
1315
132
752
966
1731
970
1372
1731
1340
111
1577
1020
236
1393
1268
1940
1607
769
767
793
646
1233
1410
1371
937
368
1636
1632
1627
216
523
792
402
225
1595
0
72
1704
596
763
1875
184
1753
297
229
498
1616
814
123
1535
1827
1719
739
1042
178
1748
741
1862
1109
1278
1815
740
1641
401
596
1892
1848
1310
1829
855
1010
1578
398
1698
1124
1416
375
81
1431
847
1239
784
1541
991
744
316
1082
1907
47
369
1637
1857
587
1750
997
1286
62
992
743
694
900
1756
897
1426
1322
1043
1986
1529
1286
646
1307
247
483
1668
352
1280
269
713
270
634
224
1888
1302
1302
130
5
986
1812
535
1430
1798
1475
434
1855
1441
1794
1757
1782
222
1482
163
82
338
1647
1398
1640
1010
78
931
826
1332
923
200
1740
758
318
1471
1557
457
1060
996
1944
477
640
97
1659
1572
718
61
583
1144
960
684
1141
636
1763
1152
627
1190
8
626
35
608
324
269
1202
304
853
1003
514
583
356
288
1262
1069
1380
40
1432
17
1102
341
445
323
1365
1990
452
1016
1144
444
1598
1401
744
1766
1406
463
1860
642
232
270
647
669
1765
1288
909
1222
79
1805
938
1534
1573
779
1420
456
314
349
1289
450
1862
1744
143
1832
437
724
1907
1207
231
31
1995
1564
506
1360
1760
543
1651
1105
726
989
675
159
557
1560
907
1070
1610
307
931
1546
750
29
1749
1420
1926
1231
493
318
1656
1110
1969
635
1805
1964
152
1098
259
1105
872
567
432
1559
1696
1487
1950
600
139
64
2000
1345
1798
1331
104
961
1370
50
1576
1826
350
1464
1306
4
483
1149
147
1491
669
1693
672
1757
1315
946
1610
1095
1791
1886
1044
795
710
1112
1683
1279
1962
54
1829
1987
1701
555
520
788
981
157
300
1436
923
454
1261
1356
821
1727
147
219
1598
1724
494
996
1619
375
1555
1431
1593
1629
1451
1976
354
1274
1467
1355
1575
806
488
1989
1677
289
617
1568
76
1535
1209
602
572
866
168
602
105
562
1885
188
782
369
1981
1618
1717
619
508
1000
142
1104
1310
29
1129
642
1814
109
213
1083
802
1475
1406
342
434
1971
1204
48
1161
1918
1781
1515
207
1608
653
1805
1553
717
477
1405
1690
556
1976
1111
658
1463
429
731
1307
739
1678
903
1041
1879
1582
828
810
1287
711
1646
1710
616
1305
403
55
378
1771
591
1028
363
1430
1022
341
955
682
1928
156
1691
1053
847
141
242
1322
655
1069
737
117
1607
1578
538
784
1307
561
927
1076
1908
1351
1407
1162
6
465
474
782
413
1242
1435
875
1309
1993
1254
1526
1486
1617
1027
538
1905
1160
21
823
271
1978
300
673
1097
1576
1670
746
1345
1385
687
1667
52
1676
1791
1539
1934
1443
64
1784
949
79
942
948
1713
1868
960
1082
1332
44
966
40
1324
724
1004
351
231
728
501
121
1333
1455
319
956
1743
347
1918
150
937
1985
1285
1
367
1075
431
631
978
916
558
1292
1163
685
1480
973
493
276
292
553
1839
1490
1802
819
155
415
1039
1593
1854
1934
1309
1378
60
653
13
179
96
1516
515
129
195
316
255
190
191
1203
1124
1941
881
803
1194
1462
1777
1830
1781
563
1004
1106
727
476
316
656
1365
323
556
941
1665
410
1320
199
1875
448
125
1052
1067
694
765
320
1190
1420
1470
1808
1682
1214
1269
1118
279
528
790
71
1555
435
542
866
659
589
1622
1466
535
1315
517
1266
1382
1875
730
746
1948
1346
851
1383
181
699
982
1006
934
740
328
651
1417
797
1529
688
219
1954
1688
1194
497
750
1392
1713
1933
1086
535
636
1928
1385
1896
565
1608
595
844
1618
1765
241
678
726
1767
1975
1123
729
1021
18
1444
1025
1900
938
245
1227
817
306
1178
1740
1159
1594
741
1806
220
1743
164
1990
831
602
940
1482
475
1147
1604
1038
953
1547
1729
1997
119
505
1223
1115
564
1940
492
1521
1591
27
999
1797
1373
998
84
674
1355
1562
1050
1349
570
236
321
1438
193
499
1753
1400
1428
1666
1217
1448
1942
1283
1066
1487
792
908
521
237
654
1
1713
1142
86
965
1625
6
992
1256
1471
1132
43
265
128
1237
1072
86
183
1981
1725
1934
825
898
934
600
965
555
254
520
525
1956
1916
1190
1518
523
1974
811
979
303
1213
1206
1004
1250
1193
485
1053
1092
362
250
1599
826
1443
667
376
378
346
445
473
742
605
1335
437
1836
1660
1150
1988
1671
1599
1774
1743
1964
455
962
196
544
122
803
1937
1537
1250
931
893
1065
321
1932
348
47
1840
1582
304
1213
1676
1288
291
432
1552
214
371
1635
1761
1224
210
1912
839
1394
607
1029
1554
1006
1086
628
1053
962
1160
716
91
767
1744
1070
1907
1460
922
1686
179
77
61
1917
896
1591
1868
1850
384
817
1305
253
1841
44
1944
1368
395
124
1912
337
871
393
973
1465
1304
727
147
220
1723
1288
1625
263
1181
914
492
1490
1206
1494
545
574
977
1703
310
915
92
262
1900
58
1254
1519
1807
1849
1090
689
1761
1526
1447
1303
1039
1460
107
710
1772
134
151
1441
1388
632
517
842
707
61
1611
491
1459
476
1009
380
252
1848
429
1561
531
6
1243
458
487
1988
1196
329
131
416
1002
773
746
1520
924
546
367
456
1232
659
1046
1578
1483
1079
224
1161
1952
1135
1760
866
318
73
1520
1256
1706
601
298
780
1327
1359
112
1926
1850
200
1152
911
1315
151
1411
97
1177
410
1796
764
1128
1090
1845
1529
817
128
1346
1506
368
919
1400
926
1717
1383
1110
1845
1509
1913
774
1382
886
1444
1501
1661
1417
1444
301
856
1283
1149
920
42
273
1717
182
1755
203
427
105
1443
1646
17
1816
315
1875
1641
1071
127
1026
1330
324
1669
470
57
1802
561
604
1596
1937
1684
875
1647
1860
519
1957
1756
1649
760
1225
531
1628
1773
586
618
1245
1748
615
1741
1803
1801
1303
710
1868
1909
1897
206
1068
1364
721
733
1824
356
1691
547
871
1639
974
1561
1133
1895
1946
1453
528
839
3
1948
1945
1258
881
1536
1934
1395
1257
104
1284
976
1486
778
1983
365
1043
1277
1929
494
1573
1754
949
1080
1615
1681
1810
1550
1450
1024
894
1189
1510
852
1325
1487
721
272
554
724
619
948
1436
1121
1736
706
880
548
1705
175
1989
936
138
1268
1713
508
674
786
1099
261
1958
42
1865
23
131
1496
1376
440
1654
1606
1732
1499
1213
730
241
1631
1002
1148
1003
1211
479
1164
1224
73
594
927
1410
413
1272
1057
397
1935
354
812
1091
134
1843
1770
1152
598
836
1001
1258
25
171
1537
1071
1791
668
1840
430
849
570
297
664
180
97
796
16
1781
1146
28
1287
220
970
1321
1426
1688
1377
593
1341
811
830
1722
1398
824
1311
1232
1361
1820
1270
133
627
389
642
1869
607
317
93
431
937
926
1059
1966
1238
1726
387
1275
347
565
1764
1620
1857
6
853
166
1464
1492
1963
1670
1636
880
1492
1202
225
325
1776
175
1823
1168
1373
972
131
1777
1579
1963
1822
265
1512
728
709
200
1209
133
543
1362
204
236
299
1525
178
877
655
1609
1426
493
946
1051
1246
851
1480
39
1837
168
398
1757
894
1094
1557
1754
1962
1018
1658
1848
1930
749
1506
1122
58
1423
870
1013
1894
605
663
375
1248
94
1572
1649
1458
1311
84
80
1718
1305
200
1141
1132
981
539
557
1089
909
341
1251
691
526
695
1489
1972
265
349
1519
1801
1012
1246
41
637
704
1565
1378
36
780
323
577
172
1662
1045
1018
1893
1631
216
281
217
258
556
1646
555
872
1139
896
908
1338
716
1759
818
542
477
1259
667
1227
1498
1903
608
1104
1533
1598
1770
1858
1245
54
1413
401
168
1015
146
126
507
102
407
244
623
1150
963
173
1282
1
318
1694
1762
1208
619
837
370
1453
1335
1676
796
1715
887
844
329
398
698
41
508
44
162
706
1923
1258
1724
449
1869
962
1856
1589
240
1111
1517
1368
1280
1167
1502
695
1100
63
1231
1953
1829
489
589
288
1891
654
322
245
565
905
1425
1473
1390
762
594
723
1164
1188
514
873
273
350
308
585
510
1882
1465
1147
235
1185
1364
1541
598
378
409
88
89
1417
1263
1535
1959
663
879
1110
1599
1849
651
291
1358
164
1008
1689
283
427
1121
1363
1647
722
226
695
587
1429
1575
953
732
992
826
554
1902
600
656
849
1065
1474
901
1751
934
487
1727
1669
323
581
1011
921
780
841
1580
1395
135
1240
1121
77
697
582
127
177
1534
668
1899
1052
1536
1626
391
1758
539
414
467
1709
607
1146
658
1403
1801
170
1784
1829
706
783
274
58
543
981
393
963
1492
1902
279
925
1133
716
661
1779
1529
420
1734
1274
1808
1322
1051
1647
1345
488
62
415
1908
1001
1997
1090
240
1737
108
1581
1490
934
1127
1010
769
5
263
1354
1188
684
488
255
613
855
223
603
419
563
1585
1373
1024
1061
419
1260
761
703
982
1103
246
1618
454
923
165
1564
1189
1859
818
1580
1309
933
514
76
31
452
435
103
1019
1490
1540
967
954
206
300
158
278
101
900
1808
649
1324
1896
890
177
307
1189
1610
550
1886
1508
1675
901
505
1642
371
1434
946
564
495
536
1776
1110
1238
371
641
1702
471
1453
1577
355
201
1590
1589
144
567
200
1746
545
1318
985
1446
33
973
1071
696
249
1382
409
1232
1386
1742
1405
911
1980
1900
1189
125
559
1695
1988
1210
57
1022
1832
842
465
882
761
1542
1285
11
375
1781
1167
132
286
1018
1997
1111
1827
917
205
1949
1723
1854
1341
1938
581
1793
1638
965
1822
1659
1000
949
80
1367
40
750
1167
1947
1288
686
1495
148
135
1619
1635
1080
906
1879
1638
794
608
228
1716
1991
300
1617
414
422
408
872
1578
76
1352
1331
199
94
1905
924
452
1583
550
319
514
1499
712
1756
1886
555
1714
1852
1079
617
1929
99
19
1879
1651
1543
1287
775
1964
247
1877
1258
1870
1719
84
322
374
576
1511
1495
1607
759
1614
157
485
33
1476
1097
1924
1423
1041
493
891
477
1034
1319
21
1040
899
706
378
158
1173
1990
1788
1952
1255
880
970
752
1881
1893
717
23
1125
1389
553
496
55
1873
532
1007
1903
15
898
1995
420
1316
662
1183
1977
831
814
1665
735
908
1425
945
999
1521
35
300
768
1772
1470
629
1333
1124
407
1492
1971
516
552
351
38
1583
1332
1680
1783
274
812
311
96
1907
683
233
351
347
910
699
753
707
1274
582
438
789
665
284
1153
1891
1383
62
921
969
1019
802
243
1501
868
1471
178
1348
71
306
1556
336
1324
1653
37
645
1869
171
269
484
360
597
79
1217
902
1091
970
856
1487
562
726
1962
1934
1216
1323
1964
1400
315
1793
1735
983
1903
742
678
227
1867
819
1384
254
115
848
1586
1695
1432
247
489
47
851
130
1526
1071
1954
638
1971
1816
1451
613
1666
1333
1891
1436
304
118
1319
302
844
1613
704
979
1111
420
1860
1339
1649
1385
1839
801
522
223
177
1330
1101
580
1631
1358
593
118
1166
673
1471
1773
116
445
1718
1707
1598
1866
944
284
1562
1773
1215
475
1944
1291
1306
1616
624
1635
1123
40
1700
186
430
1512
634
1921
1091
1394
556
1469
498
410
848
295
1206
1757
303
1172
1513
1530
272
367
1170
327
667
1671
936
1027
1936
937
53
631
1552
509
864
1684
1365
65
1339
589
1064
646
1205
1534
1992
476
244
1217
1343
1146
359
1945
143
1500
1835
83
178
2000
1417
1748
1828
1544
209
311
1145
799
344
1218
1445
1136
1385
1973
654
1171
1290
775
1577
1542
858
1399
1446
860
553
503
1764
1835
667
874
615
1873
1538
1517
399
1411
1968
1928
1798
1652
276
1472
482
657
1126
322
1595
1748
1918
178
539
440
1288
943
1540
719
1837
1333
1663
1237
1337
1099
1474
570
1550
915
1613
759
94
769
1170
62
789
602
1062
1379
405
1417
1209
1920
1333
1597
901
1012
1550
207
1499
1042
1997
564
1764
766
1993
1002
1401
1234
821
1287
1590
32
1981
1010
1000
1854
640
88
170
486
527
54
1019
764
490
694
1514
950
654
1378
1279
1673
1015
761
1809
1202
181
113
1645
789
1750
1022
1475
127
813
1355
1684
154
1562
558
1468
206
1565
767
1251
1984
483
579
1672
1424
362
518
1865
256
580
1696
1558
1836
807
1065
1757
1623
209
563
444
659
1794
1568
1130
1799
994
1143
956
24
284
672
312
1503
216
1154
1560
549
381
169
699
1187
1332
935
79
1627
856
1637
1179
1993
769
1319
1530
1996
574
429
843
1413
859
284
155
782
898
1159
385
110
1216
1391
1850
1194
1281
207
1108
147
79
885
448
1307
868
1861
463
1217
1188
1544
1153
1161
1571
559
1701
520
1829
997
839
788
1944
995
261
464
553
85
86
1576
128
666
1700
1216
460
588
1287
94
1115
1363
63
27
1974
594
1904
1493
1173
704
1682
1484
1054
287
527
1922
884
618
378
978
400
1864
1877
1356
205
1112
372
366
1916
1925
473
1088
1390
1470
124
480
1865
1642
1812
1690
1651
1837
957
1575
1847
351
1987
1907
661
515
1102
1045
1658
764
1427
282
1640
448
336
1271
978
1447
964
1352
1606
925
669
175
1992
418
1175
519
433
606
31
1940
133
1471
805
1616
858
337
61
1819
1568
1422
1947
812
1914
1332
306
68
1842
482
683
1431
1377
694
1443
1473
427
569
930
494
915
561
1578
961
613
468
1555
1039
1213
1083
315
1199
1509
1057
948
287
1491
267
1386
411
1548
1990
430
1905
709
874
985
1934
97
812
1360
397
1948
1110
1407
17
1699
471
1167
13
1575
1702
694
1664
1567
681
902
1079
720
1839
424
1644
1724
1557
920
776
1220
616
1017
1700
865
250
991
373
1412
935
851
1685
897
1466
1763
354
134
13
1205
488
1962
1064
1098
1520
115
867
724
1391
780
747
1759
1520
1752
767
1152
491
1282
56
1523
1727
481
1386
365
986
1774
192
1150
89
52
141
1833
885
948
231
796
1168
530
420
1632
1261
996
992
811
1703
1929
1096
1412
1555
17
137
1805
1496
54
615
279
127
140
1009
257
1168
1636
44
532
223
1702
819
1537
1713
1425
1083
449
1736
1063
158
291
817
1521
1274
1751
965
83
1633
1217
370
475
1271
1871
1416
1816
655
636
1856
343
156
687
432
1395
896
1263
131
20
734
1445
246
638
1461
1510
556
1191
118
1748
155
1601
389
500
1502
1898
1658
780
403
312
923
1169
354
1205
233
1169
1706
876
972
687
1774
96
427
1180
524
269
1392
1252
1479
961
1802
1656
541
492
1286
722
1938
1789
1858
1234
400
161
1379
1186
1499
1358
640
1462
1103
876
260
1037
14
600
231
1273
791
431
1894
266
862
1753
813
1820
554
1940
1307
1147
1832
139
298
1215
662
21
989
480
698
1764
1201
509
862
1661
805
742
252
1801
1823
525
11
584
1897
1486
1198
1316
956
1851
551
1168
848
616
1921
277
226
182
1767
1225
1723
189
902
1541
1704
563
1852
1448
1362
1727
232
1682
1072
526
1386
1023
973
1348
1208
1789
1003
1936
1691
1014
833
1739
511
1002
903
20
766
181
485
782
132
699
1201
124
1659
1681
655
1706
296
492
1997
481
258
1185
345
1273
541
432
1103
1953
502
274
836
934
679
1164
1535
1984
49
229
1582
8
1041
1964
1913
395
1385
606
1710
257
676
812
579
986
1087
1914
613
589
372
1272
1117
1569
1596
114
1843
1138
1115
1306
402
484
1631
60
538
1089
579
1750
686
1570
1930
1340
121
133
168
666
373
941
1984
1342
1473
804
1677
1445
1727
900
1443
979
736
1074
118
342
1946
985
1482
1232
402
1453
1821
1790
1449
239
1615
1898
1760
1228
683
1032
1912
1180
108
470
1521
1219
2
1190
164
811
1304
394
1129
1133
1304
1157
583
472
1412
613
3
23
618
1995
480
386
1215
728
1760
1504
1367
1441
101
889
468
331
1055
1635
329
1771
1683
171
1534
1972
993
1275
188
1970
468
1831
438
9
1544
231
1222
1753
627
1712
1361
319
1845
921
1416
1771
1835
834
445
1284
1952
158
680
1712
1621
702
226
1024
806
358
1975
459
287
207
1231
1792
47
1511
834
751
310
883
1346
74
1086
582
1326
551
882
287
1047
683
980
421
1929
597
1896
1869
1050
790
514
1768
1672
495
602
1721
1401
1740
1644
1952
1405
236
240
764
748
535
1701
1482
1948
642
1750
625
755
383
969
60
1991
1106
1798
1726
1562
461
1608
1952
1095
1306
77
1893
335
1408
154
641
1931
1705
1507
1710
588
1059
1733
1322
329
1367
99
1138
835
1864
706
265
1987
1336
117
1611
1367
745
317
1646
971
670
1739
1694
1920
449
1578
221
1117
448
1978
1710
1172
808
1666
1192
532
236
875
570
1877
1370
591
819
1970
1816
1737
163
1775
1648
1908
1720
750
1289
559
141
1776
1130
687
1851
1719
1169
487
423
719
1429
316
1963
803
1949
422
1501
1401
1219
1525
1807
40
89
699
498
897
619
1161
1052
1957
1429
1897
1926
1855
1519
1807
1296
893
1501
107
757
1069
811
1984
1302
548
1647
1977
1595
1178
1436
1551
1986
1636
523
1337
1846
663
1733
1599
30
17
378
562
559
626
748
1632
578
432
1296
774
1768
706
780
1769
954
468
541
487
1193
243
1028
649
1791
303
47
690
632
157
1220
1912
1459
195
257
1371
47
316
335
1805
1108
1033
437
1999
1753
311
1228
910
1719
741
1460
987
896
1168
1044
1544
1671
1891
1470
1164
699
1468
97
531
591
383
1035
243
1209
1746
1810
1109
1280
569
1214
1286
1036
930
1451
1175
1846
735
1943
1796
1940
1597
73
950
1192
445
1067
610
877
156
1940
347
1175
1290
877
100
466
1241
338
437
1977
726
1836
303
1085
1159
1233
493
795
789
1722
990
405
71
1883
581
1569
1354
1114
972
982
650
1471
1075
1267
1636
204
29
1708
55
601
1673
1642
1120
1071
1035
363
887
1214
248
383
93
1551
1825
502
529
1911
597
814
464
1945
1908
1827
1836
1313
1238
371
592
1428
35
414
1925
1045
1049
757
184
264
558
946
1121
1141
559
1592
1021
357
1906
158
1446
1096
907
1081
109
1038
589
1908
1164
1810
336
178
1947
1434
1808
1168
860
1228
641
1682
1144
1861
830
1973
119
645
1686
863
911
1253
1252
808
987
312
935
645
317
779
1572
985
306
1346
371
779
573
1023
969
1622
84
781
1295
1615
1742
184
286
1257
1735
876
54
546
266
1383
315
785
1996
156
1074
1332
916
669
614
1970
772
1792
1811
952
938
188
770
913
1483
1110
1328
928
450
1854
1645
1631
609
672
231
1925
1831
159
1712
663
1683
848
1161
947
1897
1266
159
1821
853
64
624
25
1149
1661
28
998
660
1475
1283
1263
1688
1416
1400
685
842
71
656
1167
920
864
1946
736
1394
1895
1230
76
413
538
1640
828
916
964
440
594
1444
554
1715
1841
230
1868
1863
1446
573
1772
28
118
1595
235
1665
626
1913
51
1950
1318
1925
692
880
1585
1623
675
388
764
1964
329
880
46
324
1848
1978
1228
1738
534
1417
898
176
1794
454
969
766
1614
1120
595
126
1257
438
783
1070
647
1197
1301
712
502
1885
360
448
1033
68
1540
553
1887
1811
839
358
1624
444
1651
1471
841
291
171
1487
1864
599
1787
187
234
1587
212
1936
1137
1417
794
54
852
735
1352
480
182
1729
156
1972
187
395
1150
596
1604
1360
1743
1797
428
1572
143
119
808
643
1976
298
892
796
1585
1083
1007
502
1146
815
552
1623
766
211
1985
1762
1264
33
791
1791
854
250
1374
170
96
752
1207
1500
144
510
194
1623
1157
1810
231
1525
1937
192
1951
1967
49
341
1639
1005
1391
394
1414
1917
1180
541
860
684
596
1065
964
597
608
1140
1749
522
1796
384
1834
1633
1874
39
1575
413
586
52
328
1488
1394
1688
34
1918
1215
872
1500
496
388
238
1720
442
456
267
1291
86
1344
1365
1131
163
511
1795
500
1903
1897
1966
85
1542
659
1084
1454
1920
473
1605
418
719
927
1705
776
1946
1782
1896
1595
370
924
1927
1399
1624
1296
1337
1664
609
340
978
260
798
1307
1002
88
1183
611
291
1502
197
1121
1157
385
982
1923
1324
794
1412
972
110
1415
1744
1074
61
1961
687
1440
1129
792
1986
113
1258
710
124
834
1797
124
857
1614
345
1812
139
1677
1062
187
511
352
1127
440
1672
1037
1796
226
829
622
1275
1896
1898
1015
1534
1275
1990
424
1357
443
420
626
1780
1045
1475
1111
1193
394
1166
1152
1061
513
1124
89
645
1889
651
1174
1395
934
1168
259
805
622
1026
1110
361
1989
446
731
664
1819
1151
1111
295
1081
388
41
1334
653
28
972
1869
1679
1882
1915
494
160
448
1135
572
546
1234
1695
704
1481
1107
1631
1768
1071
1580
1997
1967
70
723
254
190
1736
456
805
1227
792
1533
397
1185
164
1466
1802
31
1903
344
877
1843
196
1031
1516
1714
478
51
214
1105
1953
1273
155
323
1431
1799
1829
508
1664
1272
1273
1608
1812
932
1827
133
6
1458
1154
503
591
289
769
483
996
1465
1500
1374
542
1384
1393
1629
1843
357
938
923
134
556
1679
499
1904
784
224
1678
1369
369
1423
1503
1309
1308
177
108
1737
1305
984
1623
1366
558
1981
1356
1542
1479
691
920
222
825
1687
78
1096
1338
275
226
1859
1856
698
1866
1503
557
1769
1201
1572
873
1125
114
1939
425
1642
453
1460
945
665
622
1700
309
1676
144
1730
792
245
1313
1480
863
1971
1993
795
584
97
745
986
896
75
1901
1377
700
472
1929
1409
1140
1788
837
1689
799
947
1555
580
1327
342
860
1312
1826
1785
1488
68
1387
338
50
41
1201
670
1085
1963
1376
1429
1892
1734
1333
141
572
1895
1432
1891
133
662
62
1656
1721
15
517
1518
1825
1758
398
1592
461
1789
1138
1824
956
1682
1294
99
514
85
96
1751
1162
1881
1153
1124
1762
769
1829
478
942
490
1139
645
190
1203
1563
676
1740
609
454
638
1276
1899
529
1300
1168
1652
3
1207
923
658
598
481
119
383
1296
1727
270
1781
1782
740
300
379
1083
1958
1907
954
664
1102
1777
556
551
419
1174
878
1296
404
729
1789
609
885
539
214
1628
836
556
1516
1945
1974
1481
1846
1658
785
473
572
1737
805
1177
108
993
1801
1826
1674
1123
769
592
1951
1796
286
1250
394
1701
145
101
112
892
583
477
542
759
1139
1372
1086
1492
1669
1395
1628
254
1820
283
1320
678
1056
1525
1616
974
748
701
1845
586
1547
293
30
1254
1518
78
349
267
1782
1171
1674
1647
146
133
1865
1858
18
1345
935
1142
1671
237
1063
525
1220
1357
1573
162
1155
1551
999
293
776
1953
905
1694
739
1622
1037
135
1468
1983
225
732
115
520
922
877
117
698
79
1588
1461
148
953
1058
202
464
1164
1305
775
1046
1389
1526
1657
1726
1099
604
154
1055
352
1179
1868
1706
1810
1238
403
224
1241
972
1680
373
635
846
1947
932
1895
1341
1690
560
1917
1250
1833
105
426
1052
14
44
695
976
1187
647
1812
1073
1303
28
440
1431
988
868
780
1277
427
146
952
1048
1243
1777
1868
882
728
1811
824
781
91
825
800
1481
1301
48
1608
557
1344
1784
633
1873
1484
1573
1094
1712
883
1077
324
1823
904
1176
1181
803
1049
57
58
1948
162
442
423
1054
1525
752
1874
743
1147
1824
367
1472
743
1061
1222
1773
1132
459
1830
1504
173
1149
642
543
569
1567
1188
1545
338
1617
1967
1552
1361
114
1180
1224
48
493
819
1676
1081
1307
693
1414
371
762
385
1629
729
681
862
73
1023
1519
1799
1025
1229
1571
21
1230
699
1853
371
579
509
1130
405
816
1413
1955
982
109
936
374
1472
1186
476
1705
766
1099
1659
1787
717
1999
290
228
1447
442
1315
168
858
563
1787
1685
174
136
1718
894
1834
1746
1019
1051
638
192
340
1767
420
1378
489
1423
824
1661
1497
489
552
1849
914
1721
26
1195
382
1617
389
93
409
1724
302
1973
1875
1226
1551
827
1154
872
215
963
1721
998
997
829
368
335
1109
1649
18
1274
264
162
1339
853
806
731
1208
1109
1792
437
1849
1520
865
1048
72
679
1054
191
1595
1218
1967
891
1072
1105
163
720
759
277
1385
1857
1936
1855
1357
1051
1646
140
1383
1213
1260
271
1573
801
1448
629
437
324
1085
1837
225
703
589
1305
1171
352
788
1887
1336
903
342
1973
943
1328
209
1217
1668
432
880
1112
1641
902
1267
1387
807
1567
1545
601
99
381
1248
1364
1976
679
959
1285
1017
328
1987
1806
1960
1015
1764
1727
1660
220
779
999
792
421
1846
696
538
1700
1843
206
1911
1163
1354
736
849
1011
847
691
1663
1074
1741
1655
369
972
42
233
1799
1987
1391
1104
1428
358
1154
539
325
588
854
332
232
1123
853
1175
757
785
331
157
1349
216
1394
451
705
769
1612
136
1617
56
1286
695
1001
1475
1950
889
476
1009
1686
1994
356
174
1923
1500
808
510
844
600
1437
558
764
1341
1512
624
839
569
1596
1556
1294
922
1499
1811
1188
112
999
1384
1204
926
1095
1955
70
857
1809
1413
1099
208
1517
729
1836
95
1046
583
945
1386
1472
1284
1276
1117
500
1483
176
1387
1255
247
1351
516
289
1250
855
238
588
658
200
1601
338
370
373
1422
1683
1696
1594
103
1112
1661
110
354
1227
1793
941
1114
671
372
478
1181
1959
101
1662
50
1105
197
481
1431
763
1831
1671
1360
1131
677
270
1580
584
376
435
1200
877
318
1414
113
1565
1011
1078
1934
414
820
1520
1908
997
1465
12
116
1878
651
1761
1846
700
993
1090
1551
93
1895
1588
1828
1500
117
1787
1206
1197
846
1036
1632
1040
701
413
507
1824
498
1896
1323
1588
1362
356
474
1952
1211
756
1149
900
1638
406
709
838
1913
484
736
921
1384
170
1566
1807
778
1661
533
1320
358
1055
501
911
533
1410
1556
1854
1146
161
802
753
1562
1186
634
800
494
225
102
992
1544
1009
1356
1578
1836
347
1717
1458
1303
1922
819
1890
521
1534
1356
1123
264
1395
1052
835
1043
59
119
762
1135
409
1141
1503
682
1094
78
409
1173
1452
304
378
1045
238
639
1857
1400
1729
534
1399
1713
1961
514
1430
795
1435
716
724
925
152
1622
1633
170
47
1867
716
363
1070
548
795
407
509
1740
1632
838
1354
1322
444
459
574
1328
283
1609
1522
1156
514
510
1007
1103
1736
425
1575
208
1455
126
1240
611
1569
1106
39
1499
776
1671
829
309
394
1338
1191
1559
619
1409
1807
1570
1094
1012
149
1412
1217
1025
1972
1971
970
1448
1412
1287
1001
133
572
512
330
811
670
909
1277
1492
1562
1279
1162
1783
1753
1049
314
794
1421
125
238
1568
1884
1247
54
523
1001
126
890
1279
715
932
246
203
1843
1865
1535
1179
1348
1999
773
1779
1969
112
1469
959
71
632
556
295
241
991
1514
1361
689
371
76
1723
1411
1959
1033
955
1533
825
1112
663
516
1537
849
12
472
1103
310
1453
41
1279
402
219
391
1566
1225
1324
745
1142
1727
966
961
118
1133
899
869
208
1844
869
751
17
257
947
1065
1747
1702
1020
1062
1475
1051
265
1331
837
994
1510
1263
83
1598
1780
624
51
276
61
1693
925
1056
2000
1900
268
1055
1805
953
511
1689
488
1127
670
1970
797
586
656
1271
1822
1575
1354
1913
1927
1902
1990
1504
563
801
1351
1006
1694
1026
1231
945
95
1759
987
559
465
1827
1461
519
330
84
1756
1970
765
1082
360
1909
90
1453
366
423
1782
1631
152
1558
1108
768
218
749
930
1473
400
1980
1293
1604
1541
389
1497
1377
763
804
1762
674
1610
857
1435
1351
1986
1668
113
1179
714
224
523
1828
1340
359
1839
1189
348
1394
179
1240
439
1347
106
607
1627
1136
58
89
1638
905
1683
702
1315
210
1237
1250
954
1890
656
887
885
163
432
594
454
445
1452
1109
1398
1276
1577
1833
1721
1414
992
1537
1942
1596
850
1379
1591
1473
1465
508
1257
1348
1037
510
1447
492
455
734
152
1988
1585
1346
1491
176
1976
1566
1556
606
1284
183
1472
1839
1130
1006
5
1378
1914
1526
659
117
1915
747
344
544
55
1156
340
468
1150
1250
940
1409
1371
1926
1063
1813
725
1373
1134
1888
1497
909
1834
1752
1093
922
1162
239
1612
1913
1774
1370
692
1189
647
1588
6
1533
1972
183
1880
1015
346
1
1644
133
678
837
1876
225
54
188
259
1355
1033
853
1311
1250
466
242
1221
1028
1166
1548
1626
1115
59
265
1654
957
1838
1879
1372
655
1766
1249
258
453
1226
130
409
1143
1599
1406
44
1783
830
1069
472
1882
1520
116
1403
51
1489
1360
1905
1103
871
217
28
1183
556
565
840
1313
23
570
486
526
532
1004
1099
258
1019
976
1311
948
1993
356
479
1469
628
485
590
829
932
129
1075
1689
1662
1463
785
1686
985
713
827
1940
38
1926
1428
717
1985
566
948
514
984
954
469
967
171
437
879
242
1554
903
1755
1244
468
54
1346
419
921
72
859
1046
675
1344
512
1765
1942
1305
211
1914
1583
1995
45
460
1226
475
88
372
884
418
488
752
878
142
1899
492
1134
1274
1560
1876
1841
1959
977
1354
1403
1207
1996
470
165
217
311
1123
769
1571
815
1296
1592
112
1885
574
1541
788
854
829
1009
625
932
1259
1876
44
1342
930
555
212
1801
933
1485
1779
602
1043
1449
741
751
1916
1980
1145
1855
1460
572
1097
1721
1154
1780
672
1898
192
1192
888
360
1389
1933
1572
1130
65
728
22
774
441
329
1861
735
1977
762
48
61
962
573
758
182
1419
1760
1491
1700
30
1481
1453
1833
1804
1399
1232
259
309
844
1107
1292
287
136
913
149
353
1099
687
1915
243
1476
1747
780
1598
1441
692
161
1730
10
247
198
119
497
1044
1988
1089
831
1595
1018
557
1414
822
581
1783
1815
1906
439
1299
1654
611
1464
1879
749
531
1879
1712
1124
1915
1975
334
1751
1598
575
1408
656
393
514
274
181
639
419
1632
1007
1119
1344
959
251
271
1836
1776
1863
1376
443
1038
1407
1965
179
1233
163
377
202
786
942
182
894
382
655
318
298
993
1632
1301
287
491
867
1516
1567
919
409
460
1333
1268
1969
921
1301
617
1802
1803
1474
1821
1879
20
1893
560
1528
1018
527
1663
1130
998
705
1584
876
1215
924
1949
1107
1107
29
1585
491
411
1967
1795
1120
1499
1586
423
366
1454
371
1319
493
874
476
308
331
1530
1400
1546
121
1491
660
1371
550
260
361
1523
616
1619
1618
1140
1292
468
652
1140
1576
575
52
1048
961
1498
843
628
986
947
1351
786
1408
1910
1329
1194
1384
843
1010
1028
1645
1186
1906
1920
327
1150
931
595
1336
77
1088
528
1614
998
647
333
512
1897
1720
643
1982
1442
1900
214
526
929
627
356
1199
266
1123
1726
1302
755
1432
175
257
854
1508
808
463
533
323
1724
929
751
614
312
358
278
743
1768
1359
1414
30
170
1731
803
1234
1474
1408
367
737
1127
941
1021
1111
1893
390
975
484
1183
1605
15
1110
1060
393
779
1569
1034
1362
1773
1737
1189
1683
1671
937
257
1839
1309
1180
280
1870
159
459
1491
630
136
1409
1208
1814
912
73
988
1623
774
1491
1803
1417
1797
1297
173
90
509
252
1869
274
70
1521
1
1440
1021
1822
822
1529
766
82
1866
323
940
1134
826
1289
1743
1497
263
1357
1695
505
1687
1707
1231
1921
665
678
625
347
716
1074
500
180
618
1492
1055
1182
106
443
1586
732
1498
1651
1835
1772
1469
829
245
1759
113
1989
1275
1767
1485
996
1739
317
404
1551
290
536
456
1009
1568
1879
1829
612
39
1818
1389
1936
1341
168
625
1449
1970
1711
716
256
483
347
947
722
470
1167
1034
188
470
1869
1538
1282
969
578
1623
956
282
11
1666
104
920
1221
1310
335
642
915
733
156
1227
369
1310
204
319
223
1689
282
697
1166
1094
1632
900
960
1659
455
738
54
1291
178
1535
888
794
1028
579
838
1603
929
1689
364
847
1466
492
1087
516
480
1527
965
1632
1508
266
134
1974
887
221
47
1165
1003
519
845
1385
950
309
399
1426
93
1150
1682
82
665
314
203
1393
455
1561
1994
848
461
699
1498
1535
1823
1913
1926
1723
1662
1972
763
1619
12
536
985
1968
659
1693
1745
11
484
1810
322
1716
302
643
1400
1608
1542
1295
1794
927
1320
1586
52
100
694
397
960
486
1960
670
633
487
1877
1293
223
1091
1652
377
1690
1212
1951
122
316
695
1101
547
257
1058
418
208
1318
1220
1335
1655
1584
207
438
733
1854
1915
793
1341
264
1229
84
289
1402
882
427
1568
896
1256
1464
211
881
486
129
49
1741
1642
874
105
79
1127
1217
851
354
967
382
955
93
1565
1257
418
1827
1645
1863
1835
1987
1614
546
1128
818
978
82
832
745
930
1619
78
1563
1747
889
1229
773
693
911
1843
1316
818
1699
1676
1739
55
999
1993
101
691
1732
1302
796
11
1045
1987
233
1153
1657
1110
1368
1872
1189
777
974
639
760
1374
1820
93
587
1641
1080
86
1120
1747
1954
750
704
800
1896
1721
256
1252
1779
335
773
1566
1786
1785
1922
1033
898
993
17
43
1263
667
787
179
1014
944
963
1777
132
813
1486
1597
855
984
544
1087
385
364
479
655
550
989
1645
752
1330
1372
1016
854
1731
1794
1700
1526
95
286
1660
1681
811
593
291
979
1959
502
1053
211
1042
623
608
1730
1814
1491
1011
1799
101
716
179
476
1642
1666
1598
647
1698
1857
1867
415
1475
1066
1390
275
1078
232
369
1748
1461
430
1604
1755
809
1561
719
458
1389
737
62
68
1075
513
1322
1437
1969
1741
781
1726
825
1244
1468
1200
431
1601
348
1331
1215
1940
144
148
63
486
1036
794
171
425
396
1764
1663
1549
747
81
988
1581
656
685
1359
1981
701
1625
813
310
852
1543
386
852
1187
1066
319
101
1556
1713
757
611
397
408
763
848
1016
24
1004
1610
1868
303
222
676
427
177
1611
834
773
1713
1924
443
356
1764
976
1529
1954
1049
1344
945
1316
349
291
1550
1393
1182
1845
1850
599
1144
1388
1192
318
488
1509
1594
1404
1898
1353
773
1800
603
1911
827
1811
369
628
1451
1734
995
654
1766
1400
1110
1706
1986
1025
1144
462
1408
825
1343
1683
725
1527
1612
684
631
541
750
863
973
793
1984
642
359
636
1633
797
1969
38
1545
60
1414
527
1005
1524
1618
761
1563
1726
100
1816
71
484
896
1514
1935
1768
1569
399
1323
773
877
1348
1010
1563
668
1595
1252
351
625
1461
1498
333
910
687
403
1893
661
1748
1654
59
1363
1001
550
1129
1946
1978
888
795
1523
417
206
1314
680
1416
311
760
1413
234
853
734
550
1254
1931
1461
26
656
238
1044
828
1096
1953
234
1056
572
683
1593
455
471
1032
652
1738
791
1003
363
446
519
1907
1121
127
42
804
1533
1228
1717
1223
1425
271
1586
1535
594
39
1381
1994
1907
117
212
1004
246
1177
240
1649
1817
788
927
457
1768
392
307
317
1038
814
1531
310
246
1446
79
333
1678
1990
154
1043
133
1263
1782
1345
314
1036
764
597
1803
1453
1165
1360
1464
534
149
1451
1798
1494
1230
728
1011
85
673
1913
210
90
179
635
1856
1334
1705
789
1392
745
581
1718
1677
1755
1876
886
1990
631
1211
455
1180
1099
664
1070
925
1145
497
1099
1875
583
1734
18
678
1289
1373
1067
1943
960
650
117
1512
1270
1843
1234
1766
1245
1676
1977
1895
554
234
109
174
1520
1016
1827
1713
1915
1366
299
1906
445
1089
53
1789
413
860
268
1448
1381
275
721
1505
598
1559
231
1794
1121
185
227
823
714
1094
347
250
1101
461
1414
9
1364
1654
294
1099
675
1194
1964
966
1480
1994
1170
318
120
1163
1274
1248
880
489
8
741
1472
1134
476
907
436
1887
836
1092
1541
1761
1716
264
1421
1544
1579
1710
157
412
239
1604
1874
6
1045
1316
726
1228
1682
139
1461
875
708
564
1141
590
71
1345
788
1519
1377
1720
783
615
1129
1712
1829
1610
1914
997
539
675
559
1001
1281
1818
76
1029
210
807
1875
896
177
561
493
1797
244
996
1969
1069
736
1205
1034
1072
1229
1963
240
832
1071
1682
438
1538
1395
741
1368
695
50
1270
1598
1757
629
1314
403
824
759
1498
1829
1176
260
1207
478
107
1976
1515
1274
397
892
1002
837
1533
287
139
613
700
1134
97
1541
737
1084
283
1354
248
998
1348
996
1584
1681
1065
697
596
1231
1407
833
21
623
272
2
1359
715
1141
1363
1588
1449
959
1603
397
1457
1700
1826
836
1286
449
1695
1857
110
1932
1330
1085
1834
1291
1763
1653
784
1004
19
1707
1557
1305
439
1128
1692
404
428
1052
1945
345
1014
621
414
1377
1584
1873
782
1764
527
1025
541
39
1323
181
949
1202
1634
1521
1448
1157
1711
429
1614
35
1143
1083
459
82
38
1767
1932
1638
1481
985
1038
1821
1345
1757
1666
931
145
359
1533
121
991
1872
197
919
1811
1019
1987
1675
1729
531
1577
1504
1488
1136
151
401
286
1390
599
1660
82
1725
598
414
1612
1306
1842
467
1812
104
1925
72
61
1622
1376
135
1733
1456
98
225
1487
440
1353
1087
850
1204
1802
1069
1308
1318
1062
1669
556
1736
1016
1587
1938
180
543
1740
42
746
1140
1927
1889
1920
37
1508
1970
1659
873
400
1591
591
1728
224
1897
927
450
81
1205
1770
1096
969
1798
1279
1487
198
137
1798
600
116
857
1220
1890
824
1951
379
634
12
511
725
1115
1810
695
801
1774
258
1722
1124
1429
236
1972
1818
1926
42
1141
1689
1599
464
941
1823
227
476
1713
1511
190
380
311
352
898
702
30
314
35
880
1523
1093
1273
1929
1153
1611
310
372
1120
680
443
1120
748
219
236
908
110
1160
286
1333
1200
280
1926
52
322
584
666
1594
1235
943
50
1594
383
1662
1619
1223
491
73
372
442
1932
224
1327
283
109
1077
622
1221
1961
448
1850
1591
401
1342
1386
729
1793
1724
1544
1641
1003
388
418
1603
1614
1545
851
492
585
147
1559
91
115
250
1662
1332
1559
616
1371
813
47
951
204
1672
1993
1663
1629
151
1163
1598
1666
1844
1218
874
752
1122
1403
1147
933
494
32
1752
429
1227
691
1489
403
1189
569
863
609
819
1401
542
486
284
943
31
486
1763
823
792
1535
96
1914
1606
631
1352
1115
1625
64
1248
1061
1384
1267
1946
920
1541
580
193
1906
510
333
1560
42
455
1798
1623
1652
137
671
1169
1321
1930
1909
1005
934
1007
1288
1867
564
681
424
1558
907
1727
1809
727
78
70
303
788
911
1879
1763
862
1247
103
952
925
1260
742
1261
316
996
901
1718
1510
443
1050
1443
1449
1774
1141
192
623
1649
1739
424
1733
1603
425
1026
491
632
102
1911
764
844
652
1665
943
189
803
1042
1929
901
1111
67
995
1276
744
1700
1594
1493
453
199
358
579
442
1150
1111
1794
924
1024
310
1259
1702
1543
343
463
1305
1902
261
1903
1932
304
1907
277
1767
1738
125
1252
1247
1394
1578
317
200
1209
1469
649
225
530
1926
1666
1766
1211
1358
1239
238
442
645
1403
412
400
439
97
981
168
595
515
491
732
1675
1373
1637
368
1292
1995
1427
938
723
1003
1208
1158
751
527
972
916
594
836
473
688
1407
315
1420
270
1946
466
120
1864
841
1562
1539
1749
81
84
1385
353
1272
867
1731
8
252
681
186
278
1934
136
443
349
1873
157
1269
1136
813
1397
593
82
1626
558
768
1535
1481
1454
364
1728
813
961
1066
1707
615
1049
1823
417
748
50
1836
27
706
728
1524
1180
1788
315
986
731
1772
35
1758
533
1521
1314
1614
1754
1084
1846
1105
1550
346
17
1885
641
301
215
1025
1164
1787
1550
947
1527
941
1209
194
1499
987
951
974
1681
958
443
1363
1768
673
1769
1092
1534
1500
1531
108
148
1717
112
59
1580
428
1475
660
260
609
1739
1333
1443
665
1687
525
1749
436
531
318
1634
213
1595
676
1140
712
4
1869
1351
1815
439
532
579
1684
584
920
168
866
922
927
1610
1517
89
918
1359
1694
437
1431
803
761
1167
958
1074
883
1115
1715
1361
190
1872
1262
1678
756
1949
1660
1516
1719
440
1242
1700
1849
1281
692
157
839
924
371
891
1677
263
288
1688
727
1844
1803
1522
1368
285
99
512
1116
1757
461
1241
230
1663
717
461
592
404
1451
134
884
1769
229
1949
1691
108
603
432
1980
888
328
1206
476
1960
1866
855
1170
786
494
318
1527
1242
967
211
1071
313
1011
458
1520
125
1906
936
521
564
1346
1702
572
158
547
774
412
368
1784
1621
1233
1079
804
851
1703
1253
1352
1315
171
654
1201
613
1236
1328
996
1027
47
1785
1590
1263
1993
1188
1155
1799
189
178
1434
791
1579
704
1260
382
1820
1994
1500
388
1082
1141
114
1559
1861
316
60
209
1724
1212
1438
1228
1793
845
108
194
1442
1419
808
1841
1043
729
1975
1197
1328
1267
883
1432
912
801
274
1967
1724
241
1942
1652
593
849
1215
938
1863
1036
1120
1599
1403
689
1830
1602
819
521
309
1847
1402
708
757
1897
798
524
1601
945
1521
33
468
71
91
1093
880
97
1430
622
1819
264
1633
874
212
1802
313
1751
1735
1415
1120
44
1090
1505
1911
232
739
1853
1447
1568
920
1450
385
1819
1635
436
1664
701
279
1609
989
1388
52
1832
1003
904
510
899
631
133
325
58
134
858
1209
500
1229
1172
1376
1998
1626
1544
258
391
155
933
157
498
1713
1335
2000
1158
827
1591
1765
104
273
377
1017
1016
441
1468
850
77
1629
36
1568
1675
1990
1833
1740
1234
1832
1768
234
100
1664
1265
942
554
508
851
1837
723
1318
1388
1088
1701
378
1550
166
807
1839
1256
953
397
47
1736
378
756
444
414
1443
173
104
1413
1159
1110
757
533
1161
1786
1534
449
77
1617
1452
1982
1978
14
1711
910
1855
1885
1652
1218
18
1292
1292
407
1757
713
310
473
1015
1438
655
1069
392
972
1000
711
150
360
1441
96
82
1438
271
1068
159
269
1702
1080
309
360
1927
54
1536
1021
539
1727
141
873
1818
1947
1489
1684
512
1681
822
640
1271
497
278
445
268
1458
1722
445
1367
1523
1961
1341
1154
254
825
1348
1959
252
880
1667
351
638
1828
134
1435
1808
1305
315
853
767
362
1269
672
1264
724
1824
91
199
485
25
811
1706
959
1807
739
1016
468
292
343
684
281
217
1204
20
1273
1563
955
537
1954
27
538
1542
544
849
1173
968
1339
65
1831
779
1510
1005
1410
1943
1338
890
1116
1785
453
126
1481
704
1387
84
1065
736
52
1371
442
412
1483
1689
369
19
1954
1550
1138
559
556
826
1813
10
110
962
1270
1997
437
989
304
192
1183
1839
1640
651
475
1695
293
1641
1889
1197
486
1907
178
1262
882
1395
994
755
1190
989
1159
1294
1183
113
525
281
1693
688
1807
908
553
974
1807
1946
358
1278
1807
1540
1155
424
1019
1667
1025
1227
268
570
648
5
1597
1897
248
1045
1211
1345
864
1838
474
1228
578
1276
1545
608
616
971
139
1261
123
1825
521
1488
1400
235
1399
898
579
262
974
752
200
994
1128
904
181
1374
871
79
1703
1199
125
1971
1102
1017
469
1799
848
757
740
636
425
729
532
944
1657
1137
1925
270
505
1980
1624
1297
1256
197
476
102
113
1672
396
1733
540
1109
1502
1747
169
154
1502
212
332
10
547
1925
1073
1396
1020
1830
1074
1946
646
1209
1167
1870
1264
1153
527
804
149
381
1575
1288
231
1236
1383
1790
245
400
1823
1491
1666
851
1381
1595
905
1687
321
1075
1183
308
1221
1220
1946
457
1786
459
1447
146
1230
862
149
782
347
885
991
983
410
1198
735
972
553
514
389
136
1716
1831
504
13
296
406
805
764
1435
1487
1453
1640
1673
585
439
891
514
1265
234
1365
918
1794
691
1438
1087
664
583
860
1241
1002
1633
1703
1534
541
1652
1533
1414
1319
1755
1796
256
868
1200
1225
71
1175
657
1593
790
441
1116
1480
1149
470
855
670
1423
24
1227
1539
1911
1535
51
1
1127
775
221
1619
1063
887
596
1475
1240
468
568
921
827
216
920
1311
1735
646
1068
479
1048
1273
1444
327
557
135
1488
1910
408
1719
1781
1952
1713
1335
1023
31
90
570
906
318
84
795
1
1517
481
274
685
1256
41
1796
1479
1164
1159
1752
839
648
170
212
571
456
449
446
1372
1682
1688
452
1125
1772
929
554
760
1010
314
170
832
1669
676
890
220
1321
1079
170
767
511
24
627
519
1714
1764
125
1528
1210
1202
920
557
1916
1967
1014
1455
362
683
589
178
646
1938
1942
1448
1356
254
50
553
568
589
140
435
310
1307
837
629
996
923
608
653
1287
1397
1986
904
1605
331
866
183
37
1095
680
1198
582
130
1841
802
1687
1905
856
576
278
1276
40
124
311
1915
21
786
1637
1655
668
826
1793
1655
38
1864
294
1772
1947
839
955
549
1801
1781
887
1936
389
1554
69
23
535
597
965
569
102
1969
277
810
118
1254
1863
1457
788
371
1360
267
1918
1899
1259
1398
1039
1618
105
308
1835
1334
309
366
1018
1472
1501
409
495
997
292
1293
293
1467
1391
662
466
1491
96
521
454
1905
1451
963
860
84
1293
1174
1784
1214
441
1469
759
838
1308
1052
977
504
117
1203
704
1269
344
1632
1000
1901
1008
1946
1480
192
1513
1935
1488
1810
113
1687
300
521
732
758
898
1604
603
1707
1861
804
1378
217
242
849
1301
1516
711
887
623
1055
864
1259
876
1988
704
1704
264
1802
1953
1592
954
1986
66
1572
598
1192
186
1800
772
86
1005
529
1360
727
580
414
893
1657
23
1808
179
1319
555
1616
1724
903
194
673
848
1968
1969
1826
1831
875
1829
799
863
100
1238
685
1170
278
1950
946
277
1367
833
1086
1478
1148
1253
1007
1596
1653
1422
1494
498
227
704
1465
580
1537
440
1032
12
1729
4
620
1374
960
736
667
1
583
555
1635
1889
1686
1834
914
1995
43
1586
102
1598
1195
789
1033
90
1611
1025
1549
1525
1155
1471
1835
355
1045
1885
1150
959
153
554
810
1137
870
1802
975
134
233
1329
1893
446
391
1314
564
1548
1622
8
542
528
312
78
1691
800
869
393
1649
86
1731
595
592
1460
1685
1452
162
1179
11
88
242
1788
1381
579
1882
1287
134
556
1006
1094
139
907
1281
1956
1653
1740
1152
783
663
1053
1938
714
1354
1584
1297
949
1884
517
937
224
708
1664
1906
94
887
1326
281
1484
860
542
255
627
1255
1542
803
870
1520
99
1289
1949
142
354
1418
404
143
1223
12
1660
1810
1717
318
613
1219
1023
256
1847
909
182
1229
233
1288
714
266
828
464
704
1582
1572
1957
935
974
1739
654
637
835
484
1414
296
1784
1196
497
1739
800
1816
113
74
618
676
895
514
409
903
693
1563
1247
1336
748
1090
1040
661
724
780
1347
613
1224
538
700
661
1800
488
839
1125
1626
725
1198
1438
1623
103
267
435
264
1290
1657
1357
815
600
739
529
366
260
1315
111
1557
808
1913
1006
739
655
264
1118
863
114
369
188
1546
1095
1614
1188
282
1420
1222
908
475
1500
1061
285
234
478
1215
698
1147
950
198
994
69
1701
741
64
1793
150
748
675
569
1275
1018
800
1256
193
1967
1375
945
165
289
633
1266
1026
1514
1980
1332
708
499
153
881
941
252
447
1908
1034
1317
1561
1582
1917
1658
211
19
1267
834
324
1692
244
1528
755
900
1264
1119
1730
1695
806
1480
1621
270
1
344
876
1034
1662
1131
790
1452
1844
1904
1814
1897
833
1378
138
1576
1032
1239
1380
1788
264
1636
1614
12
756
249
516
979
1922
1277
1837
1411
682
1746
244
653
1731
886
1639
1947
1514
435
201
1701
789
1343
638
1245
975
187
617
694
880
1364
1497
219
771
1240
1143
954
595
91
1167
472
14
1801
1014
227
1816
1647
188
1813
89
859
1506
1545
367
451
1070
724
1307
1254
1198
1104
593
700
1077
259
645
1494
1788
122
77
1366
1902
230
1986
1368
38
3
2000
1330
750
545
934
1054
474
86
1588
1817
1969
646
1103
941
26
334
55
26
472
965
1417
865
221
289
1824
533
192
1983
1812
1152
1696
1455
396
139
71
1291
1467
658
118
941
1157
1028
1063
1212
1329
0
1863
1090
1052
50
744
1571
1041
131
97
1842
722
1484
729
800
756
1557
1827
1549
672
1414
1173
969
1945
1091
321
387
141
1062
1350
239
1392
1813
789
1482
1009
1056
1473
1643
1409
1057
1113
365
728
1616
1417
1651
1328
413
819
146
1913
82
647
2000
1392
1703
1038
345
1671
1538
1450
1910
1246
176
9
1810
89
859
973
1044
772
1941
1392
1521
288
1447
832
1181
944
737
1943
355
1133
1388
962
1047
31
1943
1339
204
735
1274
1901
1437
530
1594
1280
1046
529
1033
94
1252
1653
388
689
1550
946
95
1682
588
46
997
1394
86
1357
1463
151
270
1208
65
303
1299
1187
750
599
1927
1064
247
1395
1278
1824
1707
1006
545
1886
594
1869
357
491
1128
1638
1961
1641
374
378
1529
254
86
1968
1910
1322
1997
699
1260
1687
795
532
1787
424
1689
714
1721
263
412
677
1972
545
1184
720
531
1487
1264
1582
555
119
735
1562
345
765
414
1654
61
310
347
1171
1900
370
844
1516
1147
1868
745
1487
735
1868
1937
1252
457
1697
1456
950
1375
1588
1290
993
217
1971
1591
1135
1146
547
1749
1334
410
1978
326
827
1667
1420
1214
103
1576
878
1993
1484
1854
240
1796
1508
322
311
103
825
1813
1319
1403
1083
1268
1487
1829
1813
136
1772
1008
26
310
907
1614
1564
287
336
553
91
1468
1753
131
346
1919
1485
1848
1941
942
784
1423
730
494
358
1698
1456
1794
57
1248
110
1462
543
412
1190
1063
1721
1454
638
1312
801
403
1122
1835
647
942
421
986
1063
518
655
733
1507
1033
1039
1008
83
651
1683
596
704
1699
715
1924
1135
1737
425
409
653
235
633
1409
199
180
1414
1662
321
346
774
773
1454
1623
1694
499
1393
831
1326
1488
1947
1985
1882
1224
1007
1422
1499
1168
1084
633
1777
1687
478
896
1996
538
1859
1511
1331
1992
892
1152
1080
955
230
1306
1174
1906
885
1784
49
723
1421
460
168
281
338
866
1392
1840
154
1324
1692
1941
1037
484
1651
310
1062
179
912
1938
922
217
224
325
421
1833
299
605
806
1590
554
1583
565
1303
890
498
711
510
148
657
287
1651
732
727
1866
1472
1399
1125
1701
1138
155
1040
1797
835
469
1817
1027
710
50
1667
1025
1252
692
66
1035
380
350
497
223
941
1926
3
227
1704
1328
741
214
704
969
1104
1342
1764
571
1981
1808
1760
208
1804
1686
799
974
1401
660
312
1717
538
599
1853
572
663
1156
665
675
1487
1932
1067
1773
1554
1363
1649
533
1362
399
812
214
447
74
1410
830
727
139
1105
1685
565
156
306
1967
379
1140
350
1989
1670
733
51
1715
821
1704
567
1021
1
1693
1722
1590
1953
1181
805
1618
1347
1270
168
1486
17
949
1822
599
1778
1610
59
834
1470
1617
379
1956
355
348
1591
1800
1703
875
1743
855
1741
984
785
778
1834
1536
1893
304
1696
1220
1665
1862
1615
654
983
1387
140
442
897
1515
1262
31
808
556
1089
716
500
1291
1578
1202
513
963
1150
1250
1329
1530
283
673
640
1834
48
1453
1322
228
514
540
932
626
1624
866
1149
706
1386
92
499
241
1582
1741
1221
615
52
1264
77
1621
1410
656
889
449
1068
1631
955
1821
939
782
1739
331
1360
66
1477
918
1923
1500
650
1588
954
758
1021
967
1689
1958
538
874
297
1422
732
960
31
1702
1495
1248
692
173
524
1050
1866
1673
855
441
587
420
268
778
545
1892
567
1988
1070
1507
429
1258
103
1117
142
1780
1834
1473
1466
784
1010
1322
1166
84
751
852
638
1867
1529
434
173
1810
1876
377
653
1001
1265
1504
1
1813
1404
1313
1558
766
1727
1113
314
1050
463
143
60
1369
1014
314
1890
1327
1767
204
1694
162
559
1797
1599
1318
1555
1593
1442
1453
100
689
697
1080
29
445
452
677
1093
171
1432
1538
1130
1747
1480
130
990
1686
1634
1605
87
1898
563
1242
684
6
318
545
1492
753
756
1464
1103
695
628
1353
1796
281
1688
1556
1042
1686
58
1443
757
237
497
1386
40
178
1485
846
1657
557
1367
139
958
8
232
471
92
504
835
193
899
347
1665
240
1683
2
1941
42
1372
1822
946
1372
196
761
344
1638
965
928
1480
1960
42
1801
1908
486
1917
171
79
342
1605
931
529
659
1108
105
743
1641
1074
119
1540
0
67
627
1028
1002
239
1860
158
1449
886
121
52
1999
1885
179
407
17
566
1149
1814
946
1823
867
358
1911
1031
624
544
1074
494
1355
1416
1066
831
1169
1286
791
1417
480
1840
887
237
1873
1592
310
56
1702
204
1621
1769
1390
588
355
1836
177
1367
400
573
1632
101
1429
967
247
223
40
195
806
1395
529
243
1967
1739
369
259
332
106
436
1934
1258
1033
1414
1554
854
1431
1879
1605
178
741
1145
1108
1855
1649
926
52
1417
646
108
1006
1871
1234
1874
150
1407
706
1824
399
849
1404
962
1704
179
426
118
1250
1253
1138
903
1513
887
1497
182
245
231
723
386
411
1219
1318
1576
163
1828
1611
326
1007
1857
420
1438
1589
1225
979
1586
930
1173
1424
790
1741
251
1407
1774
1084
1708
1903
302
1821
1505
1512
1279
1498
1491
407
1838
820
1755
1907
1570
711
1196
901
2
738
1807
605
583
1876
1173
1384
1967
1610
141
314
1225
1888
398
791
985
449
463
1314
1661
671
653
374
1251
1486
710
1112
709
901
1095
1841
155
373
1876
1643
1910
5
1242
95
385
697
1917
434
1345
1949
770
1672
1232
1793
661
1730
1421
1611
1664
582
1220
1810
459
1312
1189
1165
407
513
464
1871
400
257
1621
988
178
393
1353
411
1665
1674
1160
1421
1011
1502
815
1494
66
1282
833
297
122
1909
620
1295
904
676
1143
537
555
207
692
1413
78
1228
78
210
729
1679
1251
687
1106
1659
605
