#N=10900
52566578
102615189
32717519
79197706
51001252
60842313
69791475
25738172
110300660
59744635
100264855
85805701
44144013
26990613
61553196
21834708
80160864
110171067
36091879
74260349
3166458
99356940
3596787
111889321
88443879
80807592
22676133
24280229
62110181
63280930
60566874
101082503
51613936
90685207
18309861
25263080
78255283
10046840
53186948
24494959
24504252
73274242
33156135
31212935
74543380
79095760
104552829
5900515
107004609
64448570
79567192
18990768
19816691
41599196
98116818
64163650
18697411
78205204
91426986
88741309
11666993
88691668
91676272
35254486
12429923
8263021
90886133
53760324
113256218
107626337
242454
112101318
7634492
72870376
45470106
68642865
99804782
49007889
54046953
96917471
44631878
37967996
48587580
74463042
31805415
19911614
100450295
57669733
66538210
2735318
5968667
104126138
85165374
83413251
63178354
77479600
22720433
110973427
62421500
1154900
99991845
46182079
66631212
57801628
100779225
5365847
23499541
2887311
13279641
24982587
57233520
88978837
15066211
28675966
92822748
92945683
72183405
106618607
51701066
90125703
45283574
50269047
49851413
7685774
60692817
71014928
23961729
30469163
10981582
16239421
53333689
51093847
73116485
70168995
43205716
97891914
989836
117326955
73367421
43110805
9916375
28557554
114966089
40930529
84206192
113917772
50148247
109771332
70238662
10335649
40274290
37597800
108386230
106550116
102534046
39127284
60033346
7722308
95945475
87601366
70836567
110878325
7888130
94034572
69179159
44688762
24524492
76689032
116314210
53713497
46954716
96699477
72064993
9951947
118495913
93244860
43679110
39812598
69497042
32640862
20759419
61437805
62777385
78162576
46516769
103715368
61991809
91241981
55695741
103877151
79713235
104515626
41699166
90912999
69510079
1393757
56088183
98524626
29734315
19614733
109362134
45906399
97013564
97630134
85082838
87586945
32651448
19941877
19053178
8059237
97577108
70310474
23824665
77872018
16170767
74084789
48019626
85828289
20432376
78893746
62177985
116513867
35005547
49209039
34824816
98699084
90469442
36473450
116876123
111541547
50314799
11732000
79633562
18330249
73882316
74044590
68533767
24592210
50078400
76456335
111948203
19705090
54139707
68549877
38756021
58056109
62556043
87935881
23650303
22728510
52791829
12968946
81689050
55116464
86453227
7254996
109536592
97737896
113872281
105144122
31907984
31984550
65563315
14492602
68606483
49290105
32869820
981061
40357638
30373309
22316628
43398325
99759070
114893599
14897464
78533771
43309435
39827533
35144052
10681357
68753090
6578995
54229350
83337684
73293503
116428962
12192716
4392469
65829912
81887731
39580807
26319012
82188068
25176840
109336412
76529051
17836097
2496511
97474434
115769314
58327870
35136660
37404491
30128929
80487793
93879932
43389718
32628078
98788073
37468687
84165638
104225407
60999123
65514019
71144968
68901033
50599050
49114986
92525293
48414529
8603292
23307597
44696231
14562647
16244373
106839901
97864618
20876784
71882271
71241403
87268453
28198941
82362498
62334559
105549211
47859715
3995489
14824661
76176071
113372667
95279565
18651619
41984069
1001719
23818599
22029982
104089371
2184520
49415323
69217696
12621928
2944275
15966854
56666330
35508029
114177590
43861260
35526845
61321962
43683330
116592536
24933893
41459731
43406413
67242700
99628180
90493644
9432823
38355096
57524452
80292227
103181476
3736650
19954087
24625979
21634078
100328289
34871674
117276223
55374678
53250842
74765599
86246247
20599265
21708700
8884814
61759258
177930
37744309
45291698
11127229
82089753
76501194
69545181
71722769
57809877
61273084
32969192
56854226
53983621
53787802
60338140
87459126
109816202
47339429
108564306
23167856
44953611
109334463
42510624
96842062
32651577
61960528
77361432
86553638
30434400
89950506
16467559
116764332
83368187
87600505
60392048
10366984
18691316
8272097
47657207
9859281
16193092
97991390
5419716
94238126
71685231
21902341
106608451
86648346
2385817
8133473
99467233
75825180
76682885
108263726
19480629
73811570
31526128
106220927
70086078
41383699
15485949
47677055
56372283
81904833
77812819
61023581
81519777
17735665
982635
68475818
4439564
49668597
35209789
111231006
106439675
103846886
19516523
98474978
114894743
54274268
59164218
107137
56344551
2871315
76737598
32069703
3725492
117856059
99638608
22409023
103821417
52391117
97577867
4252332
385055
60077153
68944576
21947589
13296101
79027668
42169658
20922189
62038923
59076534
100618113
16868327
116665773
84052256
48214390
4881235
6833347
56292903
42179539
24274848
8049453
86595170
60144725
100126469
14034642
47247491
52544787
108472714
52006061
37500713
63021387
106151097
55684682
117630538
107491562
111183913
16988745
101903125
48017707
54074226
70124392
16565856
87463938
111784538
86122539
825116
90415327
101368500
48243450
74394370
91843753
35636614
72560527
12897234
56485312
24371929
114051431
15044074
54354957
73568595
109529662
64200850
7563165
63310770
100641793
5588437
63166206
90628150
40682363
40355480
85420289
77149855
58156948
95542451
30272841
103564040
71391667
16020956
18428376
21510466
1833843
78946519
106864933
48188598
17655804
41441238
97730603
49386465
24324413
108964108
66005430
55122521
91272688
1974728
144564
10013642
92619705
31714355
14111491
82342509
101008533
117591468
46877014
73402908
24150784
23155514
94039294
58784831
14187113
58291858
42359163
81358875
61290715
65423695
78171626
95982969
26020455
107576496
102191036
88011892
26595050
72934332
63881587
90162675
37068654
87240210
4805781
10277196
49515823
24233654
35465495
36509255
93440684
32625129
98173615
93079584
8968401
44651066
16425667
60541869
115811143
104649099
3187249
93021377
39403240
98308761
112601934
56818563
89885076
38160333
33033935
55242375
35865678
95451378
94260524
26791458
37724387
99382128
93621702
21910198
58506601
11743995
57145640
361099
32560358
62426179
85557547
76140163
47649923
39490199
66258250
31693396
65245858
23688488
99229443
110298308
17327315
83345231
32688258
34642700
11198285
56392558
88695482
9074220
57726991
113688397
60883387
24717819
49779157
90781336
83574558
58145501
106897268
113529462
42517183
84133826
23679886
46067347
9881913
24860157
93054342
42569761
51273954
82661181
15264803
24787842
77610050
101494616
81050576
95105700
73660849
2124064
117475568
93817085
75904464
41912802
72812870
88912051
59953261
110443656
111597699
97758727
24531948
31667071
98753206
115259837
74251913
7723359
80726636
95025782
92396204
19296790
27304958
35389741
5051131
41483818
62547267
110217980
36737396
78926511
96440133
98653765
53933231
84466396
29907845
114706044
109673171
81179215
96124353
89908165
85911708
88834258
117815522
36985742
76225159
91029847
43436830
106939762
34137156
61429846
67720824
65910092
14245659
113534771
91652475
22546782
4746421
111334387
22681477
65797262
33896910
20877366
68745920
66940818
93603226
76442261
18581691
19765006
4171136
7290095
90902643
48925966
12609099
26785675
2452541
96999028
65796321
100816985
39218938
95940694
56087817
81899683
93067618
602507
108788350
108031719
118675305
66662790
77437476
1804111
5954972
94669723
46084141
1207289
48359127
73838219
72271124
11291596
56575994
74055171
113490997
64116968
55377055
43323702
88702985
29349187
66683720
88665627
53632798
85032885
11776706
55485310
91921334
103845900
737202
51029190
39497872
6964823
60707817
110481384
83433600
13651313
46310596
91055923
47746165
45971161
26165855
7119583
16610600
111269027
27581746
79070925
94223983
26027868
95449983
8940988
94526389
109364465
76888921
116957489
111921552
26740806
54748107
40892144
73251658
2676009
109131373
47826489
42341224
55960134
73074417
1281307
84715149
339435
64890067
40626582
29360561
33706829
107251468
56349676
17045043
1553878
102430943
94186625
59215109
113799148
50862067
96378901
116252914
59051745
71113012
71029407
72299149
60975728
59474402
34328798
88048416
53171239
93562073
49963546
90054986
72734982
55201241
52992197
89788875
31183238
61088744
91820886
25565416
114601220
72728734
50572049
70052399
116345425
43324558
81646209
6449864
713952
34169519
45223507
105562596
10137283
20458635
46873981
100640943
6303162
59576726
46988499
81926254
29730721
113572306
45966419
101756107
24018003
807082
6871619
14521452
74201155
19092152
93803368
44548821
84096939
16151121
107216191
109895561
42610605
47476690
80036358
22864987
24032235
24764871
58688615
37209971
23059103
115010885
53652444
43186909
38749635
52226194
44863465
46784614
89554303
54062966
103788118
9496551
45415928
106589468
48431715
29652334
62708843
86555877
65046261
93011379
92350516
59739500
38762833
28649248
23444455
64175116
82986372
114535895
10609398
71391361
102367528
98682195
85164880
10329880
7227073
868651
81481891
109610500
61806497
80057752
8647038
6102279
88778467
24667224
43880625
80685839
83416074
88507465
3108990
5306760
63152175
63701268
36295045
93397718
64472877
36622190
53565718
20498641
12168367
30737204
113940112
100941278
100358751
93199859
47657989
16426574
57872154
1424139
109867092
55704218
182915
111693444
81031655
8092628
60061151
83086790
86480478
87012943
25355290
58217723
87821716
88564458
118038392
8576485
48735630
52877865
33357453
31732143
34272160
30037090
58092084
29643883
62186918
92835807
35327704
46233850
34273113
2167936
10144853
116983648
102386193
110900288
51632293
6848495
49325780
100761839
57731500
28262755
118001228
55600832
58989332
88148861
48732458
74064156
94029033
17003486
18605705
12223992
101353690
13531907
95563803
92969908
113126179
15953068
58562693
33159768
36088997
36099466
27495374
26958196
74254985
95537698
61574508
78584085
67926995
21063025
101570611
2130668
96987053
38755997
15772004
112638807
3023458
31728972
55458451
90708670
43363427
13977427
35470190
8383782
19215729
79610735
34407214
79966411
98674072
31366857
14568024
18034431
89558111
50767676
93097319
114480901
36514333
49415112
95823474
65796327
51789603
71718244
114072295
103158247
35732539
102853033
57180355
40028418
116079176
50384654
55238480
34979644
113571699
83573086
101690199
66962948
108650294
11943987
74302017
89543271
60618747
82610348
43747113
93887211
23156973
43682206
18657427
89528006
116435510
33008860
70534033
67441356
35985704
20122892
54881522
4607751
105583858
6795701
103599939
81099531
64526585
90475394
61003076
55512381
102636423
98649842
111470932
19107023
70135241
595299
45796158
85541537
59453375
64906
84133414
52438968
54960327
113362197
27897603
57897784
115833157
59314771
21463464
31377953
33349035
48085820
19817812
33387956
69982747
13124545
29000085
17917834
115552602
81163235
62851450
83529400
28514601
969262
92120866
103403705
59951925
45731251
10311753
15918037
72818210
89581217
33444995
5966173
116339041
87392832
36434319
84455203
25965736
92187645
11560141
8864708
96913074
6693267
4387871
60968542
25285574
66646850
73876385
40926831
52648634
61882188
110218535
52824527
68730968
55293244
93091952
44033888
100626672
39540536
110186673
75755667
100955807
64862163
88341854
31883838
70330726
71960305
72895062
17101028
114084571
4866873
4476837
44848162
109121324
56551022
105902158
103168743
22901846
11994197
49518297
8727737
2054850
63828921
78542576
24697080
73476573
53551415
61560846
24871004
66298360
45324509
115127444
69071969
3435067
25285179
86702406
53229698
76685735
68028189
12624191
78140039
14555550
75639446
57756005
14856211
42552806
93907960
62554076
14174108
18842977
104499377
48995162
96167771
109162348
33894790
90849865
57509199
106063056
16236336
37457191
6130021
50793072
89842265
101179563
69015370
67409445
18674217
40605507
7449325
53472639
64698376
20384034
8602969
33086640
91561675
80015765
28378697
83968613
76864700
92892577
41485207
4240658
24004002
14221536
60556779
46641735
74613528
28955637
108836664
93156895
66424927
23760459
100587702
22432820
91408976
37313493
68863749
84011579
94717132
105875292
53773300
40515366
56535990
56300834
4707942
16496692
3151065
63199751
42483405
81527672
68888575
36167301
62493880
105075897
67321638
40504772
56615072
100266634
81340711
85076205
1472823
43992107
60065114
63274209
81282701
16301026
61406362
90702088
39141909
63105396
58242932
116282466
35807423
40039297
62053399
60318192
92823288
49337024
3214806
15219734
19033792
91526308
87655664
30892738
48460825
94768635
77974062
99252497
107697441
46252233
33914721
57008615
90423037
43764087
1867846
109390614
95969118
7204596
32459156
50573074
36201602
18203634
63132697
94299232
66026010
12716375
66007015
86507184
30303232
30498499
46374071
115854685
43065483
1790658
71728677
76921959
105881195
40625458
65337776
50688826
74639197
108960635
55140768
99842424
75508600
3566880
85835087
54299674
98716625
14255522
106250378
60712371
70987625
50416321
28292217
107232457
110126774
44412146
40133113
33258548
115146647
53487042
44126008
93857155
14719464
31103218
11584183
55192369
93699892
84090772
4451687
93606774
42355664
51573888
22910966
21208926
32563886
71579565
66859297
38004254
62077898
64737686
41323784
91468798
59099548
111593701
67099344
76868226
56979130
114359701
116846171
21289492
47671208
13022789
82272972
78337095
65116957
55207042
59644312
93117
41735107
71687800
79599438
30050368
27913632
70141402
73159630
3463262
18405297
11025240
115490471
89419100
5638138
57443713
33273084
109944952
63518201
80453274
87735686
35689638
66688493
103823381
57826521
88144114
75619463
35969560
27596413
73927470
13471934
106766513
39303680
20588369
52677797
9458036
75700738
33354000
60639734
71038020
6782792
47796198
5387102
66950387
65049646
23406817
2829142
71629811
22209266
27828562
13764781
111625936
96673118
97354380
28203918
30760591
69451330
1691993
22497625
39639901
34623789
111693566
62992345
29845644
72601262
19323797
76531932
13566348
26571208
21747166
65650918
58642405
101556552
100790286
73024875
2323465
1197551
93810581
66768660
38296961
58869075
35220402
83422017
65912527
36806679
26511925
8262965
38715059
94781834
29614060
95457557
4778145
47995934
43668548
81027343
59034913
111562589
63688396
66725431
95642434
39000615
83670633
113331161
108136717
108496365
106927925
54364806
90614221
34941506
31548258
82588574
111766548
7317352
56910092
57649562
116901621
59443722
106362536
62067503
90003689
100428127
51789008
51464433
116674651
59819590
26242577
111119483
24823785
24687781
110768429
101121273
58577529
102887899
15306866
53771910
17882144
71986419
31720178
16929276
50888588
24230905
25678482
54116986
18129362
6370000
79000657
54834118
88250033
5934408
19182124
47442886
111467107
873048
25221856
5555168
34995804
10458426
9254683
51416143
84920253
7880530
94718037
13709248
85005755
62130448
22051732
9856497
30001460
7489273
110060795
115581603
15005173
28212112
102829960
82105244
36929967
81969878
44555624
49710777
13277302
18309076
22221030
114815568
93590875
23667060
115110486
111293292
44348174
10277783
75508107
80114634
41684776
41491218
110467517
84052887
32128988
23466089
27509333
42133488
1387729
90752312
12751642
60613560
185775
29763712
37549620
114932821
68692576
35150178
27489746
26175365
52431832
117363971
8608712
110011213
107032517
113736333
35785185
91947170
87403007
42920518
88457118
85345520
9362230
95905058
56543554
117709130
30981989
55567022
29381846
68487800
99470167
110701561
23063939
4062954
79881137
11303072
87443075
51420841
101528347
37839406
17566652
70134249
19235084
22586010
74226028
15085346
26333325
1768297
3490052
2057487
42461918
1455689
28801966
10463101
73826699
9880162
97230914
90207820
83810485
46393915
45423861
95407213
30820424
11760867
44333510
37363926
37488356
58507299
33854188
40297727
18604321
3884272
114718222
4149738
115062686
81361361
11595294
24275838
78116380
10937993
100969152
31998817
55342621
27825434
40945817
111332510
44879677
50836999
44783959
116116903
15573491
42566624
51073702
112266499
101986141
113539842
3509737
116000630
39902977
29969916
44389506
23358213
7631587
42260491
111364445
99690478
3244981
9560931
51020316
46117563
83309002
73143718
118766630
62820112
101755757
108918819
75452181
56476405
35263508
2217335
65043201
22116992
68294113
65247491
117660392
104795512
73636865
101253452
71611124
25448394
22338329
2129014
30803769
35654740
47919140
110707144
57573791
75937419
53965559
96686599
55064563
20488890
99101592
9847811
115081562
54182982
73655311
73234846
336834
22050145
52733222
118605711
32170231
91212232
110420627
16406940
33184388
57092101
78915122
78385739
3548254
114397220
81923505
38906626
96890949
90791722
65645214
88600823
29776485
33476669
6488637
45216752
24217328
53822239
63906130
41846716
53846148
60508796
29405253
541124
108689915
89234621
17088714
15763291
58027843
62232156
65205448
82512280
62447476
83327903
115272235
83451629
17506271
109941783
100975043
17193756
69918867
32168545
91015816
103369734
18162971
80380028
100120623
101180613
118786092
3397334
21345093
53305024
79532512
58980633
111166041
92926623
31206778
82570189
78271474
103229194
118594680
109591176
94953675
106709478
65821632
5330452
101286587
312515
48926546
77710128
53891570
85359134
22909204
10635788
3249111
35792359
80403937
96723288
79835520
65481067
51578453
81174461
60948984
114319519
36677485
37499482
14655149
46787584
82785509
96393928
17179149
11885202
43769544
89623223
14326521
65509117
84117536
23576459
74134575
82377413
63704554
43255782
82110023
105926846
57945481
34239453
74766840
14922870
54048465
7564689
4532083
64972565
53400606
32353132
99664370
108699901
82427603
45974852
38512065
70900307
61528014
55269556
6462310
97070428
14409317
109560063
278171
1740123
87585536
30878793
267390
76587709
113023932
56774199
40063636
43022611
99000989
76105781
10390787
107885901
72974084
99892581
93021826
63510705
68735530
53689518
79091466
11527296
112160469
110956140
73341627
92171216
40860239
24615878
96792257
12669194
21974527
88209379
1472732
19901457
45568492
71206822
45427703
70001320
76583211
82767856
32631824
18718
3131697
38211836
14864075
18367008
31157051
48235938
103229240
66111864
60339050
95848957
65899300
28892882
70095900
57629379
114188960
37094675
2641350
8582877
11196461
10976700
51544517
57979541
102187385
94377172
113433612
81469848
46273126
85468122
79636159
3323618
103964644
112478319
7054785
94341768
33947769
92758818
106706889
16283913
9116194
40349797
25753056
17173551
42417553
33001225
54988028
105606083
25898214
568280
84751991
80930551
36502946
75977346
72259560
20717537
57007676
27965489
10737319
42949508
109217109
94871470
115078834
9622876
78530550
42009597
115348510
26567485
92546254
75260721
109340858
110752644
6835874
111561832
80995523
55621471
16006641
63323378
29757722
72681294
91778964
8774645
8670990
15785409
27873299
44294071
9980218
14058168
46462011
34675849
55584305
99594232
25244550
81972866
21987997
60866695
68273344
48991418
36036628
100603611
77328477
116589026
38660750
70024404
104458821
26575775
34767379
62135348
99258045
20983077
64010303
75993555
108614976
92090550
5805191
22718761
6735689
103017999
86187494
65677780
18334929
92421439
86509865
92091486
13699522
100710210
24830066
95383363
99376572
38257603
70846491
7304072
21033835
12084975
44160655
51227103
55031361
13784302
116935045
23264490
40081731
99633384
70188363
85896215
94258491
30500823
64244897
59867910
84683070
112576056
106881546
53957074
78721917
113513286
67261419
46029790
10237267
105382464
33440502
92072500
26127398
58761515
81953418
88616732
84767245
39279983
53102059
31766871
92512571
17301661
80789757
72995517
14278523
39687540
30554948
43294210
64627754
70478842
71796365
39629625
42757769
2271890
105505656
41595757
103276018
80688956
12589287
36974768
88158696
93488988
19022712
56320666
101707901
51577064
35514673
61904004
65577413
44704027
69787114
28420684
11926768
41102217
51344199
98697943
102773417
87789736
90307846
24998128
27721073
78428105
61837600
1162012
17805872
24816700
29006469
75204880
1433889
46813930
26855686
31838030
684717
86255648
20805993
39803896
113713282
118524277
110926891
46060358
32777259
28684897
104790116
40942456
66042430
82364463
8390097
77775289
60068663
11879740
90874159
35462691
60622233
37020900
99869173
70314623
23382810
101002540
48349193
88405860
55032843
68313669
19935667
79690821
100255997
21091717
47687006
76556554
94650648
91145623
68983873
110644804
90356098
22425653
32552358
115980772
31199430
5413987
114614761
33509601
70067508
53853258
54403519
118021240
13638090
117676634
30869060
62690581
54873326
107749155
77373823
94152023
95771303
117653951
32003815
23699443
54154700
84255014
16476311
102815845
789525
46558220
86996075
102088956
129852
36042001
1366011
116499830
54156479
60761502
97916083
79759899
40215168
55536885
96055810
78661140
62803308
41929905
113030388
88434934
20881482
78529873
71051838
72071860
72402881
66558802
16126762
70148856
83465488
88728092
24723399
26414200
55331997
50954074
100722945
2440023
100695523
68318140
18583746
102110211
29449964
42379198
102514089
80364029
1637207
54125905
93344382
102082004
29952053
34500515
26286726
76523253
15030622
4493036
55945098
2254025
101903314
55112301
54329086
57051288
42299724
92579326
53404886
61795604
77972182
32404805
102666278
117395312
47771806
103918179
8499752
67895935
49645620
57291814
114733278
18365204
33077482
67747497
84698908
72238800
28373522
21793690
20578155
12776597
21399722
9736427
75638569
44852026
12812576
80559761
3646402
108217751
14607144
29903711
77939327
88290500
112346630
7651728
117799190
98685871
54272559
70017938
71972658
40184046
24214332
55889410
52476297
79648682
39373975
71808847
60564275
15596925
9297598
10841728
55948029
95357697
115733851
3982438
50109253
32308456
65952616
101456322
30278424
54030275
36367082
79191228
89301311
13660758
72189170
47781252
26713213
22992142
54707236
24986878
106517750
63375651
16515435
108381080
27988037
23777050
62511249
49722546
87362527
32749901
22821508
60869220
54152074
83425395
56839823
67462932
10933661
20825971
65089240
78800827
83538965
22706323
7002058
50423689
105757546
58100658
1977646
10629965
35284393
110141586
17375072
116946671
44291243
111548386
45869831
97075492
64128154
38664978
35804668
26493306
106311458
58206113
12933027
114402773
81395364
36013851
2373691
59846465
56097007
51286547
71798769
42018906
35758778
67711401
57349673
104031211
31719895
10646061
2158522
37147723
74753972
24636687
79980470
74929382
56323862
16108483
70174453
37634847
60067150
105312186
22463909
812315
104524380
95729177
112029081
21548898
107630475
78800775
106857697
14078101
15527769
4087368
112382864
59441197
44895136
46703612
110776319
113382173
63605719
96331836
84880884
118634591
96026455
63871987
13658559
18689015
83754963
92575898
15170938
68158465
787805
54448363
7593235
82975482
115812333
42131936
33501202
93552373
72176636
111673959
29408868
83800202
86905863
65679252
67474879
59226594
110811523
14444482
37404919
63781129
9209011
21008897
113879662
77337440
107830654
48796291
12421706
15596498
91788093
88436206
60565230
45525954
66349661
93174930
49474280
22259959
97668930
49540873
73047135
116090065
24768096
82539617
16325323
27679269
82581359
53030397
30725305
55934024
14139101
16396022
68711468
59585201
31988243
73987000
64915734
92234156
75818199
42795501
82744899
55165768
30990175
95103931
114861675
44089701
4409629
118743407
68022825
109292496
24772777
118221148
99764742
5992457
8861888
82104927
5857594
26647335
47794925
14329283
114936186
73363901
103217779
113534469
113479468
58564088
7072431
31023863
18392886
29556061
20708955
106450969
59114094
105710475
90694301
114928269
94876877
22830764
93970630
77515308
9527754
27683949
118262890
26563445
134863
101024553
34310001
110338312
39424780
102144655
38825134
1401717
87598063
44653691
115365668
91359235
49074832
96326371
19218537
30751918
89251968
33808481
15756668
71899456
10833598
76767167
20957638
26265199
13303009
75190311
86966048
110677940
36452716
17238337
111063444
8606552
61599773
59878977
80416807
46926692
14546592
112981444
4846050
5142458
4482489
27942927
72140698
18322914
15978033
113123687
23898880
26256142
22974883
66703131
50941817
112282030
63464158
73480958
67012781
30338700
47641225
69727711
118424497
27846163
74448564
51184467
46999746
23576711
45332385
95148994
42080642
18307764
108498955
104616754
51811761
113873206
11964894
86730642
3327664
117435522
90148803
76005749
94124325
29502854
3238973
105174490
45269248
42029088
34743363
6188700
30724204
19795061
114089148
76143659
99656418
59775483
5852082
79564383
100306070
35928251
105460039
65177518
94209634
3529379
92651860
83891120
110545542
22243003
5485468
46131915
23311196
60645949
81670406
116663466
111947237
88923516
70431126
47984178
11304884
14948302
10909553
82294175
38948644
63217294
70291577
28995665
78279414
97637462
92914344
44032181
69432248
101930660
91335659
10318514
11793838
70408857
87309281
73317256
7835436
63649520
83271510
34361361
76412343
1650519
46232340
63963058
77618632
55482824
45978255
47820709
103713289
66502259
20906228
18856608
112651511
91464115
54891322
34247233
37108844
109793685
80410153
59113734
90136821
20926801
50722863
66190213
71477051
23659761
108855747
92284076
106047178
90524621
106939022
21352914
51745518
118463146
17984803
29797923
79483166
107189627
35818111
84856680
72660749
48252114
82775287
87307908
63258901
63907637
72647080
105708741
19656864
59483352
8390870
32850238
77163381
27063102
76144467
98002975
36422583
27234756
104155055
93597894
47682733
116189506
3368111
21947595
38979980
38508807
112789813
3530116
34528877
115279628
2081393
113066472
103803214
18867650
14660827
85263790
44250773
22067358
97317871
114520256
110033601
100137769
84419402
97970407
118354150
57813341
112657921
70538320
107265654
115679180
99133412
25735138
86113156
83669305
27967783
44353494
12883559
6413815
1448723
40272406
11476414
102023744
107309275
18539423
93426877
1497099
115659550
57444148
39747388
6083732
39004484
12063194
109497250
35509691
113026117
56719459
78261318
5882371
90214909
81530516
29566023
24367737
116577356
50663292
79689376
30457598
42904771
91421154
113747402
18234980
60676762
111746991
8596866
114715806
30593504
44886359
80559712
118479448
27343294
36587823
15396483
3494792
26750708
61681420
84962004
107143746
85314551
115540803
104029978
74750802
83763161
106616362
72391992
95023388
7758521
107078222
35520197
33573421
30744392
10904040
9638113
73674587
90057117
91424138
34156094
39827686
17543065
52875518
103082965
23848501
9837115
81428693
46246419
38416963
95176870
88231202
12017397
19467379
31777642
116223617
11262440
116453404
107761470
84123770
59503191
92995101
85237460
33519786
23935307
75879806
39656924
37023976
48422123
50229431
82784702
108994206
64458352
112504565
43038403
21654272
96412083
99133782
113965454
85728847
35303196
75709490
56453560
14603781
17108569
43037869
17365777
45948670
56950213
14766369
7789940
34887034
69059794
9357653
112672863
114624962
36361313
117141124
81952905
67141547
113484710
89090138
65955803
42804080
24996111
71618252
35402448
19586866
63830586
38255964
29275287
29603045
67504551
22319321
116048005
89969900
104897657
11503038
47062360
30966808
64516576
117242288
41024172
82148463
100709971
114341740
32672057
88029767
12560044
1766396
1185744
70680630
64094027
3241181
7401631
14312875
7787665
6050114
109121580
34227541
89561414
15859595
32365041
96344652
36231665
113448597
51811170
82834478
65796463
57533703
108752637
101178114
16532317
45492432
58380036
12680204
110685326
30905660
86844022
69593045
56482370
6848193
63278998
58684781
114263516
10255147
24001296
101273755
35298701
102165614
10766130
2120392
98437931
37726445
53437112
81110818
47652134
3181097
92891842
83428350
41001386
63260205
51701708
3852113
62520737
27474375
44646182
49995911
102136921
88899459
6314046
116607590
11394678
61927481
43587115
21893391
93766446
49549313
90507624
42081939
12631313
91849686
67493281
17327113
117787942
59159645
107028977
83033785
80989712
38535267
40630272
37149273
9643098
33130962
86919561
12524825
53051085
83460354
52585495
104339332
77504781
63196566
81924105
117214917
95874666
2941432
50195768
51684507
36917999
117467939
93398659
114114201
101775375
17237266
29108137
34754157
96979934
77397340
51307143
52744069
28892169
7499309
77943342
115928273
107793508
3459207
87652961
76425384
5955573
108198930
22415227
88003494
95035531
87886303
67019149
44190159
84833433
51537830
77095848
50517429
24596193
76161393
93909694
75924848
47970963
79424428
102257015
44235865
48505171
43807833
102514357
40677526
27419432
74484135
28275312
31368123
6407263
107167662
54010157
45665710
13163399
62242555
20984345
50845372
3052869
15481319
85904311
43219634
35845266
934455
84321365
76384976
37094060
14485266
92477834
3735098
30919257
58449181
69435138
16731274
25292031
28030222
21305844
4954939
76980502
39917650
105071597
79551554
102907893
671232
33584995
81128028
59189685
5503025
92654691
87546866
107349684
93873486
86611900
87173921
91554025
69836099
102717142
33358962
111279640
42932283
62013590
23091612
42060780
41404916
114235431
29240722
78763351
109101825
18693343
116238948
64723388
104400364
54870189
21779865
69195178
28081969
116186967
90452820
25866972
7684835
934966
29079392
2319461
25679431
112170410
58195063
77366459
59784859
99059003
97091658
9775132
29512304
27666182
21723688
81451566
14037236
10547379
90238033
44378437
42006609
61368759
42943522
44108816
35691850
33306529
97552358
11118627
117405762
98421484
5691210
5365374
102969166
44622613
62934399
76026602
52385550
86849691
99084802
58913357
69546699
69425475
115765075
66870738
13628946
11176309
117163
88468800
87350770
28869274
10338544
6801423
34580539
9636993
74270089
33476853
43614397
8034504
5427417
112040388
114262319
88782227
70144606
35846193
111047064
94894709
95751801
2375823
26206622
29659327
61958283
11579590
55796529
104588765
75657205
52873777
42635540
98961519
78130255
89452977
113098736
9605181
51341335
10007316
93736227
66235585
28049436
50384010
12582185
44358820
50799412
87319756
96545164
94059898
58904393
117574870
77591717
66092474
59227541
14627031
92672799
85083148
54732386
11826381
61953225
104409317
93553523
71992563
104672784
77428704
38111642
111995050
34678955
112819381
109671511
43352217
62557029
102500616
118394598
52976060
75527287
84453145
28415362
97780295
25371811
1715549
67250959
62964685
92229676
92954394
87608276
89750047
23129923
78036700
37082859
108770663
118546534
25028448
33880921
1581363
42749749
53005892
11227169
230368
50262351
7170894
52671249
9580969
35876959
42845083
24560698
96556993
67984964
26699813
39432966
81217126
28295874
93106566
103070040
11383258
78728101
9571576
52667188
33169261
87203797
20958041
83793372
7058799
101088700
108588659
118067825
51423011
2743541
4056275
66369119
49585012
99007566
9826166
103830272
58129967
102573749
6764515
66027657
105577839
117213939
65136401
105860717
25816246
23282095
102402093
77526071
45558840
50081410
31709147
77089520
80144997
38679342
94014713
16704605
58569318
105845118
114011550
103863893
80872159
32762340
56542953
64564741
40877598
34966048
105969387
1005940
115805911
8360576
891256
8620751
91397693
50757936
12362254
76003805
96533256
52320683
45816924
87279321
88746414
111839806
101884807
72344022
107823654
115883226
21503056
73515426
24972959
81249210
47320940
25211048
788371
30480535
77405355
39871658
46873767
106512440
9018314
116088790
35772884
68943321
5162127
24297518
73034681
78851572
30186881
9253935
91287900
61690749
113108144
16402392
12919781
113715212
59744595
34308228
99813897
59063847
35098116
118571912
89364468
25744035
75519323
88630344
102416768
98606546
39756973
58498608
79643186
58884994
1020291
11475366
4812270
45120556
3014267
63780746
106373673
96209762
23859421
83789138
48770968
8296562
84371427
97421554
13901315
680748
8113741
100051986
97413010
9354081
51956218
9637754
42137267
104626408
57777001
52821790
27866989
99681980
66381947
68167820
62976354
74709736
17364729
59841525
66460514
25614505
39921324
22584535
47438794
24466489
8321340
79063044
113205247
83690679
98211443
41562960
30981369
117569661
48095767
96678886
94930445
75043441
79574384
108125478
76759419
76905022
114153474
78509170
45609255
110482212
59706721
3134829
8249221
110560224
19920200
43875979
105889342
24358465
23166824
96089381
38974873
43440662
99661602
71642287
61612940
99451783
2370823
53112484
31542846
91862327
26008132
105614967
117094023
2669362
2875634
7153879
40199396
3671262
27706078
42474426
111136620
67956498
110928260
92086873
4670882
4465365
20709155
9799961
104193593
98536163
115237779
86142587
109541352
9113449
78175094
8500456
67908937
29318496
36007982
53641509
93578305
23338770
111642963
33773
90183596
118014373
98257801
6628600
20248272
78559581
50356167
19049747
63285615
115366524
71377718
3774551
19081773
49886622
13372182
26954636
116708442
115027960
7967493
101040896
60014513
57760227
100206105
23171057
54550192
12669212
60808547
102448162
60868804
2532219
20585972
83554996
97766101
19698220
75082434
10102155
24177596
62703273
75385660
68414694
96284751
30394725
109212370
1030767
60891811
26057853
18987143
15667546
63917076
77920896
9738420
36843456
3210035
96440523
81172511
79815660
70610408
67179958
81862190
105027439
32479749
9791382
17376191
96567576
4424254
12379161
53526495
74572903
85228523
53894565
86915955
104157613
88312915
92058146
100853625
54127895
89854408
68779877
5929125
27073620
74710861
41011528
74480946
42204376
25830115
22896183
6857100
93296600
43603838
72070807
87651248
63625804
5367128
4997030
43041080
48661352
54864268
8535560
115370579
108784541
84391651
113667809
12207618
43088649
2203738
40977378
48198770
62780787
112879017
92631228
71402675
41410115
15181413
60488393
44250905
60247146
98102345
53596294
5645352
107691665
66703679
91557847
20584724
84419407
77846393
34505520
52100774
64889728
51857540
1702769
105480553
41303001
1557700
90040241
3793509
67136582
55811991
74377542
281742
80372532
86353445
10914282
6062839
73744268
90099678
109464612
54601794
118124311
114606246
41801135
87106941
109997902
13711454
113792835
32318633
12956664
101457980
50398004
87122806
19458169
9048699
15440312
37509492
53231119
43131879
57129598
75758470
94249460
106834098
108177460
83213323
12609177
48528235
15408228
19142474
99688998
3761996
21704288
31017370
4608343
28089681
92124107
77679269
9658420
21238484
100730630
44643859
90903441
41349305
80586124
100758678
83531211
91118433
108093525
105186280
67692420
69105501
86391010
19939767
103128550
68552855
67805095
112276704
76552868
20549861
6341815
68671627
117963654
2518237
57703264
54642705
18431261
79789252
95758640
83824562
49145044
59381325
91771365
117858394
85531724
108277692
111475154
97154932
23426013
47891654
18795269
56656283
93690581
26741785
79848303
109661847
110809988
47255233
114838519
7881240
30299838
3823578
10968363
72224578
102896977
105627643
77694066
62320330
39547838
36377315
110863197
59000280
101563231
102303674
6383240
116090423
93755309
72487130
78359663
94483360
73011073
957114
95617981
111742365
34741797
41496699
113633329
111832378
16955395
1108570
5816507
85788891
19736601
33054351
3434142
49480277
74983434
41316751
70267133
108261189
62527714
17463153
52617040
113186439
17451995
61609741
37730760
118081949
8379686
86306178
7769009
88982339
85025318
63024912
116919037
50623050
24541304
2618388
114919500
58880135
100181969
91572157
91258379
97969955
85784547
80927391
98023145
85532246
97599038
61707610
55644149
77054906
11157
118720929
84359309
27083677
62133685
70234582
406569
38207348
10184490
72457728
99776932
34402267
38483607
4394278
63417181
84471170
21246419
23347343
95335387
11115644
14691240
10330987
118756811
252301
102138354
45219164
38791727
29447762
70600083
64636850
1599226
100641111
65490874
14124727
35580737
23926336
60050092
46758842
66144047
94592224
33974120
104286284
98698717
81726068
101957860
40069838
116849414
19034405
17559733
93908029
11168834
14438939
27002634
82441276
89174204
81594222
93429082
101868508
36752165
97672602
117955977
106284500
65060374
41564538
72884636
107631896
85495920
93171499
21688352
89571394
4797136
79961683
2328424
58628879
83686654
82923455
31413735
31845015
16769200
3120794
66905395
47537559
52978365
73122042
116725825
106115697
53745687
4660110
102722532
49277666
32612228
76391439
33399864
85142109
83782248
107426768
85943544
4828156
97277992
69440299
87242970
64978258
115085030
38214970
27215144
60745269
75057884
37196571
83749620
88041642
68952429
2686983
58525365
74576299
28279985
112065715
12296795
4468021
99761512
26331093
15877801
66280120
1512820
53686727
118008566
87857722
19052405
25406874
36395187
32299734
73165270
49028000
37763113
54339760
90870716
117732204
104709280
105826243
95957772
89966267
38419907
3279760
93216998
74173281
62279503
23811964
21207832
104775703
116303850
33481392
33721902
81001075
67081555
32465099
43537952
101505321
60366164
105562672
71051605
106177188
113346622
27729140
76967284
47744540
77344111
112758104
30678062
14743012
67406335
101581642
115559270
91960257
59810258
78308664
52965448
85217431
26318115
115440071
79957431
35302775
85209837
1256803
46366753
93289865
99812566
56785281
39357346
72998977
111026051
43322465
29209904
74505712
78098659
91922811
25970108
62601099
45351769
56810051
17993743
103159709
41771384
37250606
38994809
102306458
60894179
65239008
5260000
109825340
30230234
87604258
116649653
823602
20254238
117295103
62836148
35717219
64569231
114844882
43789073
45423969
92937436
65000724
57439234
15497560
55474672
87970058
44607355
61002061
15038667
108456768
64164900
67178557
104070058
101469432
97046458
78782469
35008774
45369373
2079317
38310261
67350020
8258180
65701085
112250650
52725872
66801267
110738147
28048892
21907446
106501980
115698366
77439876
9526052
88279177
89700206
113282612
81835021
63864218
115647162
66670111
4386710
90409099
97845730
34191218
66460658
51677085
76703152
5602142
105732984
2724766
100322807
82813001
74342309
117709819
1512503
33580610
44893821
13139797
40064157
72181201
96975928
27419189
106549671
23957071
15347786
34739618
116445451
15164910
68381137
34141693
96538012
97909123
32852071
46168645
76298067
60858515
73657732
82882016
24089336
22919983
47192458
110326619
81300498
40761699
72815998
116086337
2420083
100426251
34973870
12644968
84441531
81922487
20975033
80713683
26321621
182876
94072111
91207388
37436899
89282015
1289622
59272997
21611056
90803556
91320914
112226052
45672809
50737749
35689558
41476347
69333116
6430758
37510621
92927792
47245246
100103378
90016097
117488746
15984720
71861384
573565
3727848
64504496
20792157
114355202
53924234
81555978
4790096
98821396
105877533
67670959
29296066
86762084
37098635
54034377
40583165
76536494
4196462
109118264
38162429
12869356
104118955
86899143
56217244
2911695
57470131
84118658
18154713
116915181
21160502
16260518
98591409
8182646
10580262
58046180
118468736
82816469
103392076
55929137
69525329
19115449
39475954
102975320
55082549
79372142
49837915
50274902
47277694
230736
13902939
70073287
75462112
101207260
38332641
99812217
112470613
59364951
71861786
10797825
27227402
12977855
5680256
40545229
17427541
55477424
82367735
62539599
22194769
84276627
25356813
94263640
91746531
87817443
53137405
4807647
32094447
58510809
45275593
104918038
52482254
40409310
31740646
103363526
116450278
106681321
27950431
101672788
32137549
58883930
5117569
114395804
114360315
77916463
85891125
82601573
33282654
116901109
46086416
46741130
1433726
65253000
50029864
95842514
55722996
113436597
78342055
54890040
14932184
4866283
73177392
76832359
51672663
52772956
75413094
14777490
74543771
87876502
96555219
45455376
72237246
54914737
28504679
40662372
44633808
87800017
36515157
114255155
5561012
99643416
5614896
24401213
9530004
55403268
17500459
9736585
107408043
73475772
100522649
65813456
80907251
29308066
1419265
45798803
97039185
106346593
37032272
37992025
24542886
50544112
16950697
31574873
10280928
68418293
4147215
58092284
82239005
55681741
117543889
99969800
99017042
69021629
6900754
8697049
66805226
62834688
36927567
50498217
1472151
71214583
64394191
44012078
59982511
22786302
8766531
67950790
81803707
114201791
21041327
1871642
40263183
76246035
27427658
79902275
104989289
76179105
68262026
101079206
84378330
48522260
101972676
90319993
11120033
62876067
99483113
16307009
70266167
84522984
113817657
85173704
11232072
41607888
35245547
935351
68696226
13374741
46909463
88835695
82842237
72508923
93253985
79170909
90066747
78962184
20543878
3910083
110610775
19739766
8010160
2961967
37402227
39096609
109646881
113623025
1513530
14960128
30202983
112806094
82194542
81113398
49928157
10296721
100625293
30774436
72835889
98670532
58246134
102114171
114391710
3671328
110155806
23195431
58627031
86156664
96065039
804112
4803553
107648808
110051170
96627182
12125087
51492833
37583079
94686752
92323672
16421067
60479217
76803215
62877937
71897821
99298106
28057351
65174463
1954761
91338302
98435349
111992452
54574806
861994
100099909
72757928
23999142
45940393
57822919
90256741
107226232
18466572
26986372
95523720
67461967
59044103
45151966
77979162
30065642
43111165
24424086
72353131
116295026
96315110
43724216
15626988
106246974
55529049
85549115
17675940
45667126
97573354
11892543
109530509
95672853
54159516
14935009
61456031
66427791
48259976
72173999
11702512
78718236
86752270
59275384
108292806
37882091
10944430
62458705
76522512
45626140
46918977
37532545
109571668
117781767
115908797
48887874
88571034
9861923
106785761
14687026
63850247
1900501
76543028
94595500
43120452
115445355
85485033
116995663
63628909
97255371
104231730
71237128
89235430
57773809
57234584
45834101
80169580
84128291
15539728
47893597
63768103
56850841
40433748
69587423
29210732
106046874
60912114
82787638
73725307
104885260
56953999
88064748
86493680
88811304
9110467
53838420
51816446
115943293
12763932
111201782
8019941
55361551
14002544
52304959
96414230
100819923
39198002
41179613
20360188
77498888
7459848
3084309
36543738
62100505
8675309
65233095
41225197
74836854
25833639
104470560
27295210
86952696
87857911
32655260
36994858
20880805
49978117
59424665
116826982
85116012
106102867
83428612
86660952
40896252
13106957
55234617
80459735
80509115
42623394
26179509
49858780
73072974
113219001
90120644
20875308
61552086
48303086
64468268
47541644
57690944
25516279
3543580
49957838
66977106
110390773
105283824
31767454
83672106
81035428
42301999
7358689
65206615
70321655
31426335
79246518
60311473
21514852
54280226
39553965
88360421
40674139
78548137
52197665
51666915
50721187
84120671
22914072
109422143
47855619
52901693
7733106
77349174
11962808
72387645
44113282
26718667
24248395
108275455
85217047
24732443
90790345
103645985
104770098
10010182
9911483
33869922
20757508
51964432
22509717
88719459
45066386
107817225
27826949
86886995
37656473
69012675
45168682
88822379
101689037
89316446
40938885
63059092
33235892
112957772
57042879
54647827
69215251
8419582
17485110
109284693
38772345
80780162
93734502
79803806
116966305
85660682
20263835
59751680
15801676
33502493
60892509
76989392
70160752
86527905
50621942
67644094
95037268
74662237
56787124
47533575
56080554
46791114
6016212
106301695
43742521
48623297
37162717
87644189
97360868
64418579
15550191
77778540
91527488
16977450
68443601
57214625
78762636
105571343
7762800
57622285
82151742
93174605
26367449
11420287
394267
103673336
19760600
56407323
18581683
9996009
41517363
77492489
3048593
76202916
69138978
83811963
78976060
100457769
72093998
19582328
91701092
7476371
18238568
34312862
65928445
81682259
58355455
21140351
23419601
33398196
31254835
79635084
101683968
50407744
110469688
62796945
85091652
9764591
14889960
59899195
6947416
84124447
17257141
46950261
116036857
87491210
20621595
68297362
17660307
64617627
1343759
57388229
69261557
55366310
103671038
44788094
58262658
24957258
117599146
71498147
50524229
99657092
87975397
38887023
84126093
109608727
47906985
34096087
2817175
58479143
51545684
87710785
86897591
48575931
26328666
56643125
78734533
74813969
75857232
79082078
4259700
64787450
72527192
24473463
6007281
87617410
54902578
114478142
93243030
17942054
102332751
20540836
24434629
106080301
109790039
58933635
106791552
117141472
101360404
33916390
90391553
2969752
70285749
39158095
97555029
70324698
99595894
118462456
79457899
11069782
15458516
98596238
67683799
112623413
97284515
10339140
113184381
45864154
12145391
81605823
2411055
5156079
29560798
84310994
118098750
1552196
76383232
81778791
26749919
107294282
91344272
60137088
24224724
118771051
58372202
97902574
109676800
97429742
111907569
108575292
62195984
21645104
10215352
57344658
118249033
51420361
7097379
40482187
52356728
6989311
60948655
36910062
14770960
28008602
7927762
45223589
102515908
96802581
109244520
85422832
83069557
91383222
10668515
45132151
17997881
88656091
113708635
10005138
35233758
99166095
98359939
13754955
22206072
77604992
59150909
86670475
7967263
9011698
107247163
15446666
111028352
32940053
37885929
97261002
53206324
38838812
54789070
17093076
13733023
26764928
83657946
46841036
82288971
49726055
59137147
7992742
53422333
23446170
30455200
30382432
76960022
20754947
82317677
63249228
78541359
50139211
107136943
111330597
16793346
74307110
105274368
22670980
107447359
7950747
51375562
36113248
25105789
28024142
52245131
94605618
72189588
42835521
106513890
74296228
115113722
44594606
96347543
31943531
74199779
18603882
75778386
13710794
69927219
32178466
74922286
94924392
42249494
32829832
6056229
3025996
94573382
106227251
90105419
71334111
101654959
23351420
111581748
58213801
83548185
9409609
106901729
116703360
55435430
70822913
105662316
92073821
98108458
86647291
74975146
60488984
67486664
43599919
66502139
102716458
108738973
42092453
88868163
48127128
65970081
27542609
31730577
23239270
4572292
75657629
78562364
43441157
67516866
102172138
70122073
85654825
81687810
44982446
19944674
82171609
91524456
19015025
17098675
46523104
19160627
31375226
2890475
92483837
62574577
24409686
13848295
69515474
103836003
61325553
25300181
42730811
22970317
83786579
72390537
88844765
8140763
104103857
92129085
109575671
20484328
34043257
74613781
118326202
81171621
929649
73976564
53904982
8758028
104533450
52536259
45486791
96514280
97290790
87539172
1962733
48287314
80236372
44215293
61105192
38355236
69227233
98053905
61839183
75645815
87096681
115525681
26278723
83619529
66989458
34961890
29871757
80585267
73684131
53253268
27266639
1075251
88253115
10272353
82081238
8019170
74055470
85661250
103455177
57907106
16206429
76557440
105992123
41881136
102701691
81861288
104229684
112391418
10957224
65123503
58270722
12380782
57439852
110126833
62651402
114117822
88991390
95428490
53318628
72608880
83810154
25897916
37804014
89137575
63930514
115229989
32277624
16148364
78358450
26897736
79628614
93135294
92665750
24130835
56461453
118023904
70904064
48009811
63024326
7480072
16587280
66953890
77443011
71035661
21135443
86032913
60799194
16382510
20521966
27420712
34804865
3576209
89681033
50287656
56859951
47782150
45775168
5379887
64233381
104033157
53041987
55497779
45577470
102355477
72036772
17355272
63903208
72327622
40326160
114880437
57750692
64361620
45818446
110220099
10236466
13656563
74414577
33378482
100387645
16945757
65453310
112230840
65526259
41898883
4512488
51480063
111262400
60552012
71147901
8735602
58455687
78400141
102271008
37125828
47355899
8612780
95839113
67832772
23480560
94774541
69061990
66340594
63028784
41065513
44709152
95667985
32078919
66372450
95638803
115870436
70229499
23554427
116621982
14046195
49446484
62770477
108045793
111430428
2096325
1651389
34178225
30233489
31044242
102561858
60096716
98333128
103942221
9968202
7674411
84853597
40649387
27996477
30535072
86170800
17890224
106050333
8932811
43922113
114952952
72084376
118058455
56183303
92917944
53851505
33714033
65729687
60674152
106394404
77252203
99576467
89417148
59329998
88946774
60424745
117429638
59032144
99562346
27992254
97032446
98487935
54318525
73288588
19009883
52198370
77237988
92778111
109907382
64562066
44673659
58769648
97976433
73110580
22469270
27188257
111987354
55033260
116191115
88811316
16977256
26825835
10629693
37896032
60710361
38818260
79672400
98341014
80809699
1074411
92483730
23743858
88381681
11023785
4954229
45041773
61100989
21579552
57008082
51137733
85395633
99276709
36300378
70788176
79933227
95149641
38710773
32079668
38056004
98268910
78181623
106794854
84925475
90621434
77033633
90082978
85722192
87501618
5857284
65969471
40406361
90363575
27693258
43339908
68732797
102184678
115747321
9963255
54993920
85445004
14837355
23511087
19343482
68864367
40981033
56757189
65997267
68155494
72708046
58974780
13343435
115273820
29761221
113652498
13802872
117245646
93129324
19752721
47095257
43207340
38276212
115876453
21630778
53222211
55306218
58769541
47190758
39205947
113935901
40386463
66101522
73686619
110243684
90299923
2867100
91635540
111762774
15926117
54812059
76244227
29213559
18500938
101470948
31325576
29426804
112860152
70150388
49921984
109190139
58932435
30480192
112767632
69473865
81671237
6031453
25003900
63643641
15707925
91914426
49152912
57856409
103515229
70819519
18608144
97347150
114654614
36823481
35518547
105522558
45214751
102486910
6791613
116787765
116324427
79985188
98314821
12573642
20121583
28345422
115232508
108268570
67618955
115639808
53373595
18027596
109133529
51899475
23394359
85565146
116112828
97143394
39248265
6168079
83878536
100594663
70732232
18035685
512360
60745268
98730945
47236987
113876114
45616426
18472944
103750784
59863605
78873029
16151135
39566644
79536467
8496330
63798605
58494989
6506279
10377750
113443237
32472013
54596648
53964596
46316881
109944748
22168488
66367233
63149478
74746480
108985933
18890594
38114741
72085374
65679155
53114519
28764043
10125329
113466452
67313546
96503279
29200591
118146562
7654805
94578039
29945108
1990051
53420855
63861753
101747897
74591103
68382271
113868763
63461900
40699738
107663279
55698900
75135638
76191301
53162514
36631739
36900558
72021439
103810223
43321331
64457456
67361698
89164128
41335681
84265861
67976984
88848474
53432552
97105084
14568384
41157184
84893356
27955785
106543383
114289483
106689135
11129202
36586162
15109114
16666630
93277731
31471978
11440016
38503899
48194372
108854705
51631516
112389228
7563983
45352155
81870834
32025405
110809468
21187143
71297207
30833308
98585531
83183720
12275368
12211728
105422600
62327431
89413874
48980281
95414181
86606950
100483651
3366202
71022062
111350767
5226613
54773831
110991236
30298942
105682384
54615145
101290722
15182991
39422023
103252209
62256318
60683691
79538198
79976159
50315243
115827118
27461570
86373802
96571121
77661568
50511485
65345949
85723251
11710553
76210261
100951608
24488518
107942885
116949590
16248231
359530
102641302
67901448
56376091
47818221
99403023
24096752
6942142
80640303
97548333
23714011
101090160
10368447
91424711
61418219
91655072
19255996
68610003
44765947
40128802
110748317
38800932
116849319
112485274
114935666
87077377
102812019
8240287
116486984
23211917
76060413
62793440
54823081
96212056
41182969
49779708
27666349
45358419
102038132
98360144
87179886
60002930
48575570
46427006
72168715
111618217
55792755
97937195
85575316
5965015
50993114
117073044
51578896
29771942
9673254
106695379
98304023
88503732
50989874
53693544
87198837
107561988
30514101
5043373
77449337
114634550
75455207
48116206
76988534
42035202
49784574
49656509
106644216
64670984
118347882
101945151
26042901
49827740
46944080
87312273
73196119
21221172
107399790
72597148
59181549
48883153
55705505
44610479
1304895
71141517
32083072
82155464
30112651
34689552
57301797
29333131
37646016
33420005
117141633
36235655
63104616
112827221
50118628
13602695
38628083
68520142
55001070
66444259
104345251
25722908
98722484
9502601
89753254
67420266
16891643
23474700
47578258
103373988
21431037
37959432
41028866
116203521
33757297
9683150
115853537
23881792
31001499
10313991
98029019
13218042
113830658
58405551
74199138
100408486
77411626
99897455
91888522
29278162
86531776
94842650
63683285
40205847
1514588
75182184
19842008
32327655
2043663
9618826
71248752
24037516
13105765
40249346
9253614
18779135
97491652
114443176
53566403
17783457
15293334
39623468
66732535
22325801
99803926
93111684
8519964
57037093
22269309
5949502
84404878
46325928
102231691
116214732
29267469
96900564
73138521
10223181
88792534
96816147
5416691
30999405
23687532
3230260
61567695
22524069
84022732
79708195
99149842
13942935
78764553
1871162
67533173
92430852
13805837
51670462
70842375
11474092
91442216
103657011
31431441
95903777
25962089
14234757
43076211
19044288
8108029
95132374
13710120
57793129
82032245
11090061
97145341
10067092
38017528
100669501
42184228
78983427
9847272
106182309
65219762
105143702
115778956
24766341
21588477
11235374
79038247
94898994
98852652
114348439
77694922
26100314
52827566
15821431
6126728
75657467
14237798
78028531
22003759
11523688
88361419
80868783
91882534
115285840
86692865
86747732
99725859
63715550
13763665
23513571
118116984
49357051
83555225
104543582
64538094
45499483
31192723
83499809
26107702
81655968
70424503
70777121
19973586
104883730
1583633
46908197
53653708
2714109
108477113
68848607
38451155
100789209
112985919
14038432
15559981
31880945
81887697
85115918
64408567
83216614
58768347
13573402
103628958
46959371
82254488
99848286
28295411
68346756
21978936
83044211
61682382
93254404
69193488
100779019
51230021
7773153
66144715
112518732
91976585
16591534
74672689
33316353
85229228
90008604
50960736
58157693
86282379
117481083
26347571
59738795
107301287
20712605
59032544
3780671
18663960
13907732
86772980
72964831
6664374
56438163
13850723
88616993
42024382
70323965
34634304
57521290
34606569
49553181
46749673
58660231
50172306
112377716
101165618
27071535
3726225
61193283
40713752
35447214
19083426
14538596
9609880
103520616
2048645
45124812
44721322
73412760
16146987
39238447
59114108
36857382
14413780
71240389
53982689
103313093
35717395
112794754
19675246
94756339
118190875
53181958
85208244
32004401
117555121
39972335
114071414
95992642
51013487
35078786
25837333
34372811
12489950
83295069
58799294
56349516
37881455
14386504
14298652
98099606
24824667
115587350
101684694
29910688
35522993
68901565
92541477
68674687
3507509
85303289
18451725
95090104
63340468
45235909
36742988
21562479
116672478
87896258
70155308
16640676
22588835
70255895
103287148
74950435
54317244
53316419
50954494
58591849
108371838
17521303
5318542
113723980
88967986
41686758
65082842
94561937
74297686
7238188
50222962
27227406
21962820
100929447
58347115
50681619
47373431
67656731
79120801
100031802
65307422
8803043
41067159
75352031
15938651
58874358
32899570
114535395
63754582
33433191
62176937
3551488
56266947
82441785
57544768
113216050
86199073
57844654
44338974
47070280
112988998
77007146
87690291
98994832
53556015
118404015
90370819
75055260
11252939
79221388
67868272
117669022
111674392
101002802
42452461
29116887
4023406
8370009
61262088
60203093
95976245
98545153
73720351
61860898
5146342
118510115
77780706
39128792
72569286
95045459
87093620
13994166
32354761
96999907
8624013
97310756
107151076
20053060
7186988
12393918
95260627
85675471
84120191
91461135
105883025
42986082
86664799
62630314
31203765
81526936
114196373
43018977
102302441
74020237
111793823
84827550
54844458
101545248
79748803
58575120
71594328
108903713
5370153
53854006
108658832
116284583
99027398
103660788
52506064
40321517
55987358
12703121
107506077
41134109
4796336
52156341
11782317
14041493
67243942
115898419
98034496
49079765
50035155
26378520
28079409
10248575
5078747
115079339
38854550
89655091
62108596
17740322
244881
16799201
73636609
13901674
72682149
58705880
47673430
39802943
60529071
14853249
16810415
64253365
38255422
109564844
103722400
14693899
34816997
27067806
74766894
80559606
29903986
48690210
21299773
31810070
90204026
34233657
61874373
30017858
98313840
45309395
62913714
114056837
62927053
23834358
93941875
32879206
116986810
32820181
31896157
5179336
104311458
26055572
79340966
23561523
74747846
85558224
67640636
81971022
115973821
26076684
59259832
116903917
77296185
105876117
97649328
69089798
63633448
16564977
85914145
103067003
110095973
47982985
20114962
38951477
25657549
70025324
9886678
1901103
56222354
5840585
53552001
80749935
79021357
112592743
83634518
1680454
88394404
41563952
22711190
7973534
76494130
81097346
19254588
17110017
42242669
89987981
110889284
79376445
25279005
37931159
91855671
80048126
22325436
77803268
29064798
32660076
13802970
4046093
67159103
94282420
54532859
59769259
6019047
86244533
24198339
42070566
97779265
89324500
92783453
69327475
107528946
68287743
38854676
48076608
25030734
81676225
64708976
72958124
115234405
72944509
24509353
14052403
50983328
108475360
64000298
33922335
84310974
47234181
68323235
16293474
97167003
96001957
35570920
91662112
107275269
62587470
68097114
37355420
109509184
33399340
30472798
59452338
43257009
75988452
111081263
79786240
94155451
668096
57352401
101182002
30864811
34843994
77765736
17060993
33068016
25669746
84409100
76921130
68877179
100034909
99532555
14408521
116440319
100697081
23564998
69919849
80791916
34697774
15786251
50056846
117855962
73294347
76084705
91184399
109546632
506796
31337469
111783450
88613286
22508407
32319896
13803818
10679608
52095989
60365523
74956886
75602568
112087822
96198576
63372288
102404591
7739104
109653524
46520470
28808794
107677225
63037227
30735070
44555443
61301905
92782142
35575192
91461345
84481539
59846930
6666812
30703511
8829062
79463554
83713097
20732429
99033907
81151926
54532722
104207052
67087702
106471941
12230279
9683230
97363102
72528765
64787751
97740310
10879929
111196873
116883725
63121782
1735322
56762929
17883880
97554191
17204232
94538263
84794533
62681658
59921497
46013259
74704044
106906634
99239647
2561171
93913337
3730485
14064223
66870782
91976773
66308102
9108838
58511515
72609110
118432793
70552466
81304509
108570216
66568148
109461551
60120796
54141531
31894762
48462326
51059248
12759658
82236205
34616766
38781273
106787615
71824864
74487243
72142873
21896927
104412792
116210579
27042555
30563713
75469752
57761944
33465258
2602622
18389676
115672679
208231
18766207
12887948
90652958
48449419
21330246
77566789
20562100
11985913
19135104
93939752
16442482
101692015
94258591
90505533
92007661
43548372
58831567
88884451
83645925
113664373
73849079
40740826
88090612
115908456
81770760
48275897
45506209
2394391
8527099
111688361
28365273
89126788
461332
21989799
36790949
9344333
58431685
54335978
4447061
45156719
118491162
44746950
9684354
50710219
31673966
3123210
87616078
72880825
23939002
42905098
25573761
76750624
86683697
48718344
79305876
79376369
48652428
61531479
101742748
38210312
1320658
6375474
52335839
109927000
82368114
110168602
13800901
22178596
54654817
78510112
35472365
67780943
21976614
15464774
90807772
86506772
106897839
44710979
47307064
65998378
83935032
104569047
6348378
7307327
65916
26678027
96443622
19345746
60210821
104270904
104684474
10203659
51720991
69880868
96126098
60189518
55513785
63004420
105516231
105683874
65437128
28911221
104686802
54279843
36280566
55000422
48103338
40899460
79585948
61548017
68553630
85531335
113406761
98480352
29673706
108433801
85277206
1076348
33471273
50007162
52549913
43707236
41791191
110341473
14367083
42025308
73483288
68639911
6470921
85508640
9900702
11157285
111440656
58590010
15080135
4284735
94224475
105365321
91155831
2958243
75854887
88883279
55857628
4972959
22106775
37500988
74962528
35270044
76240066
117477668
17119601
69922070
29340153
118575884
36858185
64537172
44458017
115688279
67642839
114123637
92877984
79024323
4980780
116059551
83175535
28524814
31938905
91266232
29510434
2272551
65910615
70881928
75680134
27260270
48820432
114550362
88974553
85198491
18150443
6317995
97041145
17353718
33063885
83612981
83021497
48883537
5797963
49144381
22810294
107428517
118046486
95628434
114658788
95265967
93024275
812933
117824381
29666354
25355617
77438507
54306048
47553975
22061496
88843402
65999347
91335571
96399919
82656558
115870977
796725
100967741
13428163
62045852
102990348
86718648
42780746
34976873
17179446
49907895
45991861
111579730
31684149
11507789
3939484
96251586
72261551
94267317
40385874
103073936
105515272
55377011
93176277
100364629
58439555
1347113
111056420
103178225
95603194
100498817
111346444
66464504
6881023
45519516
19265106
76917105
69539202
111682851
116698643
33313347
27127376
34484072
107640245
63146194
66959868
37385798
55865712
96901246
107562045
112722494
9897659
5150643
5841085
100732794
117021839
74071331
24553919
19461233
735411
29138690
102521424
65826928
56103028
48773918
103693945
35295885
87932093
45129484
93459105
82214571
44483103
91694813
95237834
79158077
7280482
97772253
48633754
70856848
87003586
111315032
106881409
36878496
15842435
50579755
76178874
106464236
82239550
4318859
44653439
62622114
100749293
53747506
89846614
29710772
88555456
67468090
60646781
14621152
646381
10667922
105786737
84135027
84414331
6369211
30524323
64137264
19672297
65032353
82785440
50125090
95472597
56301654
88413253
37091829
96053835
80763645
70714427
28521066
22379566
109715934
100489131
79942151
84002051
22378523
87873992
82837933
66821709
49978858
27644416
44224985
53967222
108321156
53610704
29180696
114410545
93205601
100161825
97260838
88369757
35387416
80521838
67284397
79057819
16553237
94091033
76436399
58384079
79808493
55745566
70151046
34617513
78110607
110878159
1164117
83270445
37895134
64097147
31500353
4915266
47036890
109424282
33690156
2814241
88118734
47828872
17149707
13739474
64774408
16739000
21085359
75139598
72872230
100906995
11525050
76979159
14282540
29594462
115946663
54094610
96444960
78082888
33453396
113650163
72983025
64780601
60673722
41883498
17060257
40886072
98938741
53126279
21305548
104671284
104474535
83282890
101864465
9314337
111464115
117348441
62676770
38988365
72518177
4796701
95528085
100740589
79842497
87901561
51959503
46767405
29544844
110508428
5099862
87482796
52976441
40003157
56623974
19787650
61754758
91647609
19580523
113077457
76365374
65736289
2806819
95160198
90628775
112229654
65447567
72475750
44830264
66783699
71173911
90587589
43764205
7626524
57684715
41978721
67260347
69164706
41667543
60872049
57531987
83906706
30858822
42092421
97058400
83786366
207126
76390931
24185864
81557865
364267
100015177
102821145
18290796
38616261
18153025
67399390
117473869
1301838
81956305
23019494
72451017
32902874
10689113
68079808
116233640
311178
6388298
11632719
85474468
30013227
24343196
105658306
74786087
41885294
29571099
68504131
46362892
76026664
51884318
97546721
109787102
61398916
84668119
69701406
39952393
25754817
104253086
94454374
56564452
49053431
21234011
13274839
44382865
10377935
61691510
104600920
42550341
95185072
115003154
98626162
82940771
110171532
84990837
6281955
114332403
72354435
16619813
67626172
93953193
109295403
21782231
40085695
21446523
67816932
84258321
73211649
88000366
64103284
82123993
52193242
4670566
19759706
70393330
67495575
86637594
94220069
117311397
71637810
12244301
4831622
13635325
76658815
114649130
12636402
108472143
46706230
106114873
35038040
54747571
62771128
87848880
81678930
83541005
75948504
98626567
29058667
109897657
44710753
59432718
71267917
109513543
64888622
51932112
94983262
68994179
23903414
81975768
112479775
58002485
54395486
8992492
9902553
86996673
76846530
34235160
82337733
862289
43343745
65999161
100782272
98040124
20804006
101862363
54482338
84860848
62819444
97339580
47533369
54007211
113354097
19335805
14530280
4798072
28028698
13007494
75324405
84710930
36483911
103487282
57003562
86208814
59859593
94477394
13562570
75984240
109701416
25242202
27793648
73017252
54098785
117729909
43557786
54753158
39042919
84856389
46231109
17715862
102795484
28197564
39476931
117459654
210737
10426416
48283668
71031398
104237214
99550754
36610998
69085098
52531319
81336169
81549874
111588984
112489609
107130369
57094222
45587794
98857048
28873740
29459466
118155627
78686990
77511398
17425679
30230687
109774536
18033544
97048932
113049460
36890457
37954145
78079616
56892969
24999203
76446545
34420400
44055746
47019435
74084830
106345224
68655966
87656561
102133136
54494762
75805445
17176951
28220482
25031958
99511421
77900381
70758069
109633578
57359933
95450493
8295765
60895385
115535076
99953088
59094787
43873474
107711119
21858572
1633071
22472569
108657088
29427110
79145570
56520522
106077100
105238270
13115718
14161204
20754746
84956185
35177910
50773487
36475530
78033732
73083890
117591474
20540448
94117577
110241443
115274548
98725417
27152678
10704228
80565232
1145599
46139845
42240402
85238549
32011485
99919592
62137000
52136565
42160011
101620931
52308434
100819526
84483524
46969533
97793295
97694890
48480655
84857809
96499598
46597687
57493284
106679944
7350031
32979530
114202160
83088765
113473950
27063815
34910709
83374383
47228460
34717050
14128360
61130811
32005179
107588550
66663211
88229700
8731761
69054116
17137406
5338901
3026231
114502265
7392508
21839116
1195292
1882968
27364525
117533285
39247655
33417383
111287784
51974897
38315581
96041975
57081686
30099567
107548986
193658
78149653
104907650
2711871
34253441
3371229
71489110
98856789
6512725
79995923
3392860
66027885
21445142
6850022
99997116
3400602
5509540
3378221
2472008
81445313
2850771
6245500
114986389
113911803
24149439
113703212
8216014
107302990
65791657
79663545
11544966
116291788
43896212
101536420
58936391
54206652
5762134
110303188
104367559
59294841
58550781
5446467
84840770
18044539
1340482
105522525
928594
42874228
9431079
5130137
94172555
7748969
100906062
10186806
105695789
35656449
56815185
56266100
104661654
68309870
44670963
28818546
66259027
108499560
95774286
67443204
77552724
74180923
51752406
107824722
102167702
49409872
4105985
98128246
26019575
86179885
104995075
4702087
76415303
1682110
23034076
83985749
20863180
74153243
81085252
58333319
49804796
116218946
20498767
84746738
2050843
54981403
60757891
117625823
39850466
30496993
15690798
97441633
99726852
11246164
103718736
4039456
32293927
36736101
2036800
21317488
18668211
112216595
100478012
111239555
99628931
76594464
11804126
90243492
24348447
92579937
37834552
92771689
114168103
84327364
32892477
12138650
24034567
30260898
101935025
70122464
58483772
4444633
112532897
95687395
106665868
75886265
10906286
10976439
26971520
17533836
39649477
26238657
12587664
32787178
108339059
18289069
52246017
46937820
52408939
59290389
97221835
72317189
68782842
102029452
69196427
2631579
29013626
81625733
99490757
97490392
76399568
81606377
25492396
45550262
93684739
104593059
48914745
2276079
90136963
9636493
13849802
6862299
36709599
113108596
108254792
70304869
84690130
1859258
68525985
98901751
109317548
4096013
12024391
66151263
81919456
115284325
30854453
50333235
5226165
17884379
80901626
39752935
115635269
48612967
115445518
100312290
14456096
39278252
116139908
83274664
91736895
19551207
26321138
94118361
28418465
106395534
10682513
113502010
11351711
73333602
95780990
43166285
40986557
15550067
44200440
31586221
110058159
12970073
97145240
84283231
29962741
32288658
43117418
15322979
43060501
85070896
111886013
49991433
66351358
96588700
65857156
6522164
109942743
38735605
92339477
42630086
103947453
65062542
17721020
95899057
32347045
80230922
117775846
9400336
24301909
40133996
62154612
34678558
110720963
64856581
50069443
14639762
116941788
85760152
31150597
111879068
18719538
15297312
111847908
68732824
114359588
27121551
41896317
67312656
62501783
27276935
24909066
8048396
32715497
65203728
96933212
22946709
55929013
86545479
74959354
117336981
57126664
6201661
112322746
96081200
66724794
83119291
102299166
5062720
75944244
15853284
8934790
68796715
28651355
84726357
35740136
47046932
83429769
14619382
51307220
54453387
3465068
87418969
38828815
18672418
18178345
10387732
75700985
57402033
38322445
77661323
13917865
79855465
58286868
29203455
2685664
61662074
16078677
86445882
5031560
7147528
114915560
51922063
41960209
109318054
1296588
21120754
114549713
37880012
20057943
91601882
15624572
103602651
69240624
37344712
70685063
79586313
90875288
116849663
43484168
86180611
28278085
112428041
77169801
115434795
22028407
35049783
65534144
8931149
99243952
80823127
83997320
5597506
50625475
29743084
113578342
91130207
9966441
31851461
22255440
35265293
22361258
105993490
41821218
117367942
65279425
72645401
36102145
13598307
97475207
58769758
9010810
31653291
90399633
51023648
49900651
13097258
63519461
112424647
43743829
93646446
30197652
63157866
10829165
87208898
19776643
90630511
77778397
93511149
18393833
35071950
112254076
32706947
49617695
96889447
81265797
51681117
93980195
105046018
4587497
74725546
96083755
85700793
100562641
77302375
106314187
65189634
88163430
88683016
91130625
108299594
82817280
70702385
43381222
47912285
9430501
53979125
81140308
42706447
108970704
104496887
113167886
24268258
70251151
116746579
2909252
103933410
47093620
28158279
8962262
46600335
92972905
18781380
98196606
44276637
107948946
26534801
101772640
107577466
5865736
20428240
64918372
43808625
61271884
117115728
94485608
94437685
72722052
95453422
57252192
84702445
43149366
115231308
21359006
94031372
69652959
102464604
94971147
9396914
62899004
117894513
67213730
48696268
29642435
80565435
70217627
371479
20669065
81344400
51562724
89770742
77966357
66612645
68133017
94547830
53297305
7935816
37185493
106829608
61207686
60830885
72247069
67927995
54481979
37704402
7963854
69159674
48469230
95886635
60993185
14202736
88252077
114361925
106192272
29270956
59896370
107683228
76522386
49708324
3378043
103760080
30541354
111132158
22218969
60197201
57362337
74181328
74441761
104068239
34582538
112089692
15252536
34542667
59964140
113035935
116948803
30887220
8166489
43170124
7634558
65441261
26820465
67884751
54465555
117319045
80462201
19091676
104305184
91572306
28070599
19959516
90444741
89154154
53769821
66847642
113469070
81007729
39598790
81162070
97719333
39871
52125551
21026601
45307494
37980550
104869446
82682309
23252662
61535229
16349659
67463437
10975706
28311421
115136181
44277508
21917490
107699895
109831078
93249298
10031195
57726446
84999696
23597099
94495085
100475723
27248852
32307000
102098397
48462548
29036519
76692731
73542378
23048631
43870786
90338816
14727888
43334217
66332650
83502855
59463153
106848239
80040887
94411828
15297560
7436286
62160061
47478193
106572330
52104632
17153231
105244097
82041362
103333974
5251877
71091715
117187327
106499934
12174111
34309295
93730171
5987888
32821945
110917193
17224372
9440198
24006165
50035034
111584695
87198042
3461968
92764955
91550678
72604601
32251767
95532998
28577587
10055429
39228592
1328232
88873271
32629258
108895850
19853277
104956648
17561943
58917604
91781661
12769763
6186223
1487350
110526609
107573516
32285377
86911027
85999339
16665504
64521754
55476695
27723370
114457365
49667368
60513188
4921310
44027014
31099967
56304406
36152984
39992159
15502964
20146013
77923624
46482610
91333907
79745674
22078617
13695810
61635011
90294311
29956784
17422707
96915604
23615582
30477807
15619873
22389273
39426274
116655765
77778020
5809327
94923812
118439684
14543984
29413221
67426905
16777659
11438
49705072
16006971
89782166
87830354
56525737
116987951
33307623
86541726
27014293
50594306
102549027
44212303
2282337
6341202
114658531
81295731
10129938
109861534
26677739
72324884
33616947
21731952
78148336
168972
65510591
51012779
116576326
38305413
17721833
9674318
37942902
89588348
87194865
100507846
63426361
97697641
89973658
101523318
102802700
101611990
48311969
105111454
57267403
48700237
5114894
4796997
54617992
56615055
76244587
4945786
112986549
42351604
83934992
36039187
2402647
36108808
33290945
115805638
9266140
55847116
41289453
65148687
26161987
117210855
10534188
80713044
113704942
107171668
62114979
116501247
53248217
118421732
108900190
52470405
2985875
67309840
47362411
49672205
62438507
42796612
48724425
85850991
39948957
47826183
2748242
14310640
35746298
96253830
74516184
71831084
38588758
51792229
54614498
73162574
3505913
22172521
27501695
116013696
62827081
62503247
16504686
777812
5529486
41590350
5107994
81027301
13774963
13469429
947780
95397516
2847655
898242
92006379
34541946
20983515
25304412
67508087
91628844
66568702
22723955
17216586
93139815
57189946
32441977
45660879
6302218
87059071
83808448
108412639
62049269
65877391
102627967
114479819
52215816
36719017
542195
80079521
37187447
19525403
49538
12294767
96019340
107628357
66701967
94747490
57068302
86449341
44784132
74412258
101142518
93247639
103584609
47478935
50887728
73096537
89566062
25603209
25009802
26834687
5784672
75283081
22565205
74812579
4031253
90946296
118341571
99826792
80029983
24892680
51219694
20134811
73306431
1271849
59463685
99062626
49963358
101466044
113020454
79250123
98541280
62567212
42359911
30488072
85626504
34188149
56990365
62731375
19818537
77440352
13173111
58685724
71251828
50428910
75281009
31918091
19819943
93448890
57510728
68798801
79299880
49947845
79481127
93053805
79022122
85711272
113755803
98426866
2924764
50453242
36890212
68053208
95750709
17075392
101211337
22895129
14369612
98360014
58461893
79942814
15092154
81554202
111118345
39333736
39512597
109545750
102120994
69831142
14149010
7562883
108127675
105056076
98639354
2673485
98108003
99405257
82786507
63302561
70440283
62585187
82416164
28718450
94555501
81759209
2705780
2851323
92146867
62140429
92171490
95717692
96538099
94568418
50945234
10476225
64926373
88491456
95396740
94558111
89417098
36806565
36637160
105454190
6948072
118044098
47600608
43709072
37868603
20201320
108600028
50625463
95743317
656954
26012670
91704178
108422343
68278982
29489833
5332804
84412330
6506702
44772458
94965504
29642045
90167409
33889486
98081892
117884359
67493805
57920951
102772908
29858492
46306693
57853582
90952631
89079124
27399288
53919045
114956771
52171634
107943073
24612792
4039138
19948242
76543689
62214345
111993169
111580282
31886761
79370347
117160457
104578287
73415049
61076017
50370154
91093051
94109312
40160941
15111450
37635312
20517888
53822956
57715862
76037569
30454293
45937215
101835984
102941285
64785973
90343979
57036125
96898461
66879104
60634794
26765074
92677038
39231213
32622821
113229826
46118475
5955298
56084440
54208133
110035629
85776706
10209213
84885231
56474000
28546682
89002125
107633081
72193950
23368663
20682277
101915216
55226639
99961243
20395635
54808790
86697512
23464875
115211332
79037017
93012067
21403581
3045882
107160843
111922739
26667523
66049016
813971
23633300
89117735
43998920
25150398
38206336
109376161
114693107
76554550
84066363
74537092
95854434
89088734
86952025
39531034
90423211
9321479
13263731
115740761
58407459
16564125
49262809
102711381
75991135
113564855
28290842
95188360
41111827
1202397
3034223
95741282
84528682
7386532
59815029
53432760
38170922
80461787
34213428
40156015
108413747
113787630
115298698
56323399
7569153
86534176
35170933
93492451
69724021
115509607
75381582
83409709
68286621
54507955
74420538
108516406
81356658
35992075
101057766
73084176
44387346
4551321
44829883
31095922
88025611
98163243
19219332
116824908
99761671
48139429
52570948
60993977
106218477
28764522
21152466
41790332
16810155
38471327
27014499
114027943
56126616
20873627
17892800
87483846
100864928
38428463
7458639
8272482
508359
96506445
37157923
13291424
44239341
65476641
11876590
90010704
7305202
98793534
64253960
47671323
60730953
32710056
39841511
73331774
20857997
101491139
14775833
21592213
110058342
15044502
105038772
96356401
38818700
98274338
80025206
92592446
46823733
38665825
98828190
114930566
61170733
90491283
1414834
73038638
67075069
40796687
34660374
87347509
38062581
40447534
7829812
115112809
11852059
57160373
58555941
118075785
336427
8634960
44267071
22605571
95035803
15668064
25234824
65036255
60354235
41359381
2667886
59606798
96305093
8336907
113515732
115845726
32319844
88331778
38378264
98537560
2734106
113022841
79517697
50663402
28595475
69479440
56556868
12586275
65727576
58824611
82712343
105444486
32409158
37502637
116180748
38903178
74123830
102685444
71271999
9651067
72767919
113140980
64901066
108172998
94827064
25183954
77467461
52592284
94501302
53069054
27923493
70880704
84427366
10038257
3010164
24912830
12655494
116542258
57587562
87996720
26415453
54113336
108073739
2409609
82188808
22398933
86441180
73376393
29917525
76941020
63560001
92308552
18313916
48620742
30705536
42234779
49492653
24398407
33572421
23620597
87451689
17885235
76774170
68418166
6286393
5277907
86135268
52372404
99030435
3474226
98732982
24005843
99638158
85674806
34778430
17716045
111291409
18403790
9816391
65322604
58627104
14939259
61603015
103792767
117938089
6307129
17565988
34775686
64660348
15687186
74560058
27937153
20502472
71496262
101092898
81627620
33961103
82661042
72449423
75024591
31549699
21961806
116941044
90825743
93193398
25278269
7899654
45968804
78586687
113687133
12623219
82547967
24714801
55295886
86226779
92066033
69360412
1878802
79025628
36723195
4088344
3063796
45654256
66588483
46438789
18431856
18081826
77746513
60014973
50487617
85797178
68437587
47578409
91662775
82926089
56128223
65501583
13022522
42249215
4942350
97875962
85040964
115131189
60362398
104745475
84347977
13040405
41540847
6694088
84865462
109878940
56309862
75435008
27222399
57410286
87502277
86130514
86404210
852965
110387387
11812838
112944404
104321499
353815
35064822
78807197
22782638
60559233
33956561
76018252
8621162
46417193
99105490
39686841
47321993
72108258
86557519
46984943
50471908
69194227
9430454
91560170
7803205
115646362
68805516
89816077
86649312
103456758
83495001
15622192
14969518
11459023
77879582
34417932
105284808
93315590
44850636
65574386
60841701
115252998
104626393
96647951
117905201
26997232
71939323
337050
30539980
17363292
46458119
86625368
70294651
21497723
31658284
36797129
28997050
84158758
15224706
71027120
97390870
72035978
65456241
108265217
33887845
112277623
108377297
48614052
41377519
57311268
79757994
83003750
116157798
77629161
24708628
117568151
5360882
63479660
81592562
62724612
74782272
24960395
63870714
33497522
1404303
66309527
30476053
76779931
114481519
70902358
14474509
116839284
38148133
80892249
118697921
112987424
70900104
51066028
87666059
77183769
59963471
11032462
67198752
117399648
72268279
80038969
44879219
61446270
116411019
65535796
7757528
41284749
23556092
6464817
3021469
52338003
70638009
78383695
62305422
6545864
32754225
61295891
116951364
52874339
9992145
67631892
34224995
2619964
6187
76633596
18888647
61373823
66477814
105969784
81424059
10822009
91341580
107057053
62592372
75126270
41979704
10196341
38263280
98931719
63540439
43447775
108842582
64092144
54533100
1009531
17308131
98689887
60207376
49319472
27552974
7372180
76529335
76401400
111444948
57442365
19059412
31728864
107663395
55655805
23531833
102080637
75943268
16215310
73980979
52396030
36862990
61857986
74369533
113625506
108899138
118258295
116628306
116736681
46784013
83556844
68515786
95702290
71136913
61738825
91600138
78865205
23640863
27990600
66245617
79716083
68588971
82213608
17100661
14486388
107426168
7316523
28099658
23547237
98162321
12122993
105740128
42047485
71768849
74921239
5900830
1066086
80377912
41975092
48220895
78795354
12419931
15680590
4102152
1175338
47001592
72513168
12619587
62734781
78211630
102842010
62615422
63006213
102501071
9784138
105196731
92782560
36867832
24880295
36617110
56114836
68067775
30818889
45050285
70702762
3446957
91639369
80558822
1582557
38458791
41443935
83596832
11244593
96392629
50398985
107365751
103076812
113111539
37491208
119358
24109047
9244568
61734914
76619483
9718511
100629936
89220066
56165450
99562997
75622521
5798221
19968181
116175013
36275562
72220917
117857571
1864399
62084208
39114887
45699356
27214198
72764936
33197847
22688842
112125818
56097447
78778173
111861083
97906122
28246640
66098075
75203195
118336058
79914979
106209418
81266692
1066939
13597545
50367228
88498445
78257508
97236290
66557265
7221072
43314792
19040339
78742684
74975044
34870010
85159951
21405138
4525355
88352749
95910401
71624300
9168365
85904956
50531533
45763008
31606557
37624212
104993097
87803778
45972996
78848039
92611873
30899463
40282125
63053667
80844569
30844810
79940066
53921498
47516926
47288388
87149749
102980330
2486363
53569906
39248284
5710832
44304738
51711056
79184384
18909075
29996397
82215357
63202029
21810950
59579912
62612780
110461217
35048687
114001906
23977163
38565914
38461835
68864895
18340945
110827232
26923071
102137884
32651678
85581750
63346597
53705655
33579843
72635675
115585531
18168798
106347229
45336449
34299292
30618288
5872656
74517047
17089077
22635445
589249
30159734
33434855
76324505
86484054
115292774
84443700
82825898
29128599
55348234
41941824
35013061
78175554
60151322
38791287
97756023
60905537
118424553
65833755
24314675
94002077
70249082
102679506
75728941
48367423
87495876
22432841
102047212
73927798
105739343
116914221
51978375
62485681
45855712
110690805
12561785
86164174
29095466
40884074
112925539
95982681
100600503
5125404
108133161
8149415
48080365
40825898
36590862
24422476
114394674
49348799
18273136
30785289
15183630
62199729
65130211
13568077
44407129
112846622
30853053
43253662
71058509
60097570
49923896
78501538
90498969
99391342
100952266
60826415
59093571
116703764
115563151
92451088
75855040
67307263
99272184
23657889
54144855
106052063
6149340
83609385
34165169
83787037
93368708
10519183
26696230
71093590
110428655
1153467
50691743
89565484
112139767
1460600
97312232
78246184
105262903
29672554
40297771
111962133
72976895
94356114
40848724
48255888
2082534
61100781
13162407
2123750
17508549
89345471
71886894
50075933
117954307
32549616
65994437
22275118
27804159
25542763
29305476
20863171
7823701
49231143
111063253
42797212
23911328
76543308
37948413
112110771
84409289
73655288
71113409
24721007
101177209
107461573
43997110
8862414
43592232
51530567
49046857
95146246
99104795
48240908
102891497
95679189
4745457
40451673
1873272
15844618
26622692
98884334
28609919
83836489
25319814
43423575
4848799
30610558
110944019
92006756
49900992
68591912
100191709
91365466
108437528
101218425
63869341
111276544
78625558
67255987
80139403
805948
1158379
3425606
52399081
62439824
102709547
116614470
22732611
21798938
106044700
61596204
82468150
103996345
87891320
3612886
60193186
40555673
108423197
51255737
718677
77345526
87868015
7876914
27496125
115970984
22592867
5516984
40040771
86723239
75001238
76713797
76120498
57528556
19526060
54594612
39707213
89814238
10569770
88850038
67044419
2048355
101418514
78855264
52706788
47335647
13999689
17841079
39836996
31077671
91101353
1745393
58753031
90707031
104094047
30882771
75930213
54679629
49325747
82136975
19506371
26376312
66091367
21525885
17821343
57425452
44024842
78570806
22769819
17425045
115145154
106999156
77055197
54082867
64855574
43769339
16402280
110635649
54453356
46995233
100038271
394322
16461346
27870259
23680448
58318048
109270655
112603238
35173257
31853065
24949238
6884116
8554969
8665914
96311044
66964168
34655633
35503427
91139282
43484293
59179848
61062287
42143582
42189488
46584217
81933556
117029614
88217048
19501008
54059034
30533887
72168011
104427504
85856929
46313235
29887211
23144791
86321220
96557630
37192771
23298096
16283324
29383073
69304432
101723912
60807616
94634886
74970
104037210
30076995
1340711
16990360
23381700
87923657
52873505
77177170
71336177
62970579
57683161
66142998
77345161
72390589
34758406
74540293
62712138
87705645
61043212
113665650
63023124
80274306
7809698
81707295
42273043
96289087
93479546
101648942
84484037
73461521
117544259
87046849
6695295
32227055
91830486
73918161
25491109
117616556
19494009
5193179
104435419
113006203
40288221
2804867
18582081
65862762
22400711
76760118
24682521
99578907
105855952
109029460
38001263
39234242
115941379
59434102
11805050
20018025
111818313
6340818
75669855
94220834
114026364
51587135
15639576
101927561
63327782
20297930
13181137
34201437
92618589
101630552
103327752
93235460
108117787
60631963
50083871
41631805
89714167
43366691
70481274
75525340
1991711
97377162
36332822
95923354
75329419
5464232
72061801
17597479
11124455
24082720
78581258
12098803
115972984
114151647
97650054
29126345
55392972
30360586
58587316
8286758
2416395
42695788
43151589
66485981
89727797
6717179
98864162
23092457
50278610
100817743
39192518
24878358
22047742
30868590
23861553
57731940
113149778
47979081
57826222
117835653
26919736
92143242
42162380
86846639
67662305
67289468
98252660
47106213
36847821
15891527
83945170
63644044
80681622
45338040
86431820
66635339
84152200
6950049
111613570
25400252
78770000
17227558
1016805
83125803
36528813
103596103
8809347
114124126
21059344
93396611
84576903
67786728
33384567
102586543
107403980
20556091
30441647
91264762
90874674
100917407
62923536
47510760
96022225
14046283
88899471
88385400
82735400
58751947
55893680
94386012
33287077
4547827
99508746
25134333
83220086
41214688
82536758
34222737
38450853
80986247
60012044
100800361
79192748
21732105
72144896
25042848
48491418
57237870
28341226
52267544
4895182
57780883
77421290
16540455
50120884
30147523
41395350
107159388
34368500
60249483
113687267
8152744
40137742
67197688
70311205
48997349
2763835
1550511
93020693
65364123
10697129
47183569
28655465
54149900
92050688
23810655
115511622
5127503
61246318
98273974
93656255
116068358
7659999
47273766
102858735
70675126
4682653
108859498
2375751
26215755
20111741
55393209
56651540
109950394
64433853
77664324
83690286
56209713
118567013
54740754
45612288
75357229
73942881
4844809
57448279
95826815
90277968
26141278
30281249
72891591
99517605
46382489
13209622
64698503
51494743
2902867
68299375
97276899
88747757
65792542
97277846
28971348
109769357
106700846
35163737
8224140
86810942
28949532
19501055
43209783
99607874
40767478
17908950
105829697
42280472
40210631
65545566
26290006
54337303
111612391
59681969
43722732
3791376
10306755
115209129
73027845
41868740
11410463
8902682
59776409
83736816
109387001
2711240
101545217
28793534
6214205
116436716
43601159
57055289
106447207
34204463
112588177
117297007
96508320
49187761
24894096
113586958
81646806
85418038
10614571
107821015
49375213
47323604
49573532
96151646
112702296
73028792
100902332
46483648
18325682
65968799
101001599
80593467
115307036
112822132
112906006
76872547
9989508
9396696
63277112
107960201
56506143
72304046
101306541
110634993
86350956
58286058
102972387
92635792
44946455
91004598
67151113
72033568
62334939
104258370
4152944
66218648
54703110
43837163
73195679
65445846
69471764
115893098
95401092
38434488
102832624
103509310
22499065
29742938
80604183
109783067
6653660
73584781
113666720
51924112
7662606
112525165
22243233
20871418
34388309
91722887
28669659
81702743
76784254
5019921
58458890
88029412
1926598
116970894
93175400
85016212
88854755
39940905
13060474
110701783
24839053
81993316
31808756
31525998
23089277
7019402
5019977
82443179
74825805
1141555
29680879
114504818
87040486
49330347
111011760
80399196
23842263
32553368
32147483
116468473
3093322
60297997
113664013
44624017
28116139
62138124
71955738
96962973
15101852
58780789
87796656
112123056
58904038
33692984
26506021
59456099
59907227
12782052
61665930
79130988
41814699
108064163
3493058
6641290
25488084
78458391
48251713
35087420
29460046
90659487
2804460
86182936
41085488
60429518
91478279
49963166
47036272
22078579
18069947
30692427
118686751
63007302
94520664
8351569
92595758
22627599
6693799
99586240
98680983
72411768
84541559
35173409
82576079
43844668
86103207
118114294
48998345
76402227
41186590
70990740
58477629
70088573
3608287
109932322
13393246
78303330
40796849
25247475
22201829
82776276
63885393
110335182
89221545
71893065
10561399
1913147
42756617
53092032
23948311
72411204
117549320
40696891
67880203
83271785
3749952
9700980
85831334
105721236
26828228
98811648
76286083
76258937
56695327
44114958
69135473
115859401
56101501
85734204
89075713
30676647
112364732
110802329
108677413
96212027
29136448
76279368
96774837
98059044
54352713
102061420
4531001
34277534
45850569
58179223
6344081
16838717
110586382
114733317
38338782
78282922
42116321
32171125
7123464
68549556
115727088
111114899
26783688
25424853
101083103
105987014
49712865
16152704
81665881
41301675
118247191
58791035
21926654
113523418
102431673
28978809
65114481
65161779
36837083
29011851
66402841
19324394
106213566
41207090
72616996
15071287
71159457
101280395
35254038
14818566
41765868
99205864
10031796
48510305
103425619
84930399
24321133
17314820
25619144
31778476
19375020
4723773
84072993
1851475
57312566
37269894
1045355
45006260
7662567
17512689
50511916
34099381
65517399
91142279
88857634
99050232
98627249
56340891
59514527
63761805
4786770
112065564
4683875
52815028
24189172
86110798
68214884
1446286
6843430
20895371
75419114
17523545
75124837
46803099
9709750
21209936
38510956
102342667
113304344
92373187
79708921
78179638
64051748
94180798
1418659
32516742
39535704
34865444
51554121
75162594
67981559
79685373
96780022
37383078
112313774
22742885
88170998
56223143
53740803
108129886
64580535
28616015
7813795
62818531
17195772
35080713
26715593
64947770
22633746
35124706
37225069
113241754
85664609
31535005
54645093
85363216
99772622
92086741
94597516
99582379
97192573
39502111
95085229
74037136
68022080
56090631
96715713
107754743
110452609
34028417
100316091
1762004
11420243
100446712
45006568
79961633
12446967
110400888
27722700
37105623
77173728
5690064
58596660
301393
59476014
90271983
109575701
9093872
113704168
63999034
13400780
32059067
99193662
38994598
105035054
79077338
73351653
62687296
7438652
108690605
22608174
8773008
84469067
50268610
87999745
53415681
52238933
94151344
33227160
30936266
106222594
85775965
73927680
87134678
9535693
59285772
104281446
54480296
4596722
90548731
92519003
93216183
45834014
20116324
93356575
42347758
80542315
83471049
40079121
117475645
33125168
100053195
48486894
39957016
116839678
112658402
29092151
30206296
115642381
75164826
84722217
27991546
76240272
23545538
110566863
82769027
63592679
22636344
89674924
30190540
44714717
81306309
8763237
3486256
58384009
9885526
11172266
81876671
59249511
67739557
77892381
111978153
102023517
54638493
19768495
95537012
5919650
72737326
73197710
87650835
117734555
61176678
45138314
2374874
87666490
87930518
1997733
33402139
96731628
8368614
21427303
41228461
22922300
117687712
1217619
104220969
78349645
71146340
3984290
66081359
93429671
23253888
101113288
15390135
57622472
65841170
22339301
37078816
82716402
12021032
51416151
5453309
101223819
76017796
9280771
54264351
102520
112439120
20878466
64406796
113159945
22549591
48914472
37511332
48241697
57784910
100236678
12268286
105430300
108444033
83778072
78039535
84441416
44175748
111860835
29447286
110838399
10318269
113376295
86166722
29607213
94208356
114982539
55863098
84818906
24555282
42289515
63409355
118089175
117138875
15492324
84552243
102021525
33191
64988284
35973411
80068241
696275
56203844
27390764
24002617
39602324
93892331
63897760
61050980
101542565
34880992
24671676
108424687
19167939
89994184
92554116
18293080
99330887
22477213
30313181
25276107
43960640
47917030
42440562
15117350
24362763
19563959
66048114
38774951
64292009
107483197
52677477
95503659
16601520
61212064
87818488
106264975
111159767
29016768
36379303
2021508
24616682
62391123
15870571
9778489
118376927
78980532
115693530
74054780
97326574
101206151
110549176
28843290
23554267
22876603
76782866
104397813
82985580
86278548
104907475
96501981
99785307
369043
16588801
38050175
77765928
58801720
69885672
109138258
13303715
101701811
113864568
14838193
71727827
55700039
21798590
44322147
100463959
14487378
91219234
68483283
77651884
87672573
79774055
46870085
67604653
118217949
118300339
105293600
114206871
113442062
88816810
70638762
50316746
76597082
86974504
87437670
54401634
86993862
114083691
117275523
38877614
58164529
1943232
36309309
82949711
7311212
71912914
31980676
55645495
12450291
116422859
39685428
28971550
89269736
47379747
81121054
4011078
13761907
25380419
43568109
63125316
12219728
102474258
90592706
31099077
118790643
92163980
55936112
57019878
64822792
5425920
2568304
102928449
113442021
83206396
50969035
79379347
59462623
43271447
15960067
111192372
27153123
1209311
66660496
85258658
33617840
64644265
88156599
78350222
22064321
68807482
100246240
99930652
102493616
117238727
102876596
61770765
36244818
50510192
54451573
80704344
10793899
47075539
51959414
42966304
32647403
7697587
63419280
75983882
25021954
23654386
44531875
60704465
95305101
10919861
6005689
82981249
42579944
19349117
96913982
40943670
85123867
110721144
5957685
49626480
80993908
52366404
16222822
83254105
39716292
16279664
28744930
95541226
14428135
44261826
98357024
75473522
110389264
48668524
31452006
83127490
56062915
42515644
63602406
12323852
87149918
114370202
104877268
10539904
53035251
113906469
43889614
44401016
29727236
72401282
33403658
6643433
12650112
118753158
54509175
71888697
1851529
112196734
6087832
66668244
61586193
58592130
44021516
36165404
1509239
116649993
28428713
43739063
83079356
68042205
26256585
85513644
61334951
118684430
94363920
17537865
84179233
90298333
10997358
31987433
68654800
42364131
70944258
68475046
116901629
70026072
74704495
62896916
59514171
66305703
31550358
25420789
65986521
55085153
7736690
76580176
42474267
79196509
26386108
116375713
15610884
35285786
53354
43797086
34505197
4065587
6540507
52191800
30547163
96346858
79853175
179754
44272502
9821816
2674181
62908343
19415531
8398792
31346558
34093381
9222812
104178835
26587729
108216345
12610886
47350182
59097698
44908555
63585625
109910323
6415988
99527429
780589
114797768
37256579
101123398
92328424
37907280
100052255
30367409
52074355
70031359
6409203
109077790
118119916
113085390
31561785
104132150
8079610
54881353
7505652
28720097
91567949
98047548
49118647
95415962
111478187
67997375
38492567
91771827
118033364
10428221
62270850
18467192
31372973
8252929
9974772
61961015
113546555
30020896
32861836
61806566
79625073
21037444
77516004
13987766
113909410
95490433
96626498
98169513
91027035
37171735
98411451
5055616
114282991
108834903
56923395
19706360
68774012
28064346
38404607
108469802
106768878
62921551
8492419
88221959
13516374
107667507
38002808
51739989
69205824
11824392
112004193
65637307
25938035
100835572
36171269
15739896
13367027
68358392
8661692
94875049
50602375
108386549
66942222
94576631
40060891
28859049
100111753
88017840
40105468
103196687
108881013
27450549
49405176
28538543
50219151
80586386
38461683
26178416
67449427
12472146
104696358
11168620
29466038
19101768
96372175
95526507
7078204
37301979
17756017
27988774
27932827
74835744
77229288
38083172
3368508
79756681
116467212
5818696
106850458
21558549
53791511
80342469
96041399
87628791
108886861
32944365
22040589
34893166
40292058
56280806
101816109
94498220
33606446
61653162
12023564
59070195
77770490
106803060
18272782
70633904
69569487
117563285
80370866
116282607
49329591
116359813
100619854
94908662
70837186
26507989
44327151
93876351
90265609
72000664
74491831
82897325
111462307
84569784
51887058
73507469
31577990
49066577
82474655
102249882
102692673
32934135
49701043
16040216
37233573
19519498
109073038
81000511
68233694
82821054
24566383
82134560
54426257
74111865
59485141
95770836
55052381
91136488
28288149
16271914
88251987
108732048
39913896
46858468
61895424
11724111
109842815
48138109
65183905
58444150
52548839
95556087
114510563
30181545
25777178
83946693
78999435
35155614
56434127
113812765
28394797
69264519
22649419
77465422
27963114
87158653
76386316
47684097
11788131
38366102
95168018
41393519
46836624
28189785
55825654
13757315
74253837
51398664
4492900
88437819
71647218
22367294
69778908
30563870
69992111
118335195
36416195
92900301
6760816
105979609
91163346
78643006
50205035
63204396
9982735
99089018
75370522
38020214
71326079
89204612
110339478
75881863
113281496
41982939
81649578
13330619
18168045
104626019
107465077
100935607
27562540
41083348
71185184
70253714
3051304
104805441
1668008
49246587
1736955
46927811
55774573
27958949
77563901
69926018
115547505
90772522
36666568
104975911
46490737
4347846
103636747
77260169
113042286
99950877
23814894
95833560
33579173
36042439
85967109
66381728
29750423
76118827
46935674
94093374
77489336
72614718
103068486
73550198
112282015
101491636
97077541
104658556
40125075
105601380
42163080
10571594
44281785
41222352
1339164
96944199
10115561
12589500
62348904
17208726
75275333
106582456
18770081
86007446
15195646
9848281
28349684
63370680
7533121
93130957
109834889
3939138
79142704
10480479
104186288
7623459
61366561
110286162
71399106
29553481
70223225
940727
18136060
75051217
40010421
116463295
43498924
111716836
56124167
74576449
7342275
116981518
100290440
17825429
66561391
79538597
11218790
54028728
72345792
3593983
13988253
108258039
27466481
71519245
76827549
112710127
63937984
31813079
48966567
70458378
20321051
4075638
88643937
20482766
40455922
56007216
60339127
87732476
113278191
66856280
93096009
108326846
50420127
29655473
6606639
21436293
7192805
7624806
48944105
91801383
103841133
61279009
31430490
33566355
16484891
45014470
63743560
112289606
11492028
53794559
109528072
118648286
82429716
41540350
78953639
71533447
70442656
2386477
3540097
4951344
16436153
72344166
101720207
37887464
22462668
7885463
91302188
43105052
22593674
106475097
60370893
70274778
44794118
114129651
88632796
23005285
42426072
18852631
11665164
11653742
90174843
76891352
39694647
19799899
89907695
85470792
76896980
74394942
104760325
50005932
22041138
106262320
49881497
102738374
65395276
107071247
104101790
112540722
110447790
71128896
61680979
73954873
109355613
30692462
71703579
78683795
20243751
30772329
47487788
62487443
90769096
79278574
105793658
81937486
61712920
24416383
99520467
26891048
52353803
7401635
124434
38112765
49770673
70523881
117446585
80568185
5527087
41876523
50859742
36492916
89486914
39892147
2251294
30671818
10448711
49834879
31196006
85469939
58813234
95922845
84407416
17735240
17565653
81377275
101227019
43725502
99776210
101022462
26766613
14241038
76440963
48410554
48379811
96916119
73900424
84473691
29708443
87844171
71199610
19871225
43145252
58815095
29443436
71226416
8379442
52692402
109831646
54083162
1062523
49981623
87260822
3030141
35318222
101553782
109314695
204557
16958889
85535172
24581499
106069690
93574857
107238475
102223760
91619751
67207676
113769884
13274081
9837217
44698919
12384515
109237790
99632467
59339283
104464664
80204770
73106281
51629879
68753653
94535971
6936012
14663401
104517041
21429076
35113664
93498523
23779523
103336689
38602829
110770316
45056655
3845930
1955106
40030799
107263877
87249300
66274088
77974594
889566
28313058
72780083
80758862
4773126
19427696
113946633
61738415
20354747
97380311
53597496
54090251
108828931
104316937
107263368
19922148
116459554
59490606
54895693
40722838
67183664
34756899
108815209
5025856
24295683
42419437
101470341
29289283
86359734
37961030
14098141
47844334
23539932
53352387
94525860
70748341
117882950
16566322
