#N=3100
2547837
727358
3778836
8110238
1212046
6144972
240120
2757901
7758474
6332387
7139994
2510969
988515
130447
5097658
165896
1750867
5197212
8884161
327603
5228389
3226325
2428349
7136619
6149410
1596087
5541223
6373749
2809963
1363251
6872587
8501025
9125313
2087289
7870117
2907570
7996498
7971159
5227907
5247505
5343872
7009547
7023312
5276044
2833004
9510447
891736
1423264
4422248
501259
7509254
2545195
6686916
832262
1595395
9385662
3239549
8631397
3954587
8372363
1847939
9238722
630908
6217742
3700792
9508959
2133088
7202418
2627286
7828361
7834194
4521253
4176543
1966290
4384308
1409740
9541624
4843901
3524011
6330477
3424344
1520416
949800
6911255
2046137
7027424
274499
4477187
6783457
8779290
2584879
83622
5537930
731949
8538079
6108374
6881673
3914728
8978225
2559458
8105243
711328
4590370
2766803
2034667
9150407
2339154
7664571
5872982
6457019
5380677
6123089
9084280
7985801
1480180
2022375
243967
1105209
6345732
1543259
3241360
1852930
1155543
3882981
3460277
9076776
6740150
8775640
262910
3110321
7579088
5338440
8286662
5049964
4881074
8433521
7730850
5492135
2283894
9359894
1826164
1848301
9096334
1905328
7741834
4828396
5286644
3154132
7473850
8946227
387716
3811804
8002653
6142193
6752832
8748063
3657290
8083253
1196551
4534471
4433660
6982549
457366
4306565
1772539
3842363
6149627
2824381
3665971
4889018
263560
4374261
3716467
8721363
6228685
9041127
6964546
793841
2766416
3662046
943574
8308949
1512397
3708015
2484902
8279579
7551512
8732820
8103018
8277428
8530530
127095
5210010
6225003
7766939
8558159
4629817
5714034
2560821
3745135
5625975
5605623
7755576
4285341
1756816
5434844
1118134
7755925
4303692
4067468
6603074
6845560
5824046
7296243
5766504
7815508
176561
8884085
202290
2819347
3067417
2305526
1970157
1105276
6048611
6506329
840762
884682
88059
6565199
5599559
1340634
8302231
2320732
3167207
3610892
5584576
6660667
5606275
7068133
7853423
8916832
1079056
2461963
7119682
1335844
7613217
1810639
660091
7506765
849190
6415566
710340
9527253
264514
5163928
6418270
3885564
9348549
8357426
7872968
3278827
2626852
4691339
1189581
959965
2458042
2969868
3260669
6299444
5989077
234883
6250575
4196637
4458747
5309042
675752
4559877
5414874
3854526
1639848
5385362
6151051
5156413
3108983
832375
5425380
2514269
5622596
913146
573998
7635054
6542671
1666887
2233297
7829714
7309297
612022
6590791
3025785
4502294
1792440
229561
941532
7974309
4352294
4347593
1274651
7373454
4482937
7313476
6093436
6729804
162100
4184457
5048138
4819780
8965659
1940271
2440967
8433901
8517112
5401757
8322958
8421016
6074699
1238922
8736936
563153
9251776
7249649
3560762
7881557
330692
1047364
1543082
6588841
4318081
3571176
1280017
2206557
1994800
6362404
1681666
9405746
4828799
3107867
2378813
4985183
3033160
1492634
110943
4549521
8937059
7084035
9294080
354970
6050572
5940712
6612392
5823644
1762381
6966822
1181898
3351851
1182708
2425331
152248
2111523
1576376
8981039
524891
2199055
1533605
8183800
7026933
4297040
4528131
5339603
4874240
8093640
2165576
7090333
9318866
3425512
5486888
7806793
3352579
226928
8631756
4098994
9095170
8020530
5784114
3209992
7653028
8681186
848955
781209
6040057
3830746
2290858
1951092
4782123
6846565
8109093
6140754
3876225
6044492
7627452
2237332
3228199
8350065
1603445
1512073
4526358
5259959
3628461
8863586
5195184
611226
7924881
728602
4820927
1556353
2361036
6871819
7094554
1471634
2943776
4088964
8658624
5054294
7905425
3094793
7423765
2064601
8123303
6092318
7269718
3730812
633886
6169550
3823707
796911
2337037
5272773
64775
7470660
938704
8920006
5400300
1211952
7977567
2402533
8525225
5342827
8381468
3005589
2423011
7499483
636964
5563830
2083953
5840823
9034916
5784872
8858309
8845916
5458431
5553592
9517106
4290400
3832513
8160935
732135
4476377
4334068
754770
2070360
4180177
5395864
7451192
6750153
2634740
3631066
5519635
7373240
5335410
2368625
1312606
5415529
8859567
982339
752506
1435939
188999
326441
7758142
8938811
5621456
1721079
1356171
3558265
3809561
3826866
9587366
6859442
4607316
9422331
8682594
1883448
2761124
3820126
1230518
9324925
2749081
7604435
6060634
9529881
7572484
330266
4663023
7423628
793340
426065
3287798
5313614
8768411
880487
7582640
2063191
2364943
7139305
8034324
6560120
3672975
4618460
7786848
7177293
6661207
9315893
652930
7499625
5524470
7689508
3264291
2829200
31951
573792
4866858
148856
3990351
4236958
8589255
9543152
5721080
6860736
7340974
6705220
8125545
4896760
8092292
5414824
7919755
7869289
3226696
6105683
7567254
2924380
6524362
3615007
3791423
7026848
4235334
2695269
7657557
7143924
7572343
4336520
1036865
629899
5623027
4057200
2969303
1728519
2202177
8625861
8345192
6897639
3066352
7164146
6587005
4676428
2188127
1814072
302035
4755741
9191321
3952247
8742957
3950939
8989674
5549579
3822716
1544835
9186352
7774461
950482
6942444
8323494
6589666
2114021
8347933
1855023
3953443
2993328
9367964
402932
5634471
310634
2843349
9429443
4772933
4374392
1885811
2232752
5959789
5622785
83806
9025999
7646803
128223
2288263
5973228
501679
5047777
2243908
9060968
3970817
4828423
9585562
4734643
7770578
5354605
6550485
8003936
1812282
9057330
7169584
658452
5147702
2922382
7543632
6993606
8024604
716451
2148946
1387215
2429406
9565583
6737736
1673575
4079969
6850486
3729320
1050712
1076960
7025486
9085406
8846175
6667845
4230957
2637583
4220067
7995748
7103156
5287777
5607254
3909628
8700627
2724821
2607521
8961204
1670605
4844660
6637388
7897045
2193363
4259480
755831
329038
4340674
7554256
7482681
616950
6313835
1575307
1840785
4811065
4854449
1052016
6901203
688634
5144428
3385715
2388493
3193528
6197151
2882433
5755532
9349424
5507640
2216286
2323815
3383561
2651296
2377908
1984638
6317750
4372231
2811575
2456358
3723724
1240421
750798
8386166
5956194
6330859
5242194
7519863
8619239
5517589
3515487
7910142
6404325
6798565
3959485
1891421
6457728
1828218
3539246
1869032
2124079
4018414
4399332
5852347
5943547
7615678
8783064
3861392
5101932
1571154
6158984
9400984
9347653
4029940
7597397
2889756
7321620
9334605
4004376
709097
3566689
1170347
8404082
4512904
340837
2131267
2805600
9042120
9314139
3974256
1923125
725157
7684868
6393655
6679284
6535580
6967171
7211910
7312408
5310949
6286927
2129044
6257012
1301321
6318321
7872792
8495381
1455947
611340
7287454
6368441
8663786
829509
6272815
6160729
5362143
6880553
8441344
1962419
8588982
742813
5139470
8109298
5602712
9036485
9077375
8833173
1656222
5378408
5183364
3507362
9439031
264148
7994220
2415941
9315799
2104876
1207927
4697506
1557554
6457944
95626
6956482
9530792
3845686
7329385
3399723
7901572
2541955
6432950
4933109
4750102
5712986
8641924
1222964
7380263
8152392
3649808
2602285
392802
9372641
9576567
7023090
558350
732768
1208014
9071717
547322
8813408
4601880
8664498
1380577
703365
9237098
6131069
5554115
9240855
6576774
7421888
7401854
719964
5901186
7980562
2786147
4942956
2026581
9231403
7759590
3887168
7089143
2979713
3657715
8843799
5815076
1096633
185446
6458031
4469837
1492825
7432831
8351940
3880825
4859509
9212675
9606243
4007719
7742228
1839001
5856810
5974127
3874716
2387241
958229
797405
3164745
6793367
7749414
6595685
9233302
229452
7855345
1618062
2561082
8658353
8967045
1080221
8302622
8635201
571322
2065425
7026747
8749265
3884582
851789
1470447
2610666
7760910
6221526
2417710
3469569
5015897
3077311
3675921
8228288
2657992
1022485
2013489
2363385
3193765
7615240
7278371
8806992
2261017
5934286
355731
331844
508898
1080621
6061878
1432058
2634267
6174958
2122242
5727341
7154305
4858921
192956
4291341
5659054
8950400
4247072
6397610
419318
2653436
6214799
4748032
2282145
4008250
4695015
3996773
5354223
5797510
8451261
6382598
5425387
3728535
8333392
8686841
2899778
9496921
3763240
6516927
3474077
1716746
377809
2862964
8809868
852557
4497693
3714869
3374505
1593636
182811
124711
4824716
6659974
53017
7895372
8264028
3350929
9608938
3425050
372123
4722725
7659207
6348547
5282182
8446471
9377026
5992852
6022844
6499919
982541
5064538
2516878
9135253
2818696
9548424
1931476
2904057
3532058
3249794
1222344
7586263
71694
1382769
8005947
1155512
7896435
9292403
2978806
4886213
219268
3633577
3893968
8822736
1424946
8899330
6877052
7330531
9463736
5411731
3983041
1457289
2245842
7031880
2047201
4368063
6016366
8291683
6135138
399220
3178099
9449576
4033741
8526183
3096335
3166969
7786707
7463647
9073135
3798654
992244
1006532
6662056
9058064
6399109
3704415
9045595
1465321
7800915
8006447
3165889
6561162
3863513
2331203
1015513
3365518
2686350
460570
5113584
6295562
818904
8715342
6353241
866772
739476
86113
3703835
8441477
6471402
2910026
6746599
5997606
4217424
2957640
12468
9387212
356925
1039148
7909433
1239753
8596359
834685
389072
4951419
4098278
5008368
7861935
6000789
4095091
851666
9552322
9562133
7975866
1110552
1616362
6361424
7678136
793808
1694878
473796
8302603
8242384
5985138
8893638
7054140
8583321
1477779
3570596
6506215
7074748
850681
8098364
6346408
9444130
6699485
2550914
913276
7010269
901892
8596384
6939226
3285193
7945771
1614442
3042417
822553
4666546
2047764
2101206
7515920
4098659
3862390
1188243
1855242
7415859
7936969
2077105
4013032
2719915
2861276
728339
5469976
1398879
8248919
8530854
9299217
1649022
6380318
4524468
2070123
650613
5324784
242776
1966641
1401320
5448077
8331348
6760627
7559106
2692241
1171100
6696842
899956
7314700
9388137
3402827
5217053
3669254
3284692
6859940
5915821
6542846
1392547
1709663
1443321
6603961
9228174
4032323
573128
8809685
1827347
8293973
3923463
4404700
3245294
8704119
2342396
482530
432951
862264
6245710
3466401
1762129
7107130
2097647
562307
118134
2810538
2206858
1195271
310816
4206158
5099524
4398587
6544915
7020999
874256
418489
2204976
1889156
4886221
1876072
5048678
9282770
6515729
7216189
3114592
1480131
8300246
6576551
3553560
8748581
1368754
5653247
6988995
3740533
7965450
8532864
6953147
7610701
5705748
5522230
7271243
2531950
7977756
6126426
4816022
3438525
5142268
4782329
6450479
56876
4970344
2285914
1011602
5035597
8525944
6148042
7536572
9161665
51221
2353737
6213011
2081645
7297798
8066132
1240811
4808174
7280541
1430917
4792882
7627222
7154475
1144817
7325929
8992656
984158
4487118
6598047
9538817
9421986
4164564
3498698
4388171
3369971
4473561
7109026
3817703
940245
26259
7402079
2423000
9119365
7756879
840834
6943049
5239016
9419895
15291
9263319
3886443
3648065
4754718
2615244
4614084
7292236
2394609
5508766
4675132
2433482
6040119
9487240
5248018
8635138
6889146
4005693
7986741
1926191
6025625
2970669
4970320
4098625
1582166
2176315
2517863
5484364
6927758
429122
5533452
820651
8962026
5724624
3487406
1915907
220635
8715318
2617103
4414551
9078648
9251318
1638889
1858406
7051518
1242325
5101821
4962955
2433493
9469497
1409296
6380425
1388503
2794004
1580762
5707803
9311983
6542166
9560913
6107107
5530522
9418829
1786669
7046118
347413
4382089
8908805
259508
4090095
2975786
2775662
2063666
6653225
396564
6366585
2088563
3262257
5242325
8007084
5663069
8080994
8225292
4799663
134125
3092022
4648597
600315
3204876
5465069
142083
8773862
8094404
3914840
7014581
7747314
4541329
4745419
776443
7093847
2026428
775986
6832522
5307082
9018087
6744308
5577685
3691479
2052613
1614756
4235217
5316831
2790293
5133270
4604491
9143811
9497146
3636953
458231
8494440
1824089
680668
1759281
347090
8983512
6722587
1814295
1900907
2718990
457
261325
1172771
5821325
88214
4182822
170031
9145120
8416353
9066263
6345783
8434464
8711947
5165765
3256483
5246125
967538
3529003
5456131
1812863
9387564
6735159
1476999
1307157
9100119
8142795
1926029
4003597
6267263
1639582
5999644
8242558
4626536
1443374
5651293
5006519
219893
713769
2799337
9591890
4807741
5633443
5177981
3465822
4198227
4180904
4243418
3608099
3751440
8330973
4789289
2923831
2088464
7397630
8991129
9549947
6328957
4739872
7613954
7634706
1466471
9009694
2591264
9230017
1223481
9390949
2207182
238004
359453
1619319
4413908
1341918
5888641
5450502
3675829
5043552
429464
5522446
3272235
5281033
6242509
7001660
7996128
6601943
5522098
8704682
1935993
8304251
7726826
3057684
9496867
1846454
7786213
7263741
1866259
5438901
3874920
5041287
277521
8627535
5340679
8573407
7276090
5298513
9474462
7763384
6224742
9211857
8889938
5880576
1738330
4093991
5932987
3744871
9119374
6827847
977856
8488310
3260809
723795
4881472
6686551
9590196
6800737
3388820
6434973
4804
4857386
9310609
1314114
1351445
4495591
3552370
3966131
3527196
4716030
8483447
344165
2316951
9249372
4401014
2446883
9038042
8715140
2767015
631064
8020463
4707485
8060263
1027683
743600
2534160
3297730
3155223
1639356
2984859
6734365
8300691
3505941
9268443
7371745
1838738
968394
3289764
5092685
3183031
2399079
3687500
396576
4323492
4664754
5295875
9289869
8406978
5148102
2512955
6634227
1836203
3963885
369527
7339954
7198378
894803
4766296
6030859
2948666
9088919
1919347
5382370
1667202
3143472
8535406
1199478
2238788
890685
1405185
7239880
2529012
3476170
9164127
4643624
5867777
4601197
1620338
6226175
7765324
3002495
6264700
4106250
6375507
9084724
7027083
1167519
2399562
5287377
8564937
2019721
7421717
8385875
6456965
4921149
5358109
2488145
9404293
4608909
7971674
2382440
7685754
2338812
7218394
9016354
7476711
9251603
6445874
3071268
9571476
8112498
6236988
1633401
6689168
5207988
1528586
6193130
2212583
4833266
2319085
4632486
5172756
6953992
7481191
8422245
5126857
749199
4126472
1865277
6533156
476285
9227472
3122824
4472102
7576792
2570480
8858868
4133552
2786801
6444280
2781499
1423330
1029000
4558239
4949463
2995404
1148745
8327470
2033522
9270510
4975094
6761296
6360512
1827135
1575416
8749198
7715004
3826044
8103611
6701231
7863757
457608
1650680
5005769
5223234
7896665
9393680
6868013
1352053
1363471
5415280
2676684
927292
2487021
3409494
1075418
961882
1488236
3352376
9335652
2909998
7601383
5185880
2064738
3722132
2202797
645587
5467198
415712
2489427
5050551
2857987
4844375
3364016
5222090
2808646
6544612
2873633
1452733
3128793
436179
7381684
8877191
4305299
1525138
6374683
7333043
5689656
8188238
5360993
4149772
5298685
3879251
7436508
1419151
2708359
1787085
2609585
4870071
7167725
7255053
1686535
2089322
2035728
1272829
6801882
5809338
7869243
2437454
3681050
3861603
584305
699969
6955933
6582257
5445483
7796445
6425474
1539884
7342978
5935167
1166689
3879533
5624317
5649423
8419567
2291712
8682785
9417958
3183536
5078403
62748
4867131
9350865
679815
3013586
4364428
2128288
4007640
1853149
7434505
1359094
3612049
4864487
8769489
4610207
8359023
453467
4943732
4826620
7916870
310849
5127267
5069967
7786030
1420062
3455034
8718177
3604382
9355209
7926405
180963
3836358
6306970
4986437
8161527
8615947
2511279
8757209
7101971
2694525
7023443
2199606
8611842
958889
8316022
4119900
3532403
6600023
4632883
4152778
7300328
2134820
8160629
1614932
8677853
7425681
8163251
5245197
7876844
362275
6072860
9257952
128256
7301024
2475157
3857743
1513976
4270179
6187191
9355789
3692683
6064554
3493585
8945367
7036487
6169424
9097018
3833049
3753120
6951487
445574
5685395
3066968
734948
7515107
7886081
4002262
2644400
3625761
3072317
234019
8381837
6782794
5880513
5787048
7814979
2123977
6221612
5030921
122637
5862204
4357317
3481492
1777586
9458350
3203437
6869729
6598955
7840900
7677725
3884519
9320627
2623713
9244312
1186110
4870707
4260320
5383370
2410381
9307350
5899523
8416931
2594789
8577816
8209961
4018860
7237483
6454765
359408
673604
6251146
8538042
8962392
4731479
4517858
7312820
4972538
8802004
7167861
2973698
5054012
4250208
8134516
7363006
4983992
256165
6913751
9016396
9093848
3603450
6712560
6931708
206970
3029354
5793758
6208620
3659452
1407303
203619
1431367
1321212
5973091
4020184
6102997
9368942
169279
144959
6452264
3747992
2917653
8902608
2144431
3719640
7878351
4902680
5577597
772318
3310301
2303835
6615565
3396480
8136631
1137949
8061776
8979903
8839880
6005001
2228085
86090
8293954
7021184
9281641
6214150
8304330
5958038
2916678
6031288
1680731
2003081
6056986
3651437
1024256
1695176
7752044
7106033
1592379
3273762
8220179
9523822
8230630
5477615
9398130
3610153
6361495
6510200
6751818
8753790
7321048
4816902
414450
6533229
3170279
7777027
3297472
2273042
8730732
5367021
4427727
2482718
5432250
8815235
5509394
3528224
102797
4478282
3339279
1678558
9106558
7195988
4579117
9073901
8726121
2887930
6468336
2061130
3642577
1934916
8339339
5241244
6100048
6700849
3235757
897237
3499720
2383875
2298740
6248014
4388196
65917
6583325
1904026
8712438
5484537
4642369
8034240
4981725
596716
1552866
4486081
8079868
6144612
2605565
1508415
8855354
8986845
3331791
2854758
288293
1638490
2005487
46235
7654554
5305306
8208498
6861707
7605680
6686248
9274690
2484170
963480
5552212
1715081
678198
502812
4045653
1324798
4949068
2126849
5018255
6333941
1414876
6899259
7682145
7786625
844020
3541976
1693301
849271
242058
8047362
1153605
1447738
5246272
7309627
5975675
7197018
5121509
566192
8175902
5222514
285282
9502825
7279429
3806825
7169
1918804
5916544
8225128
5165397
2572421
3105221
3238252
6055239
8593594
936748
4448174
3299918
7709364
9305666
3247745
2801090
7907404
9535489
7659255
2188118
252907
8631116
4352420
280910
3126502
7553086
931882
9495656
204048
7500282
1392042
1206832
3344123
9573332
6380570
970607
8575053
6754929
6060490
5293675
2837384
4752508
4505598
4908274
5851687
3322257
4751836
5719286
4126006
8638139
7445698
9581998
348038
1252759
8959029
3240847
2192461
3041601
2947038
3450641
4156159
1428711
4436263
6826941
5451704
4079065
4520118
3281377
3917545
5761406
5241502
7539111
8510822
1183341
156437
132401
8806252
5723698
2727012
4154009
3133525
1036363
622969
6717191
3513723
760852
4747234
3195245
3338867
1518327
8624379
6939219
430432
4810622
6760248
6623751
161520
8368712
7649876
5988434
1704009
4058160
7382674
8378420
6440515
8496165
1858814
4652243
7043597
6144074
7984465
6026335
7132641
4315542
6423382
4771903
1875410
3228907
4180866
6009649
5541320
3813757
4632396
3416681
9102527
8001536
8583876
3783087
1508127
8045141
3059185
2935590
2071070
3339933
1363030
1788272
1452568
168164
1121203
1017262
8621434
3668923
4056378
6814163
6893557
7647899
591036
5475762
7297588
367109
5830678
2124638
8774656
6240860
8896231
5319440
1336833
538735
5177326
8182538
5974071
9329253
6025984
4736222
6340790
5648291
667069
4888730
1156731
7062281
1414309
6260696
1228791
6018479
6223126
1417795
350311
223927
4098509
5172950
1202454
9199818
7291833
7908641
4904027
8357496
4595538
2764296
8628090
301498
6609978
5691273
2988462
4831118
4069153
5905485
4491560
3214789
3474421
8959460
676914
5005831
37570
9420997
5668168
842623
6929287
9240787
8631473
4508691
7491118
7357239
8749216
3387761
7766527
2139730
4182831
4294040
607743
2936816
6923037
6232285
1622120
1536402
339558
854363
2431064
9595525
6991300
8078591
3765314
865918
3791087
3648371
2491710
880806
1821151
6874020
1749669
5727659
212900
8556781
4044137
6609486
8814931
3472487
5985412
5699440
1824428
8438884
1314696
5386634
5892726
767757
3558763
4807459
7926489
3962474
5830211
968806
8740928
116943
7984209
7363706
6280645
71114
8741138
5703493
6661120
2802888
1683522
7666840
4195275
5025074
624073
7568916
1648059
1999953
4384744
891218
2546157
546939
1827871
1085267
6904694
9206290
8587249
1801106
9284971
556692
2594598
5830647
7899723
7913094
8232568
577152
7473420
5938250
8473396
8604281
3061038
1111872
1886190
6236360
3377015
8234121
7637597
5210266
9063797
3837805
8673348
5914315
7705671
6685006
2108019
9557012
4374744
2873981
8816509
7907749
2266969
4291505
7208080
2165995
439674
2294318
6167182
3322563
7330637
7361523
6718091
6434678
7344858
3262070
3052188
2620174
3623749
3799792
6146918
7602907
585559
6441767
3806295
7758659
2310262
8844039
740503
920420
5060436
8978429
699669
100974
3851830
9367186
452237
1570536
9027107
8415660
6214473
895958
16665
7909445
7835915
9178109
4091746
3705821
6083256
5630843
3214233
4158576
3796611
6890325
4131504
9025682
1861580
5843267
3783603
5825500
220751
9412887
5126598
5395908
4102162
6734719
340079
6100003
9419488
8131149
8398995
2758453
7123469
4901981
3817699
8583518
7548278
8070904
491588
1924680
6287656
777332
4480497
8834355
5028745
7898238
5242079
489504
5622516
8434142
698902
8888268
154149
2845304
5055829
2455583
6925232
6272356
7311009
1504459
1007679
7950438
8550755
2993376
1807128
200219
8091930
5623598
6236673
4167681
1897608
1906726
5358588
6192260
3592276
8992666
6729146
6417938
9400603
1187673
3123417
2307023
3832439
2151990
5530073
8393474
4754575
264196
5264676
3813996
2563705
2467728
6143310
3193959
8964872
5793531
3573547
3924249
8179415
8783372
8419094
158773
7924450
819347
3916538
1627763
9202063
5541473
3294521
7093580
6965235
5424851
1230375
5048965
7007416
5265876
7582223
5394004
7310492
7250373
7280687
3823171
3112857
4803203
9230413
5040623
2067541
8853601
9568581
2864066
858921
7599747
5852235
1140111
5680709
7985066
7943243
2108483
3029663
7479670
706629
1916269
2870860
5574499
1920167
6066837
7565385
331850
7723318
7940746
4137515
6930908
4202759
2525659
2735662
4830236
9535468
3656900
7994680
1968834
6621831
4172235
6372462
2320594
2806868
3572226
9408827
463573
5855278
1113394
9062235
4742131
4449527
6414023
7619115
6041742
7953520
4078064
5804335
5245834
3737987
6065281
4195246
3825947
2600192
3532186
6445557
2410058
1488494
8275869
5206372
4301237
1365367
7253661
6975193
6796720
2170373
3138857
1011338
1113147
1117292
2648212
6733017
8017785
2913928
7994475
237407
7161111
4793502
4192479
1050588
9522040
7918513
5116485
1833815
4643559
6497117
7779689
6813686
6797258
6910502
2406136
1779469
8632072
5083288
8289760
5785382
1057225
2021565
2816551
3990131
2709507
4187709
3191966
7780378
5362818
3200973
498352
6110523
4881463
727391
387528
2531649
7728379
3072792
3664127
7439874
9309860
5322611
4407550
5017789
7888431
6932849
7553134
7300115
8479487
6268195
2968830
6677095
3765483
8238843
798165
4539130
8434892
4444418
2125450
3705720
7929511
4224386
566419
6803238
7062438
1768160
8477523
288505
3372933
2794940
3032324
8745496
7044181
1928125
1918079
588315
2906787
5738364
4331285
1802392
2502712
8793413
5878930
8836354
4257376
807171
6867105
9182597
6124908
2354488
3139301
5579697
1615373
3251683
2779140
6773933
8005228
526007
1709606
8690862
5360760
5557623
1670841
6455866
3474763
5789716
5867031
1104394
3235652
9601298
376887
7729784
8989461
5071758
6422674
4684780
8745689
8966041
6043296
4998636
739115
4341042
2800557
4451441
4856456
6706558
9517752
3767791
4775248
605407
7020021
8514895
6536285
5491126
588834
2370369
7007488
719158
5180932
9569294
5065261
4915130
1307110
4304681
779494
1910057
3094909
8200478
8226926
1702253
2198078
5897674
3938011
547424
8997115
5542090
1931310
8912344
6357770
5870354
8132548
5982320
7926060
4165916
2937062
4323101
1642862
7048195
5263898
265802
8262184
760580
4135635
3850477
5663196
2189017
7746557
1392656
845823
2329252
2217667
6104079
1353984
8005922
8226115
84771
8794320
514381
5233221
4828875
7554294
3966632
7498683
3602959
2523054
5498868
3512628
1377060
8396011
4503317
583591
8865132
9160810
6400043
557345
4270540
5796619
5417305
3628414
4351745
5428693
3821745
7487964
1269213
3665027
7711734
4461551
8418870
2570087
1266588
6940193
3951335
5897003
1999814
4543756
1145994
1556282
8619311
5246893
9140880
4952508
3793549
3151210
9343694
603424
4750041
5095551
1444873
4442037
9416669
6473782
4159480
4610143
9386231
6417663
9309582
9595072
7648387
1478677
8228753
9433011
9393803
3861003
4751009
4896957
377870
5509101
2025402
3666803
1453344
833094
62239
7643550
2854594
8701568
8768551
4761429
5288883
4581092
282557
9259951
6697552
2195242
4910562
4244584
3222700
7830905
5819743
7825377
6148300
8821175
4682001
4496846
3483133
8851909
7324980
6321068
8509182
5645733
8057989
7873219
2431925
5424097
8485000
7703165
3412685
8640884
4478872
482357
7493541
7697316
4349389
6906393
3425966
1533082
2878265
5007324
1682605
6608569
7596801
6104879
5338041
5440093
1625291
1615490
4796151
6132671
2716504
635963
3213808
2633892
3841644
4338760
6464837
4297541
7677718
7383753
1147342
6391557
5742969
5040573
8724774
7269732
8481552
8028643
9460478
5879697
1863948
31151
5723953
2156707
8933013
8175976
643942
5102620
8508987
8613613
2918863
82612
1247743
3328473
622480
9154104
1114467
8691085
7603623
1286160
1640784
5716770
2120208
2926662
6169022
5149556
7419255
7055280
6164695
4272751
155744
4160665
5161564
2001402
1512765
3830392
9276989
6093754
6637182
3269799
2209294
9200391
9070133
1703640
6667430
1541396
6003906
4281732
1893725
1886853
8775953
3167547
9157749
1424077
9570833
3567166
8594861
7599929
6899536
6457455
8721188
2607767
2647900
5784596
2334413
