#N=5100
6405331
19308234
16868991
20822649
10308435
13784891
2320256
3687532
18051374
4826678
11097411
16467741
6408489
17173716
13753631
24451388
24018738
1962502
21185790
15722848
11597697
9805827
10395498
8933622
383538
24016934
14987014
5525222
22333561
23108071
23019475
11592683
8999799
17747666
7155958
21284469
10397083
23503579
7253687
1583633
24428189
19933696
2714109
7967102
7818544
11791129
17929163
8295890
5028371
11379963
19990916
17327641
24085855
12388565
19956608
20868317
1683373
17888944
23179313
25404443
14108272
19935375
4436725
2378896
22014148
9662380
2684347
8813450
13738955
13329991
13533089
5114652
768717
5586546
4701505
25532655
21426324
6549200
2968540
13710731
1957673
7602351
23381033
3217538
25368758
16731230
12352569
16952496
3780671
3243938
20967718
382941
12584793
20784346
14358115
13200698
10586990
15364356
9943927
8624303
12561274
7946543
413147
15909629
10170222
24162305
11217680
7715593
4591527
21376190
4993263
13403701
22907160
21313369
5528535
23079827
12950559
9108631
21994779
18061296
5322711
14846937
688392
25394096
10197356
25003759
17920337
1962687
2803082
1997383
22874722
11315210
23786322
2260842
4691949
17118195
8224343
4505056
2722330
5851392
13132596
24353461
22538732
25837333
8362810
22429904
1085048
20899264
18449486
21811408
6026468
5938616
4649581
1694634
22137325
8234669
22200677
15922953
19761531
6151438
18884628
9267445
6623261
21331693
8700065
14850459
14395865
2372951
17382461
19042435
23986227
13305263
15990651
108827
13405850
2127112
3980418
19947207
3526360
1164435
17161826
4331834
9811292
11078478
5503958
20877937
3136703
4702804
11701891
25157652
25538178
23562936
567380
17782802
21599394
6327113
12131564
21363430
4396725
18740763
3051784
23877399
14562979
2517104
10791975
19468644
13264317
17479548
2785380
25204527
17363144
20746914
13491442
3596920
7941775
15464720
9176046
3989052
5174627
14148955
24590272
22418941
16627108
20250267
20314804
235963
16593954
19400802
6965211
21192893
18841350
15198245
1738989
21104335
15262788
19322428
5336829
2723356
14779970
22712033
11713084
13766224
12805139
12690288
20430875
18616289
10290093
9690657
5408780
23429252
12185413
19003571
2104137
5044710
18319879
914002
19280753
21411062
15223017
17776967
19453904
12400581
25945458
23090128
4421071
1192996
19206024
8634796
17020273
1013746
9906894
13686362
7998915
8852416
2400195
25403784
13207508
1524406
23515245
1068775
21325115
21804269
683691
1190135
11773958
22918818
354550
16167352
16620724
17486002
17841509
11027342
22643075
13406027
3884104
21796276
24846290
18192278
13391468
3333911
7678397
1054478
25949732
8605132
10308473
15539355
1888539
12138733
6209292
16374542
385084
8788544
10030311
3774874
15499151
21616607
20961660
23542115
24335843
5593382
20852928
19099048
7143238
15510365
3223302
355392
8404808
21512379
10513881
12336989
18057745
13736831
5409571
25073943
21380159
24179741
9330062
11523998
11753649
12084314
21007797
11273776
19299394
14423705
23486780
17967037
11944329
4021843
2689187
5236795
24460145
20006128
4529311
21451412
7105557
7720924
15851512
22077819
18118200
11440616
21590984
18993803
18366673
7239830
15743881
9856161
12426092
11909314
5179767
15143439
18794920
6584092
13796996
15995923
17142941
19464937
3931415
6707534
20235265
23356625
15371050
17672299
12900571
11471953
5599900
25701305
15612725
19074462
15150401
25134398
19083944
14351154
17913488
23174078
9477304
3834566
19339960
23292654
7777960
13259241
1346442
2798997
15451151
8995625
718073
10435407
13893237
6584790
6000050
2562966
10456054
3899097
12072399
1862832
21869229
1189004
25214470
16488328
26000519
799247
21884476
10573432
19537416
14078921
18497684
12194650
22066607
6080719
21946212
4978963
23818090
7014383
16744489
19679310
21112389
20143284
4435356
11330271
10792302
2100953
5154133
8593222
22703435
25546961
17321929
5380901
15862052
24415223
9267418
15427087
21935398
22469120
6739314
7342765
18022315
12416965
16258439
5741209
22936195
3585394
2898039
18802346
11911995
11264771
15243954
24445684
9350982
16997969
20839703
2199079
20071085
5617173
5934859
17322534
24348475
7570272
10777049
434965
2479825
1461863
8687773
3246197
4446805
8985915
17094327
934670
4144335
1326610
17506736
18797415
17683400
17643269
3558392
2129877
1913789
12909551
3605980
21815468
22936884
15222530
10927786
2748551
21942265
24374588
21209051
23913510
5090447
23978751
17757193
13897193
23025059
14365424
12161871
3512135
19505145
4421281
24101501
11356921
24316777
25873468
15239023
15553523
4383044
5312407
24533897
20771888
15982667
3047016
10887682
8841898
19290265
12563198
22213067
24038756
7937706
23240300
20819883
5856819
953692
3391769
1735322
19512924
9523844
22404156
20084200
8148224
6114505
12891599
10781463
8763254
10143988
9926616
17029626
9621157
3993305
10140446
9884205
7140769
9766752
12988050
12638831
21261510
19289058
24982768
17882439
16744453
10940173
17428114
4121497
7450769
8531490
20004733
14092289
16039186
16289651
21856167
23376762
23361251
2747611
854847
6397194
522831
20596877
21552746
14400518
22862537
373694
11559721
20511939
14515243
8362558
2319629
18042636
17208171
2696160
15117891
12622955
3489403
23560189
10126765
8022046
7155870
3715082
6899688
18672425
7591965
19108556
11175480
5617622
16888346
20931537
10854448
785879
23744341
21179052
2840796
2350598
11868452
17860729
6845874
11136172
17164388
14287035
17588311
4585215
25216757
6221268
17159756
10130923
16404319
6411683
15785923
3147011
10786682
13801133
7496945
1974343
2220210
16253944
20773175
4756032
11850762
4338962
23955083
21393743
9310600
25653634
10168289
15395845
696341
7222405
8211427
1232737
15080279
20608
13435460
15085834
15826950
10748072
9008566
1910872
10288567
1984790
21660067
8812339
11580923
5906567
21874735
12127744
19066748
5087778
6810949
16467020
21038362
12965015
25889019
8578321
24957292
2945884
21847984
25473605
6805692
8190819
2460843
26004446
10203659
17350954
20740834
13916077
459505
7023776
20924372
1476227
16413867
4407065
1601170
14116745
12849820
5440522
19980360
17263294
10059416
19855935
16588001
1113606
2671289
11596700
12740338
25493688
10803758
13657164
11666327
6811247
23997161
11119890
19927178
10951147
16891448
13717058
7655271
24993279
16619909
5170871
14538623
16960688
17567246
22170649
8799951
10250092
10044671
124425
675292
8945810
5838211
19654867
14383269
3187601
792941
13746739
2480926
3992511
15670004
15210003
1547635
1699579
8892007
6210120
3295876
17908170
23107149
17147966
25118222
14322787
13613626
18377974
22824303
21980720
779543
8675525
9574799
1098861
20296215
7030426
20572541
2650609
18861926
15300096
15370241
22810431
12740301
1934489
17108442
13970425
6317995
10001081
24413704
16993838
9112971
811476
7453514
23447928
3534340
6740247
17508485
6296471
17598431
14148777
12405921
14344247
3042876
2544373
6536321
17645606
14178501
19936011
1943934
22061496
17223360
2089316
20365554
24779877
21626495
21770927
15566722
3987723
888109
12255793
9540323
328609
11940702
15376833
5939442
23247869
15151817
3359708
8554116
17917750
25769467
9861547
22471492
11407271
14375873
1263875
4355236
18127006
17376217
25864619
16359507
7107049
21136388
13258193
9213155
17638771
9536383
17974495
9110966
559500
315091
8827056
20399168
14702833
14888582
17243300
3347318
23244068
3600241
13356135
10109823
3015761
21495675
9861182
7052034
10912433
9897659
4500618
16431064
24932734
19391796
3101314
23903894
18161183
18385376
17248661
23191371
8976883
6312969
283909
20833899
275823
8602040
17819433
9080
17654515
13643059
4654749
1787809
15248046
17870461
14912207
21973728
25246807
25973523
17214982
20491370
25638492
25782389
13329750
1028839
15894179
25389505
21318799
9633377
24072059
25599258
22907462
2806550
20700711
6345435
17678031
266743
5611091
4176374
10017897
15866705
24405014
12794289
1539168
19284319
7287219
3602250
19422312
4755437
335031
17442594
7161620
13263218
24551775
2603810
20383607
20924368
15981012
21729541
12735916
9919074
19562113
16562027
11138519
20433968
15397909
13501657
16258846
15754387
20444927
11887174
2981102
5120695
20170635
12600484
14525573
2531782
17930785
1979718
12257383
13081814
7554384
4557809
7543176
18290973
1286364
24664067
8188451
20725504
16830994
10837455
24790555
25138145
1164117
12300428
4175122
14307088
7720295
19035238
1426849
15324232
6380105
5044184
5258688
17638853
20679700
1199420
16284399
4848971
20435334
7699574
20202203
3926977
17935011
8889110
10102522
21234426
22496638
12014562
21944950
17702850
9673338
12490127
20963023
1520595
19243699
25813451
12880239
18406064
1308698
11046231
10065544
14751252
10374485
18722834
1354454
4484294
6774086
23248391
10656768
16508357
4428128
25976659
8488021
22710586
12402473
12751526
25299477
19457354
17004790
24118389
22749827
8152743
19256429
9813138
3303922
837635
24504753
16497574
8340519
12567446
15335311
6006276
13396798
5890191
11948747
18779629
19837526
16275730
18820263
25353676
22683902
7727543
13574186
21746496
12074674
7608684
10410302
15844654
22717528
8852047
4861960
12936689
4848821
7072359
11318386
12816349
18507116
590871
15825828
16997809
13834214
9445120
8721095
9280735
716231
21683018
25969367
20493851
19601828
25756285
11779490
15600972
21662870
20629067
25999760
10893586
10901157
1558255
10982694
24444405
4003226
12453167
1618302
6696038
14575243
25391081
11654086
16172873
12766658
21044274
8276714
19217045
8728889
13048077
9321368
6232381
16744756
213082
8714360
18664422
4093415
5813989
4264778
25432850
9727910
24441505
25920892
1120318
23565030
13193093
22826102
11970754
12541489
16900788
21051952
24412371
12624422
16619813
7896159
8213179
12315385
9892202
9895676
2496508
10966887
9108286
12181586
24090335
10783232
17563937
3053208
4670566
10749645
5833274
14175523
8607591
15540041
1381364
18967783
11594276
651604
5925314
16928802
14139119
4276366
4432139
16516211
19074809
18967993
12667523
12981069
9818877
13588881
15450956
4978487
12886553
12988620
20627650
9690691
6112666
21477858
11883500
5158609
2142053
16303234
12794159
4303374
3945765
729760
13042469
20675474
12522485
16312514
12496663
12286474
25875124
127712
18512254
6093740
9149116
13742208
23540114
19503956
702327
2462336
10360838
17859428
21539520
13813357
23817192
954057
19335805
21590266
7028015
23848680
12357469
12064399
17270906
23943857
14217275
11393521
8178811
14899577
16447391
1022516
19784220
19781384
5642162
19433612
23227193
4308726
13039880
21077778
9143117
8852900
21596383
11211047
8705801
20585463
20487553
2226926
8589607
10150691
23896363
20973617
21241339
3077178
12510690
20540951
15765046
13981264
20956131
21819861
9778923
11329573
21390355
15014174
11217757
15997002
6393732
2149415
21175609
4186980
25491396
12595636
14810665
15674486
16733494
6478875
649420
25000428
19004130
2279556
3572917
20819185
23126493
700388
1975698
24539427
25594821
19955185
18865907
9626558
15093072
20774750
14775382
20056919
8620442
23731908
20831393
16870318
2668020
23243539
4039881
24480476
10525708
22995355
15025065
17743067
13484746
13033430
10081076
12848511
5163064
2872529
7497052
24597067
1115567
8030513
20337086
15968263
19525679
24101158
9514742
21046154
807873
17053475
25235526
6413690
21063888
12251420
12830437
4197545
1371396
7054526
9455410
18792642
24174175
16655201
22325557
15299801
7870365
7208546
5351459
21239564
1756962
25476539
4259981
25820871
3168400
10899494
6453521
24489525
23293285
7124833
21820629
9057749
21999588
1637671
19593254
5519908
10880024
20439476
20752135
8588755
23553918
7463775
11130651
8874373
23448402
15117010
9948342
12640802
20115150
20548486
5633148
16609658
10961704
8024053
19367349
4688876
13616210
13992254
17332462
2889101
11135246
20182958
15474496
5133245
16767647
13817343
10777773
16954835
22895559
1941925
12121670
14679545
24688940
22023641
13589597
10807600
21011861
4063422
21671219
18169058
9586782
12272661
11905874
6272828
20417844
5375095
2019979
10727109
17520574
23159505
2078171
6002001
3415310
16320718
20365472
14476378
16931785
23499414
4833165
8216014
3262986
4761594
15753514
2534905
1011780
9526175
15146381
17506368
20486640
24062124
6263184
17977520
17864818
6530779
18916414
9690735
13864521
4870475
23312504
11518573
19744195
421018
300094
3602498
25398934
22876059
24306778
8715771
20236427
14735137
7126066
15391647
3749814
20890905
13398524
24178979
15049535
17094258
11243184
17172686
20860871
25742405
13724672
22837649
7329824
14045939
12388232
17009514
25799847
11545050
25882045
4795261
1032085
3434036
5305721
16683162
17303198
24235207
16253271
4844780
25648889
898727
16656689
5580836
5841369
10967832
12935794
12540415
10896953
11510780
18111580
12686788
7066146
25688733
10449417
4983876
14256093
15506747
17137470
9658150
25176531
22448009
25499541
10358924
794404
21744080
15093457
12458418
13249884
15354544
2851657
20068053
21067358
20352423
7308607
7964520
70879
1425014
9092401
12873731
4444633
18432847
2237370
16745836
86205
9606236
13856407
19261509
4993782
20699462
10168610
14817607
10307170
18419027
9929033
14345987
23157762
25748913
24270327
19191832
20297187
23172801
12759445
1756403
20281544
5883593
13535684
1860714
22990382
16669555
10636360
2362363
7000207
7294700
17552995
6834697
19276019
19166946
23756465
4839741
10392292
17759584
4888574
10624749
9924831
10190120
4739226
3965929
5451726
1097526
21095953
7194348
2891257
21539418
2884285
7074395
8903212
22876130
17234354
9281584
24332913
18005226
25482934
165510
2682247
24396050
9088233
3089843
8774654
5996881
25961168
14431109
22498319
20708454
5885523
20622467
19401960
3641700
23543543
12920944
24216270
25566535
4310063
10480428
12636206
6018155
15850041
14285194
24553218
13892694
9808650
24167403
15322979
15750450
5740843
14255970
15621396
3091352
3138675
9007111
24172129
5252714
8545586
16539417
15970060
16907389
11742490
6481016
20098997
23987009
8610880
13735842
12930329
24301909
9293952
13014578
22138504
16620913
4476543
15049381
24579716
8721766
7080124
15730575
129053
2649491
11117294
21277851
19592790
12549527
461525
22296277
15292654
6301763
4796927
9489044
22818393
13765482
12533701
6363155
11056680
10318972
19105455
14579316
16826970
7336605
23201601
21752689
18051197
21764778
7969256
8849141
8592713
19094199
4613280
19524769
9066702
13231333
20816326
11960078
23266874
20169763
17499350
20467176
9493371
5695011
11618909
5108803
17372368
16878295
13267700
11140929
19502003
422415
6041281
9737847
15295409
1436823
13783433
23865622
13172065
3538623
4235861
3731510
10027496
6045513
13372008
11770190
4628025
646563
20470729
2799698
25339958
457903
23511833
4384568
14332644
20750615
6504668
20895004
23386293
12845285
5099648
9764156
25800573
19268024
10617980
17439788
14274759
24908375
19629761
24104121
19521128
12853913
5023067
24267307
1417488
12725445
5963026
1828327
15980172
8666391
19961432
20955390
12135260
2761218
12543465
8101206
12027888
19669384
15795356
13622137
1708278
495189
13809742
8360785
4993265
11719605
12473593
16180639
5387247
21439413
7734618
21263821
11436425
18307623
6957846
25599162
11408838
23306636
22540462
9688348
22541132
5853779
8411924
4034054
5396896
7537647
6969415
24415752
17961105
15300167
14475961
19357494
10165490
16753702
10550758
14822627
6332358
17044180
23109586
10133427
10002988
4090561
2959540
11847263
21562351
9661210
17722266
1720490
15429070
5340248
1276424
7160643
456883
15537843
11728204
6991145
15586543
17679249
24603357
24613612
19798243
23732259
23470302
21352863
10421344
19516578
6376607
22208932
21704758
7672590
21837452
24165726
8538211
19308331
8788563
19841861
8895706
1035583
15107632
22931993
4883365
402147
21442439
8129304
25961301
20058956
23061355
16982932
12544572
871097
15806875
13108945
1964480
3953724
14976256
14222413
12475386
13367582
371479
23549033
25144380
17192687
4030728
14706351
10412625
7752979
19397795
627278
10815784
14705485
1489554
11417627
450847
16047049
11077950
23641935
7514383
10843822
15839622
14099193
24916618
11853151
24142690
13752067
6141903
16272240
13850934
14936354
14233203
23852359
19518305
10438029
6780062
10941314
9972122
24448912
22947196
4692310
13801290
14061723
2908203
11452505
339677
17482479
8532666
234127
22465878
8078756
11937205
3986471
4620069
11164551
5711248
7870450
14564699
17215550
2039037
4662141
10081615
3795173
17072296
23240556
15129473
23004717
14004119
5279812
10647622
23549038
16447673
2348785
13722046
89290
2919839
105549
21026601
15117475
2960488
18479407
18122253
772654
24285224
22759620
11263417
14505699
5831413
24566124
21797500
12907429
13599845
12851060
3329266
8731145
9236437
9849661
12357095
16465082
3495705
8298837
9826992
16358383
14092511
13616497
5072689
13812365
11808627
17210760
11658788
2187834
20204184
21372634
4172802
24443091
16928207
1360859
7371764
7587549
10966279
23610006
9578163
19532266
3614623
8143170
22384051
18781356
6353956
18721824
21301656
13147323
8869891
10874061
25949259
280146
1807870
13871930
16817143
24284358
11670141
16296154
24025033
10424659
19107993
2811943
5724891
9340657
16404581
9771759
12672952
6097579
19995383
16098559
23158215
10843268
1789214
18325793
12143266
19216634
9851932
10427595
1861629
8589745
9066191
12077329
24136570
3533512
16865355
520988
259325
1245482
11851727
9866654
19363334
9767336
12417363
21963133
11331271
10307002
4439941
22584394
23612930
9152115
2962910
19495988
13363568
8582580
8473861
1715671
6008570
15925753
16024970
15794301
25126741
5532678
9875540
23615582
17937753
15619873
14679262
5056237
22555715
16747957
23459292
12063766
13099630
16773927
17523192
14756878
1357637
9951392
8275049
4116942
10452113
20390330
25685693
11647897
17237576
7211673
354267
16224269
16809013
10492291
20582327
1511159
2258491
20265668
23599885
12881516
7727724
12594871
7606946
10491948
3648326
21348930
20550575
24352753
15416290
22235366
6481829
11904261
14162844
2548284
19104816
13467782
17816320
7127584
11293630
1013307
16412661
15871976
21651943
3951418
22897366
14980225
18584841
15386976
12537944
11005014
5274570
23245776
8946545
921581
4604939
19969140
5932640
12978775
17870923
18175595
22736087
18597111
18809445
15358628
10741965
630797
2174152
16803013
16724924
21431654
20034931
12461243
7638176
6671717
30143
7510389
17105847
7579827
10112406
15302168
2058469
19016554
7294402
3640970
20998942
17636164
2098217
2420611
4906254
25283813
25376150
22041025
22518711
6832213
13184475
8602518
9915874
6752499
11431648
4263681
2447043
13363213
1084664
127787
4229436
18460317
23407984
16467245
20184924
5759418
8007766
24427499
24027613
15668239
16206319
7231895
1383475
2824404
17718028
23538795
17428668
18543937
8856550
2569758
11579905
6431976
23180871
5652193
18969022
24078435
17842582
2319256
23797343
23297914
2729804
2425757
12938959
6302131
8459479
21767425
22405371
18349528
22884746
5449283
2938328
13381915
4177433
18518247
59302
25184092
14682245
3512475
21627597
2424573
5398887
5927712
2126520
13766002
2473176
16649766
14944658
20554669
14253018
10025151
25022520
11091239
19976279
17181535
9906760
16119952
24892680
5609653
4064764
24166397
1271849
25093648
13322612
5003342
3836001
11210393
18220060
911237
12777153
15699885
298053
6296451
18118102
140320
24831345
7928508
17060314
19583072
10195715
3161779
16058873
7840985
15848044
18519893
18298855
18960673
708752
15389849
4337804
4981117
10843784
10932073
9911212
16775785
1446848
2924764
24443241
2520175
613184
6480702
12245349
14821298
7475107
10189594
9090007
19911838
23742794
2552100
3524199
17018295
13323735
12202546
4205696
11550937
17811140
2909006
14622869
21737636
4546065
8069297
9733471
20078000
9485225
6986447
18342545
13590238
16975146
6616104
4938392
455451
13669160
2055755
5731291
2226835
1110366
21201473
16387639
21388064
15238365
5985218
1466164
16436364
20401407
1296690
22938069
10737070
13026507
21217138
12004165
10478065
24594073
17410589
16399021
10558552
16021302
380006
23315412
5173260
18956944
2882637
20734161
11442325
15608955
10539818
502761
5732302
20626674
10402421
8575465
24812002
247377
169474
8161860
9664337
2933749
1720931
24742905
2548441
11286631
20603577
8742610
2689085
1389287
16019015
1906706
25511608
7433062
20432774
10449099
22178185
13283683
10194343
25603130
24540218
4576710
16110341
11820403
10478237
10155043
8405990
16650142
16593041
11899291
6440929
10931432
385307
5097866
18802894
19815832
8597545
19214289
7387160
15445945
16551246
8585953
7483933
3716073
25928444
7149091
254756
22585056
3407031
20281198
9492788
12719815
20108474
5955298
3414413
19838096
8225568
22516700
10209213
20325175
11513984
16006628
6792104
21243042
11163887
25598606
1082237
7815166
17326609
24811208
22625578
1488738
8667509
334842
3461317
18006954
3742060
5983559
1745832
5350782
172724
3537490
23968968
14933943
12393296
6907714
9628883
13910394
25666282
8866150
13533071
4934508
19506307
21867065
8814370
3348720
8271997
2281029
25863155
4491436
16143699
22290736
24037422
5324121
22602783
12141324
16261122
13054844
5810834
24218343
7391815
25912348
17154195
17061254
19968626
13146468
21914999
762733
15040889
20731774
4023409
17676007
10783704
16157587
2248633
6533340
18159132
18444127
800896
3572419
6464015
10819578
14351519
549663
3726565
9547939
6330489
6706345
20326595
20572053
21727713
4994127
20607288
18671293
9809821
19205893
24115580
1183225
22749325
23374883
24611636
2529388
4080939
18913929
24008456
9814507
5732444
3240277
11980112
15991319
3884466
20577918
21756579
4803580
8882739
11683786
3884910
11768437
10988632
15332468
14628331
3056420
9847872
1401395
9219279
8626596
22466569
740697
17245156
8873502
19293944
20361272
4530933
8929998
13181485
9421743
12497961
15751125
25365812
17412195
8898306
13744452
348743
24736359
918670
23124303
695153
14562443
11803671
22595778
20148162
1880501
8500706
1221276
4944827
8478582
6045006
2246632
22120320
11547449
4342569
25027512
7179787
9772755
22442038
23440361
10065932
21095767
21516385
274924
5717016
24835514
12825782
17898007
12694770
12366228
25984198
4109376
9077847
24586736
14095072
18926886
22945675
14685690
9839836
17361761
12368263
20507557
23914064
23102809
4367662
9233379
2585474
9749427
25716824
1346271
16587542
24454574
4032315
11344436
13459143
2482575
12140744
15123120
17923810
8585394
17951947
16061028
4677870
16160962
1641060
14072948
9087050
5583914
2317426
15342279
8111263
3929020
4793460
14680684
20517335
20628236
24190122
15902769
7825451
1262250
11977521
19906671
10995431
16213306
25213693
12999588
10568766
18218915
23181174
16526348
3907524
1790985
14419967
5268488
7073912
10720712
11755521
19754771
23482652
24398407
25212385
19440579
9421686
10175224
5154128
19278132
1456350
22927872
3925247
2582345
4930385
21774216
20702979
24005843
20308105
6994778
15828415
8705984
14311391
10043754
2106380
13302602
20727074
3699255
19522967
1982706
13248060
13367115
9205952
18705639
3630285
15037161
2940016
4807120
23382440
8236256
15352884
13537571
6651052
8161032
7889367
6934542
16129677
2361766
22840994
255686
18693388
20448226
6599604
1008788
15326681
24417126
8443201
7397932
5114761
6155852
18786755
9205987
24400396
20178792
15765622
24833166
6318287
20713761
15464237
24508435
16248770
7191852
20311769
25726511
6694921
5527601
24767115
4527556
9678379
2392768
19666083
6338164
5121545
8192479
7229153
22592315
7955930
16950915
14621178
10572339
7765457
24617964
19450366
14230796
2514070
9715427
9368929
7819853
4464991
8272384
18860231
16532260
15160497
14784168
15622962
2167365
10512788
22374347
10871474
18003780
11934789
127169
13772577
8539231
236549
16288239
7971137
12047156
9185458
4666779
17131974
8198227
10757459
9734938
4861867
20704218
5250436
15760110
3623187
2596297
7775453
4076063
909298
1646697
18934945
7912181
5959457
18519009
10439558
25407871
18894769
3395558
25900621
23494338
15231660
2852958
21766347
17967923
20925183
987231
19919321
7397036
17999926
16063242
19148068
3765322
5734595
17317705
22648223
25557125
1686999
6128755
25814685
19007118
10350806
415936
12136189
21225153
14287805
21707566
25517251
10063997
2827464
11701227
1727991
23273737
7937776
20779116
24058603
13528147
23660872
18519644
2912534
14234603
24992213
1830362
21790666
6187471
4284271
16519468
14406006
8689882
10441515
14052313
21534495
3789219
12138132
5092189
21717903
18887374
18880102
13816023
8336006
5563727
3763451
21622441
13878700
20419630
23128245
5538959
25279179
9426268
8190997
15745737
7107503
18804741
23556092
19934764
17791466
10257955
6077953
353692
13165388
21315861
1914181
5095871
8081317
7914323
12222088
7901879
25214934
1969939
24716138
12723565
6348593
9353821
13157762
8339741
9804017
13701977
12011527
24197007
16982331
15396257
18199646
1836305
1013275
1951701
2510376
17437774
23102568
10772092
13103077
8069517
1888109
20009859
7537349
179438
23372956
10252148
23859308
12491369
10284912
15362317
14229369
24018853
14213370
25465786
10991779
270576
11383212
22625271
20660927
15146025
14382982
16247945
13989495
9585502
4859134
17748284
18998263
3686616
8883983
7756784
15195734
16372237
22646904
11948766
2330131
25545153
14630802
23160557
12925565
12276059
1148947
14773584
1680639
2596359
2736139
14376509
5619650
22247187
8242289
4412982
15820096
4797480
11388811
22251212
5250805
15836083
23527867
25905045
14500883
7175312
11119881
17910533
14042106
11765317
11981530
19843141
12619587
2354743
22011610
24161982
10595420
13216154
691010
13314131
22986710
21162518
20797785
15870234
6427091
3444809
7687737
19578885
14210241
21562728
13386911
20019327
15998766
16352554
3438729
11253916
7796772
25364565
20592569
20208966
25155730
9626787
23841532
3121171
17769323
23459022
12124536
11944855
16239445
5538493
7179911
21780042
14735427
17352976
8182497
12858207
3898134
12135009
20855540
20200915
20227528
23044357
5234163
4744850
23219348
4084165
5324912
13597807
208834
10965782
22377435
10688124
6521029
15046076
17006636
20488034
21883143
6586043
4764944
20469404
5466632
15836936
13597545
1877219
2108406
22057488
6666233
9707220
6571047
12474748
3620317
15482678
25835010
1149998
25429938
24285106
3875330
9022696
17230373
4184276
19108319
21994925
19691489
12042996
7826499
25084158
15723090
1413739
15782977
14938008
6871859
3589412
2382095
6203622
9874552
7064752
4140006
20201486
6086903
17098369
12649739
2470319
4716306
1549904
11938233
5060807
7054733
25701055
15924378
9899014
25166354
7065322
2821991
9270896
22329907
6412760
9301181
15448647
20551881
847130
12555913
15331802
19724861
9980909
16727182
15683067
977848
13051638
7551747
3616584
1035628
11099835
5195651
25665499
9158737
12247179
15146430
11819284
15198266
23522621
7077023
4549023
10745416
22419232
25979716
21544826
524445
8454051
2892734
19883644
21795835
17238570
13268186
4041794
9003060
3675544
8131320
23371265
12016009
11115478
13084499
16043696
16604664
7612038
10519069
23349453
23058914
6287375
19405827
25312809
12777205
10667792
4579307
3864156
10548352
17525665
7305657
6650801
1321781
11664164
6615458
17754041
8235510
9592642
21920475
295361
6323100
11679408
24950332
10635879
20520815
5472461
5524627
7918776
10563125
18895260
3943626
12409670
19520170
8738034
9387067
23576615
14783006
13063643
22568500
3897550
16203884
21651493
14698909
24241307
18092220
11686381
21843566
22603714
17933108
10241067
1355030
21697222
5822159
19477871
19774818
12602038
20919337
12639368
3975150
12817020
14038655
9869158
17686169
21953556
8618594
22333425
15671681
10885456
22869760
15580572
3862207
6626142
18222839
3012528
2397741
10152072
8416839
256064
21248684
22245887
19082474
22550726
1922403
7883686
24568535
7135450
8626888
22765882
13264278
8769558
9794417
18095100
15914130
21362745
20945440
23743139
25473666
91109
7023249
4897182
12021299
15513245
4228401
8070767
9259254
16805243
14913389
12180953
21847156
13361523
8977048
25862354
23992192
9450519
25266799
16466218
8534738
14520896
12971465
21179179
18865429
14441672
11813226
6834557
10552645
20854331
16719890
20576483
14079810
6173570
668781
3950532
6253990
2086724
7820944
11741867
9621652
16215431
17867471
10648368
15379332
25536530
595555
7525974
15579347
10745902
18158319
13365560
10319033
24539794
24029519
684437
18552593
16968895
16124668
15986163
21438087
10546320
8561267
24792844
14583145
13245622
10793154
9175689
7128638
17615513
8537962
13636850
836099
18340941
10052813
22516924
24620749
4513218
4031221
2213787
15090435
19628526
15346042
9634596
5987201
21724189
10569770
17229996
10194374
5578348
22088461
22655244
10626740
21325646
13999689
20071022
6116984
19187642
15301293
8155354
5432979
16207021
3584036
18992742
19730193
5539595
18485703
22406962
4086349
25076262
1531311
5455838
13641325
8285418
25074827
3420771
11529815
19654988
9805100
13549131
9615173
762815
8655554
5219284
3862226
9475613
19433294
12625196
2408228
25104273
4571317
12450237
11140394
12708007
15170605
23333231
1453245
8073007
9529216
13294077
11434937
19255893
6391012
24884120
22765604
20083405
8279236
12644249
10039814
9042285
4893577
19059455
11564155
13843507
449556
17247031
21730951
20339022
8053879
15967991
2617443
6526876
11943198
13817164
11254762
21761164
2457580
2822734
22648071
16283324
6903065
1214383
11153855
12317607
16604883
24784921
24707157
25246952
7750672
16990360
12141696
5713636
7263464
20327125
6776121
6120534
9193152
5762960
6375144
16190569
18688359
14810280
21282115
4845599
13149
23095593
25123094
12184257
21929670
10087253
19793035
9249023
10619500
12378935
2274016
6021497
17034248
7716796
13105256
2037036
24390462
6478137
13601080
15806495
11133973
1013161
25755391
7666149
1738166
17574864
9572020
13842760
3450696
12850087
5732506
13838893
1165923
3689406
18401223
1334212
14131318
7414100
6975007
4598003
10008252
9220786
7579806
3650777
9336335
6627119
3099522
23247533
10007730
12587919
16061105
18131390
13938561
8180527
12757695
13905407
2777733
22731933
22773820
15621804
11684164
16706665
10101236
14495277
4221654
10987123
9022771
9533315
12069413
23764222
11681763
6357475
25894452
952687
551255
12098803
11282955
16521604
21849994
17886341
13312924
7880578
20037261
14696719
20066360
16035762
17141588
13165929
11047769
6067154
20184134
11852453
1138576
13777679
5472506
20698340
24927710
11268550
23861553
5711938
23879771
10729076
5806220
13795649
15679732
24703218
4912375
19406615
17872246
13969416
12512646
24626205
2477784
4001498
23565132
21563996
19651559
25738000
18991796
25205316
19592144
21070021
21043513
6450237
14859969
8867522
22846788
19215772
13398780
1786042
14569283
10084122
21059344
21776569
23546840
10936683
21494538
5606525
6893969
19256041
11491632
23174713
15724639
21587354
25023506
12490698
2572200
20456244
20809422
12585340
18825369
13141906
20873618
12175991
24277016
10307763
21478743
9714311
19310055
3314658
6736698
18802715
1200848
24786227
282031
17940315
4042713
16902062
20124894
24392823
3531402
4567843
24161208
17897507
19015154
19230828
17691277
4650426
1630875
7667515
6375288
6649377
3528456
25229421
16707249
14562705
17007709
6817650
17641178
507340
2113810
7960472
18520683
23934100
9397079
24053536
23825422
5659891
13370660
4210615
231614
297460
216255
19593946
206230
3018293
17599953
10023761
12938703
9645063
18802625
21819434
4605694
14975751
8221712
24553165
22931528
16500369
4703840
24344272
22660223
4189711
13226959
9130713
14772244
3737187
10682875
19614806
5428277
1726765
18657926
21311235
91230
11861528
16657559
16192470
16089590
22618455
5884702
5782835
5039369
3826874
13597722
6062529
6707789
17731344
19849325
13250821
8503711
514129
25780879
13529510
4081033
9489771
24457839
21167438
24318911
23619676
15620446
24790609
1635535
21459963
19317241
24572327
21781939
8702670
24971334
10306755
17579086
2057828
6848678
13640406
11782650
21876379
876770
19466969
23891198
19335196
2133508
20984202
11096662
16291108
3735237
23587161
25844427
838162
5546992
25538303
10637706
8824049
20136933
17736775
25688025
10614571
25610994
11475183
17133585
22913506
18121643
18602246
4938743
10982300
12763636
18325682
12648747
7551574
17333461
2906996
22902100
505966
5902530
13519501
16456682
2897074
18040169
306123
4864022
11386509
20064936
18910932
9146024
9522362
18135782
2866407
8144552
17361054
19363541
13194905
6628327
21802909
5838610
12623062
12997119
19875627
15655787
9741751
25323041
5481060
23014466
9382599
10059285
17669022
10142898
4804123
24043053
6653660
20914754
616655
16904050
10542574
775150
20943183
16041375
15438294
9512866
20959648
10732726
12224198
22019861
8668831
23469356
626548
11630840
3255368
9216152
10174727
1390850
15940442
21431776
20009010
13903267
19918727
19635969
3489237
9899370
12079963
4413176
25035746
25851506
21970868
9164764
422
11430317
21091728
19369133
11952234
13603353
16727461
3418408
21393312
23047992
20213988
6073962
1456113
16528083
19285711
14752952
7391841
16700741
16176614
373041
10414029
24682923
7556006
25086062
25537190
892023
23115875
15870982
14504648
25204117
14083037
6641290
25488084
7488374
2641672
23197391
18220042
19689470
9214421
3972915
10245444
18349470
12798251
12713161
9136242
17248536
13239904
21682366
6286711
6157257
7480600
26001534
25155734
21327549
16633753
9666208
1050940
23921759
16451510
7863358
25726034
6594663
18663183
16954258
15278333
8962203
2636535
2900691
24107592
5528517
5838230
23542283
9213228
10213281
14136823
2117442
10961825
21746213
2855330
6295178
7011524
12163052
24031346
4143090
20276609
18721995
7878264
7851148
12859291
9856847
15210176
8771775
5979895
9700980
2971288
1031207
25528178
11771584
11726027
15228874
22325290
21634950
9405460
21759351
25261457
7054176
13925678
4666646
14734689
16702279
22937399
17531999
17896444
5309351
22274827
1079026
5862704
24031417
18650973
4087515
18540518
5509196
20464053
4948688
24846368
5863270
3968745
24962870
15456295
16101078
5823414
15229504
11037059
17014849
7833673
20594810
6983053
11886964
22402814
23212690
24815836
6281613
21267173
5470983
25456647
24253411
23101620
16438755
20154465
13141777
24297029
13591829
6672828
3254347
15643509
14547064
16416976
2531233
19139455
14890356
5064019
14818566
7395831
5105814
10031796
10610275
12855562
9780364
13081129
4774766
16609083
7998418
6834966
23023763
23042930
23681458
18762511
9959843
6805291
21226202
21132514
21042682
12611886
6789330
12847372
13112276
21417610
16190186
23477214
4320889
7494525
14621771
4786770
22795557
6913818
14914998
23539147
8080795
7834846
19746276
12603366
19595321
25629055
9163509
18924817
13083087
5529732
12199875
3490894
11772610
8614315
14343184
22858876
25509611
11381721
11320752
4298627
17096720
8695660
8855443
25544120
25372535
22371518
4535338
13919976
24843024
21743717
3792870
10140995
2903091
8780787
3439857
670504
12545968
3633777
21388508
24255758
8420687
3585560
15157711
14923735
9114705
17625029
191689
9864549
20295001
2625091
21453185
17562601
23996692
1147491
9662347
11452559
12192060
23465187
10127105
14702028
18840626
9675649
21364704
2232587
10898384
25816081
5291997
14300211
9876655
6456513
23761613
19506953
20480856
23542682
3385611
13913722
23340029
23576598
14421365
17395966
19301966
20305694
22563819
12544132
3618996
860726
15989020
12153598
4624561
15115022
19347325
5261604
24787266
21558624
22950591
22608174
4592990
13499050
16548598
16379703
11985658
218931
16121341
6567134
14866219
20482580
14155923
20607628
4274632
20125672
9495713
21421400
5340262
10356658
11218678
6128964
22246166
873998
18816274
14026522
16337757
12452266
8321014
2179091
16965634
24115107
20723142
2876853
16176958
16329667
258362
20082090
16277
10302327
7074777
8922157
4861513
20040252
25775481
23526799
3438974
13802620
24866287
13874864
14120493
10344680
1976256
22883209
10546242
6364007
5705508
2812230
21496633
24879474
22129516
2742346
7938149
4393474
2618491
10758434
4966955
4619600
13007313
5757686
5440814
13044526
9156676
22008281
5254842
626426
24670512
4227676
25692128
14521607
11898607
17247285
25808439
21622250
17177701
22397577
25540941
21499600
21356281
18754287
16941325
6389607
123855
11843281
14090085
12662456
23761122
25219269
25188787
14626353
22611011
24106100
22453249
23193816
23347769
15690732
944299
24812471
18339070
23108409
3376733
4939923
69583
18074428
22091310
10341667
15704862
6786653
4558275
3620239
7283997
5098044
18309522
13471399
2745725
14880817
2137235
23798335
2608258
15746252
6836669
25427195
758331
6762517
10903082
13198864
12015228
18509457
10089303
13399146
23038825
11312306
23522180
4391482
17033131
3958221
5783392
738188
14166222
14123796
11320717
19822599
2352319
18092271
25997730
19620957
12272558
12400984
16961665
17854630
14987921
74152
14524113
2223033
9410855
7057191
17773127
24626082
21480632
24786997
4540532
18647343
8942741
19563959
24618091
16294943
15802000
6323161
15427472
20353624
11771477
7892012
8488435
23404929
5819713
13596746
2659291
9081494
12076628
5541078
3330517
1418453
5326862
22130487
25123473
10794774
11586560
18996130
8739115
2833289
15844256
10986574
8692817
18657799
18425524
6948495
867471
10111942
9215250
22199026
518754
3030113
16735865
20901690
20745638
22748219
16183683
11781779
20414543
10658175
14877782
7210030
16968547
20542089
10543927
6127342
16719224
8753270
3151874
23762542
8804038
11850023
7224615
16407888
17790328
8313582
12396810
19342012
24256754
20848703
20126727
5627065
8294476
19997646
19381572
8963859
2333676
5525508
11567563
13204513
8353193
8999258
11329669
10841205
3822865
1790657
2975468
7620248
14612798
5965416
5191492
7059715
20069696
24921034
4011078
13111882
24730394
17558108
25225286
18629689
12554226
14792646
909058
25340618
17663970
13856064
12059862
3792729
11835881
2568304
16538410
23521989
5176393
9539012
22529302
22212618
1841424
23020053
17092322
7553083
559286
6280458
3048637
6957814
14854206
1116535
2550162
20764271
19667448
25096205
17720631
13223609
23138677
1716560
13280756
2524806
2020183
9491557
13264320
14323892
12055477
6999398
15656253
23637342
7697587
25519250
19783862
8951907
11114332
10811863
4504445
8265037
6089818
16595668
19071218
20099936
7459088
3463957
3043640
6443839
16621094
4657635
14606418
20613870
25706378
18452765
3924052
13706291
12099646
6264922
13331205
14428135
25311811
16147003
3853480
13409246
3058483
8971998
4447462
17512860
19385611
2572343
15203820
11999883
23800145
15607261
5709861
1015249
1506429
13049570
6500986
22017225
4961258
22163654
5343383
12000087
6353118
23669131
15038652
23681512
21626677
11847768
25238221
556130
1742085
20891483
23625350
209189
4249953
16538684
2309040
22049293
4782199
25606560
20953588
22784896
2754397
7323856
9177829
5499205
8088312
10347333
5327407
7624737
4464101
7684252
11625001
8681607
16706020
17854450
13106857
9724112
10105683
19010304
2940781
16196462
5295094
7086665
23910149
22874227
11756485
17376047
1095705
22670870
11505728
2283297
13607067
23265193
25245545
24840497
171798
15127141
20546798
23653155
22009737
21792494
5641798
8434117
10238316
21645474
7748767
20106554
6783330
8572787
2368774
10517682
18296313
8430868
21340181
21197668
21778522
15095616
5870319
13475974
23727369
14250536
3047753
14776571
23093395
10118403
18957265
17192209
19127405
24764304
18011357
2229185
207743
24669891
685350
16141763
14862143
13839546
6391344
22275649
4940039
19947907
15187502
23108646
1315912
20908130
15327348
8302548
6031813
6283349
10428221
8950798
17167142
7592915
10482872
20564751
17000999
8856526
25190853
5551785
24556561
8005031
16207401
10075980
9807748
1509370
9750419
18596495
8899506
1107003
21751713
7841394
7285559
8942937
22444864
19023365
14876317
9043999
23884328
11744581
3779773
17498871
13131492
22612391
16601917
1626345
10037464
102778
10309966
17185822
15354385
3134146
24207284
14698031
325561
17221254
18619864
23306981
11508347
15721678
8485010
1462341
11406531
14272195
20076621
13400865
21149038
3131735
19927791
6385456
13276655
21840949
15560520
11505146
1228492
16499139
17326380
18861643
10758394
21839386
7642103
656354
2808584
6986030
10741732
17692147
20376472
2898186
14821971
10046006
18978713
20222816
7395720
12669232
19133157
5598451
8136639
3417147
4518646
12750408
5488502
1771509
20612456
25071382
20188767
8376850
20404311
10150560
25883105
10102039
19030801
656073
4578188
11126438
1273124
7843546
2870175
10330466
24593039
9262721
17313852
6309481
15753224
16460835
4532592
4369575
1079805
10049797
23938645
2747137
18147953
6427121
22256309
12235606
19330637
24701772
23167312
10302271
17129760
25227032
20187417
22567929
14046515
22744642
22919829
16952659
23924074
8271020
7680180
18283558
19519498
853016
16440455
11383649
15381030
9146361
21104497
12996234
17911845
6165089
6500829
5912347
13106485
12218102
3731860
23691931
7572012
12603845
4778420
9225397
25844083
23452776
25658101
23103857
13484134
14648809
23936045
5640516
14761523
6827163
16506669
22799415
135552
7294093
4942718
2384796
17244517
14939408
6495405
653063
19068604
8946292
16844053
4078120
4646090
17138015
18913511
24356616
12769763
7335645
9577297
17403792
9968641
25672858
25177813
22507184
25897287
17108881
15143848
17972109
21355177
23876141
6510262
23760756
16059577
16013311
10552957
5245019
10534369
12212678
9819011
14990484
4300202
25716038
11174609
6299474
19031818
231431
3432884
10029536
12030569
24578006
18235980
2125023
25785572
22732497
7363336
7925178
21763705
5931272
115412
12257987
7816564
16506952
13207799
10814557
5478941
13003845
21436009
10207451
7912476
24776539
3815875
24010729
21347786
25606744
17530156
9002282
14210863
4864879
17803557
24569112
24802435
10167049
20771687
17860394
968792
16095630
22473332
24169284
24124709
9618461
25060189
23012008
25691576
14867520
15388549
9935056
5091369
11323036
6391576
9911748
18092319
4219132
21144139
12345504
49446
1318841
17208726
4305316
6072445
22300074
3797425
21605607
9198256
19339623
10050628
17473075
17980922
12854871
25119096
1112701
24600451
24856235
7623459
15756520
9776151
18729079
3543480
9843187
19240717
16836010
3431175
20410381
18833252
8478862
21146779
21754130
21256397
9572218
15171457
25140405
1755382
25131368
208544
6388747
1358701
23205758
18363980
16868221
2917985
14926427
19499243
23507497
15080084
3557946
12213039
14596530
25498362
1371036
21075578
13493902
24012759
9615878
13927168
23089122
13232466
228126
21246239
22125992
7816835
16050090
13585426
21376636
12426232
3012787
14034767
25164047
8941337
18101119
23378979
5420489
25856344
4594862
11294458
483554
4069584
10842003
8184518
658025
3368278
11459699
14230299
923636
22393413
2352607
16506449
5770040
18421291
5196149
23204132
12450200
18287424
10572639
22005435
13272185
8735015
21943649
1785068
3520848
18254776
18784117
8789597
25372790
525277
15116021
6962602
18075125
7473724
22734819
1091292
2444642
3729852
11877692
25090754
5276938
24604883
11310300
8575909
5971091
1572291
12631492
5108331
5015238
16501190
61786
140682
19877733
3688872
9010952
9394817
7545552
6912404
19683577
7063753
23123719
7642296
10237783
5637398
5029082
7658532
15223601
18027455
24462915
1936375
13780453
22711030
18633791
24401575
21954417
862760
11220618
10793868
5046545
19538122
11287023
11036479
17139730
10482915
10806886
16762114
15721241
481799
9798686
694845
22835970
6139886
2613214
17242817
5077363
1665193
9205617
13287226
4247001
16415451
23976150
4042444
756612
17771031
13180957
11160549
10479781
6346062
14170411
8673631
2398392
804107
229593
15041182
9425240
10325086
6963428
15026396
18319396
18322365
24091632
5593153
1062523
15611586
22700766
17800138
23428193
7453732
3974641
204557
15658839
6205119
16871488
4259629
21954815
21498461
11653703
16469716
3947670
2019869
8444038
13367210
17388868
15914508
8077754
9062410
6669256
3304628
16944764
12726243
17259842
23143612
23565954
23935952
18193394
15247034
2479061
23223635
6458459
23779523
24006636
52774
10260305
10036593
18615927
5485099
17550791
9633834
22689244
5244025
25304567
18539531
19953022
22990024
23908817
4773126
18127646
8606579
708352
8464718
15170290
7987455
4950217
8318920
21456891
9633325
23452141
4709539
13880565
6405684
2172783
2623608
7446848
4775205
18495803
23645658
23469422
960330
10339268
4149713
11301004
16978109
9294279
15179896
4862378
3955803
18728339
9662928
19446290
