#N=9500
88952453
67856771
21562141
64123112
33258548
30606641
44347040
10996007
47017151
86689461
88223218
31004181
83752369
42289887
32680767
52431685
60476773
57205661
80133888
4630962
64618923
75973883
5319563
5169296
76844250
52937896
84157684
27613781
53768796
83089547
3063696
24829341
34598223
62689125
1259695
3746165
73839491
29391204
13022789
16012970
2937091
27416955
70057039
12804308
72063114
65725106
62547798
37329435
64320363
75893630
89561400
59449627
70863258
24115292
82995237
49230469
89419100
1068137
6033708
10423079
29974947
12108196
5053270
12335682
79099635
62118492
80973376
57826521
26454113
57339459
17689556
61866408
27087466
4331932
40506511
34733679
73138368
58387792
38018036
4870735
76763997
46929731
48188015
21632789
24946193
81927100
24680384
60479645
42826815
65659137
5369809
17639265
23258561
33184779
3095931
21273114
35664379
23633917
21620589
36321329
30251993
13357623
21359897
82603787
21443565
53852343
86965644
49751257
71873796
62821929
28416345
55131208
3467162
56510916
87202405
54716548
39100285
30754872
36593460
25187550
42400576
43918655
86276959
73719072
87770401
69712014
89902526
71076674
83631925
8262965
86695057
19381830
82164059
57757555
85888144
43425933
72228548
5627339
21334911
16742587
40838391
62155430
39662428
39000615
17410631
37931157
89856713
85646360
60087921
82924806
10644216
58931505
46398255
88298569
74066546
88427351
76330090
81639561
74631618
45733719
88082532
28937502
23743687
38738126
75779007
61744429
3574645
36969585
36522573
49429482
48813784
1837776
26228423
1731270
20877527
3497896
49576861
6931906
75002144
1156416
18010175
84329272
56598583
48220904
11968479
82676986
85529358
12079995
65290654
45694116
21990031
49344405
24892119
33732883
16647105
20293046
25221856
44395164
78405801
16168421
4684682
28566138
71210250
22730527
23888034
85679245
18745753
48420445
79171732
62406496
16291457
60039272
72360793
64171598
34425171
71622109
89119957
39835241
80339964
87679873
2285621
59990773
32697300
4599073
8511027
43985565
13620870
80787060
39710482
31323287
35208172
53687780
4678104
57264629
3984774
47201213
6507513
28072881
32128988
616084
61779328
23853484
7097724
72472308
65301641
66323555
63015770
73173709
37549620
1832815
54982573
69420173
51479745
60445360
62711828
17973968
76008708
54031207
27062512
57756327
26645183
49677167
49703005
29210515
50757116
47645518
15072225
77625054
56543554
80009128
65251984
79557021
48801844
12507794
81190163
63861557
28773934
61182954
18191136
39863072
40603071
66270838
6708345
14989401
74686652
80414245
62645081
89986006
27386024
67635345
8053321
69168293
89170052
2057487
85871915
44865686
81351965
25313098
84106695
48720158
12690908
34227814
70100482
56673911
73983861
20007209
45670421
79160863
2063507
23653923
14638351
7097294
81834186
88277725
42594320
56434271
53028221
85259737
81932685
29951356
68715294
5995834
73546379
25787990
82689148
60558817
32492616
14115431
84355814
31362505
68869676
46266998
50493954
31576897
11003490
66556623
17943701
22016498
46006135
66699838
32069737
16610627
54752974
25399915
35249504
29068208
64751587
4560489
16544443
57420475
46654978
24410928
85290311
12987562
65028998
68573717
47936627
1130111
35495755
38088816
52602176
18776403
35263508
74187332
13633196
79236992
2034111
22977488
61680386
29395508
11946864
78403447
71611124
7168390
50898329
30689014
12523765
79064737
29639136
63867140
43863788
33667416
31115554
16716594
36784559
63898887
14561586
9847811
20261560
88452977
2825308
68664845
76876832
27760140
72153220
80905709
89290231
44372228
11030624
73526940
48034385
76512099
27505117
22405733
66378249
43567217
72783503
38906626
35200948
86221721
14235209
8630818
68616481
57466668
73888633
26936748
43637326
88092234
78756127
41846716
11576145
46798793
68245249
86221124
28719910
9264616
51358709
15763291
86587843
6252150
27505446
7112276
81867474
74187901
39872231
27471623
8366269
76811782
6155041
8053754
89338865
47018542
6475810
41679733
85562967
57530023
38430622
1790610
76516089
31957334
45335092
15605022
89812508
58980633
16346039
12956618
12926774
26590183
59991470
60959191
14634676
25051170
38973669
35879475
65821632
53310450
21316582
312515
59206542
30870124
73311568
47659132
33189200
39195788
3249111
83772357
71263935
6473287
46705519
60911066
13878451
76604460
89508984
58339513
27537483
61489481
43215149
42217583
11955506
16423923
3469146
69005202
49479539
75913220
86296518
65509117
65837532
80696459
88984572
11547410
69414549
34115780
44410021
39666844
39665477
68509448
37066838
10352869
64328461
41834684
61652083
27272563
30550601
9503127
15124364
75569900
31017598
8274850
20232061
33200305
38678009
89539551
54442308
74220423
81809313
5600059
48258169
54290122
83015535
54868792
57387390
29747705
66183928
47634197
74333631
29312608
4180987
66965779
38950787
37055898
11284083
33632579
83881824
45230701
68735530
6849514
36821463
88067294
41330466
2426135
50491622
36191210
7730238
30325873
25962254
27519191
12834525
83639378
87152732
34751454
60418489
81486818
27147699
36871319
43453210
7367852
80611822
38858714
55681696
77051832
43424075
37787006
55147050
58515934
8409238
52401861
55769049
15878952
19059296
76872880
84945897
1649373
10228956
51944672
17491347
32572876
30616459
49816696
4704513
77399539
79337380
23547169
38033608
19779847
27993122
76328120
41936157
75293615
85684640
89628314
21904782
56641766
29377768
74478814
2746885
64263911
14826189
50629793
21183055
89143548
48127548
33001225
74408026
67906081
21328213
39408276
9351987
24950545
42212941
71407345
20849555
59557533
67287672
51955488
49577315
42949508
62377105
24041467
53388833
29042874
60250546
19159592
35378505
36847481
41136249
23850716
43080856
15932642
74235870
78431831
14735521
70471468
83406637
16483374
40037718
68111293
68928959
28194643
4100989
72905409
75853297
59144068
9980218
24338164
61312008
25535847
61294300
33334230
35524546
15712864
65397994
4886689
68273344
83261413
84016626
25203607
21348471
54899025
72930745
3764402
66758819
69985772
11917374
15295344
19288040
11843075
64010303
86273551
24074970
16690546
62925191
32998757
69565684
56177995
34777489
27977778
61744926
45581435
39669861
12121481
37689521
53870206
11120063
24553360
43396566
29117601
24006487
17584068
59873831
2944973
63580653
32947099
32181356
74299
41535041
23264490
59501729
28803381
23348359
81326214
18858487
78480821
69954892
41587906
84683070
79446055
60041542
31107069
7891914
57533280
1001417
84869786
82207264
72252463
72280498
25812498
40977395
21061513
44253416
26926731
42497242
44989978
81662059
8916866
30822570
12731660
71649755
68425516
81678519
35117539
83104947
49004205
84047752
80758838
71796365
35059624
53037765
74241887
30105652
85005754
65576016
18998955
12589287
56394766
12758692
51218985
53292707
14050663
50297896
70997062
35514673
15064000
14167408
50414022
27517111
34130679
2786766
36532216
57054194
14157937
22803412
74079733
67457841
48988127
27721073
69288103
76687597
58282012
8665870
11106697
72416466
80914875
77973887
33103927
74835684
88958030
72654714
72545645
68785991
35233895
38313278
56834276
77796890
51770353
47627256
81234896
48810110
60362454
85462428
73224461
36950097
64065286
46358660
88419738
44034155
41172686
60622233
65580900
57599170
89734621
23382810
39312539
6079190
79265858
32182838
74023664
1655663
37420818
15715991
11951715
47687006
58276550
80940645
68295618
74693868
77514803
67506093
65835650
23412356
2880766
8349425
20263984
1514755
76919598
27797505
68703255
73823517
42621236
42198090
18286631
65139055
15850577
78863325
3789151
59093819
85012021
39791297
79953949
79983813
47689442
2744695
51125013
55316307
3425842
789525
8858218
35586070
46108950
38969848
74881997
1366011
21679828
82716479
23061500
3096081
56909894
26505165
55536885
49215806
7831137
29673307
61349903
28490382
65584929
35731479
69389871
76761833
82351856
58692878
28858800
64106760
89568854
50335487
46458089
39573396
26414200
41621994
50954074
44742939
17290020
82415519
50038136
18583746
7290209
68289960
37809197
7694087
18674028
7347202
78115904
51074379
35822002
7102048
49350512
60556721
25113248
82430618
47903033
18245096
59374025
68773313
89382296
31479081
23921287
76569719
78869323
53404886
5815598
40272180
84954804
88956275
75125309
53481801
52508174
71329747
49615931
11945618
1311808
39333274
61775201
52497480
73457492
46998906
72238800
38653518
12653688
6868152
23056593
69379720
596425
9378567
44852026
12812576
42859759
60766402
52237745
38597143
40183707
7109324
36880495
12956627
17931724
75529187
3865869
40562556
70017938
10282657
21904042
39064329
37609406
14776295
70508680
34803974
15828841
46854272
15596925
15007593
6271727
13678026
24527694
78033849
38252433
55819248
32308456
4262615
2066319
45128421
73450273
27227080
60911224
51601309
9090757
67619169
5511249
83833213
142137
12437233
44406876
7127747
58805650
2805432
70681078
5138032
19207049
821248
40582544
73652524
80729899
90221504
47159217
40442071
45725393
33989818
53752929
58913659
2545967
65089240
55950822
21848964
18136322
83542056
27573684
15507545
48960656
64807641
20909961
83264391
43881584
23085067
26696670
35151241
73848384
69859830
54805489
17288150
82074975
22094665
26493306
21771452
44496110
84903024
58422767
58545359
31443850
78913689
74696462
70947004
28436542
62658767
66008905
2628777
34581400
34499668
66331209
37429890
20926057
69558518
56567721
80463967
39486684
28570465
52079377
38043858
59518480
14194447
81044844
41787146
49332180
13323907
35082310
57684376
53459174
69759078
74098897
32230471
31960771
12037695
4938099
25807765
28077367
12992861
8031192
68885135
13573611
68506316
71112170
12195714
30071834
9480880
28384590
73176450
59301986
19368554
47249015
89464958
36595892
67720937
78438461
81897804
31598358
55573233
73835480
2712327
19281931
62061202
27292371
77886631
55693953
63678863
89510197
30925857
89669251
29774877
69506590
73111521
38434481
43114914
74061125
28629009
40428895
80749661
25927435
41570652
54506286
51261702
11026497
44948089
17606203
22865228
79795949
10369655
17774926
11774278
65669956
13128924
78100873
35347133
60110059
24768096
64259613
59735320
51669268
88291354
81590397
7875300
70784021
81539097
2686019
83561465
74435198
89108243
7726998
64915734
30544155
9558197
33655499
59894894
36885764
78970173
76823927
68021671
34949699
76379626
23923405
30322823
24752490
53332777
42821144
374739
44832453
47701884
68394924
25277592
17507333
71784924
5189281
58956180
7103899
3827776
75834467
9519464
58564088
69902426
12743859
42382885
44406058
26418950
73320968
59114094
44020474
444300
44098266
4626876
33110760
60840629
59235304
24377751
80233948
66852885
3713440
19554861
30194550
86860000
20088311
30284778
46164649
73095129
73371714
69318059
35513689
77665666
68509230
87914828
25496368
58058533
59311918
75541965
72648477
72876668
86749453
39393598
39067165
73507637
17125197
8733008
52340306
64116043
2147935
42162711
36658335
7103440
89716551
90159773
22178975
18726806
28646688
67096591
37581440
85956049
72542454
19332486
33652922
10450697
28602910
21688028
57143681
58168875
60526137
33254879
15293126
13241815
3752025
30334157
2650955
24742778
78318698
81911220
27457708
85294496
42696160
36748562
75174466
70989745
42996709
45332385
52878991
32940640
66287762
18248954
33786751
62091757
62463201
11964894
25040641
42167660
32895516
23888801
42875748
47284321
29502854
75208970
82324485
69259247
23749084
82723361
69018695
83274203
39215059
80959147
81853654
61956416
65485478
29842081
89844379
10056069
50778248
34630036
70887513
75929630
27519378
21821857
37051116
20295541
50803003
72885464
89541912
75861195
84635948
39400403
36693461
31977232
32943510
89851124
71974177
30724882
43508302
78309549
73154173
67508644
87207293
52011573
43845662
55429409
50797458
55214342
10902180
46582243
7110658
49065656
38878514
7223837
61268855
35899276
2487253
46675432
78499517
50141509
20651358
34142340
78190517
37092338
50253055
2218628
46342822
65398253
47820709
47733283
81352256
2626224
5146605
13261508
1214114
78881321
44527229
75948840
48103684
33570149
7703729
90136821
78046801
74712862
76470209
86327048
47649760
42595745
26024074
44357177
43684617
73809021
55622909
57455513
62483140
75104803
44647920
70343164
55779622
26678109
42586677
68090748
1412110
16515285
40467904
87248900
30777636
10957079
49728735
48216864
45773349
23240867
85400237
63453378
27063102
33874464
60302973
3292582
70644753
42465054
60467893
57962729
83059505
70768107
12807593
82389977
808805
17969811
9240111
77938874
6749623
26071392
9106468
4413211
75987650
29510824
19003788
72810773
36917355
26487868
34550251
54053595
86427766
33009397
3150405
5254144
34963336
17837919
14558314
84415649
31139174
61433410
45155136
72403153
69959302
85087783
54633490
84853556
82953813
73418720
68832406
2336412
40333743
51329269
75659423
3176876
64327094
64249545
19744146
54597385
11793727
73274479
50903190
62657246
69779686
57046111
62429454
22281312
58432370
43374905
39260513
48986021
63207733
50317354
89503288
56839371
73867595
71464771
16021150
80617401
33084977
89236762
16926989
37156866
58735800
83143503
55166355
9729709
33939442
18203292
75427819
39386482
3494792
65590704
71961416
28981998
88863742
19054549
73270800
81179973
51900797
79193160
31216358
78101987
48183384
18038517
40818220
83500195
19863418
17034389
45174035
86178111
11984586
5517111
53724136
49006091
30687684
36963063
6035514
84802961
14708499
9837115
39158690
46246419
66976963
52906867
45961199
79417393
38887377
84327641
49963615
45532435
12493400
84911465
37283766
54933190
88425100
5267455
19809783
23935307
5049803
39656924
32453975
34712120
65079428
88494697
24454200
17618348
22254564
86448400
45644271
58712081
14593776
57985448
72018844
59293195
14019489
51883559
29453778
65088567
53317865
36785775
8248668
47810211
86736366
13499935
16607030
64489793
217651
70402860
63214957
42071308
46311121
15692903
81991544
28944704
66240133
28255801
62224078
35276107
53338248
59392447
58426862
45550582
43965959
20135285
11323041
20664547
70299319
82918004
56839899
5507654
21783034
66482358
12686804
22246573
13282284
36454171
73008461
29879968
24091739
47522054
50329765
89100042
21186394
53735743
56970627
30964026
46651178
2831630
48582870
7787665
87160113
38291577
34227541
23301412
21569590
18655038
54074649
64791665
42618594
62091166
64554474
89786462
34683698
66482634
39488113
73652317
12362431
6970031
69800204
6725322
26335659
86844022
13613039
80472369
78818190
54138996
54114780
38863512
77655143
10291293
45293749
63858701
88455611
87306128
40960388
47027926
66286445
63717108
71970816
43082133
8891092
88321841
50298349
51281382
54120203
14001706
3852113
77370734
70884372
73206182
64845908
17596915
79759457
49724043
26357589
39954678
48217478
25307111
65303388
13796441
83819308
48237621
4381937
22911309
21019683
67493281
65307111
4687936
36309640
73898976
83033785
47859711
15685262
17780267
47429269
48483094
14850958
2379555
12524825
34771081
65180350
86855490
81489327
39804779
1506565
72784103
46384914
15904661
13221428
17065767
9414504
60907998
27217938
27138657
47854199
88065372
12667265
81658136
11904152
78699930
39697338
46737142
72164067
57452169
2929308
26533337
35958268
51813502
27449206
87652961
25015379
25375571
85348925
8705224
65153489
57335529
41046299
29319147
6490157
42563430
80097830
72525847
84787424
10886190
14471392
37929688
57644844
5700960
23444422
55417011
6535863
72495170
43807833
27114353
2977524
22849431
89334132
38555308
26798122
73807259
74037661
16310155
31955707
28013396
39392550
35834342
50845372
88732869
39471318
24214310
29509631
50695263
58054455
28341359
24974971
80504057
14485266
2227833
89415098
41199253
11609177
51155134
51001269
2442026
28030222
36155841
67784934
87260498
54767647
82221592
41851552
27507889
48651230
67854990
67418025
40909681
86613024
8114685
40706862
60509680
37893480
72901897
7203916
49284022
13856093
22747137
81338960
45019638
62352281
19743587
61931608
80900776
23124912
14845428
6390717
12503349
53121819
75813343
45408945
8743382
33570361
45730187
50339865
79475174
71491966
40786963
202819
7586968
41954830
58054966
34789387
78859459
40529428
56190404
58195063
59086455
50644857
43078997
54821655
53185129
68352300
47086180
55993683
10621563
33457234
20827375
38828028
44378437
23726605
89928759
48653517
25828812
45971846
81286527
79272354
45388622
70565758
13881478
44531206
53345372
89259163
50332608
20664396
53176597
5545546
86849691
4264800
69193353
64976698
7735474
68925071
57730736
13628946
35166308
43527160
79328798
87350770
39149270
67458544
69631418
25440537
57616991
18290083
72316849
82454393
46874500
857416
17220386
14872316
65932222
14164600
17566189
44787062
24064706
48911797
8085818
3356617
86779327
268282
78979586
84356529
33758762
85937201
6033773
38065539
76111514
11870253
89452977
13708733
81575178
51341335
24857313
46896223
61665584
71459433
65234007
32002183
6658818
74789411
69039752
21145160
80349895
58904393
18184867
2191713
52382471
7817536
14627031
2422798
38243144
83292386
59806379
85943224
81559312
84413521
38862562
62402781
2028700
38111642
60585045
34678955
61409376
25131505
71912217
11147024
64800614
80694596
34696056
57247283
66173141
10135358
2960293
59641806
78255547
82100956
77814682
49959673
59824393
3068270
14350043
42549921
73466699
65642859
47080662
19156531
63868444
750920
73551360
57599746
48435891
16937164
34500363
50262351
50580891
62951245
66700969
79286956
86255080
24560698
54286990
78264960
22129812
82842963
72077124
28295874
22276563
56230036
17093253
89008097
19851572
38957185
85719260
35793792
73508040
27813366
17338795
6268698
24048653
38097820
4583007
88423541
56606274
61799118
55295007
43027560
66946166
42140271
24999966
79723744
74164511
43177652
6187836
84083938
60566400
87580713
82936246
5002091
17862087
68386069
3288837
55791405
55699146
39389518
18454996
67239342
3764712
50974600
73419315
25875113
71741547
33033890
14612157
85312339
85102953
13154736
18027593
58956047
39709385
53555939
73535908
80330573
72861253
80590748
1147692
37047933
51202250
86283801
1713254
52320683
12686923
54149320
37336409
78709805
35624805
39214021
65553651
49623224
69483054
40385425
11262956
76679209
38180938
73191046
48768369
7630530
63695352
54721655
57153763
31112436
52428311
64678785
79182881
35813320
10872122
76847517
35334679
89131568
73596878
37813935
86717899
5710743
8138
88372389
84889778
57735206
41464591
25168226
19843892
83053846
73938112
28321911
9394463
12034032
81229318
65780339
40726767
14066540
74026968
64208603
23663180
16614991
35290286
2335364
72212266
11990555
74984264
87770745
2413669
49369758
19289420
70079135
11070966
14006557
28391421
59721552
37891314
48660746
22963738
81771982
55143007
61904080
18826217
15347749
61557265
48646402
63486996
48251789
62136984
57411977
10401941
21327816
16136350
23299731
89334726
74691522
81310511
25614505
68481324
22584535
38298792
77016488
23171337
23083038
66365243
69980676
18241438
27852957
65251364
51309659
62945764
21278882
72080440
41913440
23594378
13305476
76759419
6075019
19333472
40809168
22759250
77352211
3726715
31694829
32239220
63720220
6210197
58725976
59049338
63198461
71146822
86949379
82384870
43440662
4841600
38512286
76462937
57181780
36640818
43972482
50962844
21032324
69418129
58774963
55404022
17519359
65705629
17433875
55049393
32231262
18566076
81314422
26596614
30256496
6968256
45246869
4670882
14745361
77829155
62349960
71063592
27706160
82107778
43872584
38711349
19393445
73605093
32490455
6218936
15608493
46287978
63921505
55878303
51898770
64802959
19453771
34203590
33474367
89117799
45468596
77368272
78559581
74346166
71599746
25585613
63956519
57667715
14054547
33931770
31606618
70492182
8674632
60728436
44197957
60517492
6220894
13174509
39480223
57936102
14031055
49980191
84639209
89368547
17908156
89428804
12812215
20585972
78984995
46356096
10558218
61372431
77502151
34457592
82123271
85665656
83264691
30024749
7544720
33812366
6740762
42611807
7777849
38407141
54507542
12507071
2520892
20018416
89393455
79750033
45030518
14912509
13555658
85460405
58039956
87572185
82177434
38189744
81761379
89346188
40587570
47834251
69499161
82086495
41442902
52098522
59604560
30935949
4767610
55182914
7518140
58583622
59837890
67004403
17369872
34489125
13363617
13020860
46721523
74480946
66194375
49820114
28606178
87967099
75016596
1333835
5810805
83081247
69335799
33927128
19847027
48751075
6391349
89134263
3965559
82240578
28814536
4421646
23417808
17917613
67078648
30763738
22697374
25348765
53640785
4349012
59501227
29132672
18560110
87151410
27358392
49960900
46537143
27272342
82156294
82185350
3731661
62133678
44717843
20584724
9019403
2446389
44785516
14400772
60319727
71277538
58822769
82630548
27592998
64387695
85470240
23213507
48856578
90081986
56097538
5991737
57522527
44083442
1774280
40332834
40614267
71819674
58054607
54601794
5024305
1506240
18951130
73396938
34597898
42271454
47532833
84868632
32376662
63757978
45828003
49422804
25168164
66168699
87410309
4379491
15531117
67121878
38849594
24348465
32559459
12014096
4217456
88923318
3469175
1688231
72528228
76262474
48278993
38031991
17134287
21877368
57158342
66929677
25864105
39979267
81628417
55508479
39040629
73203859
20073438
69909305
33746120
20788673
32121206
20288430
37263522
62916277
34562419
26835498
20131008
15369766
80278545
74262850
16395090
17456702
25142863
15979860
40611810
26401624
71123650
21938235
86263264
88912700
75551261
42089250
938638
8424558
35435041
59381325
20941362
71018390
19271722
13457690
73775152
59454930
75976012
82161649
42785268
676277
18290577
17601783
70708301
62821843
49119987
415229
48578517
88991239
16589835
18673575
30388361
53944574
36636975
25657638
87974062
48610327
78387834
31807314
77733196
36150275
21593226
7483672
87493239
31550417
9215303
63347128
16669662
56783358
63871071
6667109
20217977
27202359
58731796
51776695
14243326
31862373
74075395
11388566
40086502
34378886
72286600
76464348
37704137
59760273
19003428
56166748
61127131
23721183
81947712
51733148
38907037
61776434
70001994
5629735
14880755
42681945
71209681
81736177
18049005
18152336
38185314
40174907
12959033
8353047
67951301
74588385
63509495
21180133
29351966
53872155
68408374
84259952
38944543
71787389
88883143
85532246
64469037
81127608
75064147
1654902
71981154
14760925
28379303
8803673
6153679
23394578
6116564
53057345
25034487
49607723
76926927
29832266
62473606
10104273
16577177
46771168
45236418
9637340
24505384
16825639
86661237
86870985
85626810
43662298
7318352
79489159
82201724
44297759
80880079
41786845
45009223
44661105
80340871
4984725
74420733
43346334
88610092
46758842
47864043
85452222
77384117
48306278
84988714
87436063
55117856
6939837
3749408
9894403
84959729
9368023
21448830
42998939
79552633
77871275
33194198
34754218
88859081
21898503
71022160
17702597
51695975
40024498
60490373
36994537
6624634
27661891
67215916
74891495
41108350
71291390
72197132
61681679
83438423
78048877
83686654
45223453
83963734
66115010
60179197
41960790
20065391
33827556
81538365
26282038
60745819
11295695
35465683
52640108
60452529
30997662
47462225
14701438
33399864
14312106
41512245
3466764
76803542
67658151
74427987
51160295
78102968
84398256
68245026
38214970
84335144
89305269
56777880
23486568
46049618
26351641
50672425
65516978
44815362
51726294
62549980
8105711
22576791
4468021
76911507
45751091
87847798
33150119
44922817
11416724
27758565
45587719
772401
7126870
79805184
80279732
73165270
39887998
63111
69189757
53170714
42332200
24739275
30426239
44547767
52266265
53269904
70679756
2966997
18193275
29149502
58081959
2927828
67075701
78603848
43761388
72561898
76431074
5391554
89585099
82377948
2115318
37516159
10742670
24211601
39917186
80216621
75709138
76967284
29464536
25934106
4228099
69518058
62723010
67406335
45601636
49299268
16560253
41530254
16618663
15265446
33807426
69728112
30900065
66247428
2172774
38369833
73226800
65786751
75009861
33552564
71635278
49637342
87848974
20776050
38752464
53199903
32235709
31258655
54222809
31680103
53461097
27071765
5400046
13423742
32329706
4071382
32680605
1294807
79456453
18624176
56099006
57809999
67555337
82780233
64754253
8119648
35093597
39674236
65885098
6856142
17437215
50859228
10884878
34649071
60273966
79227433
70710719
72289231
68047559
8634668
26280057
40037354
84992060
1328664
52476762
31034899
86598555
85790054
16929426
21646454
22802463
63568774
64789371
40919313
29170259
25080017
13968175
9721079
3720645
15025870
86221265
73038145
62318887
21907446
35671977
59718360
11179874
62076051
46009174
28010205
13892609
6435017
59294217
53957161
4980110
56936709
85839098
46435725
44471214
43610653
47107084
72133151
15882138
21192978
8434761
932804
2842996
89192306
13749815
20932501
24440608
64313819
18849792
74334152
82461197
63845927
13709186
73419670
29667066
21057781
40449613
50185449
1454907
74091132
39851688
30278010
84199120
23712069
89578642
62588064
27728514
7397730
45182014
14949334
18349982
9492456
58916614
72160496
64751698
39685997
73816334
21840081
53586247
45253866
60624966
9041527
15662485
64385030
14453681
69731618
19602874
38092105
82067386
61426898
80142013
16139619
12432993
21611056
86233555
82180912
17406050
84512805
79297749
35689558
27766344
17923111
34990758
19230617
70077787
24395241
57833375
10046092
32948740
44544720
29591381
67973561
84837847
17664492
44782156
48095200
77914233
48425977
48200093
47411391
30477529
58530957
20156064
20502082
75938631
73454375
2883163
71966493
56746461
42858262
72432424
80269352
19578949
82329142
51647243
60031695
63180126
13288655
70704712
55225180
31440498
83660514
23191405
36742646
30000260
86606180
71628732
11986466
89682073
79919136
27255326
9975447
54325951
18435314
89352544
3972138
16707914
50274902
71267693
48210734
4762937
80353283
28622108
49797255
632639
19842212
61060608
7954946
53581782
58777823
13517399
84947852
53660254
26835226
36847539
89747419
68657732
81959597
56464764
79706626
7076809
80553637
82606529
31837437
1727400
39077642
22954445
40230805
26995589
62648035
1072249
26699307
79720644
80513521
60470272
64411318
56510431
2282785
84687548
58883930
5117569
58415798
48100313
35646460
29911119
26621567
33282654
79201107
56366412
66161128
68833722
46972996
60309860
25012511
8882992
51746596
12082053
32040035
20642179
296282
73177392
82542354
37962660
87042951
24003089
58187487
69973770
87876502
87415217
7755374
82517242
41204734
28504679
2962370
2363805
40960013
60505156
38855151
82101010
9393415
77584893
43821211
38090004
8563264
12930458
48576581
12588041
11785771
49112644
9833450
34067247
57868066
58539265
51508798
17069180
26376588
61022271
43702020
77092885
27694107
69500696
79554871
38840928
59278291
32707215
35242279
49109004
51111740
33003883
38279799
43037036
69021629
30890753
61247048
86225224
1144687
71197562
74488216
49452149
81494579
41544186
54292074
22282509
13646300
80736528
45100785
39533704
14811788
64451324
69271638
79103179
81956030
46847656
75332274
10169287
53329100
73972021
10829205
79808329
54232255
79122671
72039989
54530030
29746066
61783111
11737008
23426163
79952983
14427654
66893700
59212070
27897885
63805547
48915349
45846221
65924740
70899462
41995691
7442233
54228919
22423982
3770905
71786743
65252181
73093877
89590083
63770771
19739766
3440159
79501965
89952226
49376605
10256878
42793022
78053528
72080128
69042979
28266088
2224537
58263393
3088153
10296721
53785289
69614432
68265888
3850530
39966130
88404168
19571708
3671328
54175800
28905426
20927029
72446661
73215034
53354111
67633548
74518807
1521165
25797179
69245087
28642828
61573078
28426750
45483668
31271064
51339215
82513210
25177935
82177817
4478104
5207346
13764458
49934759
29648301
51595345
56012446
36294802
15711991
62399907
54477924
71979140
45940393
57822919
76546738
88946228
33316569
41836369
5273719
44611962
54474102
22301961
73409161
11785638
48821160
34704082
6093129
40895022
78035106
1454213
49896983
26276969
65809045
52419114
65655938
65087124
35883353
83862540
53550503
33982852
16459514
86905006
67166026
28727789
5989973
16193993
83672509
60438232
77612268
54705383
61452802
24172088
45214425
20188702
5692509
7926138
46918977
76372541
62731664
33241761
7378792
87727870
50871032
721921
16535760
53527022
83270245
1900501
67403026
56895498
38550451
59465349
80915032
32455657
16788905
17285366
28831726
28967125
89235430
34923804
81224583
41264100
18479579
37288287
63519726
1053593
16928099
85410841
68993748
46737418
72620729
6656871
71192110
69077635
79435302
14635259
76373997
26374747
35083675
79671302
66230467
77828419
42676444
45113290
3623930
78071781
18299937
65641547
37992543
29454954
16444225
25419919
49477998
89159611
20360188
68358886
22309845
41924305
84523736
43820501
65795309
3543094
89205195
56556850
82953639
53060555
51285209
86952696
31877905
47505257
36994858
2600801
55688112
54854664
8296977
9716008
21562861
60578607
30680946
84306249
70226957
17534615
5059731
71369113
48333389
50169508
55568775
50222969
66378997
80980642
44865307
80972084
82573081
17628264
5271641
86250944
2666274
75513577
49957838
29277104
63550769
53873819
66037449
45972104
14775426
19451994
50768686
27506613
80601651
13146331
79246518
70591469
40934850
45140224
87533963
88360421
55524136
64838134
5357661
75656914
70141185
8720667
57184067
86572138
86695615
1491688
36293106
63639171
11962808
67817644
34973280
17578665
39098392
46585454
66937043
59002438
29100344
19105979
38510096
10010182
62461482
15589918
73307507
42824430
61349713
4179453
64486384
70117223
84946949
86886995
90206472
55302672
84008678
55692378
50279032
23056444
79778881
40209087
28665891
66117768
10202875
78637826
22375247
51829579
17485110
29314688
20492341
19090161
46894498
4403802
8436300
1120676
25973830
50611678
50071671
81482491
9482504
67849390
70160752
11127901
74611941
34514093
76757264
60952234
47647122
81803570
84640554
13661113
30006211
21761689
43742521
48623297
61152716
64794184
12820862
70128574
72670191
16088539
82387486
27257446
50163597
48074623
22782630
34741340
22612797
72472282
11321739
88604604
83487449
17130282
6104262
85393332
58600596
66687319
66561681
33986008
51797359
44362488
60168593
71632915
50858974
50681962
17286059
62757767
82373994
86982324
77991089
26896369
37658566
34312862
76208441
15422257
6945450
40560349
23419601
24258194
79234833
65925081
63983966
69827742
48779687
29666944
18831650
24614588
14889960
22199193
64067416
70414444
65237139
81220256
54346856
78351208
40041593
2037360
56500303
55477625
49323757
43678226
22421553
22236309
8851036
35648092
82252657
72937256
33059140
29228144
50524229
9407091
17145394
34317022
50996092
5648723
14776984
68366082
50797173
16209140
28695679
54580784
16067588
77135931
41178663
33793120
3334529
74813969
24447227
12822076
14539696
27087448
34827190
77023462
11717276
7647405
74322576
34508137
22413027
23652049
12082750
87940832
30144624
83230296
19540038
54363634
45101551
70301468
39670403
86466389
141552
41809748
85135746
54008092
55285026
56614695
9345893
80762454
41757897
87609780
49728511
27766235
87103797
8663409
74434510
67459140
75484379
32154151
22425387
6205819
65241050
586078
68400794
66030990
38128745
20972194
14693231
30368786
70159916
69594280
73064268
17867085
76774723
28521050
44662199
64772573
14856798
83719739
12517566
85725287
505983
41065102
25065349
19644656
23429031
42280359
26517377
50762183
38646725
21839308
9538650
89460061
34190958
47428600
51337759
79493584
22545903
16832576
47554519
52292831
83069557
44543218
44938510
12002150
85397877
32676085
33738630
865136
83213756
43186089
60659937
52594951
17636071
73034991
64860904
44400472
75367259
76411694
22707157
39436665
77898351
52360051
19605925
26430999
6366320
15988807
31939065
60503073
24013019
74744926
79087945
52551031
30878966
83996050
49997145
84532740
39712330
62286166
30455200
12102428
25550017
77874947
59467672
44969224
69401357
78699211
3176939
35930593
88763343
60597107
1314364
32950976
27477354
75350743
66225559
36113248
82225789
47444140
71665129
43195613
25349584
66825520
2553886
36596226
44283719
59444603
54077540
9093526
18219773
24313877
24368381
70830794
80207215
71018462
41792285
14954387
61669492
32829832
34616229
37295991
14603377
87947247
56975418
81614107
83374955
18781419
36181744
20513799
3578180
4839608
40641727
79003358
4025425
14842907
54252311
16673817
22708454
11247287
74975146
37638979
34356663
43599919
10522133
46736452
9348970
8962452
70588159
5857125
89960080
18402607
70570573
23239270
4572292
19677623
45432363
62861155
86936864
31342135
70122073
14824822
72547808
7282444
6234671
77601608
82384454
43005024
31948672
56803100
67140625
31375226
8600470
59353836
15734573
1559681
66398294
75225469
80985998
52185551
7020177
66720810
13830315
32376574
49540532
13444761
22990760
85823853
82989083
53595665
49044328
44323253
80323776
85196201
86881616
53479648
27136560
7064978
47598024
573446
29686254
7786789
87374278
7040789
64689167
12242729
82557309
85946367
68205292
14265188
38355236
46377228
88913903
72119179
9385813
53966680
20705679
41128720
36779525
20149454
63521890
35581752
29175262
26844127
39543265
79816638
77615249
26563114
49112349
39811235
3449169
22645465
14831247
56615173
86467106
50476424
34287437
68292121
47591131
3311688
15601286
37969682
36991414
34947223
51413500
39990718
88920780
72289849
67856830
72931398
62707817
18161387
86288488
39608625
39478879
12980151
12187913
37804014
4597569
7950508
24979988
18567621
26428360
36088447
22327735
89908610
2885293
30975749
52690835
9621449
38053899
70904064
58289807
68734321
17760068
50857275
62383889
87723007
81315657
49695443
76892911
23099192
68932509
54791961
27420712
1674864
80116207
75971030
84557651
76279949
71772149
60625165
86489886
8253375
33203154
81601987
37217775
64997468
64655475
72036772
23065267
41053203
34627620
79166156
6350432
1770686
59791619
12688445
10830096
58216464
52496559
3584574
85928481
67257644
64925755
23183307
79100839
3836258
4198881
23932486
80040063
45002398
27422011
4887899
61285601
58455687
88680137
55431004
23415825
5085896
18892776
34149112
34702771
14340558
19374537
83911987
81190591
73308780
31925511
78979147
62537984
75488916
10392444
44228798
59890430
61089497
18984426
36651977
14046195
49446484
86760476
56635788
55450422
59216325
78191387
77588222
16523486
83594241
18021852
79516714
60633126
4552218
86508200
22524408
4883592
17799382
51986476
73945069
10770796
28170220
50070327
90042810
87332110
39552948
25244372
23238453
47043301
59787943
40141502
29144032
65729687
27544151
68694402
68112201
24176463
84847147
41049994
27256773
4444739
13469634
64742139
19592341
71402251
50192442
60787933
21188524
7028586
5299880
5358366
10977986
31088110
10517379
46282062
64093657
82759647
55706430
54830576
17899269
84308257
12597351
32183255
69351111
75101313
74097256
8545831
87169691
61886031
27580360
34248259
75102399
13801008
14549697
49054409
50213727
43163856
36971676
87563783
67784224
64461771
85090988
36429549
38728078
18007732
80825632
80996705
64860378
61648174
42233225
57449639
86690771
9229663
48336000
42288904
78181623
83944849
71215472
52921432
77033633
85512977
1182186
7531613
53837282
43119466
83816358
34383569
47113256
62759906
2472795
31354675
7217316
67083255
45853918
29464998
43397355
661082
38763480
79144363
46691028
14487186
80847264
25885491
21298041
36124775
61323433
6743815
6911216
75952496
33222870
50985644
13159319
48312721
13965256
937337
86256210
21056451
31910774
87492206
37026214
25639540
75750758
49485943
23685900
26676460
80951519
35986617
25703678
5759917
88547100
20805537
64922770
26206113
54812059
14554226
29213559
75620938
63770946
46175573
44276801
75160150
37020387
12221982
33790135
64642430
40760188
70497629
55763862
6271233
11741448
59273895
1953640
30557922
58784425
59432908
72706406
56675225
37689518
4898141
31087148
43824611
56243479
50368544
87242554
50924746
22516905
54771611
12827761
60344421
9155185
32054819
22853638
44111582
43195419
53542507
8878567
34488954
40239804
68223592
4317593
71433527
489470
14254357
29585140
73842825
21743390
67808265
25588077
65598532
38904662
52452228
28315681
77052358
9335263
32470943
38096985
33906109
45616426
71022943
37490782
55293604
60593025
59561132
16716639
8706464
85036328
12388600
11654985
59056278
49217746
80313236
23332011
16896646
64244592
52026876
48254747
27878483
10387227
44869474
18766474
33585929
24600589
86094739
38955373
65679155
77104518
57324043
86665327
62056447
82163543
49663275
20060589
51886560
64774805
4328038
68785104
25980050
53420855
21591750
17207891
32321100
87802269
43038760
58891899
17849733
23123273
75118898
80845633
67051299
1752509
22921736
84880556
49171434
8990221
71881331
50747453
86781696
46894125
18485676
41995858
30276982
75138471
15732550
54835081
20278379
41157184
47193354
80505784
2583379
24039482
64419132
63679201
51436159
1399111
55506626
8737725
46321975
54850013
57923897
53904367
24314699
13931514
12999225
88673982
84192151
6470830
13745401
26269462
16617142
33597205
26263307
47175526
36343716
64825367
7641727
30022596
20057428
23153872
87820277
29154179
44336947
44503645
79906200
24182058
26810761
656612
41063828
64151232
12018938
43992383
40905142
25890718
1472988
78262019
56412205
39406313
80103689
70398196
6154
41175241
68987114
33171565
39533798
6321120
26251563
56221480
13935944
81153250
50550549
24800256
20981603
1638513
17692884
79249588
73368231
52909529
60371299
87321446
23246090
76378221
24003019
34376748
41212137
33800299
88408331
76264010
39400159
38928447
73144707
38568214
73375068
62665993
6920002
55045943
64118801
35348313
5670931
60869313
41655271
30395660
7107372
31982016
18520283
36516979
361912
57780409
29663439
74243079
44802051
60602967
16649707
61936344
36218417
55198128
84650141
49479884
74852927
72565569
37287004
10478714
31648212
90062750
88797193
43305313
49375012
74983113
83943043
47008895
53761941
9673254
11875377
42324017
13103728
50989874
6853540
16368834
84711983
40794097
57593372
54599332
24384549
33185204
67536204
76988534
70595202
12084572
83926504
64374213
22400981
18957879
83665147
78592900
40687738
13814079
49612271
2366116
21221172
74269789
16617142
83171548
68303151
51135504
35470477
86984895
38011516
37793067
49025463
30112651
16409548
5891792
77313129
37646016
52840003
55451632
64795655
77954613
61417216
64968625
52442691
34058082
68520142
69851067
10464253
19805245
82842908
65592483
57482599
9783249
77700262
55731639
29184695
71568257
13123987
69411035
37959432
7898865
21383519
24617295
24533147
69013533
43301790
21861497
44583986
46619014
65768041
71560655
6995546
27359134
86698483
72841625
5077453
30198521
77258160
35121771
52572647
54543283
59625845
73484585
52332179
6132005
42607651
50023661
33608825
76958747
48027515
85075762
55099343
24103611
53049130
2671650
5913171
68416400
46343457
63273332
39623468
19892531
56595796
24403922
22281681
56499962
67317089
41689307
49359499
22714877
65745926
50821686
73944729
34977464
12360558
2308518
62773180
37382529
1996145
20266688
21859403
5407528
13510256
52427693
89924065
74882730
46578194
32889840
28792932
7934550
78411160
86953171
87860851
95834
28820457
70842375
78874088
44602212
47677005
70271437
20503773
12252086
19944752
71636211
62454285
65228029
312372
23990116
15523126
68322242
78490057
41165335
77467088
28877526
5849499
57034225
27573422
20127268
26212304
32089761
10323700
59798950
39616338
17018476
83205371
74468246
4648993
8602651
24098438
35424919
31810309
39117563
21531426
44966724
52807462
19947793
31188527
3723755
17233683
46091416
62588779
49612531
35315835
20432863
73037729
57455856
12305545
85733662
9803568
38146979
64207048
83555225
66843580
55398092
12369482
74602720
50369808
40957699
48525967
56714500
85627118
77093586
58043726
1583633
13778196
49083707
2714109
75347112
12868601
57871153
82509205
42155916
48308427
68109980
79860943
59037692
29135912
64408567
21526613
16498344
61553400
8808956
52669366
63974484
5028284
43145408
26076753
65388933
27064205
61682382
70404399
84043485
44799013
8960018
70603148
10164709
17698730
16576581
64571532
60962686
81296351
14399225
34028598
79520736
20457691
15452376
37511078
12637568
74588792
84451282
35562602
69312540
3780671
9523958
37897731
11372976
87814828
54644372
66718159
33270721
88616993
61444380
85173962
34634304
81511289
54026567
35843178
28469669
25530230
50172306
8417712
1775615
84191535
18576222
23493281
79553748
12597209
24793421
48808591
77009876
80670611
26038644
31414809
64141320
83692756
54986983
16388442
54544107
56277380
5273778
19830384
53982689
70183092
31147394
70524751
34525243
28496337
75920872
20051957
5238239
37714396
61575115
68532335
76371412
77712638
70433485
12228781
25837333
34372811
22769946
45595067
16529291
14079513
48161451
29236501
29148649
88959604
11114664
16197347
2294691
25340687
78932990
55191562
17141473
74384682
66337504
14473286
4741722
19690100
30210467
26955905
51592985
74112478
69832474
45626255
51875304
36060674
79708835
51975891
89577145
8690433
69167241
59026414
56664489
49451847
18121837
12951302
68148537
76023978
8997981
18836753
79932839
76281933
60587683
2668187
69642960
46647404
74512819
49519442
58347115
27831614
47373431
5966730
3720797
33771800
56167420
71633038
18217154
52502026
73058651
12034354
23759568
19715393
40904577
43713187
53036935
13831484
75686945
49311784
67824764
22966049
48499071
77264652
6638972
13940279
90138993
1607142
78550289
28164829
2146010
33864009
24110817
85335256
21532935
3821384
87288270
75399019
88824387
6182800
28742458
34826882
42863402
51780006
38412083
27073092
58276243
3725151
17740345
52720896
72546338
80810113
88060702
34558791
58859283
76765455
7123615
61974164
71194757
26169904
4054012
7060755
12331074
1773056
88296987
36383917
76980623
81105470
28140185
35481129
35053022
48696077
86664799
15790310
83753764
34686932
81066372
77288972
2912438
27180233
36393819
37987546
3434453
11295247
8918800
87135120
77304323
71203711
57920152
64134002
13838830
74014580
80747394
47680782
86776059
7191516
79977357
22983117
27536072
69694109
39066331
746336
55192314
33461491
24973939
78198417
31774494
35369762
40895153
36658516
5229404
25098572
29068746
6549334
5724549
27965090
10698591
13170321
57364881
55639197
73636609
37891673
58972146
73555877
57953426
63792942
51389069
10283248
55650411
8273359
86235420
5604840
66022398
67243898
1686996
61337801
18786888
66849603
11623982
87530206
7589770
88930070
19374023
1103656
67584368
64287853
42333834
45309395
29783713
956831
86917052
71814356
51671872
85429205
22166808
47670178
79876155
24599334
86031454
50045571
32500962
18991522
3917843
76418222
29940634
6571018
49713819
21506683
59259832
12943913
68156183
6486114
2829326
26819795
30503447
22274972
34504140
41377002
30125968
29702981
39534960
73221472
49647548
75735319
77286674
69301099
33372349
29830584
63831997
67039932
27611352
46332741
60784513
69080450
26704403
8433951
37561187
18253530
25084125
34257342
10114586
22820012
66232668
52287979
64049280
79376445
82399005
4801158
73575667
28638121
70305434
35533265
86184798
52080074
42362970
47456090
5469102
56582418
73952857
17499256
77989044
30264527
19628338
52350562
31519263
80184498
55083451
75037470
8138943
73997738
58274674
48076608
49020733
77106224
60138975
59248121
77534403
35244507
6229349
38042402
32703324
18225359
83420296
20212332
46610972
57514177
63753234
59703471
50326999
25171954
88120919
7122106
88995265
11177465
87517112
28215418
53529178
52819338
16762795
50312336
24977005
71418451
59671258
61506236
71305446
6378091
34502396
39492001
74274808
78253991
26355731
12490992
43348012
7389742
46709098
58641126
7187178
20064904
61832553
24688517
7910314
58427078
9854995
60779847
29381911
34697774
83186247
3216842
9325957
35594345
62374702
35204393
71846630
34776791
8487464
31813445
22353284
46498406
84869895
61783816
16389603
18965988
37515518
74956886
202564
8127818
87058574
54232286
12154590
75139100
14833522
37380468
10528790
65407222
49327224
26165069
6855441
47591902
31092141
45855188
35481339
9081535
26716929
21516809
12423507
52239059
37193551
32303092
11592427
65903906
5751922
31682717
247048
29387700
59631937
36220278
86223228
83653099
39398764
46507747
64610309
21159925
59786868
74613722
58551781
1735322
85322929
32733877
83844188
3494229
19138259
13964530
68391653
46211494
74573259
51854039
40646632
61539645
26551170
51643334
47140482
66614222
62300781
54276771
14898097
66228838
87071515
21199105
19042790
89972464
58454504
61730212
52858145
58051546
79540794
7301527
79874760
63312323
85329243
69879658
6836201
63176766
29641271
16537614
5564862
84767239
25302869
60736923
86132788
31670573
79592554
83113712
33199749
86321944
57455257
65432617
28669672
68832675
34478226
29046203
18597943
402957
72439418
27040241
68426787
87962096
83955910
9995102
37959746
22152477
21722010
80548588
39095528
16607657
62968370
16561564
88884451
65365921
71394370
3019076
88720824
83520611
25658455
39500757
39135895
60356206
30954391
71357094
31718356
34075268
46856785
63291327
3709795
56210947
33334332
58431685
31485973
43287057
60006716
47661159
73306950
5114353
17580218
22533964
17973207
69336074
16900819
67348999
66895097
78123760
67610622
30703691
25868339
37035873
8546366
39512426
10121474
68612747
24500309
40160654
30365473
80895839
29956995
35528110
6208598
61780899
70158594
74074815
60230108
54892363
30080941
32256610
58874771
19977769
77366770
22357833
2440976
29027060
89988377
17675030
33739044
12058373
22157324
76605914
8398023
30183620
86745742
60210821
19730898
33854471
10203659
66570988
56170865
58426096
55619517
22383784
73284416
15266230
43993873
9457122
67751217
81836797
45139841
18000562
89270417
29823334
22619456
75015947
85538016
59413628
67251331
28866755
3660350
82223705
61593797
38437202
82186347
52891271
50007162
43409911
49417231
23511187
10951470
33787081
56875305
40353287
68639911
45310917
19248638
33890701
54567282
49750655
64300005
87050132
67114730
14254470
34535318
53455829
79498241
38154885
55753278
75277626
57522958
36956772
71770983
8702526
78680041
20260060
75207665
7979599
13942064
15630150
56885883
60848184
55397170
83298013
2588273
16232834
80993636
59747983
41324321
39250775
54369550
50045534
52514813
13658901
25006230
86630434
87952551
4220614
70881928
280130
75240268
48820432
30010356
32994547
5228486
70700442
6317995
41061139
41343717
43343881
50482980
45321495
39743535
20647960
2304377
33090290
65158514
23226484
5378433
81528787
76985963
22194272
6522928
56134380
15956351
20785616
15748506
69156045
713971
22061496
42003398
23729344
25075569
49559915
26676552
35900972
29356725
34707739
80828159
67755847
3600345
11318644
24500742
78386870
45739446
69327893
27711857
73879728
17974146
54917786
56489483
20851582
77971546
75987313
40385874
18533930
1555268
83937011
8636271
67234628
68719551
64177108
68786417
60908222
20203190
82218813
26806438
33334503
12591018
69509515
43255105
87197101
55829199
45422849
32158637
43593343
32837371
63044072
17390244
68856189
48679864
52235795
70715709
40921240
74432044
28182488
9897659
24570641
86951084
16192788
70181835
7811329
43973917
58301229
15585408
77118688
51111419
47546924
61813023
15643917
85413941
69565880
36522088
83969480
84319103
59364566
26203099
35714807
86097832
36888074
88390481
79492249
68053752
24016844
31023580
31345027
31481405
65438496
26122431
79139755
62468871
83614231
63959546
38588854
78923434
39772109
87039290
35467502
33866608
63980767
50855454
73178085
75496778
48891147
57766381
30087920
63516734
79565026
37574327
78339208
59084323
45857260
29952293
18192349
82785440
55835085
5222596
42591651
74703250
14241824
86913833
5363641
76424422
5671061
41799564
43455932
77639126
4542147
74862049
50938523
78733990
73697931
15411704
45408857
75624414
49934980
64247218
56911151
20480703
63450691
29870539
22375598
53321821
45850833
12969753
21677413
71381836
62714396
45927818
50823232
9551027
62726396
53814078
32968489
90015561
18741041
40327508
26700602
16058157
1164117
17010443
33325133
69807142
37210348
52895264
196886
29454277
72530152
8524236
69838730
10128870
74269707
81139470
31644407
64718998
40505357
65999596
2042227
34646993
54935047
87259155
66832539
44444459
16556660
64374606
63314959
2682884
39163391
9690159
72983025
3090600
51533720
52163494
69610256
7756071
52098737
63406275
49865548
62401281
24504530
60432885
68734464
81284334
40634112
37378436
62676770
5858364
82798173
76766698
39548079
10490588
70702495
74191558
71379501
85607401
6694839
35108424
19949859
36072791
48406440
2303155
5213969
43777649
64757
77937606
48140523
79947456
20385368
61166288
83916818
33470197
19798772
12839651
18607563
34775748
44830264
57643697
38043910
72307585
6064203
55606522
10844711
56828718
48980343
17754701
65657542
60872049
76951985
17646704
30858822
76362416
2238398
17526364
85887126
82100926
39035861
58707860
67764263
77165172
22851140
52560791
86596259
75273025
58259388
51213867
86981838
44256303
51579494
54171013
61462874
20969109
78359804
64823635
81421177
78358295
31052717
29494462
30013227
72323194
15408305
85066083
80725290
82121098
50224127
8662890
14336663
33604314
35856720
86937097
80818914
37828115
84551403
35382392
60024812
14003085
89884373
14294449
73043430
12094009
47544834
68372864
29797933
1509
33770917
33410339
48345068
30463148
14086156
16680769
63331528
5020832
34841955
72062400
67784434
16619813
63056171
89383192
43035401
69762229
2385693
45436522
49536928
70548318
17231643
45730363
12693279
59273988
38483239
4670566
54029701
47543325
16085570
86637594
23390066
75041394
807807
31664299
57381621
9065324
72088814
81519129
27486399
18222142
9006228
50134867
45318036
65027567
68481123
87848880
1708925
3571000
9688502
3806565
39338663
48207656
78980748
8022713
76977912
62673539
60318621
57642107
24153259
31294177
67313411
81975768
17659773
81992484
49825485
66112492
53312550
53866672
53996525
49085157
44637731
15712286
71903745
47719157
44802266
64910123
59644002
88152360
54482338
51730847
86809443
12799574
42963368
16307209
37954093
19335805
38520279
10508067
80578697
32427492
13634404
75570928
13633906
41797281
10163558
86208814
83849592
4227393
80962566
38284238
67431413
68652199
42643645
78727247
59808780
46899906
10427785
7913154
1342917
23166388
80501104
51985857
65095482
23627563
68036931
8929649
10490733
77826412
87123664
76741393
277210
43570748
46890994
17675093
29681314
5936165
76979873
27048978
8529605
12310367
67374218
60437791
80577044
85993740
68299462
51895625
45556989
77511398
89395676
21090685
29804531
56873540
74198927
37649456
84870455
61944144
83789611
5482964
77549202
25036540
29850399
54335742
13889434
40954829
30945220
74365961
87656561
46153130
49924761
19825439
3466948
71630479
63871954
28681418
21920375
81038065
34233574
5949928
29190491
14005760
18625382
82405075
62253086
12254783
25593470
60871115
56128567
58753071
65882566
4697084
11147106
79145570
23390521
11257098
43548269
56525715
24441200
49314746
42686182
50027907
46203486
65035530
31193728
73083890
66181469
15970447
51847574
1711438
77574546
37035416
42002675
78104224
38295229
73115596
27859841
57090399
85238549
51431483
29089589
76986997
71556563
90140009
17080925
38598431
58549523
84483524
13839532
64663294
74844885
67900653
317803
63369597
70587686
15223281
2719940
64470031
10129525
14812157
49958764
71203947
70473812
40620704
50244382
52938455
78127047
66678359
28000810
79985177
51608544
10683205
41389696
14441756
13074110
22847401
24758899
84136230
81372264
17672504
45829115
11475288
87562968
75344523
42133281
6117654
76827380
78157783
86244892
29175579
16071970
81071685
20959565
89268982
52743657
55299648
24937645
88391871
86803440
89051229
20079105
37166788
69342720
25918
79932858
19187881
31725138
78820019
38307115
51380600
20359537
42218217
59592008
81445313
70250767
54225498
81856388
47651801
43569437
5173207
8216014
17052989
9811651
37393542
45814961
54601787
58746209
26136416
49796389
49636651
1192133
20053187
28967555
50154839
58550781
72846463
71130767
70594538
58460482
67822523
82038593
29164225
43701074
77100134
71322550
22598966
10656061
58166804
39435787
26516447
67095181
42556097
42971653
45459865
50380958
19678544
76539023
9109557
24944283
29743202
2152720
22770918
51752406
27854717
50757697
59689868
14385981
3308244
60289570
10779881
5605072
76672084
29575299
21102108
66444073
13155746
73413179
55873239
62805248
68613315
73794795
3118940
63908764
4776733
59170843
41271400
66467886
46795820
78690462
73906990
68240797
46031628
43746846
63796163
13468735
47449453
71133923
3606100
69436796
73867487
52938206
56236589
10228011
16419553
37938930
82304459
22084122
76533489
72328445
41169932
4704551
50501686
34198098
22637363
10042472
84108647
34314563
82810897
68805024
14142458
11643768
4444633
32562892
86547393
64395865
81596260
49746282
87516437
22401519
84933832
63639476
36518653
18297659
89907178
66069056
33139066
9976014
52647815
71828937
3310383
6971834
72317189
21942838
40339451
60056425
17481576
15303623
1655728
52650753
64360391
71829567
15346375
11782393
22700257
18284735
48613053
59194741
36546074
23876961
57616491
48119797
63982299
60699598
75408594
61414788
85154866
51560129
78399256
45675980
89761749
71617546
38366008
83994388
4461262
6519452
39884321
36564448
41193233
20076162
37304377
34061622
30612933
68795265
34902964
53755517
53472286
24736092
1578250
60159902
50144663
87166894
62961204
74301136
47278357
23848464
73265533
20962509
33532005
6781710
79043597
77500986
67156284
31846555
44110067
39630439
55576220
19808158
89510071
78865236
79713230
40242737
89408658
67107417
15322979
81900497
33660891
65046009
64841430
4661357
87448698
47577152
21372161
39112740
1035603
7799471
62050084
47967447
13652537
46281020
11359051
47197042
33390918
27525845
66520336
24301909
21853992
48444609
11828553
30750958
79706578
84339438
24919758
79241786
14930149
22010595
17059066
28999534
67847311
88997903
55022821
29819582
46541549
85306314
67312656
24801781
84396935
15769064
36608396
56705496
84623726
74083207
70926707
9089009
77405477
89809351
84206980
62836659
40471656
89472741
5831199
464792
69409288
2909163
62182720
57664240
44413284
90044789
64226714
19511353
42456354
41450131
52756927
21739768
909379
33027216
78443386
9175063
2878963
34258814
57512414
57018341
86927730
52850980
15132030
86302443
30821319
66467864
57005460
40006864
20063453
74655661
28532073
83478673
48745880
43871556
83687526
6385555
29072058
4260207
38488051
20716586
40540752
19729711
15030007
63467940
11631877
44184572
41912650
36110623
19064708
76395058
41886311
625287
22029661
38914167
10780607
62548080
27888035
72599800
11474791
8318404
25909781
56394142
90041148
23843948
86533122
79427319
58147505
8355472
35453079
18758340
77420204
48806437
79831459
61095436
21555290
65771255
6603487
37251217
65957937
18439421
54365397
2972144
61578305
31215205
82759757
28430808
51073289
19569630
28173643
45330650
8527257
73799457
41594644
10613828
55946444
78177650
25457864
39389165
2668892
76896643
10660506
88058393
27251147
85793829
54491948
74554074
71546943
59897691
54619444
62985793
47111116
23150192
82196013
33147497
51875541
44673750
71990790
5742639
11042373
44624186
75469630
88163430
17853013
35150619
56889589
16557278
56992382
38811221
10212283
4860500
31129120
86850303
33566445
24430698
14246886
66327882
1418253
8561150
12786575
31469252
52523405
13963619
43008276
37522262
32890332
46132901
33631377
27366603
2006634
13128944
8254797
21802635
12757464
1295735
68408238
18078368
78078620
52131882
79415726
85345606
43027680
78432047
72603417
38972188
23012444
77419361
53541307
60199002
27771370
89072957
60194601
15001142
52806911
68608999
75624510
5523729
44126267
20502433
595430
51937623
371479
6959062
43644398
66412721
85200741
16276356
28912643
82983014
80837827
72717303
84475814
4055492
55419603
66917681
75680882
34547067
49647991
36201975
4400
84503852
17749669
63319227
29626633
47283182
24482732
55122076
76661923
63922269
20130954
83886369
8293225
5692383
12008322
27368042
37500078
73951351
7172154
27928964
88757201
76782335
89031325
89291758
108235
20872535
17269690
20962531
34542667
55394139
90185930
8418798
54877219
60716488
20320119
64754558
60871260
50810464
16474746
83025555
55629044
86172196
53361671
71175183
58442305
9790595
1679512
81304739
75444151
20639820
29147640
71199067
58157724
68158790
72022068
50879329
76579869
52125551
21026601
7607492
72250545
29469442
59832304
80372662
90095229
59759656
29763435
68095706
85431421
2036175
11147507
56187485
27729890
43571076
50979295
48871191
24596445
71289693
52157099
4245084
34215721
51238851
89427000
7278395
63312545
19896517
29852727
68972377
51608631
63290784
19508813
82127884
29624214
72648
32092850
3483147
64578236
9210884
38431822
10727559
64556286
39310056
5208190
50592324
18974631
51423226
86964093
20351361
37073972
72651873
76801710
26937326
59659930
51014107
49159292
84590169
58537887
56811944
30947188
41214371
15150193
19436164
50035034
7624691
7228037
22881966
36784949
53850676
34904599
89371767
77252994
85697587
20335425
25518589
53878231
88873271
14349254
86045845
15283276
10136646
12991942
25787603
49511658
65319762
82726221
82597349
35126605
17323515
23145375
11511023
81429338
7525502
83941752
8636691
42573367
43627362
78227368
37663183
48331307
39457013
50519965
51734405
13302979
21712155
82902960
39566011
55073619
4212607
73053903
79745674
32358613
19405805
14795007
57164310
11676780
65402705
40935598
23615582
7627802
15619873
17819272
54276271
36685760
21798014
20659324
76643808
67029679
20253979
77393219
86846903
7637657
10291434
40565070
63986969
38372161
78690352
38245733
65577946
43587619
35131721
46434291
65444303
7729025
39642302
87962337
78311199
39258527
25315725
77529934
43601532
50667738
67754883
33616947
50291952
45018335
72138969
89500590
70432777
12616322
48585409
46281833
15384313
43652897
33608342
7224860
44527840
16586357
74847636
19143655
68393317
27402696
6791988
67731967
1151450
72117400
44130236
72514890
85906996
64897988
9775051
9984585
375785
22736548
33211602
32524987
46319183
59522647
22398805
24150943
68965634
76666136
84407116
8159452
70858682
17021985
4110849
25384185
38443041
47444940
12351666
72394975
26251246
6408213
23601730
370185
76460404
50965873
62739839
75922411
64522202
77288504
48506607
39584423
48150989
63938956
10126181
22168240
62290638
17466294
29993828
60806181
77541079
48868754
75782228
45474496
50312569
46915910
13032519
37781691
21193694
77677078
48793244
7364684
20197810
44369482
27880347
537993
58177296
57184960
8899428
24937779
29137514
74817652
29458242
7466373
73381942
64393512
82424412
73218082
11658839
52858699
75273954
32066583
70289810
10349942
32441977
12530878
25722216
7089066
79238447
85562634
57479268
76157387
51217962
19659817
57925811
42429012
63372190
33239517
28047445
5815400
85729538
3154765
73169335
36798354
15291962
71897485
34218297
11049337
88194129
69842257
54302514
46407635
89874606
57758931
74877727
6836535
5026056
11893206
39859799
74814685
34344672
19303075
89965201
80522574
28021252
24686294
14381567
57556789
37759980
24892680
4379690
30414807
59596428
1271849
74313682
4242624
73953357
54626040
28480448
23270117
51701276
68277207
61779909
83038071
34216499
44468145
38710361
20461372
67798535
2040348
56583108
25555723
81531824
65278907
66141007
42198087
58659939
79738887
34660723
79078797
37029877
3107841
46351126
55353803
89302118
1171266
47495801
32166864
2924764
50453242
51740209
58913206
34060708
89045389
25811333
13755127
66919611
36670013
35611888
42242812
82492150
81554202
31148340
39333736
78352593
58135745
79270989
69831142
42709010
31552882
32727671
71926075
75789349
26663484
7858002
57135254
88496502
87292560
52160279
15745183
88126159
34428445
14585496
1789204
22125778
79391321
49876864
6160423
25911488
44307687
82828096
43158413
74935233
44746220
31796372
8521451
15426735
47718107
18587095
42516560
27497158
6064187
64068072
18654095
9900606
82549068
76708599
72751319
70900026
89465459
72893312
86336954
12302667
25444176
42162341
87698980
53479832
77302801
13582327
54486700
59622455
19565500
11362041
47897406
29319485
55811889
80184357
44643800
20220949
12522907
68698488
80576688
86413582
53252629
13679120
27399288
11649042
58976765
71591632
74813072
77162791
47449135
25658237
14853688
62214345
36593165
55600276
70726757
17680346
65750452
24608282
11725048
80496015
45800153
57963050
56409310
35590940
67661449
66195312
11377886
88092951
15445859
66897567
59014293
23087210
26435980
27541281
27085971
72063975
5626120
30638459
62309103
75484791
79315073
30987037
63221212
18912818
80099825
46118475
5955298
75504438
69058130
25495623
24086705
10209213
62035226
80463999
5696677
51302123
32233077
16213944
29078658
64092274
21945211
12956636
86251240
26105630
3398785
86697512
9754872
20391330
23057011
31322066
12263579
41885878
22620837
17102737
12957520
76329012
48793969
52193300
51417733
58848917
53710398
15356331
76246160
10733103
29714546
61216358
3707089
39874428
84518733
16122022
68091034
67573206
81291476
89803729
16350758
73257456
45124125
68682807
79861376
71421134
80434854
85410842
28928358
36541826
40042393
51014221
24911279
61678677
70216527
17545026
72852758
24460919
75891786
86763427
7026014
61573743
66947626
59318692
62033394
88679152
6564171
50020930
51222448
8034020
44679604
19401576
65129705
45436616
78497954
84700534
23976400
25376652
26852073
49647761
83364172
50097341
52531319
79099878
79075920
45755608
31903241
76339332
17434905
86051668
1299425
19440947
71273973
68518475
52754521
12012464
18940327
88780152
5341326
13304496
14637940
70976613
31153623
52162795
2943840
34604926
57848461
64578639
32262481
48488357
87366443
75997919
61271422
78509336
47196637
2736588
28320703
17585198
56523531
88243959
86511319
23030951
38420051
59261509
31061771
35707994
6671137
5635831
74142212
6098338
53884498
34208769
49516397
86798698
84564335
28615201
2342445
81093728
48945821
27998187
58950560
80590731
28801282
58534834
50188633
11095063
17946682
11810369
2807503
33492580
31307532
27249810
63702804
2712057
52590372
25425940
51815783
72306424
23484957
21417066
28315566
57335801
21378059
2384819
84456253
75204232
69919381
46077883
3626792
58605091
89446906
415726
11885722
89439844
22071776
38378264
8287559
74704103
70752838
65807694
41523400
28595475
64909439
38276864
41146275
52017573
73674608
11882340
25474481
56399157
71772632
25930747
44613173
36423828
22715439
19861994
53061064
83047915
46880978
3211065
28202993
7062
68593951
63757458
81152284
19101298
39359051
14213490
33180702
42157363
898255
74980161
59182825
84625491
54852257
10747558
8026715
17275451
11843333
89793735
83519608
35348804
74948932
24751179
55096389
29917525
63231017
49849998
36328546
46873916
6350739
54695535
9104778
49492653
24398407
48422418
76170596
87451689
13315234
29934166
54708163
78256390
20127904
48435266
58082399
19060430
89154226
8482981
24005843
48228153
14844803
58768429
51986040
45031407
33253787
5246390
65322604
16357101
43499259
71883011
19252761
47108086
30297128
32415985
45055682
8680342
35107184
27720054
14227150
6792469
9806261
6272896
1657615
72801099
49531041
49599418
85304587
22409697
65371803
36971039
67975738
60063397
6998265
46739650
69958803
16896686
51997132
65173218
68837964
68124798
41585883
77086777
73786029
3100410
87558802
17335627
84703193
9798339
17913793
7954254
76868479
8738787
46991856
23791821
77746513
8604968
74477616
29817172
26167584
5308406
29972774
21236088
61838218
80351580
84992519
76519210
19792347
55605959
5070959
82001188
66072393
38485473
79777976
56450402
80380843
59244087
71155459
76748939
23179861
9175006
51212398
34560281
21242275
19870512
39564206
29412965
72687385
50652834
90094399
4931496
15203812
21354819
7977194
57052633
60559233
29386560
71448251
28041160
61267190
56835487
73956836
9621991
29838255
2017513
75544943
3631904
36064226
61980453
7020164
60353204
59666356
12825510
85246076
82079311
18916752
60644996
11052191
49239513
35449022
68739580
68687927
29884804
51045587
68840635
75854382
14001697
39852994
86346389
25817948
51645199
26997232
71939323
24327049
7689975
56203288
85298115
68345364
47444646
74047722
65928279
65357129
67837046
84158758
6084704
71027120
41410864
25195974
14046236
52285211
77297842
89427618
90097293
25764047
18527514
10471264
79757994
78433749
78457796
59349157
44128626
27318150
790881
87469659
10762559
29594611
80492267
11250392
74150710
72337518
77944301
72019522
40756049
87059927
24231518
52622354
38464508
60859278
38148133
86602244
52437919
33017419
70900104
79626028
36256054
30343765
22263469
1892460
15788747
51139646
58558276
46908968
88289216
61446270
78711017
71245791
27177526
8154748
23556092
73864813
31581469
62617999
47788004
78383695
48595419
35105864
14474221
23595889
8421359
76864338
15702140
63061891
68494990
22039962
38846183
34363593
86288643
61373823
15067809
59129780
34584055
87362007
39931575
88777049
15752368
70556269
47689699
25046338
66823280
32671717
7560433
43447775
14022580
12682139
45393098
24999530
8168129
27859884
79627374
35609469
80102973
83912178
5699332
34131397
7484944
67722361
779408
27158863
8273392
17955803
681828
17540631
53093263
59625307
22570974
80956030
3732989
15017982
89219530
23375505
18649137
85128294
69788302
60756675
4514010
89266839
17105781
44292285
38006912
67448820
29910137
27455200
57910858
9710596
14835612
70576081
59448969
73073606
7960659
62466386
36596165
31306522
85219658
62387233
55892318
7552992
63470125
70607485
86618846
4091236
25320828
29626086
62097908
52255088
43650894
31955350
51259927
21390585
14382148
82285337
81271587
1683165
12619587
77584778
40511628
32012007
62615422
68716208
17961065
66904138
67496729
45942556
47147828
59150290
89167109
75534834
82917772
59378889
26770281
56992759
13726953
44799365
57708817
30142557
72728786
3743933
89306827
59224591
11852623
12698983
69665749
3686809
51421538
52341205
14969355
43529045
85784566
67444909
1219479
62268510
1239933
80080064
47025448
61862995
66482519
29788220
30248177
25925012
27135560
72220917
71017567
73834396
43804204
53964884
12569355
13504195
63624934
76607844
79808842
8165814
51527446
89058169
60451078
79626118
56806640
19258071
23793190
23516056
66204976
11389416
86976687
29626939
13597545
17237227
13098441
40557506
74386285
48277261
26641070
25034788
9900337
17052683
61265041
30300009
80589950
7695135
23945353
36942744
25080398
62484298
19448361
43634953
32251529
41193007
37316552
14774207
43303096
12403774
8272994
36578036
88041872
69739459
88262123
44773663
14584567
36554805
85650061
49351497
38376924
9588386
54019748
69850329
8196358
53569906
78088280
25130830
72864738
51711056
17494383
53179070
11716393
68505354
78052026
89210946
88139912
24912778
6501213
78458684
14611903
10267160
38565914
24751832
55154892
33190942
30857227
55483071
88427881
76061675
85581750
58776596
73125653
449842
63495673
73315528
52438793
26377224
7636447
1169291
21478286
20722653
65377045
84489073
70615443
53139248
82709733
81414853
82034500
86484054
39892770
61593695
26845892
77108597
65628230
89921822
35013061
45045553
60151322
29651285
2936021
66615532
67014548
71543750
19744674
18602073
65679081
51269501
4898938
58647419
7525871
8722838
40357211
12237797
1779339
60934215
42838373
86475680
23005707
20440804
41121785
53034173
86215466
27174071
42095536
20582677
29770500
77095401
23593155
65269415
34370362
3125896
46870858
48412475
5864669
40208797
13703135
78765287
43743630
67909724
18290207
85538074
78677124
51156621
41133049
5553660
37928508
22397568
45353895
60221534
5958963
85681339
82672262
47116412
87653571
36733759
68723147
54751086
42725039
20467259
90132182
76207888
68994852
6662060
34709340
17349383
86715168
17527035
41958703
29939181
60966225
57383587
25888649
73123464
84961738
18735481
50449766
49440598
88172230
31406180
49282897
49092552
88277769
27422127
50126890
14386109
84258721
48255888
36352529
38250776
41722407
64953745
41498548
51645469
10196893
88915929
47124304
38259611
28294435
74825117
75784157
78092762
44155473
7153168
22673698
35521140
20813252
527209
71891326
20563302
33378412
21860770
70699286
55375284
33413407
1871002
49767204
27491568
78267105
43132409
87002229
61810563
54756852
24316243
76254790
43670907
60621494
62549188
52725455
40451673
12153268
50114613
36902688
8634333
76589917
22146488
53879814
71983575
57398798
50030556
40114016
49736753
60180988
50311908
77341704
77655463
85587523
78368420
30739340
16456542
78625558
62685986
57289398
11085944
35428374
13705602
62679077
20169821
31879544
74344467
75282610
3518934
63774697
14756200
26488144
4606342
36481315
75582883
13353182
79395669
61583193
61535733
44128674
72775525
36458010
70706909
46916123
69130980
89992863
39786979
30900769
49023237
8741236
43583796
20140492
15258553
72076059
78584611
35137212
9844233
10569770
42010034
48764415
59168355
50008509
41155262
62986784
47335647
13999689
23551074
35266995
79057669
6561347
45155390
7343026
57577030
70964046
78862769
38230211
40969626
31045743
77566974
10366369
65216308
43241362
31805881
70371342
43715449
68014841
64860803
51329819
23135040
63735149
7609153
67915195
2672862
27155572
20919334
83802276
6675645
88723351
61845230
53198267
39234318
64441344
18730257
830443
11478044
29300650
50913237
30603256
37563060
15809236
50294113
85094967
89775913
54041041
77244164
82635631
26363425
72859278
25204289
45469845
61062287
70703582
28479485
80854212
1963551
3929608
21957046
25211003
49489033
87653887
34468009
19887498
34446924
61163232
40167207
71124789
63471215
16587625
52042768
42718094
16283324
86503073
79584428
78873907
27677615
4384885
38914966
52627205
11796991
44750708
16990360
51941700
50223655
6033501
58897166
48486172
44690575
24553160
80992995
11085159
34690587
45038402
69970292
53572136
69425641
5063206
565644
20753121
304301
55789696
34867291
9143042
40309081
75199542
39958941
46784035
64321519
84414258
35636844
50105292
84777054
82690484
64778159
73471107
33076550
34344006
57743178
33605416
61596198
17438216
31364867
52852076
65862762
46390710
34490115
48672520
4758905
35025949
57619455
81411260
87214240
31401373
59434102
83775047
10878023
27278307
82880816
85949851
71370829
43196361
75577134
83039572
31097558
11917777
15727929
89721135
44481433
21788586
2240549
80477747
41825455
56707782
18361960
88923867
41631805
89714167
62786689
85331271
19545334
7701706
21977158
75172818
20523350
13639418
894231
86911798
46157479
39684455
10372717
78581258
12098803
45142981
67311643
13110048
57686345
65672968
87480586
35737311
51696755
17266392
62115786
43151589
15075976
18897794
26137177
28034159
51652457
36568607
44837737
34622517
77428357
8337739
74278587
23861553
57731940
51459777
76539081
57826222
27585652
55479736
83003240
70722380
77706637
73372300
15879463
3432658
13976212
51697818
63871525
8545166
73924040
24701616
88748037
77291818
57495337
61302195
54930047
88763565
49390251
36499997
32077555
53566804
40855800
22818810
19056097
71639342
23874125
21059344
46556607
28596897
49506724
81364565
36326541
74273979
59396087
54431646
11294757
77164671
49507402
20653533
81780755
86882223
57456280
8929466
3845394
40465397
11911943
90163675
56686010
67557072
67377822
9258745
15994331
40950083
89194686
88246753
25082735
67010853
43286245
55442043
82520357
65482745
3452101
72144896
44462846
72481417
76657868
80891225
67117541
52875180
34930878
72851289
64520453
16990883
87267523
75665345
74029387
16088496
4269477
47427265
51562741
26427739
82047685
89731203
15867348
22183833
44960508
59890692
56224121
49537125
33473566
10375461
21019899
21220685
67220652
53821621
77097500
5266312
27443971
84516253
60088352
17939995
75833766
60588732
14695120
52662651
52879492
8085746
54775755
68091739
37113205
52081539
10560391
59863852
26254319
27710280
56209713
67157008
7900750
27332284
28517225
12252880
33404809
57448279
15856810
43437964
7861274
82831248
16911585
81237601
8682487
89749620
74978499
4654739
79442865
6609374
88136897
75037754
61222541
74427841
57531348
67499354
7310843
54583735
3654139
30830936
19809530
10361053
38639782
85897871
84177475
61318947
68129695
61700470
31070629
23275563
8010002
88607298
55632385
17411966
77992727
75761373
10306755
68369125
6767843
76138735
17120458
85442680
17506406
65456812
67116998
74681237
63845215
48213532
34774205
65026711
82441155
5645284
88167203
49054460
17768175
22477005
30248318
26337756
35174092
14196955
39376803
80848037
10614571
70121013
7105210
9623602
68993530
5901645
32732291
83308788
58632329
41913647
18325682
14558794
1611596
18903466
39907032
70552129
37506002
10612545
67109508
33386695
78127109
65690198
18806141
63164044
59036538
87784988
77210954
44576055
3582384
59505791
55226451
72724594
72861108
1203565
48624936
57418366
19002941
81068645
64983106
25557159
21785674
71155841
64901763
2793092
53131089
29294486
3442621
4119307
4219061
73152935
86314178
14963065
6653660
2754778
57686714
86194107
84202604
17705163
61083229
2591414
58378308
54022885
24099658
15442741
53934249
39289916
64168885
65179407
40766594
65560889
50905397
476206
18024752
17090900
89600472
49011782
6559049
2023311
79788754
79505996
66499274
83559400
29009976
82443179
80535800
39981551
25110878
63094813
31060480
7060344
68741757
24419190
71822261
56543367
23007481
60488467
88773322
88857997
14274010
21774012
47536137
15298120
1125735
59262971
10531851
69060785
40956652
17303054
25774037
67962979
50496020
74306096
74757224
60762050
38815925
17440987
80654695
89784159
84603057
6641290
25488084
12198389
1411709
83067418
58020046
24399485
46214457
48482934
22805484
70709514
20648276
78523166
4766269
3798575
90039944
64962422
43286747
44727298
38540658
23201566
83455756
61467595
16973795
57316237
51840979
39281767
4571554
74013405
64296075
72404668
76963205
14154290
44428344
67262225
18336585
81270736
73327626
47238568
9318282
34532318
65943245
88583326
60216847
11537472
50761829
26796270
7905387
20085181
51521543
67323064
77961395
7623142
9626616
67942029
34228307
49561199
46719317
22416887
87300201
50141784
9459947
9700980
67551330
34891233
65668224
42831642
53436078
20278931
71545324
10984957
64565472
35889396
37821497
14904201
75365710
30676647
65524728
30832324
13857411
25382024
57696448
10019366
63644836
31799042
21222712
11811419
52510999
86827533
84690565
77599221
54324079
64818715
15766380
6203312
53188779
26872917
61536319
42451121
45963460
17139551
44897085
31144894
50773687
7144849
21113098
26017009
88552861
40142703
63385877
75571670
51987189
7381030
79046654
51833417
51021668
6128804
89104480
65161779
13987078
19871849
61832840
29604390
83363561
60627088
34916994
82471283
71159457
25880391
87804037
14818566
56615865
19235859
10031796
6240302
80575614
71220396
52881133
84714816
59889139
37488471
86775016
153772
28092987
54401474
34462561
76109890
63875350
50716255
75062563
74632689
8241913
72939377
84937397
892278
79717632
80770228
84917246
56340891
59514527
50051802
4786770
50375563
10393870
10545025
43609170
86110798
83064881
87126286
69673425
59735367
81129109
32373542
37424835
42233098
62259749
55479931
72780951
79492662
42474341
2123186
61428917
7349635
83471746
75900794
77958657
23376740
21255700
34865444
51554121
80872589
21141555
65975370
78500018
14533073
89463769
46732884
88170998
4813138
77730802
37299883
22310532
38896011
60363794
53678529
41185771
54500711
13005590
70657765
18063745
35124706
80635066
57261748
1124603
60095005
54645093
43093213
62072620
12116736
85457514
57312376
2372571
78342107
48245225
31767133
16612075
84650631
40735707
32354739
72752607
20318414
67186090
58882004
87960241
77596707
22156563
42261631
36436966
68130885
80272699
32535622
15483727
20540061
2616654
48281391
69756010
24011981
47885700
76493868
9744164
78849031
80800776
42339063
43213656
53844595
62765051
74507337
83631649
20417293
55418650
13870603
22608174
61323007
18209065
45698609
41159741
44275679
52238933
3901343
52647158
41216262
11402592
38935961
22517675
68854674
395691
64995767
86001442
40770293
67426717
39138726
17118999
26956181
69824013
58956320
41946570
42347758
572310
69761046
88059119
84345644
67395163
48643190
1646890
45667011
83709677
37258398
63362146
82756295
64232376
85444822
182211
14281543
38540270
29255533
54586857
31359022
69302674
28346339
5134918
40470536
59564714
29896304
56743235
27476255
58384009
62435525
26022263
6476667
74099508
20899553
64182378
21728152
55183513
54638493
54038490
72687007
44759646
68167325
64057708
49950833
46904552
61176678
31428311
78914872
31686484
26240517
7707728
28832138
59031626
65488614
73977302
32088459
61762296
84557711
73187616
33390966
60069641
76856335
32544290
52371356
37449665
9543885
39423287
54230131
81612471
76121166
8629298
85058814
2746397
2881030
6146
39723304
10973818
5187793
52690768
2854346
38942516
32469115
26588461
8426790
75459943
79669591
30634468
28371330
5971694
68064906
846675
7698285
20890294
4484029
12948069
73469534
18181414
35035746
45600833
68287282
54858393
5748268
66536291
34756717
82157212
85068354
77282537
79853097
37978902
1705277
47999510
11999350
47259172
37168870
68042323
28572237
55181521
34303186
9008278
88523410
28658236
68096271
66483840
37670760
76552616
68162324
9352325
21627757
51910978
39852564
1750991
20101675
85574682
71717938
47724181
2304115
28573076
57060884
13337211
7463176
44696105
10830639
34207027
170559
72237350
15222761
19563959
56908112
5644950
31162008
3523193
81237477
81793656
88571517
9802059
36408483
87984971
59749762
19876766
31809302
26011507
1766677
44111119
83270567
24628486
62396921
60700528
2593524
12364779
2506572
63506149
26009170
28843290
18984266
70856601
87062862
9577811
60135575
34868543
14657474
21101977
76935302
52919042
26868797
72320170
21785922
16531717
56175669
33738254
89843713
59431808
14474565
67388192
53447823
22570038
3518586
50032142
58193956
29337375
58089233
63913282
44521883
45402570
13514053
81140080
82454650
33677943
85170338
39033598
29666865
33472057
65966805
76348757
12616744
10337080
16144501
78297668
88671629
86993862
19263689
22455521
77717610
82154528
45353229
75149305
36109707
64431212
82192910
84530675
75065493
84420288
31882853
35115427
34681545
51569734
86219743
43421052
4011078
33181905
44800417
43568109
20855313
55629725
60204255
6052700
83649076
19400640
59033979
66216108
81009877
8842786
48835917
2568304
27528445
71172018
83206396
41829033
61099343
88022623
34131445
39950066
31222367
70563120
20629309
81510493
47558656
53037838
70354260
32176593
84060217
60904317
55097479
86536237
62230650
40803615
37268722
89166593
28640764
31674817
17380191
78441572
71564342
67913899
81345534
75949413
81806300
66917398
7697587
21149277
38283880
35301950
804381
39961874
23004463
39325095
82889858
87115688
40711246
9449943
67329115
87773980
88923668
14293864
30751139
44797681
83896475
5593904
71786402
21932817
31844100
39716292
68829663
85864930
57841224
14428135
68251825
60657022
28633518
44129262
1828520
88572006
12297487
33212910
28805641
7622400
88863850
73439915
1270196
43187267
82509901
53035251
38506465
25609610
2131013
25157235
63261280
61963658
45483429
32070110
43353154
36229171
53608693
54401528
89346729
68917827
57528242
5606187
40312126
30311513
13315399
40349235
41249989
76408711
34599061
27099350
6352204
45676583
62663639
38484946
76414427
38383914
32387862
13349230
52598331
30417356
51407431
12674794
94128
9254257
50195042
79201627
18616067
56424491
68606911
65224166
28605701
8700353
82540789
71696516
60795148
27156688
5750173
85884264
70056507
60656103
54685712
39600883
40995781
5763349
6097084
63065197
76035584
1970506
52191800
21407161
11806852
42153173
52729753
11142501
62371815
65504176
82328341
25125526
27818790
59906558
72933377
28642810
19638829
36867725
65946342
65160885
47350182
16827695
31198552
30455624
19660322
30405987
14987423
68180585
19977766
4126578
10873397
54628422
61897279
81772251
58927409
664350
70031359
58959202
547785
18729913
37685386
22421783
42442149
70909605
21751352
36065652
34430092
44727945
79767544
49118647
15445957
88628182
87417373
792565
87201826
23213362
10428221
10860845
57307188
37082968
13962924
834770
85951014
42716552
11740892
71701832
116565
32785069
2757440
68376002
66537765
38509406
670431
6376497
36479512
48757032
28031733
75561446
10765611
62872986
33434899
14653392
1426356
64204011
80614345
57824605
37639799
45078877
68631546
56472417
41381955
61496372
60827503
85982806
42599987
69205824
68944392
3474188
56497305
54498035
67705571
60161268
2029893
23647023
50078388
32651691
19475045
36892372
42126547
86362220
61446630
59480889
24289048
33851751
8047835
35535467
60926684
52901007
75430547
7135173
67378539
45649150
18896385
81871680
17038414
20609423
84442143
14446357
26018617
86586038
33951765
25542172
81816504
59628203
4171978
13186016
62258769
23362826
65695742
54379283
62073171
9078503
32916677
60487206
44658692
26880453
31838545
53791511
75772468
29781397
78488789
75756860
10094360
70020587
69163161
2592056
84840806
88106106
52228217
476445
76503159
64573563
21370193
68630488
69103058
52542777
19223899
7879486
33023279
38100863
21462605
73319590
54669812
77769849
28648660
81117182
41357986
2057148
47036347
15608
1170661
80201826
78327324
7502303
75429782
71307056
22097464
65847985
83336572
77904654
50839877
7872671
67204130
40561041
30890213
61223572
19519498
71373036
58150506
49953690
73681052
15426381
26154554
45286255
36411863
8075136
34080835
41342378
886487
38568145
83671910
65401982
4772044
78753892
57138464
81315422
59704109
34442811
15008108
75463901
82434149
10278836
48716083
5980558
21041543
49767177
74806691
41299433
69425609
42724124
5282760
28394797
69264519
18079418
11205420
66803110
7188648
67246314
29404093
7218130
33796101
4918017
8263518
13706623
19049783
22695653
66307314
55973833
42258662
76462897
26747818
57937215
79487294
89198906
21423868
69992111
52075193
13566190
17500297
41030811
63709606
77453343
88923002
74195034
82624394
15692730
37399017
90220519
33450213
24486075
89204612
20089477
57601859
57301490
19132934
34809574
52170615
61578042
29226015
56055072
87225604
9282536
36513347
9495183
37123713
79591302
33975438
82778007
40106585
30296955
42357810
79764572
85078949
54713896
36796017
64137500
72492518
84646566
1015907
13360736
38617841
13386746
72690168
22792285
5130875
47804893
5583559
67849168
64602439
1427103
19541724
77730421
62408824
28655670
47253370
26079331
39484717
3678483
40420197
50592014
16951630
59377539
42968555
2425073
72471379
23883076
63121593
59131782
27512349
77879162
12404193
15825556
79989496
6368898
17208726
9015331
73452455
75890081
48307444
58605643
29268279
62619679
11960675
17813117
79420954
43574887
75909135
79142704
58460477
52776283
7623459
14526557
77156161
569103
29553481
85073222
86620727
56976056
28211213
83420418
69623291
77768919
88866831
70974164
23166444
13052270
32441512
86580437
28105425
57421389
28128592
83188787
73448726
58635789
32153983
278250
56848034
4616476
71519245
25417544
65870123
78787981
75223076
63816564
4198376
44311050
38345633
74933934
77602766
22175918
66287212
88899127
54602475
57298185
20016276
26836007
75196845
65270124
39935469
35166639
55706288
59742804
51034803
54654100
73521379
9021131
19009006
31430490
28996354
64464889
40444469
2053559
74589604
30912026
6954555
998067
56958285
16169714
80380346
78953639
57823444
80722652
50366475
9250092
72351340
44996153
58634163
40030206
81297461
70442666
55865461
1052187
57955049
42013672
35645094
42090889
70274778
44794118
62719646
26942795
80125285
81266068
66832629
55075161
64203741
81034841
82601347
68254647
30079895
89907695
10070788
30056976
80104937
5370322
40865930
32321134
35432317
78441497
55898370
80245273
84221242
13851789
37140718
87597785
61988894
81100977
51104868
24815607
36402457
71703579
31843791
6533748
17062326
76047788
44207439
86199095
32438570
82943653
39667483
22919
81536383
4700465
79441047
47783802
41671630
52674433
66672765
26920668
65953880
42046581
24588179
68357082
23596519
46289741
36492916
18656911
26182144
69651290
83221817
29868709
36124876
46046003
34059934
21113232
25092842
32997411
28015236
32415650
1407270
34967017
82565498
15236204
34762460
26766613
71361038
14750962
76970554
6109808
74066114
69330423
90183686
68548439
31864165
4939608
1591221
38575251
25685094
86563436
33526414
18659438
67542399
15011644
20953161
1062523
64831620
64410817
31590141
83298220
21583777
57904690
204557
55798885
34125167
20011498
21529684
46734853
12418473
79373755
77909748
5517675
18949882
85244078
66957217
83538915
69504515
5277786
76782462
78759281
504660
18514769
87956278
66479876
21913649
28275969
41206007
71783401
42827040
45419075
83093662
37518517
23779523
51926684
15752824
77640315
79326650
32405930
59075106
6900798
60423873
64399295
10294082
7144591
15739563
43163055
78490078
62478858
4773126
58267692
62536628
5758409
68334745
59680309
6757492
40380248
75698930
86036933
60423364
77042148
21639552
12650602
21765692
17872833
44333659
73596895
18565208
72425852
43715681
66409436
68340340
53279282
48659732
57381028
388138
24994329
38389929
20222386
71675855
70748341
80182948
2856319
