#N=2900
4276529
4632570
5342629
2259100
4109605
7147228
7210110
5838279
6334002
2819191
5195383
6661115
2862839
6657855
6859684
3757508
1508879
4088757
2747605
5767424
5936106
2469893
5865313
8089024
6806283
8190725
3385258
8129441
4943716
4974335
5170239
2017429
3456358
1128794
6392384
6681327
3746619
4390918
642896
8082888
8366353
1470921
2734824
2038724
8082368
2770927
1009903
7084849
1086044
3211104
2835503
6257083
4073611
6084589
7637158
1610234
3247009
1344316
2959202
5859680
1517977
6974837
4035045
8118425
5792176
2001466
6038430
4073732
7367959
2105368
8281457
851021
4731946
8373898
1028821
3930912
4618276
732191
4249346
3238962
7547494
5160915
1553317
5396770
2837579
816234
7061033
320722
8236339
7327759
1824634
4742946
1182661
4966972
2079994
1718444
5976901
3933062
7135669
6516937
306815
8317560
8232201
3734427
3755622
3230022
8091567
4312707
1594698
2021823
4619037
2150724
5256729
737083
1269130
5450250
989896
2666667
6906089
6426786
6145098
8201056
2662952
2397609
7400072
6556933
5926169
7869964
6559640
7228110
1218129
7915781
4561938
5002179
4052861
2376308
1635324
593135
2627062
2377367
8108488
3881954
3814987
8216480
8157188
1535856
1477554
5906504
4931570
7115034
3763834
6680881
3734376
4516019
7814834
2463501
2930686
7108060
6651835
1577251
2666172
4625951
3862920
5119023
3366855
6393119
2682638
2191349
894648
7155109
6972381
8302009
7068160
5212524
6738926
2250684
5014287
5705914
5076063
6660689
6314050
7657815
1799440
1270875
4518726
706773
4221666
1353435
4441888
4959277
647724
480542
4192489
5879802
5369777
4108898
5498471
3937530
3628969
3936032
3020341
4693250
1563083
4817476
198237
3966405
108014
6763598
2325256
5828248
7794642
5043175
6072482
1092667
8392603
3165291
7608279
2195782
3639103
6894739
766788
3177923
3520765
3016983
381331
1432247
479929
4495831
3850582
7345719
2372949
1136258
7428406
530071
4709462
1844639
4574541
2689766
1902349
5692082
2689159
6701975
5060573
2907191
4827782
720213
7936188
3646932
1428993
461180
3373974
683198
5729985
2088518
2537054
4295500
515058
1544211
5056275
2714324
2850706
4776270
4836796
107159
4365531
4953089
2875683
7292460
2934000
3610375
3564902
2715360
4807586
4340360
3381004
1180849
2224612
1998400
3206351
745795
6074588
1285455
6556145
1434485
4506853
3926236
2172618
6210735
7103506
280005
810920
5676940
410739
2817100
5641477
6464
4952481
7675308
6660950
3152033
7212790
7634543
7744357
3626736
5049140
4315996
907891
4412210
4333813
4854289
2599651
4640103
5188603
5563302
7671868
6706119
8166124
4826006
8333207
4359959
8279266
927213
35463
3337668
798012
899561
1755514
1800448
462518
7436408
3817676
6519447
2585403
3428361
5652238
3570323
8392184
7396996
1812558
8103710
8075687
8379743
8311629
1415876
330571
5779255
1306305
3806165
4956740
1929386
4324496
7874991
3062594
2069294
1582154
7407564
437043
5662500
916165
5286465
4851005
3322708
867208
1948472
3446177
1188635
1757765
3221867
2254702
4776209
2725474
6659810
2572564
5465767
3042964
4934407
822514
2310311
7891670
15142
7276793
5188594
6292837
4065030
1632251
7263047
1014791
6493972
811495
526849
4419256
5835925
8286532
2611966
190707
3157703
7343934
8324950
496393
4004892
2203644
193099
6550239
6048158
4643253
3666046
5452738
3740765
3443519
2703075
5065699
6145156
6489736
7439790
5983632
6481672
974944
3421335
2074716
6318964
650318
4740683
5645218
8062221
3678032
3209151
2661310
6272435
6121305
3236686
388046
7498880
6893240
2884193
3528813
902488
3155920
2749662
1608458
231756
7556733
6035910
161524
8064
988238
5495690
7340349
5999374
2771016
5744033
673746
3931491
1062651
5369459
5400911
338990
5497847
2358017
5884388
1555818
7686840
437246
6903459
5990752
2661666
779151
2227422
5857557
3602930
3982549
70232
2072061
7981064
3075835
4011108
3398865
5658066
1596316
5325628
1772918
4681382
6647680
6940581
3657053
8281613
5976287
5797996
6875421
6014571
8380535
5995753
1696087
708973
6124308
3763330
5214110
5586221
1178266
5787325
4464262
4411486
8337791
6470953
4582199
351161
2414792
1006630
3885148
8258327
1611340
3242338
3957722
6776068
3897687
792450
4339585
8371717
5827462
879668
4318483
2194953
8281445
6342758
3904864
3471480
5518457
2360178
1121959
5176781
382927
6403310
8239288
7986629
6989554
6508961
4876014
5499859
2328683
3576202
4300605
3245273
7754652
3165271
5369876
6869364
3374989
3459916
6986626
6565901
3941617
6385726
1223482
7743358
824301
4478079
2349521
3275069
1977251
3128650
5347494
3739691
2347149
4663719
3110615
1489695
7113671
1299812
1199253
7493410
7164944
1135334
808790
3818681
2723675
1909959
2816130
8152482
2451692
600900
8275812
4608259
5561424
5155403
5393837
482625
2500828
7630872
6337576
1170952
3714894
3617167
629076
857454
483441
4744196
3223834
8030262
5478262
2997312
1208012
6279655
1345052
7308832
1002551
5914587
7868268
2215230
8286670
776826
3449477
3120409
2147815
8012192
5587968
6172966
2555050
4263269
6849371
5653801
3475269
5790833
6067119
7228274
567012
863180
7675935
3159915
6822250
2131999
1652260
5242574
5277104
6773859
7850565
1720714
6037917
1614834
1699146
8099654
7039012
3847286
465834
4384849
5457141
1324699
2256988
8244643
3721393
1058538
2520075
4656995
8157213
5203939
7962340
340490
5384324
67327
1507654
4513069
5264896
6221795
5802010
6489783
735941
759123
21568
871656
2985823
6261861
7633820
5587555
1323537
7551136
5061254
5622499
536699
1198450
247960
7474398
4244718
5726136
8038049
2340115
8229616
7895013
7242837
871255
3212432
6629253
1644452
1708505
5485854
5042887
991607
8274286
6183301
2169708
1647836
331660
7871716
3016077
3459694
4111039
7014437
3862803
8307932
1472301
5363733
2931824
7846350
4837996
5906521
143036
3507279
1881753
7615973
3546977
2160196
4437320
1143399
5011566
3650291
5621568
1792979
7231900
1149842
5851640
2707992
1565152
8215360
3760677
4411641
8006892
7146500
5542135
1432463
5376108
2035952
525736
5435304
2226706
4264110
6958160
3870456
2893695
8131558
3178653
5336971
82023
787029
3931831
3218587
4828391
7405119
4351339
7457301
2518083
569673
7357316
5563511
3141861
7957571
7279507
1097820
1770392
3506183
906727
2874196
2742638
7605020
6887145
6766251
4303808
1759995
691803
5966725
8049535
5325017
1405139
5273437
4368638
4936713
7277248
304483
7820429
6715059
99985
5364572
361205
2333138
6694005
2044040
710570
3773323
3124486
1829589
3696938
1711708
4397052
7319781
6234604
8060543
6074448
6747084
2120460
6710179
7494978
2776098
956379
7811820
929581
6997548
49676
562189
3137891
2455857
877245
700240
1603960
6727166
4555960
5854075
1852947
7290982
3009778
1412778
365929
4787157
3887104
4746510
4178726
2420913
5940082
7774269
2185499
2277755
277192
8093159
4779910
2368832
7762144
367392
6793049
6003820
2618337
5371044
3785290
5493473
7487673
4159886
7807612
5674979
2844296
440168
1448445
1156014
5935675
4029420
3541824
4399584
1739821
4814458
3168807
6595720
2020469
2502341
5907846
6318361
3264408
4412518
6919176
4691716
682448
4355398
2218530
58256
6293372
8035405
619254
1812694
4248982
7367443
4226534
4621675
2914494
352418
6024191
4469483
5222992
1660759
4164170
3554101
2793989
666466
687874
4112108
2171326
1495328
7809186
6982692
6663463
5497171
2473186
624191
6472027
5526519
2372395
7414070
6719815
1661812
519553
2560700
4452949
6807509
7007485
1378404
6472820
7296825
305313
1668890
7276771
3497704
5799620
7091881
1428533
2125939
4712923
3598634
3241866
5245407
7442899
6039271
7435145
8290060
1185189
1991349
1740097
710583
6894517
4159115
142256
2122045
3963215
6007938
3268082
2644053
1073091
7737322
2953447
8151002
4279271
184889
5002564
6607073
5312351
6239899
7294074
2400909
7499129
135987
6220263
2086232
7787475
8377189
1073355
3407999
3506833
5990982
3501720
7705864
3129293
5477712
1787356
4252555
4934847
6874153
2623999
4265482
3458051
2768557
3148438
605591
6215932
7172666
7723000
2911442
1674163
1681479
4590647
5412897
3691906
776467
3946269
4379475
7803748
3492374
8316280
7144363
2861689
957401
5918508
1810131
542865
6256597
1628555
669364
6349495
8265443
1117044
2852460
7896019
7319166
1292592
3304490
5498502
564913
1254188
4671267
922965
6747573
4400020
7722432
1382719
453895
4473196
659385
630684
1882271
1225855
3984951
414536
2595304
181575
2806893
8317102
4706506
2485713
3497035
369424
5141272
1559868
7524921
1820663
3661072
4983695
827235
2575340
2916616
3204640
1610534
5364853
6879518
3249236
3656727
8233212
5524317
2366923
7989127
1467735
7040552
6736769
541035
2688202
3885070
321180
7753460
4337082
5754441
4870560
4187896
3320609
832189
2541226
3926821
1085731
2067079
555988
964806
485155
7668516
1294691
4641519
7056307
6134919
1289803
3177478
4056582
3736372
4185751
3860093
7285742
2851699
219855
6278136
7957988
2976740
2882899
3082579
5367225
6971764
1646670
7803788
8156458
3407539
3370833
3054318
1581924
4230866
2603507
7187030
612209
3569773
3351716
6812222
5011730
486824
7401728
3129882
7794024
1334052
3640238
1007606
3303711
5653116
6328630
7808802
542907
7254529
1435908
496830
1748699
1172524
4432955
5102140
1825615
2073360
3384204
5738288
6552050
7443735
3835314
2209988
1491435
5798285
7820495
4815241
1102801
6067676
7899645
1309810
963733
920515
6022370
3904910
8043601
2007494
896286
2979470
5505830
263384
4473876
5056560
2280301
5292987
4651329
4497328
6864704
4350469
4836367
4342062
475692
970422
2799494
8019588
4695484
4686212
5325597
2726384
8037335
1502522
3697441
5468824
1286914
6948269
5942017
7997524
4911665
632901
6915595
3382663
916476
7590889
405231
6192974
6838284
3234252
2594354
5456035
3874777
3865945
1542568
3799498
4684939
1046675
2693990
1969100
5058877
3823075
7438944
5501904
3149000
8092566
7936808
4632784
2036604
8242508
1081928
4462395
8126426
7734707
2977432
6066896
3685998
104371
6532012
4315641
7769476
7138410
3913467
3008672
2114399
3429286
1105507
2715839
7331191
7280916
5873550
2490366
3607468
7756379
5975096
6926217
579354
8104301
3550856
507602
3049475
1757222
1484963
4992923
6982101
2873060
7944884
7780358
3678289
7803603
402174
4760803
7957404
3417574
1903165
7808561
4508095
5167985
8185683
4840825
6606841
6527172
4925271
5091252
1700417
6280796
6308754
71752
7988219
1793633
7432640
6466552
6118515
1545295
5458040
7611744
7604772
3074674
7378184
7327487
2779591
8327993
5791031
148843
7319480
8078573
2556271
2600663
6971145
1658511
8325555
1515589
4826755
1577867
1715891
4562058
6702578
4515120
1049113
4455059
7018512
410736
1008512
6916771
2350524
5316758
233560
277285
295083
1983583
4469848
5564141
1008513
6122459
525965
7652209
1107428
897760
2685109
8388949
8175150
1271079
8209699
3198090
3285290
134163
3512945
5180912
5906609
3571769
3446547
3035134
6470213
7035148
6683211
2073239
7955068
1183370
7150830
6074336
975070
6757390
7971568
4699698
7948424
8038206
7900493
1128479
4066004
1414030
3112643
7910453
6395790
2598927
8095146
1037771
2637555
2874568
1734365
5804868
5511557
7754793
4761924
7330366
2013472
5499841
6265803
1880732
208300
393440
1036160
7618766
1742359
8343363
5209206
6819944
6905595
6486463
949229
4565552
6361633
513716
8225308
5358019
2894765
8153970
7713407
5242688
5773012
5322966
1042944
6591192
5741320
7672084
3997956
132740
8224934
395755
3777965
3932928
7061081
4036191
2409560
3332416
1437767
1656136
394107
2340043
3058222
435513
7683638
1003614
552344
71337
578005
585469
2380958
5323834
4199744
7591821
7991646
4714254
5526628
131972
2380543
3602201
4764776
4292006
1744674
2675166
1523368
3728665
2598424
3686817
5871701
7507725
7007914
8368595
5999799
4988001
2816562
7612300
3359001
8376875
623772
3664172
4795726
3199138
5742188
2418883
4998585
2383066
2333711
1924427
3777197
6498538
4790920
5023002
5702031
6426010
76742
6246552
790357
3500700
8022296
436499
4441318
4953306
5552033
6797500
1629000
5783080
1511920
8104830
3581149
5834634
855377
5310235
1133946
6292515
85172
3074158
7015869
4245174
66900
1687588
3729900
1298303
4946260
7865480
159045
7919436
1157648
353858
1992774
3068990
6227859
577211
3324306
2702346
5285579
4867564
2201931
7020680
1772845
1204307
4700688
2972862
8158456
993180
2210039
4249999
3007258
8261674
3448667
1701990
5151329
4274421
1139258
8370217
6707831
2738580
450054
1022051
5469392
1415563
8154685
3525513
6635026
1390135
3433808
6674900
6028112
997624
2319991
1733375
1455852
6640901
3696216
3908456
6395923
2358365
3734725
4238661
3110345
7584247
562732
8124505
499982
1334071
2443555
209172
5679188
7444492
1277366
1943879
6123931
1287942
3025098
8370126
6705417
2436184
7288302
7228129
7951773
7022484
6447160
480788
244978
1337851
173731
5090654
7658021
7493872
6609322
6329234
1607656
2162054
204342
290810
4064883
3409064
1865199
6668702
4253954
8399425
7328781
6163805
5925919
3522307
4015217
2410680
2894412
3199210
780969
1994376
6777506
8042702
3240450
6497717
2089831
1089859
1414725
4262180
409608
4447268
648284
1316846
6507171
8138671
6835612
5806182
7565111
4809168
2273314
6500149
2473505
6739867
5081981
6448632
627895
3749400
1629711
3833428
4831705
4081661
1687319
3213182
5952871
2150591
8016385
761044
3613644
5377457
6547289
7502762
873490
3853006
5824628
3634382
573560
4959837
6466261
1064962
2335662
6876841
4351561
7368267
6111971
4265974
4818921
8137861
7327696
481442
5079502
4551916
6538791
7946729
3606797
8125220
1470339
5572321
5557149
4520883
7437360
5627675
4611527
172500
3279446
3798184
5578122
7918599
5557567
7999421
8056794
3377396
3698262
85587
5482739
6384111
8281672
4337478
5991751
5709173
5286045
5542774
945118
1346964
999781
967869
5501464
5359457
1068353
8339474
2842749
7264860
2348229
3746735
3004379
6704241
6650618
5988702
8271805
2180171
7234551
2494599
828049
5724152
3147309
1145261
3325753
2572499
1984826
448977
4764054
6872473
4542993
2910642
7188894
6983718
8309517
5571990
5450101
2213494
514637
2029406
7193874
6987381
5506118
5425677
6842437
7403839
1687544
300598
4285515
1510399
2280682
2616181
5331792
574810
2093827
2876776
741837
6455747
7249378
1853412
2616972
492668
3011126
1616904
1533616
619414
7990746
6354088
3429621
4870650
4933289
1768196
144944
6512280
6671526
1065230
6051717
177144
6429917
1669333
7522001
4639265
3455747
5388409
8242974
4048081
6970792
1821818
6772168
6756710
7252287
1000068
7369052
5325104
4969552
6522922
5599794
3120096
1420799
1661425
4725705
1354402
6440064
7489715
3393955
1017774
5978707
4382384
1065144
4724045
1146979
5066985
4806292
7817666
6827618
944548
209306
214082
2979531
5772100
7797658
4860576
4440517
3779523
8135311
1849456
8035516
3938369
6804391
2999790
6564755
169383
6370447
5422290
4444400
1944964
8362631
1254662
3235404
7341552
2851146
4672707
6649368
3861744
7608360
6613536
898409
2847207
3759817
1052348
4264976
6951528
5135265
2591061
4154007
7130335
3455065
7969119
307007
1158400
5039343
1142465
4134984
7358876
5469660
6123131
7119561
3954471
1336909
1496090
692184
7399403
5474348
35832
5896727
7694545
5787111
8256062
1515624
5218290
7260477
1673915
2797521
938323
2069388
7528282
1346720
5230058
2929776
7574543
8366810
613860
4082806
945246
3172708
4448581
7719614
5623470
3262287
2347507
7365136
3589744
1502675
713195
5592115
574058
6178921
568821
3928978
2775102
5354162
845546
8014527
6612633
8001603
8182724
4598506
2182178
5273249
5249308
3491737
1944956
5851153
2567617
4569025
5959238
1186294
5372107
1191727
2605936
3778225
6651941
931022
3862010
2944275
5023293
5055081
3403818
6558053
6016825
3170576
7151530
1253943
2765196
2014127
342817
2909474
2282590
1623834
6261686
7808156
3857512
309323
2825308
1381323
7606919
4767511
1513751
1593882
2949787
4608306
8326216
3707665
4317730
7216929
2473850
6875241
1971649
233242
7816524
4762881
3338772
5137403
3844519
2789115
2664929
7128983
7991182
2884435
699715
475755
7916241
2476189
1112405
6467797
2800965
6013037
1817724
8248838
4611060
2175514
290576
4042679
4167208
5852490
5245280
2240607
7468717
142161
8237864
5612514
3851755
549657
5405866
5125537
6141327
2713887
952660
7515427
3378195
6633527
2296743
4381836
2608616
3509368
4650073
5895521
4335370
2575603
7958262
3501773
6418307
5781480
7207400
4859994
6793773
8036512
2412744
4789596
4700407
7688206
206648
1659611
5751724
5625372
4172876
7035901
7745692
2729134
8152077
1929752
6958303
7197375
2665156
8056489
7583999
2074470
6347260
3766990
7500690
5110174
4704374
4491706
7397708
7580889
2447249
2004177
6269498
3134539
7516341
5974189
4869875
5924669
5896735
1649216
6289681
4377135
7293825
339332
7114225
954701
2197988
1835207
2546769
590686
1709229
3817009
2983781
4170478
7472617
5942377
6122467
56877
2044456
5393530
4244784
2246103
5831230
295309
1198057
1591671
77453
3220658
2568381
4452993
2765392
5950348
5672911
6339123
1074737
5279018
1341325
1607302
125977
7139761
6016906
5948752
4754393
8384798
6458012
1939131
3897920
3662330
4222094
2731746
7972301
3949475
1048046
7172952
3151248
6387399
7433291
6967854
3388659
5028034
7190083
7769663
7809004
393893
7931191
7877436
5153040
2611564
4000396
5520619
2385368
565501
7900741
2815261
4486877
5729075
650430
4099567
4100030
272618
1683699
3732742
3731620
6004041
8149662
4593395
5932133
5338650
8187771
4028997
5629030
6796190
2771864
8341569
3650853
5319627
6810432
2565814
226196
6368288
6029879
2503500
4488625
5105059
5098224
3320703
1629045
377812
2415868
3300681
7884392
7023052
3993081
7548225
71907
5744405
7749018
1903136
8119620
4324974
4190525
5697462
3145337
385630
4464530
4018432
5093431
442144
7879328
656089
4813056
924820
5815277
4101315
6409407
4720412
904835
6738365
3836813
6736209
2240993
3269560
6951145
6658677
2732600
1102164
6034785
6357437
646004
2422158
1179637
6738288
4166325
2060297
3702200
4022385
7482498
4437342
6972482
6954508
3250813
711741
5858807
4028258
3196480
8081043
3816991
2578626
7430765
567253
8195065
3992317
536959
372373
623891
7718557
3389553
6546020
8111193
2317717
1189226
7529340
3036087
143939
5921193
2198251
5459904
527990
1186529
6260741
1095700
2155948
448654
711157
211266
617853
3583671
3249738
2793562
3438448
2963687
2346084
3368425
4161796
8326214
5421265
2540757
1071836
8290186
581852
2215022
1045287
1608147
3771229
3094036
5393203
3945115
7609163
2365682
7440582
335479
384543
4878074
8240801
60879
5371529
757684
145223
3219444
3380870
70022
7211892
5363264
880553
4554431
7254378
64472
1958905
1790206
7244899
7383706
1377186
6361251
4624944
8236114
3894874
5960914
4914534
7273684
1981139
5495900
3438072
3257056
7916546
7483117
8325657
5085478
5786815
3008593
4417553
950999
2122862
5590853
6518887
816081
2595526
8397564
1229573
2985199
3346413
3817041
5692155
1551073
2466377
1597423
6254973
7964584
3979774
2352027
3835612
1657476
5989355
4364956
3341400
5764460
4629695
8250457
667925
7769209
885731
7236700
2842112
1306781
2995327
6531324
2519900
2543720
7984544
345925
226437
1795340
1350663
4094731
3706101
5845187
6027650
6836339
4128972
5255691
4772672
2404049
6726077
3158288
2668654
6434337
5096535
5270487
1888118
1841226
7860489
7988950
4241373
7654182
1720274
3385000
1480172
2173975
2317282
6189204
7405263
4541707
6499240
6848870
1000474
8213156
4649608
771958
2063666
1724923
1463007
1614384
8145396
3225133
995146
331560
7479612
3255309
343390
2309168
533245
3139700
792068
856373
6174010
7956300
4001110
3700969
6112106
6185576
8099965
3489786
6474625
1219477
2199261
228516
672881
2924685
2242344
449282
4922921
1171267
3552631
2337228
7088915
673230
8398170
5170443
5655456
137083
4450493
8086873
5375691
1245769
8198657
5406434
4777587
6225535
4011004
2622320
2644344
1403880
1290524
6246109
546595
2207969
919565
223599
6411765
1071076
8240044
5519086
2492353
2879401
2349058
1918471
6361167
2784479
3653343
501976
6104786
3204723
8298217
8379258
4878183
4906515
1395429
2155267
6514584
2607124
4265188
4808235
3790678
7492556
8259937
3256389
4206204
8258489
393556
3826072
6988724
8294036
3170027
3507275
7861628
2497972
6675129
382583
8023086
448620
613760
6135529
1259933
6325095
6983828
2722916
6801932
1721698
823471
1706348
1749839
5182633
7891692
534289
6219745
1448
2862833
3313525
1269765
3442914
656045
6414842
432408
3605448
5242147
2002437
5818280
6226509
8178823
1887557
2122080
5632059
2085094
6947017
7933164
8195523
4832838
8028976
8381860
4050839
2224657
4148943
1896281
2413636
6081457
5839613
7141683
2353312
2657480
6198317
3010506
5460598
1172695
1363364
720561
1949031
5167007
3930723
7037822
5480157
2735856
6518456
6108896
2299572
2114179
8314188
8223663
781998
327711
7166310
5087951
2744414
6477487
7400062
3681953
6661538
3182133
3876759
7752807
130275
5025622
4580535
7673430
2157057
4606357
5199839
6254603
2620243
4128260
519365
7781261
436284
4404277
6204709
2485909
1332181
2509869
3990746
7037441
516689
688823
6097890
7472462
2749342
7151322
8215195
7318732
5985251
1784529
6105665
3800239
5801958
8384178
2473591
7245848
4919507
4004972
5735237
3248983
6625369
7458482
1576552
6360375
3072096
6628232
1428556
5638134
4926573
3301922
939550
1454228
872874
1879961
2190659
6774004
1166071
954058
1213067
5118405
4392572
6131487
1326648
6966111
3464671
1402012
1510610
4603917
312996
1210148
4605823
264993
4386386
6291714
7865212
367355
1701659
6536635
4698583
6405737
5362441
7469590
7673570
5442264
713890
4169994
5560937
7391060
4971487
3491580
3791757
359853
2666816
2858029
5455501
1794147
1089016
3233855
8408094
48002
5233762
1247502
809782
6952424
4590054
4261970
4078772
6639316
4107587
5638994
7142168
8330177
6755699
6436968
8291328
4666224
7608508
2069356
6532696
7545026
824764
933728
3314353
3806061
1769013
2221645
4729447
1041013
933486
1683984
2171613
6691339
8000842
4957813
2873652
6360739
3087776
6849779
7907148
4187410
7293296
3638593
38849
5022868
7238461
745364
6543529
2996875
4177985
5598968
7164066
8362097
2098108
1092708
2010007
727999
4221552
3045463
1802793
5585541
5026536
5623800
3817687
1640102
4803430
4433874
1386984
1833758
7966484
7201948
4148561
5203821
4810133
2226878
1412731
7174979
4977380
944561
4242810
4225889
6434253
594750
875481
1370108
5281156
7374545
1858599
7046012
6428928
4588994
1767854
6319826
3753763
7793814
3186511
2969672
4877391
2595036
618590
5696056
2391815
1921683
6724482
6045155
5659499
468170
2932169
3684884
2920309
6581453
3350407
7997537
3723594
1910937
7921510
1168537
945617
5679606
8211551
3042494
3768624
2384041
3133315
784091
2916423
591475
5284475
2114728
203221
7106907
1904966
7690054
4672185
6256312
3112986
4908008
5957861
7694110
334476
6266166
5791251
1439470
76027
5488450
3898712
5175297
1366986
6313124
4844375
5827510
2842572
2984533
2401011
5475233
3909617
3735088
388254
1110960
209761
3856560
5368115
4058655
4577068
8174178
3231844
6762270
4573531
8101696
1902858
7305007
6190139
3236194
474151
6244123
4121464
5995589
330922
6882870
6403944
4793235
3426499
5777340
7484917
7075924
5086979
5732049
3525326
4941694
4152846
7494500
2212885
5603937
826811
6224799
6534040
3540148
7792804
5678525
1911557
1600057
1354248
2879408
2048123
5821955
436593
5648595
8001646
3947688
3456370
626604
5718319
7693969
3623754
1752867
6483990
145284
4512596
7374220
5662202
1482302
6667689
7331479
2003290
5696663
1365388
