#N=5400
7436985
17103606
16903097
16629268
19404674
13686466
24003602
6321108
24211775
3842253
23676028
13948379
23949158
4729238
28076251
5982225
24924427
2003683
11575569
22411567
17864495
21536436
946342
4988527
23324137
1105265
1045639
1028462
7890169
16962922
2775343
9611292
16502507
22020205
21785667
2727140
18634692
20161348
11805080
10263396
27856671
18946790
4675703
17966933
8964812
26072568
13210230
21316435
2942763
8842708
21465225
2519542
27372300
18644651
3942887
11939249
22375097
13242718
27413120
17082452
19263990
9915138
6629200
3418941
22189088
1624318
20082060
8371296
11108252
11661865
24391267
9889737
28785553
7763136
4756703
6451952
12773379
23171097
29011210
19226796
10630409
21624149
27736655
5076624
15073129
19860170
13686130
5292645
12782302
17497981
10453251
5488623
6529625
5004882
12496881
13817792
19676067
27223770
2783603
20022090
1679887
16628131
5133034
22333601
13793332
389180
6600742
12350158
12540688
26190636
20650141
24357359
25354594
7876485
20550495
9780484
25881443
25348150
13642968
26097254
611930
24251944
22151743
11515407
14488816
4076686
11034189
18457552
25543882
15315473
14889055
8506287
21638373
23547429
5376432
1443174
17008493
9570107
20860017
6986904
19639617
12773656
22610439
15574110
798617
24362346
14941091
18587764
14379793
18551025
3945511
7900098
9763128
18075056
481218
25191265
7692805
24878716
22372071
6681169
12480675
10145201
3129855
20195199
6538936
24966326
28546733
28825164
8734065
8086361
3180039
4065507
1618613
27408094
19436594
1014428
28786127
25550067
14642253
6479695
8787896
4674029
26222454
13731864
10382251
4762503
21622768
19815211
2041615
1870444
3551314
21445477
22409840
7323529
10452041
6873773
5875835
20460372
15288698
23472133
25271322
4931946
13788914
19407760
17425542
23046528
5175750
22306432
6405744
9968223
28220817
24216033
13095353
21459951
10912671
9370615
21524462
9395898
16263897
9756139
8620604
15031359
10993436
15536067
20251269
19151670
20745075
11563703
13992624
326
9683219
5863562
6309979
19902387
3875584
24279111
6284357
24367527
23245616
11349712
15676445
6760865
2946936
3724737
18739064
1516772
22266719
11768323
775294
20036112
17566278
11888112
23940091
10645341
13594567
8687565
23962620
10388323
1880484
8129062
22850348
8584407
20791552
11190869
13618029
8668058
1033495
13738220
8691082
16484750
27206351
11951708
6825376
1430163
261593
25774316
19545053
21034182
13005619
7690757
25256022
6920937
27453546
15252526
15842721
3206244
25610656
15833558
16697975
12099652
6141085
11659479
24126378
12123494
28960949
18683384
18780551
13708745
5335443
15542949
28462949
25776188
1333689
29014636
688685
8387412
2412270
11854296
14581735
6084682
9397212
28807071
9881791
13890876
8445445
18812738
15668269
13511003
28496048
23842071
17133275
23177591
1502105
24246569
12146518
15252203
13347941
3237602
4049371
8719256
14209260
18251887
14731077
11749852
16245940
17994389
12609252
25487589
2457084
4578239
25362892
14309911
20361626
20229053
27382607
24094442
9120265
10629773
25537729
5318456
22339965
11690281
674647
15409903
10898628
8908916
846406
23432259
7831917
4601059
12791754
21262983
2005947
15540262
17944175
19918351
15537305
26834588
124697
6950748
13376614
23937413
16087304
15070758
752362
6396408
27716714
3801809
17449809
3491022
23447384
6930062
19595228
20925731
4207071
6269943
19880574
15048922
10640505
5372509
2595111
16055067
22122383
891171
2957
20269588
19793654
8586556
13457974
24150860
9667019
17109430
23185051
28494471
16514045
26110554
18106600
13869265
28318000
10519746
2699369
2521653
21526566
13325284
19848732
7961724
24789439
4151639
2097384
13389013
12410127
1703940
16052109
1852795
10257518
20576402
25615189
24802795
17723112
15152118
19769383
10332548
595385
26234498
10387871
21448355
16596128
7586853
813470
25796347
7796755
18534086
1476496
13564842
7339420
5340666
24667914
11400426
20901513
393444
16140478
200906
20606423
24635708
24201182
14614724
21656864
10463070
23836986
7390564
4200307
22694886
18748252
27110606
28441945
2801018
10278459
19959782
28950099
11439385
13963425
13035487
11194666
25295830
7700503
14742568
3242728
24274470
24419949
20700607
8947021
10308345
23963300
5991699
21782419
13738111
9581312
14266300
25066338
1142100
7445887
6249702
13056516
15947234
6475721
27285738
3010919
27999075
5996356
5558186
244719
17827596
5334984
15255672
11696676
2229607
19482620
11702121
15327449
3755178
25897308
21758897
17685927
29028763
15213962
26319693
17831774
8439212
6820413
18816635
6889159
10302228
18577556
4574353
12936314
7636647
21289381
26612734
27754356
17328761
19026776
3792621
6130919
21908952
14576627
18798130
16062159
15727442
14964814
12372127
15229252
15672120
6544935
10169808
11196989
25578325
19499280
28175140
1550052
15321760
19042654
21118381
26525914
10940909
12444972
15483581
27845867
3960620
26389533
13605308
841416
15921399
18375995
6136364
24650367
28009185
3833316
3690032
498190
18096269
5827192
23863018
23278706
28930186
19830529
12181850
24028272
22981094
27936061
28395247
17955847
8101744
8673409
685907
12255043
27287927
7897623
3884132
21922779
111707
24389314
23865052
20431033
19526811
21106623
20960335
17154569
14897048
27022841
24598748
23977564
24860582
4032489
11096856
4901913
26009436
13405790
14436600
23828822
19834316
19721838
6913513
25006702
189056
11591859
27174486
5365148
7785915
27458394
16861301
8840675
4862503
2758429
18274273
21175817
6209575
23097494
21715822
9723059
20965834
20566259
12880708
19958668
7183054
16494641
9268888
20984188
22731474
23874763
6558883
13631189
19532781
14125229
16635791
13627483
3805944
18519666
7307422
17748815
22595891
14102872
19726403
2490261
25708854
13980353
28619996
15290091
20935235
1149563
26002352
1007166
13383205
15189642
10689780
5002440
22923167
14554125
4068879
27903860
23145557
21593655
26155399
24708873
10319285
16919699
6320061
4860704
25083776
12008124
27182412
20105630
17554019
24549625
3030266
62337
22205119
17114007
8091314
19928069
6569933
10812710
19477386
27184339
11070049
14939230
19737136
13822882
10212143
11635225
1748460
27596684
11274370
9235700
8032386
24262156
20995924
13115511
25641867
4978145
23614106
2632787
6718938
7135256
21148080
4719834
21131023
2277050
10544074
16082179
19254257
8545594
18546235
23341731
7447203
26407168
4727086
8101910
12074422
11775460
360855
21672761
9207872
5815789
7043350
24076876
17423863
5661353
8304980
12652654
17062782
6122424
10644708
20802679
15164233
18871030
23335761
23852419
1826368
20802054
26695945
25072527
1098391
21299068
18614645
28505294
3976320
11755201
26544630
19561661
2567588
23705067
4272985
3934571
7195500
20185572
5415470
4771209
17758572
2182555
2007946
15063677
20118192
10577253
26626919
20471815
17044662
21337281
26316475
5913842
19703663
24200451
25261457
1753098
17322748
25663018
20764239
3218233
9187613
2839562
15288676
17436592
6153141
2890987
27679102
2424291
2427000
3232914
21566838
21498469
11224364
10234268
17596759
18449951
22692592
24093213
12958915
774394
20437193
20919598
28615961
17950565
25681278
28758439
28952435
14104515
16475405
17924676
6733132
20911022
15489996
12397689
18917491
22532425
19267562
14089761
28821028
10088532
21168551
11332570
22705285
11577988
6345251
12307121
5491036
11561772
22459595
21199318
1318434
2486627
14041895
29017522
18158131
11576763
12283034
11027758
26174958
14367957
21238255
23495444
20797106
11761146
11933702
23631304
22871397
9179030
22081211
17488458
6186821
28394138
23790894
41738
6086952
13587054
19007527
3095293
10243338
19972967
25960997
1460912
3132071
2465132
16734488
7130373
14561806
16718652
8593078
21483089
22730852
28280683
11561742
15969377
18049750
21558247
1550093
24186514
2992208
12490648
12501138
24948658
22307186
10203840
10194212
21795234
3343716
17838134
6294296
27586000
6484470
23495865
13886425
25161699
6706901
18819411
17340869
11882292
12791375
9472396
9921347
25565050
29034508
8807070
14419284
23023236
18566038
7863019
1328950
26007126
19343463
2297298
4398019
511952
25663699
21516079
5144511
23721291
997238
11958432
13699575
10482772
6432537
13870589
26624404
23984610
6028036
7868473
1960945
16386326
28401463
19917852
789340
6011272
19401032
6556264
11337860
11362487
17679557
17835227
21609107
8475085
24597174
12041941
14171015
1942408
10162415
11989654
28825291
19674466
5525895
18632560
2661943
11607928
7842553
18755931
22023665
8445285
8627011
846668
15596986
12033765
516819
13036650
13476986
26842120
18036708
12306208
18913381
28008046
22398053
28370740
23464071
22654766
1879526
20984936
21080692
19647949
6463759
28996306
17012523
12721542
10790007
2709587
18744263
28557269
10128920
10820571
22008300
15396820
19133423
21363910
27716780
21638275
24159943
1170778
7928739
8832237
19068156
9346215
4543975
18546862
26491214
21282709
20377649
11391578
14521177
21244387
2635426
12545792
18206299
3946510
23137279
11392738
21740668
26727267
25352544
23892100
20847149
644389
16840041
16298723
16007542
16189576
13709535
4971280
11262623
17386099
4288261
19324869
12015002
2064841
27329214
15099636
6761532
28293262
8756152
20778960
21841663
17492490
18568513
25617135
1009417
25570013
4843769
27008568
5880118
24708155
7052059
23352000
3440422
19454040
2589188
679836
4926953
15127011
19486593
10741329
24174671
21026995
10799230
26075367
24463310
28195952
6343484
4786146
25255174
10067236
2210447
15028103
16483073
11802075
20773366
3160850
19689895
9295615
19956509
1331692
21267733
6401593
10406386
21564160
4170661
6265751
29156819
23345625
9755915
17263173
18745674
27259305
25723686
11763278
19731883
9320737
21744353
25436248
2575699
29030646
12387738
9211947
23414737
2965797
21272180
11477751
12364341
8001777
6831457
3198490
9728881
18507147
21034507
22944210
11210916
9985037
15313411
1537220
23403526
11656611
20699487
6982395
7527421
6046523
8822500
23455636
25548613
21873708
2692084
22523753
24419483
28225516
6743341
11936986
19761456
13270403
23449869
27969426
17076471
7127884
967558
15944672
7296231
693043
26434373
28477271
15741512
3656800
9997733
16421130
4129189
4296538
16963470
13231786
28461486
16108792
10407126
3024859
16257800
22430143
5423986
12482497
8464060
22632939
17647117
20952031
14997507
5965559
16645442
1131799
28991654
19078089
8313873
7978960
14111532
22777573
8123112
28480383
28687612
24504770
28617661
20057404
23798628
854678
21628235
25436626
18654567
17136983
16404448
3775302
13966083
11951048
23995381
6315604
7635431
1325132
23110163
3509282
6133905
16370928
21977926
21012694
4966557
4339875
18659423
14791150
23249962
12778343
29022723
8630208
706141
17406557
17232743
27522003
1003685
23294827
27835753
4522839
3170900
4453400
8939922
26454054
23119191
12313822
2009015
22929724
24351228
25542810
334931
14281212
11404370
17638051
2353270
19335408
10249914
24684655
14928428
14619754
12072201
1259740
10201039
21147714
16402871
23097917
28846251
15284421
9767501
13025926
24742917
5876846
10494210
15429675
14088613
18993042
17122595
5626206
22594793
28873590
14138440
11856881
1571516
10872537
7388136
25632191
4406980
14433735
12612454
13668688
4418714
9728062
3660443
5906697
21461464
19922025
2973990
5463898
19701505
3890654
2531716
28116817
10591808
10304742
27467080
8462407
25558250
7052580
10291341
381486
16945648
22069478
4468744
5099326
6465556
11757976
2663311
9541867
10015021
2884392
28811819
17315592
7070172
12898419
2932706
15997566
220520
28243337
2932182
10388262
12102421
11030549
649737
2129401
3550067
10058074
27331067
25176764
8910506
7025438
14716316
11846322
5247495
21870769
2436015
15727264
1742955
18582494
9890049
21859429
14617794
15913400
4026460
20232607
2321473
3849370
2708958
8635832
5784490
10705208
28542100
9973019
7480482
19751663
3958335
7533303
19951143
9949203
104022
26224185
20581517
22005548
28213882
18680232
20127814
2657096
5837215
27847101
3964699
23136650
7476543
13188762
3235500
177089
7167223
22845642
16868455
21163751
28057308
24971471
3224726
8790437
24818259
18750753
18604095
12812707
7429281
12530533
18527686
26062050
27170303
1901285
1877733
25556786
2486591
11084288
17495971
11860566
20370558
19935938
9544723
7299454
24825113
9549859
2112209
15163473
13591909
21056985
17939025
19266871
18956787
3277547
19346342
12005551
11321472
24877137
23445022
170806
14520230
6269975
13827890
20417092
18218268
19953446
26864390
19786026
9517305
26720034
21119417
13071104
13914400
29154865
23990820
9661640
25117951
29018800
16028023
23485039
20903772
14661477
18724103
6951236
21116076
13272780
7364104
794239
481
17175046
5146491
12906713
6855282
23034445
22712703
27592243
79715
18947931
27826610
25606202
12805634
10768127
7883859
4252760
4036913
13775595
22793617
20436487
8115027
20170121
23564510
13952536
22705402
5451323
28747132
9965411
2915873
19349059
24807749
5897342
29123339
11272047
19354011
8423040
12598303
3764772
18569208
3633514
6142297
17058482
7365917
8552874
25534789
23268265
262717
2404001
5660567
21427071
26031978
12966066
26624720
18113187
14365405
2383565
21339025
28201648
3961236
26178531
19385720
13535702
15703332
10343873
17477318
5232813
19013833
27768364
26782476
1510725
25427598
26749424
10327268
13257653
27093731
12774362
7251271
7995647
5532024
11498076
13605926
7918791
27760662
13884729
15577736
4967331
27582329
13964069
8815928
19585535
118773
27845422
14861959
114092
20490041
18868955
7610338
7146681
2340765
18836627
9987032
1813519
28815693
16356481
6006381
8741658
7242338
14556770
23549721
26773234
12897415
18524772
11144629
22793330
15462400
20417242
14954978
26800369
13845295
10130507
4723576
18808256
7355380
25153004
21663755
2986934
6171764
7577286
15963224
19330821
19180934
22790551
24967139
9717609
9114143
10253186
14351938
28432680
1659354
23828524
15628604
8907660
3062372
9530962
7838352
17822032
6571947
4824471
11720367
13840614
2775126
8730572
26304502
23172021
8624814
3730042
5827284
16000944
17556353
22332674
13167257
28266900
3319982
4357526
24525672
28645039
8593832
9326989
12804075
11555269
20766152
24901217
1069308
4043915
21762590
21817455
24905239
21891333
2049345
2989795
16696113
27566681
18909333
12218033
6988311
21783871
15333690
12654611
21637262
8093027
8656266
8809730
3741228
3834943
24923695
4842257
5484538
26198563
17720838
17062859
129535
6365811
3138627
27215428
27102251
29031257
19768110
21915444
23998795
22446240
2884037
23281655
20578370
26285462
26044344
23493700
146609
7240663
22801920
12827531
4351799
4821322
2689610
17702546
17153980
17528707
5924994
17581680
26069028
11355027
3567805
20877683
27227135
22070946
7447318
5186807
23836037
26481871
19031407
717140
1867870
24562150
16040886
15888244
26138853
18803681
19495355
6122653
2888864
17980598
28941496
5452827
6470917
14320904
1421126
28732301
20619680
23729968
3657448
23994920
2931466
10656860
13430365
22040328
17038483
28929022
4958974
12762471
14257575
13272832
3479829
4783200
27583298
26397206
15196464
9659774
5558391
1514757
6341157
16239611
1153255
14620592
4031701
6898616
12504799
25654734
14718427
15428335
20798501
11804163
10564555
28854714
12421952
3304917
6724928
23079587
4315021
20846143
9282642
9474375
14849534
6242624
8390311
7567098
10482389
13681707
22122191
18478780
361502
20880566
12207910
23414639
20919368
26340542
10983764
26236465
4856233
21717839
23667355
10747362
28542212
7259637
11773360
18502366
17793471
15038785
13796944
24000647
5996609
21843593
19887639
26086011
14563810
23868604
14604908
21163609
13320205
1241625
6270870
24910438
29121198
15027369
2074449
13486478
11127883
8069500
2569110
23268871
22335628
6051291
17777577
10039846
18626167
25894575
23508996
12596399
9042176
10756926
22916583
27874174
7279783
25179035
11481103
12203775
10548399
3006856
14892739
7213342
20084003
10047076
12479563
15634720
22703060
12808523
10917368
6662587
14893873
15321393
24294869
12295782
16585125
21043003
5334424
24833342
6495973
2395644
18839817
29131578
3477142
26897548
16393071
13879583
14630636
27277821
26471037
22138632
12082854
23649238
13537353
4449283
6147590
18474615
23520926
16040473
27074651
14399550
1171293
21401666
17539843
3251866
25764932
20911784
14547030
2938780
5993525
25327970
28078503
10745844
12738507
8401134
12266912
18275250
16568547
11295579
15194967
2821798
8601278
26437146
7145222
13866313
28891932
19267118
20559965
9121376
4512754
24476559
15663282
27079428
24796735
25788060
17864837
22826152
4561833
8022634
4020278
14051256
12589463
9320942
27638933
23623258
20992588
971332
21883858
3390322
21497876
7561395
14480151
23894966
16348789
6681679
22466349
19770556
14754363
14886980
12261669
25396902
28839825
8678797
9214591
20774157
21226227
28645777
8449448
9314152
24593172
13502910
15572324
7769780
7131929
26667600
20542974
7245840
27437032
14322463
18070172
26762911
10016181
26602047
20232191
25738234
21087316
26382944
7508886
8161036
4850730
22386447
16182311
26869243
16612571
28532389
12324709
1555649
4052605
13750113
22901829
6466966
6370981
18064724
6030380
29046090
18034143
6220511
18335669
674121
23109856
10271699
25334294
13437948
5514731
23009248
18229347
2569854
21532214
3926014
21138725
25945063
24577451
6453497
14544534
15056922
24479784
17378171
7813821
16389213
7379131
4837104
19240161
25288467
18834156
28969870
353995
17360021
1914230
26867544
23303403
9671908
4756968
2325046
14012176
21748451
20280609
3946907
10591130
14390726
27312138
4328802
1044103
9520529
11133713
26326364
7243101
26894146
28802614
21780291
15952627
894239
4806523
19430292
24934472
1474135
16699214
2646451
12860193
21402323
22110576
10621931
14463307
12168518
848011
28868843
800895
5889883
24598345
6262327
13346623
17791609
11998664
22681315
2277428
13399568
26683750
4266384
10941518
17551949
16973768
25682336
5119767
22135963
21534653
22288021
7417516
24456892
28499451
21041837
25742591
9942058
9773919
14754464
1011196
24118129
23074073
23698569
11346835
6806736
13067238
9468883
5157754
27759096
25157565
27171045
2458050
27935376
6096191
4062757
2075756
13641380
22951258
11991747
14718446
15881336
12592144
15535680
27874302
18557393
11267918
10988126
8930861
4459365
10483966
25276203
2414867
16267337
274904
1877952
20452556
14468143
3114892
7146710
25301046
16025764
10718428
17198868
25859620
21614811
10271499
8887583
28082935
7069922
28559604
28342767
17167035
23194752
23071337
16886175
9626532
6808552
19307735
2458233
20848073
13020203
25001299
536915
14618356
4610336
27923061
13305846
18327097
5892703
15231857
26905753
19326145
18263617
6927368
6615610
22691877
22005152
9487980
28900168
8706462
5364852
24075005
19084434
13568220
5906358
16382015
25971874
15120480
6287532
25420510
20311158
27561848
10034536
1773855
1312510
15443240
11673932
16877563
10224919
15726558
26128241
19978385
12710535
24731741
3725791
15931205
12595284
13298689
4123128
23628738
8425603
10600207
7812221
2702419
6399921
19945879
10094483
551364
13612897
7885684
5029547
18537303
15892912
23751297
19259924
3238521
24021896
14750948
19909323
19406535
3016023
20200075
16252593
15582905
1780031
19587103
11808076
18126547
23676661
12326496
5460091
5723183
4200286
6669917
11411511
5848557
6332981
2208798
14325391
24235595
10796347
10438251
18080954
12654391
28889402
23312550
2132773
23418936
11734925
18512823
3153941
6236693
18420044
25825491
22578403
2457059
14714016
28641581
12666456
7597052
26929785
17593749
13115247
27511730
336935
9202713
10326740
900961
20572452
3887140
24958216
16945531
352423
23928404
165192
5470466
11577625
12779950
20264994
24301806
18896354
6488451
2461865
5606559
755049
23096823
18950604
7116964
20515370
13876282
23641806
18221630
6900387
22716109
6828563
28595975
17790261
6439600
23906320
22430496
22338292
1029812
16780339
24041958
12350779
16545242
4009047
6079394
12687171
13776543
11483515
13289795
24536977
8525042
15815956
22798085
21385028
23877897
2278733
21097315
6975894
19729272
11393067
26267988
4925847
388963
4689655
14163340
2904883
12520082
5650157
27456335
17839034
235096
9676485
6271385
22661646
19392504
13399453
28557376
8043141
2958473
16277414
1738891
5943589
21098060
10162926
287713
16902002
11709462
9704248
28671482
4446998
647677
21578333
9566082
16287655
10973147
8513182
4608549
23841049
5415061
7423424
1211223
25537026
19443981
11675506
23264271
11349363
10440980
1923536
25107825
15818458
24339355
20735966
5655876
22999632
17257038
9387040
7034095
26066039
9056570
7093149
24040917
3163597
248759
1052900
11679106
16292099
3098121
26345126
12273400
9038036
6783017
18695717
21076330
8094618
1234526
10984309
5045113
13426097
6744181
23175433
10162582
20143298
22282503
15072411
15965537
20351000
330469
29100946
2025122
24696548
25647965
22988017
20644491
13116661
16758353
4137555
22822273
23220086
9205682
22737684
6765281
27848400
17461191
10092021
3049505
6612004
23043702
673254
3263515
15760884
19696505
13893745
4177760
1931502
4385516
5668166
7969452
4793922
22256556
8197106
22855632
12531303
25033238
16506936
9097963
22698268
24091874
84589
6098379
10517283
24080067
15476835
24798894
10849187
5851893
21179826
3348489
7282818
10136750
8173344
11583124
7408577
28311804
17313169
23122051
28751595
2215184
28932347
11098291
9725253
1967442
25152271
22236915
21138545
11218637
9013373
6243462
13574590
23968098
19781545
14878390
13230880
28428516
22422643
26304273
27729076
11043076
24335145
14503269
21531748
27825116
13073529
13446527
28720210
15097985
12993278
7296878
21649932
16608479
4749595
6291912
9988898
13933634
13223542
4538657
26804047
3848850
15621918
17499775
380792
20513030
11259321
16086607
19503015
11379567
1969128
13225807
18671329
15313604
1429739
26888796
17908480
27135545
453248
11066906
22608053
15188374
2547283
5001594
6619581
19975962
11871945
24253816
5933161
28178266
7720314
28107847
22271633
24268889
6240454
13454185
19813590
18683329
3761053
6277207
21868239
15815524
11796068
10586108
16208699
22257770
26435547
6841574
4527492
4068449
8519623
7250033
27372368
11731322
11933223
1169340
3686374
12853680
6177076
25788890
24710208
12611426
21867393
8817448
23258874
16717126
9693132
3179956
15618664
17105530
23641140
11282131
18410400
8341873
2954135
9367125
17730278
12010672
27481951
16081033
24659656
15591876
24476811
26203028
26848522
28239544
13795839
25861060
6947047
22725651
3921497
15892760
8156127
23953842
17927891
9722491
19902036
21747603
8698817
4336533
17498704
15299267
27131571
27846850
9415170
20103464
11045174
20452819
16511017
1533649
20764223
27616629
17903355
15040841
2050763
987462
21292497
20230189
11583136
9857862
4213098
9127656
16768444
17237210
4051805
25340289
1023674
15565503
23052473
22559550
6364963
8455429
24687672
7028107
16801676
7765925
22396022
28315100
28848597
7697963
12790295
5723382
25565865
16915892
12551919
624149
8207901
1078209
5660665
2455480
11892993
16135888
23879426
20588156
16213536
17646303
2287815
26427700
28004115
4240618
27031879
18140431
20813754
6565321
3435660
17646576
8077329
14698059
15524805
23125215
11292098
25034403
11975038
14585290
27511566
11473709
24123485
24555996
18345217
18684777
26539630
20464838
18725927
6233123
7943914
8589411
8445762
27207198
28555822
28667259
12586865
20466558
14704771
3167177
17291566
7541176
20925346
14112115
3405960
19650403
11150177
15510383
16326412
501328
9265379
21759145
11932067
5438708
16819941
16683954
18762425
20306507
2164497
10136516
16590935
9896717
27997165
27742079
4263906
8089264
13962488
28223263
21978566
25967170
1045406
3179451
4135215
1274943
2961938
6699152
22127566
10648848
6245004
13370841
7372836
3826671
23742779
24408113
5479858
25673435
14519457
27429483
22519146
11071355
11299352
18008857
5632811
9551475
13779590
24004219
4914272
6798893
27177856
18799115
21831954
28930464
217512
26596064
27110953
21473091
454148
8756724
22079587
21221907
8431637
12124724
27506814
27229345
28692231
7210375
21957863
22251677
16130131
4510289
5438544
20551452
23032842
432166
4637202
6980697
25986364
15275158
14126940
27407393
18581603
14039465
20623086
26707997
26141916
18354228
18197079
27195816
19128662
9954863
22875094
10362292
2236067
20296439
24075057
25244129
9883819
17447574
16813133
24738679
281022
5006377
15914250
16052145
22409378
8165619
11657332
27738972
25853556
18891050
25587881
10677180
6701123
2268858
8510918
17749675
18029141
27045791
4320722
8766370
26522370
21382230
5090810
6151939
56193
6627482
8430996
14305141
6810126
11806755
27628004
3032452
1400574
26552205
4394813
23830407
11472064
11569857
20954665
4819949
12189926
23319023
2166262
18111449
13399718
268702
3072526
28066346
19326995
1742067
3675559
20370431
21326036
27623329
26880943
4554627
18620931
15427816
5480711
3777674
49755
1075799
27797640
6730167
15080141
11628531
2875742
25455690
28539931
26795643
2653687
23238478
28722880
20701134
4682497
4136947
28905283
1330459
14034360
17760139
9576032
5212231
22649489
6414983
27805973
1096701
28233917
14843256
15378060
4404912
23943610
22479589
4799233
16169109
22658000
18784452
1892174
24043675
12445576
5301453
16876337
11112554
8199555
14229507
10599426
3352038
19262587
788718
10558002
8822129
24270651
21964624
25369834
21552787
7341067
12962716
14878642
13472578
9703221
11702046
28765680
7774501
18625163
4818356
3920508
27774326
6338875
25750722
25970912
1333022
15905473
2646830
19316702
4847517
24126921
28614283
11597611
84032
5678068
17753379
12612295
21521438
14623557
2050692
6674145
12672063
3259495
21980170
13866899
20732294
11880458
13590898
3853993
20010838
27639481
26133362
20606989
5005853
28648823
23324082
819895
701530
26483485
9505994
22409907
24042888
22936215
23004233
16631738
13316630
21933397
205177
14847293
20755068
27951197
3497550
17608739
1330776
28903287
276000
16878301
21029621
4754992
25684206
18207424
22633628
16288114
16086481
22989533
27947293
26000598
10117476
7451624
2440596
15729779
18209249
26214725
9619585
19874411
6070134
17272912
1178328
1413981
993317
21949904
16263995
22557838
17332739
3256049
7873666
14324583
9997670
21625772
11281364
28199667
2120942
18447670
17500822
19245884
2515631
10139242
23560002
23547697
8045950
24189447
6110194
27494839
20144591
11150247
18696082
4656153
5923169
27192000
3953560
26399054
4617165
2651520
14684172
3008155
22418380
5051469
3043219
601577
19504829
11637269
10698845
12035059
15932039
7361579
24845883
8127934
20896867
18174130
17437503
9711112
4044856
13763522
27602331
5132011
24030653
20664083
702593
27487691
12218409
20105615
11714882
1609009
9393140
9632702
18768511
11460377
4350215
10209525
19062733
7469770
24865230
3337266
5992751
26607680
5268287
25475328
19850432
829328
14129274
22477556
912356
17716419
8536444
6938248
4429418
15346537
27249248
28560553
15772808
10609400
356049
20885755
1644073
27092764
5282487
27362561
11201219
15684020
14504295
15725467
20280593
17061125
16872553
9677424
25560822
23242534
989628
26532877
18720547
15216429
3584686
23134108
13287001
22349908
27652576
5028866
18377303
16639848
17848078
24047054
27768902
2423285
15603267
22245087
15891545
8402042
12858266
24635753
24563427
16246745
28012914
10603169
20660304
12433594
27491371
28187946
23325561
4576773
12591765
24746440
1929428
10394779
24641533
8258135
22776179
656301
5984362
23490250
7674521
15424793
8443787
5523814
15691741
7201225
9386821
10059367
2642190
15415096
25782839
13960258
24746442
5222894
1915372
11275933
7911608
22914598
15596180
27739122
21450920
2196986
104906
22831294
16778600
13628806
21077347
18089504
22141781
19719570
15046463
2150707
28893053
20046137
14940568
24435948
23362610
12775300
13436529
17841932
19828655
10203519
1688460
13470509
16114861
8160775
24839753
9332486
20267253
13399194
27634216
27779626
4221961
15636101
20557522
17492671
20647026
1357777
3043041
9634648
9630092
13803901
6013714
4457104
25843528
2165267
642993
24324252
22106646
3233009
16153472
25161721
12892233
22687685
17790756
6782374
17053523
1084133
10858271
11291201
27980808
11998114
26025679
15889291
24149076
19199745
4093203
655952
10531259
8042715
22424509
5172988
6763948
3848446
22617686
1519275
28022197
26569985
8170780
15748500
9144351
12269362
7370964
24913434
5634162
6350197
25084104
24565897
2263326
17663732
14425523
1735091
6652613
6825934
1439661
13136698
27472060
14854063
26195019
24161846
1278767
18576062
11715303
5244672
23789825
25207702
12152070
12273696
7069208
14704993
8377536
3034492
6635200
19824342
28989331
10228266
4086870
26223947
28943949
19331810
11011119
7599588
295429
22675915
27317450
5389173
5745254
22113789
13575295
7618956
12446543
14837670
23946238
5311176
11896177
11516129
18138494
16250652
22699735
4034716
8069793
7356768
3205162
15210509
15737472
21568959
87892
3558635
15212828
21344360
19036381
7138778
28245714
13709831
6574235
24007236
20973879
27286299
9667245
17541200
2476293
7135367
2941493
12430109
16332683
14449099
7619968
14103778
8180859
15342967
19633129
11662859
10422871
439778
15122617
1822411
6356131
26707107
13682255
26877624
22258647
5326550
564543
23042053
21895953
27251512
14339990
22236253
14453579
21335453
14599707
19206185
9606259
7295968
23613715
2228905
6268240
11080576
13274224
15321575
4920095
19193351
25700243
27404035
23243648
17575510
17300157
27442082
23252035
8355705
26313081
18020168
12590598
2473032
8702063
18463274
2441506
11808112
26440121
14050969
11729193
7303739
24752471
7377354
19831303
12533139
18114682
20106665
6160481
23240874
8424907
25479636
14753278
26928307
10103878
24961566
13127050
8944452
1129001
5231867
24925108
23840048
9318105
12930898
18835101
15697525
21183154
7194112
78919
8779956
18458499
23155414
6276010
1862906
18422673
28884639
25176233
24033809
1325332
9840846
27291171
10656601
15375757
18951712
13801257
19963001
23832565
7895183
13179345
6448954
14717336
1637783
23808522
22780581
10551319
1284562
5262180
2046772
7539188
24887081
2503945
6239167
4732740
6551372
5846674
23548865
17202881
15335387
15546213
19828732
13268663
8339458
15658918
14216331
24279148
24709649
6783656
17383611
11981421
1185135
1444006
21096756
20246465
12167534
7161974
27308121
22905375
9535100
28702828
20103596
20154340
14756148
392493
10343876
8152066
9314862
26806227
26534150
2066723
7206754
22973388
17855907
13220311
9752844
7432674
6895537
12728228
24402096
5583178
9688240
10098671
8080047
13934782
11741919
18422160
16430449
27765294
21605353
18540761
3590254
19711103
28614039
6604081
20237632
12697649
10777917
7248138
19599473
22364336
3014391
12790018
2864118
10423233
6324773
26184617
1834153
20115934
21843563
14303425
16306706
24913459
17160327
18817888
16307908
13136625
25976807
27049689
13818614
1894250
8730296
26146173
18277046
15916390
14629739
12989493
11901751
7217156
23037322
25613029
19500218
11394733
6465245
5839502
27392654
5012414
23144629
16690729
22612803
26090105
15946673
26648818
27409126
4023701
11644656
8061794
28478012
24082557
18319392
6476016
2420778
21973907
11516434
5287553
22818213
7412583
8755746
15448723
16876939
1286163
8791358
3304289
13162079
1452830
1498448
345499
11559612
26214525
744056
14767559
27840980
1566545
15004162
8990906
4705690
16722099
18902402
11645570
11305353
25505486
24119582
26293226
17959269
22907426
15335382
7369490
9339219
26273157
25460939
3216223
17284085
7338528
1805841
2460154
8696793
4443924
28761443
15595628
17177120
17981086
28923398
18850074
26020856
17085638
8892078
22220121
24220321
22556917
16685988
14172127
26349792
20015731
601418
10589778
13568207
7865799
712126
6122995
8989072
18122411
1410382
14823930
17445310
26521917
21662287
22261166
6070379
10780357
5475805
27487047
21120231
1481334
28761570
3800734
22025317
5138736
24337708
28851769
25367126
15473832
3214283
15760013
6447523
21895620
28681227
7445212
28036728
1393289
23516188
23325143
19480676
22852041
11965218
24344145
10095112
10881929
16785361
26546908
8463701
22798046
27885477
17319496
8616017
13266408
27426602
11977123
8931610
8863875
25637486
9607113
9026309
10478664
5882361
28162312
12662467
27287938
2732599
4711585
11072614
664147
1003498
24296532
12756929
19886864
26362359
2351778
21221803
12790890
27821432
20304206
14182028
4262643
19052895
15442469
4334798
18562727
15499638
28484498
18641141
4802396
22528327
28827572
26976198
7754424
25429713
26754457
5858898
2068452
22511661
5579656
6710793
10276635
16737748
48724
17468636
3215043
3690347
917597
27768862
23558789
1251311
17543134
29087846
19293743
18746405
23813875
18725160
340816
24759746
18973570
6986199
14773903
3397859
19025316
20699101
23361261
23046370
279241
14161234
12235026
7645483
6662068
11611574
13522705
15161952
16551039
4606181
9291559
18469861
29029303
13274518
761143
27956730
24077545
568582
18405589
17857704
28911591
12158192
9985843
5219285
17120884
23234803
9196598
14782520
10063433
28003602
10811344
21793759
26302740
19427026
23282778
20660117
24220536
27720099
5870392
16884753
23540454
14820616
17708718
1072573
18356973
192560
28354716
25023416
816992
25050971
7871860
13335880
24197309
5554615
14826261
21141938
2814943
29156572
3971176
17429675
1700862
10187893
17314556
5642623
24366491
14366254
4433299
7335783
22983219
20209777
17979610
22467881
25623644
17516157
20681433
12137132
28535569
3303744
17151556
6284686
853662
21120820
27669620
21858946
2739672
14829690
6814336
14545269
27455710
22943284
18918694
25218240
14981403
2948301
20012899
17030707
10186610
3027097
8159748
515338
23746134
463452
20590023
3130086
18140589
17377688
13789151
11894457
2450082
14834311
7775067
26958292
18381148
12839929
15044609
17354403
6177555
13031053
14430150
21041045
7961881
15970392
24008916
27110696
11565266
16985802
27674534
9671272
8440964
26499871
9085315
10259622
11482864
22015910
18500936
25049707
14927606
17758415
4119389
23455366
25613164
24095139
1557256
1026744
25465949
20817131
21727828
14296511
5069172
17263333
26192130
10011185
4405126
7023114
18239737
20697569
27348413
1174663
19389531
16984917
4660580
16229406
20918687
15593158
25891879
19546096
10573891
10275814
21305252
9184251
11541684
24586419
27789191
9900126
27262492
813011
15747958
23268070
6907956
24217988
12858207
8812590
10575023
2511131
27638277
17065074
1308038
10363496
15317657
3160125
14869805
18227423
9141102
1372591
23822842
5259638
17044419
1389640
27894131
15522407
10555061
1641557
16127502
16619753
12955743
22797997
23065056
20689971
10409863
16898941
3286539
10347075
10334314
22669949
1203093
6918355
20550992
16951488
14297266
15893809
12822597
13497214
13208156
22685039
3131747
22433202
6525508
1522011
9638153
15896148
28554906
23095309
17845815
22489505
22714698
21425772
12388134
24969689
7047006
62787
6564627
28580165
27947557
22219534
2118957
3055180
21781090
23460757
22932465
800052
2685653
8941133
10365467
19934955
16159531
1609735
2438622
19789361
2127106
15702845
27210333
24868976
380610
15223618
28904946
26905010
4022340
12325347
8048636
7626842
20078806
3148668
26461208
24892376
438444
26621776
28086291
20981038
20775104
3634906
9238160
1554273
21941603
8755731
17496332
25530171
28642630
5539352
11382602
25221706
15322235
1630289
25124031
21439176
11201278
6223173
8499948
25555499
21406541
23703542
29129210
13990005
2710224
18643007
25966086
8617407
5846672
14094959
1386452
8864404
10853303
482428
13217942
25571433
9273102
1600554
3791142
3420924
9020692
28555888
18901250
12686633
19589012
8544432
12939228
4449354
13976632
3599980
15229864
26220111
20993318
129777
17183919
12896392
12796335
1514701
7230955
15785842
3241655
19707598
24806463
4085445
20369327
11617387
21780291
5852177
11383437
23198830
3323249
15137633
8966875
392
28907406
15139658
23727800
9339248
18379491
6560096
1410237
4743661
9036192
8096925
16493443
5312792
5665437
26170493
27433047
6326931
20139380
17959785
28498272
13189076
11465155
14517150
19037525
17385035
21332503
15049379
14231955
22126432
15390228
22987218
5432592
19568158
25920168
6811278
26732585
3279404
26683905
22473313
17410219
22526975
2431488
19482950
25843321
18142081
24834688
9473261
6988660
6950304
25298205
3624696
12955126
12883694
11988222
22791721
3153080
18009645
28819151
20404738
16693840
24982071
15870624
17424889
11639147
12284338
9287374
4259272
4672760
22960505
9685399
16730843
15487229
13449408
13451837
16370059
796994
17884384
2978631
22167539
12798753
2058085
10440049
19323406
9730614
12782151
23132570
11908343
1315805
22640655
23337688
18072526
2986498
3586286
26941089
7379875
26415153
15486870
13377448
17101917
26276851
25395992
3279006
28277170
2295987
24727453
3035002
26593031
23889206
19724121
11727490
22635348
21487472
16461472
25350836
16625845
11466346
19295490
17730656
12403280
9297731
19751402
9935011
24766624
25134708
11454219
12806001
9313236
18370020
17141457
3466485
27159681
23100004
26515129
14885742
23666532
19641822
12470882
14865540
1253858
27396650
14069593
16088086
23665201
4995126
24858921
28055190
17866640
28801334
27139254
21271844
13691108
13420269
27640793
11960622
5465046
22244199
14468119
24650326
10013914
23201454
6111357
1917513
18237047
25676882
2414859
27604567
8031537
14234233
795947
3969347
22535023
27878041
20389166
24770012
5932061
14861161
915936
25754797
15110226
3362559
22791051
1730485
7955222
24200169
16296078
28778296
1873859
20426666
18538969
8096400
23767982
28398051
28662655
9436055
7288918
6984201
26808619
4062190
20859211
20881482
12740181
26925012
21945980
24331580
13497650
9337264
28910936
26713377
21767321
13379741
14210912
27750883
4237982
27140502
11969883
14672987
29042902
22937460
15462259
19300919
27397321
3975501
10752706
11322028
11787436
3226728
15284991
5927137
10125584
12737773
17739076
17568602
3070936
2252290
14224219
15944273
16729944
15531195
2146039
23176438
27945334
5873985
5424574
8368569
27257600
18192424
28370729
9741983
14343713
1130332
8548212
16075293
21348065
26329553
14840612
24663874
22261145
21350792
6991636
21716982
9666837
15486786
22147958
16286664
14682346
27853025
3441808
12357081
6389436
15075629
7395438
19576764
7776385
6035724
9157841
7159191
3848711
16883971
1193771
27428421
8942267
1022234
20038256
25844192
4068408
12293394
7315812
544162
11683955
20664850
18372599
22540174
19608015
23454934
2488430
21128840
11107163
17526179
23765217
15972672
26102819
1359714
62497
617194
2187013
21433870
5965420
5580291
26745279
18975112
26193739
1901650
26113826
26548437
8171954
22327821
609439
15810962
975138
18303782
1056835
24077665
9695318
17282749
1991345
14122251
16167198
24294491
10226935
22405503
5553749
25485624
28332701
7788628
13455349
15410297
13492166
5793883
27350127
24843629
22021286
28805303
22889696
22589580
15582572
21520993
10996256
11465657
14754127
6057474
27412039
2577661
22086320
24733067
1115551
25660430
22698891
22921695
18740742
13901312
23232803
16568696
1673849
2565978
23456462
7661466
17220171
17808538
12932597
27704825
20757507
18235281
2866305
1368703
1236898
4116914
6766866
4938782
13213619
12176466
13131155
21482547
1462109
15229465
20837751
26157432
6919687
8797579
28848893
20975621
1871037
10310399
22272234
12815957
14505808
5647924
23888870
18675347
15854606
13500891
14482093
19388804
6641957
17552966
13405412
25458116
20063296
23750401
10611202
10534647
357930
27061691
644795
23268253
27113352
1683746
26468539
15104067
25730117
8182068
17506962
18215080
24964592
16624310
18087088
24990462
8596893
31552
22996828
15269377
6858934
26089128
24786966
29147416
26649670
18815012
14846914
9528649
13036044
12709512
28693426
6249678
18751913
17764624
15603289
1652859
5113630
18286471
26757106
7515036
12377477
19686226
18931567
29134131
26830992
18055536
20797208
22487517
22332619
26067701
9285985
25675094
18243033
5971954
14300502
6764595
5778968
20940976
28798799
25589941
12761174
10928802
9449964
6742628
12650993
26476819
4055754
16402169
5908993
25874454
17743470
2046921
22015235
876031
27140497
4343475
14526492
23889508
2845105
25817526
26628243
3314031
1018165
11478438
18996561
12163101
7125797
28152602
8179802
17869996
5783551
6018546
17081384
12133146
2686873
15052399
20567825
7341301
27818699
22665647
3859219
6511013
4066425
7315333
5153114
3250989
20301945
17868967
26421266
28691075
14442934
4793379
13477471
7658639
4352641
9647533
3983298
8059375
12012625
20964831
19592187
22810406
3331672
2028984
20725321
14149147
16393701
16705753
22285656
10951260
8242796
15347461
20161474
815436
16173389
16444148
24793298
10414445
22229607
11271461
15213603
25587870
440738
22633513
22478916
15096840
16438483
12178468
7270763
18362219
17633159
17563203
20888660
7986100
4438858
22823143
21023492
24246016
8462957
6938195
9593360
7427360
17977646
3717326
23985713
24562519
13018115
13521837
24360842
25801738
474297
21740091
3108954
4147472
24998604
10300448
26629652
27236265
13348884
18867561
16277134
9647059
13124344
27225518
16122609
28156418
14360185
3728870
4296229
19839172
7764124
5876034
12601647
22575128
9502786
10463876
19005252
16376378
2691113
2620751
12336358
15130400
15545062
11612081
6677821
26922340
26111565
7762091
602704
22505400
5743216
18211617
22684451
3771501
2508906
2037312
23860189
23681014
25124747
27580196
7237525
14348997
15176823
20941346
22373451
22286409
26576338
16384501
22843594
16720714
16235690
724277
8452579
7426296
4304091
17719304
26319636
22409740
2018875
1194662
28980950
20775290
15702711
20647138
27874888
7987893
24876141
25439993
6087063
10775750
2046947
5099754
10779121
22050415
23525009
5988950
18246389
28659198
148811
11762891
27071710
27612968
15223761
19893275
10266661
11054352
5344003
14768548
22588791
47159
14651952
27137386
22060403
26518392
14574572
2434894
20704405
14100390
13036620
987309
18800204
9156533
378320
4790171
22607600
13669385
24643714
25287073
1587488
20499418
25699130
7178435
6989881
4169409
4192846
14301688
7269136
5296844
116596
14254979
7146757
6937134
2206388
9269083
24617562
474182
18558275
19717096
14103761
3880086
19412564
3653607
5352508
5512509
28110033
16124102
12081897
4144295
28747944
13212628
3153111
11173295
2985589
21848193
26060274
28056003
3828666
11817731
16953662
11983036
12048591
27037675
11479573
1732206
9514382
23704040
5173996
4321763
304532
93727
17331153
3543628
23507150
18388407
22590613
23965737
6179733
28029270
19794759
17574649
10227039
10464919
14273021
22893162
7663101
3886117
11102341
21005631
28929141
8719562
503463
29119960
7166866
6579108
15361785
23996194
23399508
5080268
5794184
15564479
5746578
28102747
10113016
28701414
1852248
23721343
4170978
17765085
7445805
28133415
22105202
6137452
21605393
30478
11790821
15817471
4116977
21186354
20502168
18612755
1552695
12727930
13758175
1974247
1983175
10281516
18202010
7835029
28493691
6851438
24255037
25008740
26250499
15551674
14174009
2890738
5919112
24001139
24819883
20111928
6528022
11718298
23506632
5787922
25073502
19764468
24475304
14664222
9277232
26577813
23658155
18382023
10744755
3476659
12932238
12951721
10947826
994146
2383566
22288526
28564514
8703363
10834730
23359761
9632562
8976445
7230855
4610758
17473117
2745159
25765297
19543675
15804796
22545739
10472619
10409280
130809
27057492
9809642
20055210
5476632
20181496
24253360
16596609
21688834
1581666
211728
17819300
1589632
22840204
1097370
5204753
28230802
20661860
16128906
23825378
20663328
23289271
8005462
16733017
16100364
22023133
9071056
5395516
22414929
2218702
19403212
28039175
11224434
8431721
24961850
18040024
27652663
12315268
6028454
3869533
29152034
6531525
6365504
25544880
23769402
28399085
7879422
23208999
29158533
11643210
5463490
22733886
7188907
15142329
26465536
348421
28768205
25655929
4795879
13179329
20154269
615065
3077325
11987985
9939059
2290156
1655143
23783129
12323235
28656930
16307604
22410729
1565698
25929995
7309032
19363978
28400553
25396213
17745508
25228222
4454303
19481162
15071924
25644060
15534125
19613182
24712543
5232450
5501660
22984389
28905579
8166284
19836006
787169
29136416
15315931
19126922
2158214
26279100
8716081
27091232
9181184
15101696
1005294
26689442
11072820
1618470
21975906
20941910
27424347
28959872
26773818
3947036
24618743
931517
29105250
14111522
20531729
5486872
16138951
3148382
28118410
26993443
23323650
463822
26978202
18196831
10410841
4226983
6741490
12417959
15729511
11651742
4028876
18190399
4713536
19290911
3354123
11819609
12971666
23477311
4341129
15485875
22805362
150794
28363363
23618378
16776146
17383347
25332038
18305508
27788308
17298162
18818816
5126819
19212982
22751218
1098915
16796456
7301047
24249749
8389083
26699113
25741781
13897965
14836276
11697502
25122820
9036813
26282054
26645792
19475524
4190335
5926087
28346984
2178223
10980016
17089915
27630639
8398614
26837451
28646693
22661489
16888755
25227599
22831479
2416525
15450171
6009167
27210948
28565510
17311542
23651119
1506411
14044279
17935146
5799462
14575448
17280603
18721290
22091719
10363279
9932114
20815687
24106071
11257069
3707585
2581402
9056039
17787521
4540700
28752271
22222669
28990011
14472229
9777427
16822312
4365578
5688236
7501199
22363404
27059099
3267263
5715972
24866949
18272406
19458118
16238173
11287304
6917324
27592751
20079607
5060782
27835046
17108102
21524669
21004604
4723639
16844277
28267344
24724853
4710690
14280041
12445241
1811273
28910226
22892766
9321112
805749
7789138
23037511
16647431
20995724
3798432
15417855
8628776
6985102
2184368
7448997
20367697
20660116
28917705
2971505
12696114
25634017
2028037
4680391
11540835
9158787
1777161
13987303
1923185
2899417
4173390
18712476
21650161
28104476
15103627
5087176
13318319
5596989
19239079
20033151
2010522
25973331
2877060
1179779
5420979
327827
7691292
17396192
7964002
22087263
19747043
8015723
14093182
22029251
21706805
26713533
7235601
28037745
28617487
12370710
52830
5228915
22412424
16562985
4429731
28310213
4651671
12088742
22390042
22425749
6799665
830742
10195925
21352808
12292062
17184788
21523826
4407604
16452723
29108280
26797656
16521367
15468919
6183224
14793649
12472634
27256046
13668466
27984915
13032146
8761861
12649846
19602758
23262211
1554888
21500990
24723746
11385923
24092652
21559299
1873398
4250431
17698681
11814712
28988983
26688033
19535640
21575547
6769948
29091357
3282935
10258006
1727718
2996284
8087178
19928758
3291294
3867474
4906605
4978643
12232963
4303224
11094958
27261769
27698466
8972540
16211912
3164447
9512525
9485795
22664193
8862261
4421449
9814223
21439073
7413436
19918084
19604284
7936186
15315517
17007213
286650
2170828
602535
18508565
4219704
15022152
27472652
10438086
19406956
23043686
14131194
5764759
20925993
11049857
14177593
28620016
25529692
28463830
19453839
5064346
12849969
16583189
26168013
8699714
20638364
18280825
4602567
2597071
26453110
13144689
6048252
10938086
16754698
14740383
20195913
12585193
14418771
23232541
25466892
13642196
20921268
21884912
10390741
21465978
14680165
14873764
27969752
20465346
5257434
2870650
8056333
22953830
14748400
26690763
4097146
18041293
10631290
20617879
15352394
15515024
15193565
10111443
9545748
22973080
321612
15766947
16278302
776575
21114848
22385555
22055030
28615291
7204747
24676978
12299801
13018394
28419904
25099102
12409013
11463605
