#N=9900
42309035
62293559
93357205
53856876
58465056
14063316
16871026
61354092
21782777
43363894
50515165
69984709
11269833
2503480
96695993
57467689
7456132
78490070
27402510
63023291
55024749
20414329
12261440
5971240
57489857
17319200
41495041
60308945
71240935
6442115
30089950
77725785
93102130
79293888
36985850
86384591
81554166
62780759
2102552
49808069
32094061
39275311
62562343
43075770
93057349
9469549
21328805
33706468
23465321
6988180
50761850
49053508
52198099
84215867
53749826
95190913
44088265
35052926
30218994
82788777
2613612
48806063
40739935
95991165
87013349
63478717
75545665
31746096
30686698
60837242
76519353
78291917
44227962
44356420
21746965
50614507
84014229
14340625
80954618
63685439
52800082
55819610
84577309
55017186
40127602
18696900
56235545
50573115
32439314
70686558
42048841
93906074
51066340
66534845
11709126
55267253
32792019
14708422
44500370
41668408
16609280
23426559
56544952
82887082
58352192
7406340
58933516
20328789
59550543
25135008
68381757
87056523
15692008
65880408
88055268
78828113
75531213
74822613
97797901
27806866
19620218
73523997
73460574
85072714
25006452
95010705
2030509
89133612
96109143
21073810
74397082
22995825
63084368
49138612
15217192
29287028
45865797
33798507
41220659
61767647
9443000
2501349
97011255
26137521
79622822
4496281
70303839
47724347
55202395
24273903
52356293
23821130
39781171
76459870
83042205
33882841
88175188
78966699
6000155
73113318
55999443
25258470
97052260
25060966
3272815
79428685
86076370
73371777
24355507
29982936
54030019
72579106
12152154
92514974
45107309
31898475
38567512
46029936
84641680
31381265
73766359
65170050
38788926
5898330
86294682
93349133
19146311
6325496
22967256
78751686
65334685
22202103
13249281
17623574
28258222
19174665
55073178
47357060
19341758
41050028
17830782
59525045
18735423
78263680
45211088
97087374
36530421
7186247
61537204
10735256
81865966
59131654
76885369
34713420
76025646
71232812
70381876
38404626
39000811
90038780
56766031
47711111
83217507
83348243
60560397
78911163
97842908
5286776
29526278
57826713
13578231
28840729
5577583
19658050
32996884
29288466
26813796
17058791
23330282
91679176
31859888
38416172
72379635
5652556
62341544
37621020
23495627
69616723
70912221
89299701
96094900
62691415
76424341
4306344
83515336
46537246
40648510
40016194
89718546
89959176
43512756
91930182
93853845
74299118
82117881
7201719
5958184
24408246
83208904
74187737
10563167
17470957
74084628
34758615
71430556
81998448
64718799
32205926
62795450
97494433
4138986
83052181
77186080
29887094
61667835
43499141
46092327
39962961
94513439
87061991
94115332
58487265
1075927
77915752
68340934
48973260
13266441
21044073
5108705
65737947
103109
73814552
35314028
81359807
68049817
39224630
19202998
56497993
19330566
77753269
20308352
63525519
21384346
24950565
73068394
12968500
46995703
48303962
43857630
27289800
85986064
16199579
88156332
50112667
55912937
38560486
43864555
45538495
20940964
29304154
30423919
8016929
5764735
85363025
62156808
2815449
19894064
39459730
36189641
45078674
47632549
84631414
88467125
97689473
75964863
16028058
67120871
19705902
60327899
27658050
28407095
35873397
49560269
49595845
6248112
10374441
8883148
5824027
15114576
4187661
14803044
34334521
43870121
2949286
65468961
22697078
55899435
64089017
81100808
40831853
54621549
39216702
8666551
63702693
30568602
56258960
44973786
39462820
80572434
24454502
67371408
68084877
29625284
39185828
40712697
89697712
84533492
93969113
89030983
70053682
58327541
11853758
58139187
21173043
36323477
1379944
30869897
6331208
9467467
33147731
32165302
80192483
8648100
50417592
9992533
89115783
64960153
20519284
61365039
3751183
92839218
28185580
27372179
29201199
43925963
36017211
89940356
5743435
35641572
68440851
11914495
28418124
64803908
56759243
79576772
21255895
89922477
95732167
72175907
18548611
15763257
79757711
61463575
17542318
74731065
87483250
19014369
52472596
16953692
24443085
74389004
54901645
82269618
89364969
37270844
29446153
375638
12763131
91838941
96497075
92910570
44428879
38114978
43548012
64846766
81854606
47089989
62637492
71232535
81691823
46358663
87494566
94300272
71990326
87801575
22258469
70529558
92581285
76093593
51325674
40183468
74297662
17630801
52823464
88989331
15771339
26880839
91162191
17862562
38673687
49645723
49362557
77592114
54270373
94468024
91482901
1885697
54671793
16278829
73011596
76665177
72378338
88966618
72041803
1460768
93230291
35438503
10467510
43661442
91069558
33694872
85370005
83318332
1859462
17206251
87100767
95918778
86217153
32780094
57773631
50355200
93385351
52904534
84119213
43648302
31059856
66467698
26884102
67280243
41910492
73318605
4623374
70917570
93746327
27866926
80266885
49568849
42378946
74782638
56301438
97024853
23099036
59427380
85491192
3950685
28999099
54320673
29408772
27125578
28668370
4869097
64245988
41000675
13108304
8915141
16764200
53053240
24557206
42839124
62656869
69002923
77582278
66030074
79924312
35441104
83497981
5484246
82541037
34627720
42947228
94884059
2797287
19148350
30428281
31170519
63815540
1873520
16915929
15803301
52153217
76941322
89770794
46594473
24236475
49328690
82367935
63198703
88406372
53564284
54530472
94636795
78352238
33404800
71805720
65703691
50910068
40133887
60547019
85666979
31830433
15062504
55719404
69636769
44606437
28554760
5518216
48012238
38993930
29248234
24042508
5558744
52704847
31705729
62236538
50311399
58932319
28803651
97941857
83043204
64485673
21125672
14094701
3912172
80504733
31671832
5156672
63253090
97577081
36748141
21211200
60203665
68466067
27164644
55382179
94604200
87570831
65543609
15233356
33435185
74553388
90346780
32595833
91667075
62047037
33432887
41643168
73899116
62327978
76816185
60212128
51837127
38630940
80432870
88029127
8515269
23368378
66418532
33305515
37373416
66292074
92056557
94095113
63135494
37603813
87848571
79370844
45399272
89000222
14160203
90112979
72159940
19563368
97172946
50023906
86157922
60378536
62836984
4950613
1754477
38185244
77789259
53081627
21379297
48328118
21610594
73219754
75268588
126458
39258959
41288304
92430207
54452744
6246542
81774651
81478168
96858350
56474267
53296293
8103908
92606835
82213660
22136033
22679073
28058036
76460549
81207309
58624058
15915366
16434981
46682851
8069573
29461141
22734658
46169544
62333156
12747762
33960795
33980284
5706252
74079842
26305388
10655555
62248202
7398193
16564010
19445501
80018068
61877432
69092634
75241501
61191388
45419249
34949111
39481765
67443979
51808809
64772328
3204833
7845793
76247466
15211819
59910030
56401612
9986896
12208748
28352872
7041510
49154580
96948522
84324323
11831639
18907195
83365172
42802701
16653752
52696579
48362867
94050193
89959671
14937011
40292390
21709623
67248897
72413929
63983064
55502772
43963016
77798488
86003015
37209390
19845854
5224923
47701281
28048739
92219012
52327795
20677977
20727188
28586567
78041327
959151
67038939
91527070
21932219
83713461
11877185
52010535
33425856
53757803
68250047
36961740
57152087
47000186
11746125
19714539
84194576
67509758
6753626
57952634
72041718
78781735
81070742
11015911
84647113
7370762
71491824
23741228
40646651
11031662
59557629
75787883
68300559
72599105
70913511
59195311
50287604
56129383
81770488
85737743
94615717
21249861
25215615
28701174
52079237
33509994
12960913
26241942
84741667
17245517
66155519
61025806
83408249
73699979
37534088
60905885
55997738
51723788
53457226
62868768
32004730
76232151
94147999
368874
22311500
14784128
75434823
53823488
50787293
60520627
60522128
65914543
58444251
80979247
7003886
25837294
46778328
84989023
58096424
23715860
23110895
81729166
23491718
22502363
17702241
75083927
7448659
91138971
10982684
66498702
57994396
31635855
53920650
70627497
22944052
66498013
62006836
14914196
91311361
82882751
91350003
68816507
50174282
32606956
34200919
20024864
57014497
23062468
53141753
74377259
89497769
608532
64026925
37681418
6317330
15836897
55364869
38959958
24408201
77356829
12578051
85376899
97965430
76696264
8620661
8029856
73196652
68397712
12837819
13758480
32708468
58743047
25879214
21413044
64866086
11138451
56156738
80647239
22838326
43796847
1613959
43079976
83564829
39453654
71590176
65367372
80702323
76018040
17645533
37041302
77401400
25155414
76756238
89935574
3499612
29496576
93202037
50701798
35689243
43368399
77152892
2559050
91886961
6004389
54529933
73492474
86310126
12359890
70296905
69031976
49505645
60170306
69499801
18197456
48024958
93582137
38985465
43661020
96626641
90500120
58295065
76739452
21655802
38523287
86007164
42071440
83080960
41097264
62822533
33130193
49491439
62412129
37302744
9658113
17704264
42170042
3195569
8541775
52127872
10126599
97542176
31308189
3408973
65191291
68485618
4363938
94965496
46495346
83375956
11150815
68844318
11035404
88742289
68857988
53452328
36173526
68522534
49950767
89615826
410404
85101075
39833326
44707864
84406329
6462544
426115
88052171
82342596
9009600
12083309
95991253
23614511
60832572
97055036
68235795
13253897
10261609
75078307
75661029
72340552
20418526
89259956
55593076
43832389
335454
92775188
44567701
68112130
62859692
49782500
44976166
89968373
33370782
35545375
85627784
13393574
89426516
75968862
84361344
74668715
40524364
96946217
53388717
38842300
78057053
82431115
35602869
35931058
54659781
84411074
16747475
65859764
80188128
52091515
88538315
30233324
29915496
92795202
14399590
62164946
16411718
694417
93614216
11240833
44128860
9658922
18305857
6021426
26708124
85425128
21279998
1682063
10152790
60231229
92513058
33389621
19034960
49201796
19183582
78073644
93496572
53929587
75331449
49954804
22176019
93753114
7097360
57024177
67647110
13705173
66560731
94444511
54575557
83955294
82208603
38107434
72224424
30890730
82751429
16289687
66535964
50322396
96452633
66036795
41196269
43311262
5469665
38971317
44978850
63263996
2742194
34805394
31753568
70851962
42857443
54425469
26106004
91402188
88473447
71212599
48403242
71879064
3499534
7731749
2994495
51317873
53366006
47198363
62364767
32429032
17847055
89772795
9126127
53141370
60567130
91498579
87606039
40215670
27492748
10173456
31510427
29900233
89957952
66601726
44745957
49465256
63962023
44167032
34262572
7858009
58976691
40671493
68884568
50191661
52375744
45069759
86963107
20936973
29351308
61865598
14566531
53979311
29205665
6901175
54808958
11615086
64005830
77432583
8705242
95602516
9489131
54182328
74427903
31756322
91913330
89852552
15202684
56104014
74463967
82864706
28247067
8785030
77569375
23814809
61238555
31438771
6982076
16361135
95644069
73381998
23923559
7665355
97180354
17590578
40905346
66650002
92183471
57676941
67943452
43796541
12438239
67006436
60278998
82585351
16553638
35809316
6652211
21611605
19120572
65678937
5295330
4432258
45556476
46130604
16832733
36141046
33804702
31610079
81711202
79242340
65475271
6332981
64770010
21793977
14680734
72502031
96716551
48386929
36502328
90210643
81527544
27862888
41716424
24469682
67196766
92952034
7952370
30246900
7579900
14688314
20122461
48438353
76873152
679056
3589528
74496280
43703470
43835989
55408435
75378221
5735955
34944919
80925873
90277980
23087427
64303806
27263329
6505908
64869386
8639440
39757845
48321488
49939749
46774391
16517312
36949866
76635759
82537682
10124439
48415174
27088789
10707031
44848825
2376871
54985586
57763539
19087845
57598876
29363660
11727142
83725975
13467976
11857492
16622067
54278277
7845144
97444420
9887515
64758064
7811524
56709692
82257081
31804176
12989883
59412258
23253256
18089053
28220585
46712519
88691034
3566349
24711918
53731446
76358912
72562653
86660337
19663505
96634330
71882902
15895683
97879650
67103907
57199700
93285975
8451274
35654388
41097081
89632896
51187824
71774610
65280975
43719809
22844822
8550919
84174457
31191673
65814364
18671645
15917861
22000601
34959588
25217438
41422891
65081109
56695407
73938324
14777435
3767822
88028306
94052621
47969610
93867302
49916259
12808938
52188894
16828379
82476565
67332471
15615546
96741642
40193414
56730056
48818979
89663150
32010182
65502811
15273812
43813763
81722058
88710424
69851336
67888480
57795658
56758194
41567300
52927585
75183645
9998441
45071839
92171005
44136362
26424297
41678408
24351506
28342374
74130049
1212832
75008550
18402683
48159117
39186289
48540265
24719874
81326168
74389338
77470045
81790754
24573388
71972428
5097204
22178392
4356768
17584806
4868073
79584550
31568859
97129373
81022641
63872080
9911167
50492596
11048481
96091924
56821986
23138674
42607451
55727366
42327342
27085887
67872419
23439243
55870121
63424554
36523455
97545415
49815949
5497617
67957176
91668623
67615659
76786025
17310319
22782219
84025948
95022328
96571910
56970406
78481831
21793670
52823598
3092870
91680611
85919808
53484472
1094620
70084959
6785190
77128573
18888098
69225766
93721492
76189415
56334707
13608604
31025838
20851864
47420953
27155585
80444778
65621929
44833440
90770078
20297992
15483936
18319168
7804122
66041865
4146807
75388961
28123060
64913791
38882025
90585991
7098475
46699282
13239673
42460486
26833051
72680708
40708684
12891059
80112888
36427203
26746469
55461278
3870253
38417087
79809025
80332146
87684701
45323937
20613129
63714536
3757496
47452072
5435986
30425162
37918805
37243017
27770562
26810695
49078941
90192744
68609944
62647990
19866231
38568966
91025429
13941992
90577821
4281481
84154591
15915236
32556950
86339383
73662254
12811734
40006012
25748714
59719016
15233791
41566441
62434684
49542175
71342334
9533266
66202970
91928227
2371736
86174077
35587819
47474378
75704578
61590139
30040977
60896188
5924239
37264772
86743947
19061028
65926211
69734532
95825209
40262983
11008842
37596996
47913540
42366344
24772221
82192274
86557959
54965243
68234107
52901418
81349206
68687734
96435157
78038894
56340408
44170984
1733124
63271307
17433401
14808390
55665900
82049832
72162241
76136838
69348562
8273041
21245820
25663228
49989316
49491838
90359444
57916124
12824775
54994893
53818386
59080605
13958166
24920167
71626037
88820000
54476261
3310312
3610951
43527799
67569395
91079102
26737583
84934735
96879034
24657196
31919776
77539063
12701269
63889200
46154644
34948960
56293725
61027608
33313785
81346819
36667063
26628177
4097738
43017797
41036726
20161845
85464568
14411793
68453906
59579351
85209049
10948462
25014544
10541850
8053841
80644661
83473695
2080387
44278585
19339971
3219552
66040576
22648045
75762310
96869102
83137036
1635175
64220533
15624171
6685608
68512707
91659266
74865077
81945893
55563230
26624933
40981566
17148843
27212745
57505444
34564807
65930825
2894621
33643509
25078155
95247081
36366076
55397350
96870836
76248009
94701927
16730869
58445101
28784635
74127134
32648568
58776491
84223194
84981453
21974906
21094157
84576814
27359662
48240144
32227953
38414386
88685815
81486123
71857663
50555547
54610823
90194924
40852669
94931168
95287434
58954432
87649872
58128068
49969050
71403592
9066534
57180917
40613736
25796533
68018145
79177567
36940742
36801585
63129037
404639
83888870
62127640
43612487
86955277
48827955
48751831
55830350
38130268
26875300
79672740
9702877
48953282
92917491
71171864
7281296
37159366
249007
7509905
40325160
90798134
30789856
81280002
87172773
59446170
78129418
22480186
7312156
27799729
42186341
1001396
54802153
86207220
4563311
92870656
31124927
10697687
13140157
74167611
28427391
67195645
84765249
27804640
41671986
47021751
62186483
89045017
86107833
7460874
74730050
57055159
92898988
69353687
92424211
55956212
43397640
41593315
78303846
6310759
71007577
53989122
85711712
59941497
55082293
91875625
70994125
54967317
80280297
35218139
78675988
89896378
25523659
29007124
63628158
41900595
58923919
45989234
14314967
20316300
3835513
5376362
62640949
36942775
17219673
42094522
75662367
37086880
68595739
15578350
18609048
11066079
88180455
83109714
78220999
89388603
11595328
27039611
65564955
79657546
9694480
49668864
26268220
81633064
68093205
8902549
27585628
29871245
42153721
8938605
55685352
64902739
77430316
20546427
59290409
78142794
71508784
51347643
9741458
48793285
16671521
24772960
30855081
96801853
71514386
51181388
23823648
29947783
17345131
15896091
44652952
26071417
70849286
17365670
45311062
38221960
64758829
9910649
63459520
66524609
20781916
35138925
5612330
97297523
38311270
97216392
59664961
22715498
25939748
74242125
17938204
17879669
51268575
68947320
72978205
41566603
33836257
97201184
74568458
80547341
34320432
27287281
70033981
32627326
50616842
35400413
64036066
87507847
78402360
28320595
60912279
21494394
86101282
95679565
28896187
15595771
71276644
74696463
94050921
97333705
22973550
38264511
42911465
9701971
35111063
65050648
56271772
42562543
62880752
47281176
10513359
90966733
65944066
25897194
66601260
61118995
46271680
26979097
17859194
56907966
31492940
54506340
81871833
70505510
24402921
52209725
10818477
63216566
51722913
55786409
45685866
13271578
92427075
75870818
42703826
90558521
91443523
8990596
23312809
61187646
70610737
73889792
15629098
4825071
77635514
39622163
34523427
78637341
84759783
52626481
73046133
58997431
30103419
29662108
50950659
59196356
89760438
44305695
8794326
38451335
52632961
67825048
59841379
1868554
73700922
24976856
67245711
21519503
36389860
38696644
45558547
57049292
94264279
74016936
59575271
88271800
44136007
71170573
5591208
25762352
22523061
43384025
97320399
60180690
29175297
95918591
50402030
51309103
89682735
30242904
67883582
50764406
83397753
26128149
32632844
43445045
86596997
19812693
73970956
68614195
33705992
69551612
95484022
5992479
21144555
77678325
82680592
18373654
48647511
60217184
17715580
51615998
5472354
90675435
9778660
75876194
6235856
11422751
72699148
30181954
44855152
33019059
18131562
31216333
28804779
4083776
67484090
17982802
84116702
4419344
62403800
27713513
39670683
9069323
12585514
2770900
29030813
13727034
89931701
86305140
54744830
16313772
41837337
27606160
84439579
96365910
92450673
65327528
55841226
39680089
12050392
4902445
93487906
14047786
61742244
2085603
17977075
63064746
53589003
47666815
54022287
53334477
6391625
36899783
69312136
96868481
2112826
40735674
56992205
73617928
44467803
27138669
29884194
34745054
24429114
10375676
31788310
52770584
53277136
50938781
35465809
87276233
41170201
91402303
94080712
87951125
46506601
59583886
306084
89528153
32538816
17122504
82032341
7533145
26050582
28576462
31139902
26504899
85541498
29853535
34997360
986374
91983182
19508518
2956744
69668530
46372167
78859530
8568401
55274530
9768579
42073507
91205522
42492703
36159327
25760451
87645041
54988449
27045070
72457207
7495811
16269297
80345549
44719505
74403244
97555684
32308591
90559993
80781166
84555123
35880354
15488842
96039631
13578278
62409978
22107215
52363755
80371263
60354576
64504894
62079009
56549503
95187807
65445070
52857663
70444505
87989008
6451460
47492638
10775772
90121659
52049933
31139680
80799865
12410913
73116877
8038144
45763469
54679639
56555950
77789119
13565702
51088865
73932415
50488149
71312341
51026266
85868862
18292254
3805073
58590714
85907566
3691840
24743302
66729689
37669829
22951867
77213236
14339802
93452705
68909719
585419
30902646
47296430
64025347
64657445
18437238
40755821
57247976
32377563
5467085
3856704
52351179
69050150
22906149
62629288
44283713
38484819
18541773
21658315
113232
33847412
19177877
55295638
91065062
87526454
23330027
27509162
8303517
5018008
53813685
12876915
25833699
64255201
28859192
14533151
96683096
84069675
35288736
53391272
69300011
34426935
78960555
87731892
16030063
73694957
44087515
22625398
38371586
73967988
2480438
34091221
32055977
20925050
23229237
63555899
79222937
9575644
71705478
84700229
68457936
78832111
82027724
11300548
56845732
34063143
77254416
43291823
6033290
861801
63704344
79578120
9660498
94539225
34908003
91414665
26586997
59393154
11408586
93553992
33175636
79565389
2125609
66510079
39712114
13653593
89860422
83796335
30391335
82146994
91946132
57157388
13250004
39228206
23319759
4817535
28029853
76392615
68861106
24465171
80474929
67175120
44670117
7519460
59215854
64788476
80006079
22306631
26217517
29853198
91428383
64675558
31116901
86482017
65923283
45189406
72535884
7713428
81123830
71243948
60160615
52717925
33837629
97706096
11198353
36200771
25230055
92838308
93927686
1685986
77805055
72955469
97232893
69155268
25523382
28172848
38570958
50152880
28888249
50815586
88009924
94219992
96762276
75201122
13946133
58209855
53339203
1291936
36826440
28405904
28669945
51728146
32783198
95646859
63739667
7633672
40283085
23544069
15033253
20972217
2463094
97923414
38695713
60323670
30584309
64644128
88558226
77028999
51416583
32678258
52063311
4072428
80273859
29816047
21861919
3917823
12647041
16196924
61895617
74371921
93632707
31033087
77262106
16413152
46627399
40195598
90610420
19310868
21080974
6383465
71550130
31413051
67339105
63325212
61039071
42828937
13227545
55879968
24965688
38607780
41678025
13510890
80220510
76356036
8432632
94938621
31295832
36285121
20574218
30862530
95119816
68483181
73679315
37066508
23812733
27316531
19114623
75490580
37034365
78941550
37054361
97498545
59647606
24510168
50097666
94432730
9126874
63893392
14201942
11454798
56397271
63331990
94351885
83291890
36323830
70157512
65628029
433302
39175306
50101037
55193216
49316934
44670448
37626410
9215510
37595779
79555793
29446700
29699845
37545820
10557570
12544193
38664505
54488503
6646919
75477901
80230788
86945703
7496121
48879953
15112914
62379008
18271786
15457999
17663860
35890527
30982206
15526992
34513713
79131999
94704216
8830432
40101423
7074669
56080618
69042437
97169561
42009972
18889130
17155651
88154942
45342694
5897274
52460230
72267716
8974843
67981780
22614460
71832788
34390740
21871793
88928542
44715147
80391259
73749420
91410495
90650441
49860208
10096403
25683281
30294201
87629547
50759815
60332613
97188735
5334271
50153307
80013910
43128657
62820063
11258377
26958338
71084979
86196057
82488451
49653255
35152056
24854666
742667
72177873
87685593
39490535
15179122
42578279
79014445
15152838
72577718
56230785
19566006
20476857
72933467
59235215
88450812
36689169
10179305
17174825
60215615
85343245
60019158
7433945
89745085
23072321
42479888
21431723
42307627
57633784
40174214
52247810
26442700
50525759
56998750
36370940
49749716
89299911
68010561
14047286
93596832
52100861
81307319
49604418
30036045
36244298
49055910
71275987
65747181
14109687
46429294
44045296
93608161
36946837
62964058
68313361
70038320
74119730
70531136
88069818
22454710
87658456
93259060
88081760
776042
56972466
66370380
26966056
84976706
7173326
30749968
43992414
22064816
45063021
89822135
56770059
59770744
26209849
24846693
12965510
18511526
746082
79091239
25294800
64918518
78117954
87055852
71242129
51665020
80882680
92820759
23646577
78146040
27550220
12975006
63083613
61269387
50460680
85489715
40984291
83118511
83696948
52180280
63304757
74565904
54875912
31923366
38068859
7698322
15364236
31884272
91226727
25101191
973285
27512574
91686390
17716560
6173172
76431371
19282069
92010267
56534164
10671570
15062427
55554460
51787953
66867524
20285095
65352170
1792767
86814012
19813753
9131044
86577995
22645017
27760670
38441215
7822756
6184587
14481596
88273046
30910987
54977779
31424802
72530351
12603028
6518645
87708118
12172905
11160832
8610498
76947840
979704
48157244
37468529
35269365
84445784
65074757
22744710
45538416
90671724
89509643
86442363
70644000
39400406
14822261
21576083
23959619
8823337
73283601
48777444
56848243
56390636
42374750
16169783
74095860
430123
84631439
79097620
33235066
10181128
58463255
30742937
54983966
61721460
61667399
3788280
30170994
72413033
31245068
48369680
11291350
50109237
62883728
49067917
15440786
95272551
37566108
73192176
49985094
16892965
6402693
31942086
71568403
33208253
29548345
84271867
56468684
65713937
20634364
91765756
53207163
86015422
58349164
51195685
22814092
87264367
70553213
79811315
52385309
79145831
74759578
60233433
25932077
65621178
2765435
40258611
36551082
20673143
58053109
18043008
34598188
62468067
91667368
85306537
74749570
53108035
63637502
62712929
12506773
23892569
24680217
91285105
63201329
60358424
78652473
41012778
34879057
89417383
94325363
81425503
44477380
9138400
48731624
83683467
20333722
71365918
71479129
18508074
84084956
93595043
15649267
47301652
85728497
38559333
12932661
3300267
31864887
31008559
29296337
19231669
58701241
53595420
12632632
22188551
25479367
78508717
35961042
42727181
44940002
85186963
23957504
50067540
78078305
75375707
12204338
1825648
85290963
75894087
92132433
36783304
97140172
75099935
25632617
73691856
6694445
79934103
72013931
12633218
70317319
64974544
95872664
36512690
28116053
23397542
75501136
72025812
33568714
48784079
18769677
84146089
96382285
46591798
29126828
76252657
88094744
34320252
7703215
39771285
68027541
17032498
2414313
23448316
59669116
43708515
1677925
83334854
880410
96313013
14770554
33804629
36858491
63738748
50285181
54100241
87838828
26717056
44519761
38696252
50411795
61451505
55019260
11393254
56507055
92816577
68549441
39587085
55566337
88680718
37356972
44579225
46637009
56715799
21770391
74344262
34091731
92648539
68564300
65085782
59454522
40305433
72793075
72031877
73909921
23568124
844106
40406202
65578888
81078257
81686993
30282166
4944450
51476310
40853814
8183596
37250240
69142350
2230112
10987112
42043709
69914800
22808833
61566373
22624068
18395479
95053589
58279576
33194017
28258867
81566334
76696272
64405513
49224950
71187771
33503719
47262863
17775850
47992836
35296722
67397432
30210683
78701979
86034481
5489696
60985091
5953483
26263127
27098640
21588939
77451906
69750963
47290732
4413354
64522785
53618119
74475088
66794722
65986869
54507746
53126981
23605009
94782128
30901794
1962087
53411921
74784510
3229767
39652044
9045779
45868369
70636578
15984613
8980514
80080998
77236569
33886450
73638171
38084848
55357678
72308207
73038551
94501805
91682614
19211893
87001689
76904877
11230968
4931367
33645485
48999245
22225187
21642922
41370207
45390911
88005947
5023502
65738731
55371398
58289093
91071167
28151481
88565581
36758044
73104065
6442826
39151721
67802399
1329964
54319924
58865874
78635594
53826658
96773742
6041363
7980925
82070322
34523017
51505349
80716181
12002563
7629038
74844277
22910601
36346704
77662181
32634549
36008036
72677565
27219917
67733513
54313122
44321043
73386380
86879950
5301666
5112862
74105424
8936524
11967997
493265
51365759
63857856
45845733
14703420
60791973
45749202
1354140
13784080
43876311
95145531
87101963
69292335
95192097
79549679
89612295
94258243
5414631
57548149
18364442
72172501
92357134
56706799
39019377
68273518
12774526
85638768
82418492
73612158
46844392
37383767
52657533
36662338
3065883
89370158
13349280
38271519
1872891
93492237
24692118
72593977
97963435
96825910
68953666
90207481
74135048
23327772
75893800
22515757
63201016
50931270
24416750
15347242
43932272
42654235
75128652
28435995
30058002
36298351
20954625
10182054
34317884
52561002
14576684
54067991
87497266
17867044
13579401
27288915
84802428
17139834
92913937
7755954
22690862
45625894
5577306
42882917
49400382
24962530
96109007
39117400
6998998
71036142
29492216
6759903
12596233
38830301
7481369
11139574
91254094
57667250
93615370
78259893
54337362
94719641
31752216
60208351
22338242
85713193
23648605
77046474
92458973
38551669
91452275
69081572
85499139
78624777
44783910
10282982
9227158
16336491
9625184
89512721
58439908
88671916
97288535
90730286
36849834
39087746
15534204
12994200
92603515
88169356
46507677
92139012
72381399
35312650
27823372
34565395
91264221
74370563
83604200
23377400
51062531
12827497
15561288
75216157
60661245
28447419
657798
17724437
47170210
10226895
90234187
65719623
51822081
58200789
66459708
23855634
35757858
25374849
55760150
464502
7051583
2458653
55579266
37816003
42058429
42726436
48971196
67886821
23308032
62040328
97089739
73856375
41439879
85123870
74558359
42936808
70550836
79704530
25500251
70724214
47678440
23297024
97269916
27966447
13706557
41084858
57369110
26556981
9586892
53301497
42895237
67245580
58410224
4116456
86854808
63445235
19418404
76204495
68807082
38725284
20600449
3229495
97308017
96513072
14573034
84127456
17436557
89100249
23289715
91476853
71464299
19711993
854093
56185057
59870964
85159576
22761592
4067613
81671745
31614939
84164900
30042406
78400773
84238616
73971679
10650313
92648154
78703121
46867671
56841213
39427268
13361004
86666462
4444187
79076515
14746412
52101366
15233330
8899576
3577722
81886386
15279241
57851030
13704518
24687091
55803351
92761458
80420280
9176340
51629339
51224166
97936285
45344354
67750460
80864089
93278559
53056268
27070567
30539479
33506667
68184751
34983081
23558116
63183676
41616447
55106810
95120463
48523644
31356945
91630335
35000319
59445494
79865777
91321306
18953061
42276812
46627011
41132119
20459739
9250056
95558612
81483707
8335822
50075795
14694192
53793522
62739080
10813227
56895816
93566399
9948550
5001075
82640260
57724933
57336840
91102804
23749865
3490127
4786950
61185078
3028184
41689014
40492433
37588964
44694295
67094569
13080699
28640581
43583508
36986033
914234
45482816
66789515
52552301
76610342
93154591
86171332
67182682
864677
43158367
2189764
41497244
36937861
80811083
25238694
45110339
77579480
60574787
461943
61107937
20692645
54712847
86268346
62671491
24508265
7317340
23511061
65368292
27726347
96110692
68206519
46371934
58146101
62908550
55654595
9427659
92289914
43012965
56256544
57377433
95494133
10652308
7522176
81101149
3231603
62673907
44648396
16471543
31145768
43759097
64113217
47294781
21468207
78951006
30424056
48413600
68864620
25410369
86435400
79364414
29228217
5297969
79990965
39982068
68628637
3905256
42444742
26176107
36792459
36867861
41118883
14392983
7420705
34121896
36452753
76033687
22791765
889299
50368326
81860987
13554515
83172212
8134351
71064608
1350012
5013686
51251827
78773833
85455779
81137431
88647075
78519776
25942959
76085709
95547326
33716156
65122798
94850508
83067225
22399475
29447156
6996987
67213857
29397019
2593756
35563454
25665360
38940779
76608410
65206115
64990262
40499908
73085825
3120665
11076407
11849806
8831534
59388023
79400384
96209630
46458098
12561366
80982450
90236804
2226536
89970445
48658932
42723323
65403352
76070238
44459245
89323763
93676857
31650402
3731659
61662978
48228671
58469246
63224144
36108502
81393917
61869597
20687126
52499645
83562758
40962011
30459423
1895530
12929925
66839018
6490806
54231295
1598456
89022006
41577872
57513214
15830719
61862321
87537704
65353215
71667007
12808843
85592104
23277505
72695358
43272414
87712461
3383794
66348956
1354547
15421376
20157898
67580466
77735116
22040222
72930853
28032086
52894032
93414725
47972257
56504188
15478801
3917049
42095242
64454912
68989178
59249137
48487505
88205314
65992487
69034738
48389502
29387111
42319690
33575044
69311564
66197085
77621540
85972419
46191058
31784082
35696261
87391303
83923239
40966655
58419817
77526129
69333456
94399845
69199550
35318834
5672571
40297515
32937872
72119732
15967407
78793864
91266650
68726394
39815812
27869002
26715047
6078084
58085548
74132606
45227131
81349145
20006027
45837458
50276158
48073382
37134469
84003232
28971486
95670737
69643200
53293599
8326578
25278248
88727273
20165661
2380962
31562840
15593734
52154008
78863083
45251014
38978052
54661274
33274972
25001354
67793454
50592442
50124580
74746404
45390205
97399673
31072987
69942646
97976616
55546553
10365522
30737359
5623658
64951514
87344159
35628577
62576326
77434544
22897286
48428059
4571927
48236954
41973384
68352720
4439582
24201808
11976042
13976698
76141447
80692531
64150401
82320677
94475863
50734907
43673417
73457560
97433058
64800061
50840750
58502883
49922894
43424009
41403201
68005082
91648814
9909614
3994917
14148267
72862617
72670333
6454675
25492833
35060998
17771575
56376678
88472884
37333988
20557137
39099924
83094396
75490295
13415493
38647260
21018303
51311850
68146983
13880436
30193801
14877166
96690368
17099682
71191439
49785195
22757212
64010165
77500547
35056998
20598211
96967218
38633410
37609334
77956727
67126156
35861741
78447588
27083167
49372960
43513219
43076843
25684431
44447136
45735618
51377270
59773904
7137866
12381674
53269816
6463695
13094119
32959354
46905172
92352470
7181274
70294649
76973841
34675580
69806956
94433589
80998877
19010491
69517255
1747593
88782766
31306615
84498782
34934369
73279950
14952155
88339710
86614852
63580787
73946858
38597751
38995596
6504088
89947798
97297556
11574088
57568524
18751650
25778079
74620524
6642255
70515695
89761320
80550253
51686703
42060090
16179960
70514910
19501352
29474266
15258812
53848397
47300291
60810253
35868286
84675099
40644994
14392851
48017101
24585191
67442770
46659954
30971667
84203626
32379274
78545906
83806010
72221626
3373021
53272385
74132831
15365628
10092618
38964855
55633919
70445420
22558738
84715695
55256097
54926582
71447601
43722186
17980111
60635193
11428884
12739060
27921624
16059803
44960082
1357146
91623525
72512771
14280680
50435762
397616
49431274
66436511
21797251
87362422
86017393
34443393
26431602
49005336
37657198
16406117
68928225
6452949
56905782
4531719
11533911
36946471
2076034
23556928
94514677
23977195
93379082
65788979
26564477
13709904
61720938
76350093
32451389
72115154
62859407
73272878
67873992
51342479
78429118
85363859
60930820
28275683
86059821
10025484
78087111
31204249
57510336
55660132
84192665
11222937
2455685
77250610
31705421
67372465
19451472
28725698
95422719
70932804
4068041
39488011
70532142
78879410
13490686
57188512
4241162
2780553
92853760
71783760
88421660
41417061
88577664
50905335
39462199
54855572
41788775
22426979
36285211
46287399
53204446
96215682
68791143
24356847
57799137
2979723
69959747
37792295
15921282
47198333
400662
14462258
25997325
13343629
65901874
10710132
62344753
21731028
12368894
42700325
81216097
37516325
1954862
33722092
380186
17035219
9833986
84775003
58496160
38079530
66769883
28847599
38416544
57075046
43670726
11270468
85068441
22761414
37391633
90732651
21201008
76330659
46570384
15287193
40272503
44170846
87614865
19644427
38524932
72862570
40745463
47494004
28399765
74193269
15151732
4878809
47812686
69764457
18005120
29648560
88936613
958463
74450500
27146076
70016605
20909312
63152461
83609417
1560406
59070975
44162267
95187442
27321782
91673165
16945954
20628076
94919540
14752295
76908965
80304555
44462805
55825821
23605898
14784581
17644209
43397276
84883690
9427752
70101471
8310283
53208061
61790536
20215484
53541187
53267242
84417189
19348906
4081486
30710776
93656592
23012819
41762728
78241487
6693706
86027252
2193659
41729112
14614985
68299491
12346770
56698656
20941849
38181612
78218623
19174518
97490084
62569432
67837032
54229691
8310934
86104800
97676875
97796921
33808296
34192281
49185755
44970039
14965941
70342294
78221674
6678730
16319113
45009103
67311454
54238221
71412266
31904168
20645968
47189956
38621268
72175159
67753660
91040958
29965155
6912817
49347487
43260392
54258497
79742233
45826443
97797641
43560130
63484594
48611166
78111883
10489965
68117088
64758366
8287211
54023181
33212571
37377277
51354519
62870464
35407286
24855879
24222310
91292901
46480810
68709923
36853937
33473630
60840842
41693471
84714763
41927947
58878880
86707576
54470857
27445729
80351850
40450101
63458247
52994628
78504079
13353517
2202754
14093906
31545795
60183561
91942289
59615734
91243618
17762266
38648153
42124385
76385070
44786014
45702590
13007180
7869080
84434093
38032493
10176521
72088217
96017188
85467090
22696777
95629352
5284382
61997483
27357222
59956023
50104730
50791874
64410172
79817723
31292820
11425244
61203688
58213570
65443649
12231206
49119232
39387197
91872140
85695422
54641516
28180560
50542124
64248313
86966186
3609501
40025306
22719432
49391440
89661463
71446334
58709295
68272130
43338360
3156379
65838975
93555851
68297007
19499053
44248554
9877661
62352877
35255221
48972481
9094337
26056452
18369067
61433811
82755682
54955206
35153297
79666829
30488001
38196249
24223007
64246754
52228062
48373844
40546725
79955772
12652958
28107973
55552916
91706782
39056136
32869372
46339921
40570923
58419346
46419803
8993333
50178807
53258540
9198769
30603414
36934153
41310771
52687488
26280514
92362479
15730831
86230675
55443822
64251248
75241814
73859164
23700029
70282290
26984511
3702377
15666482
18956177
87061838
22683543
36630487
87758840
63723653
89193745
31577590
97514166
91171264
89068191
19575393
7588013
65897998
67189552
10653639
38221919
36956657
29323465
36918657
49489584
2252487
70858284
40551219
4959523
46874653
11261277
45879434
97301961
14650540
90992940
71599317
88576625
48233517
36710368
47444876
64219488
96032482
31783026
69202399
83583251
23170192
50395841
86208001
18939705
30232895
79340174
1303261
76740700
18334604
55334000
8938365
95302965
23983631
20553567
48353716
38846318
85884364
44160121
16966270
15347541
42759423
34888948
41131749
73287655
38687887
6925476
84290716
3712857
8612833
18806557
95385251
4230487
20162946
6867826
17636444
42765821
52269196
35242888
67802335
21041640
31350368
77658424
46949248
74410940
32679204
93467222
13143674
61800449
1400698
80087323
72225793
58745394
85474688
25469899
87006940
26238655
96322643
65484159
6337607
93655973
87917238
79781050
75867670
66670752
43872257
71667182
72973487
31227556
3892520
79417538
63366018
46213055
44979220
42755653
61267266
60152382
92066524
22329978
87584657
31928930
92622635
46755893
69748455
50499659
18420883
12786407
19901048
2666670
75576922
15830184
9051929
12510112
27172419
93474114
91707266
12644700
67774662
82829576
57135165
46953091
34438317
20610365
74219416
74100465
48699129
30200914
70577726
51401220
27717343
40828763
51454102
33386602
19598636
56962048
30598611
15754213
35219486
93344491
82888367
54330436
77931391
13587816
10076473
5791345
25699452
8877690
53519536
12085197
39654884
36524799
62007302
58347853
61184863
44018502
3522739
86571536
2483570
29748962
89220745
83604368
12493753
92502054
92061618
93118050
21742562
35264121
30875846
70162677
6676725
69300551
35517589
63403672
77161991
1198783
50281809
4877881
67232806
16994737
39351522
70580658
64613563
17988799
54825113
63886953
32798558
63047404
86624418
8152829
8518835
94728691
89552750
17385703
70759492
56797497
62242204
40853512
28587395
59585296
34645088
32546680
81412187
34318806
13121863
72284110
23239603
24550698
54799986
85925775
50391174
21362722
15755545
90000237
83200242
81051336
66536162
24645728
54528568
89905728
16610080
89143133
23969199
24018879
44417126
29905979
28210102
91930535
95482051
85314342
76183109
326282
10688443
391703
2342828
86581165
17484124
35323829
72169525
33437263
70170230
49664564
36172481
23977835
14727701
49818140
26522768
74640435
97309275
54659062
65936528
81864828
35989632
83336847
93818778
41760218
23697555
32169386
15747425
95155769
74625899
67055032
87257080
13380904
72181206
65029000
14411640
82056861
54427226
13768586
95274783
46192394
26200489
75627968
86728694
38097267
50518865
61137332
8703906
15444447
18669430
71873308
86056051
83503041
50902918
52913017
17276419
26551786
55553488
46702394
7898689
52508621
84147452
22228080
96979265
88134346
1865399
89916681
84792079
8234832
85578098
10910441
48737327
86113223
25109102
25591362
20656986
26338044
42467902
26104225
27398397
24440016
12234016
24406659
57490248
24351131
95369530
68584025
18653097
3044867
51828569
74944235
44802983
94023107
11626307
96336211
92615894
91640568
4338583
65145263
57507506
97474875
83811340
14409591
56719863
88044685
81133460
92562762
96949647
9291512
13870208
92265365
56223395
77156512
18310756
86916223
5698034
83588289
16755456
32982489
47515511
47079088
54581554
46476773
90680840
17995739
83261254
27470630
25396688
4873708
70607550
34361541
32018638
93776655
31286131
62167101
80368665
63105574
69956180
93957909
51078118
25987323
65218235
67317172
62722104
32732467
61424393
70725546
36072778
58949995
67674561
1038738
54408249
36585815
52489146
63210210
90609052
78387545
46136707
80308774
62128697
66104522
3075409
67861538
13407990
66190558
81484548
75684382
12027455
43968856
20003300
73034573
52538846
32485767
5892779
90006559
85933316
2474398
3050984
35034040
4541746
31088746
37823219
80471666
43986764
63375227
8337129
1563903
16258848
78042186
77233365
92277160
52696531
26158478
84386990
35733609
54163103
28779318
46944708
28266509
80703637
76791160
67141793
60542288
35826078
3418381
78219200
50899275
87206279
69972239
86484448
13343707
76375609
63721618
72134537
33686486
47116379
19568570
13604165
13255315
25345654
42338513
7890169
16962922
70005376
46871298
78062528
17160219
46085682
59427175
59134717
20161348
40965081
63723412
71596715
82936804
5485729
8246961
62424828
73862572
82870256
14026456
30482797
33952749
16605239
43829593
20082321
25124689
92232916
60539279
5365146
8382732
70343138
50292498
28174021
52845156
90059243
9898979
47299129
25924333
18462093
93421306
37838260
47301904
49501308
63349753
11775602
29633158
23386706
39661998
34643401
40181133
95431217
75926831
13870428
80754177
49606677
48816668
11023169
83850184
88206142
53082649
69482337
17497981
58243255
9538668
94819654
64134910
89446886
51887824
86096074
60433816
35183623
63762134
26789928
19868150
39963047
70123605
84263384
72479199
42240781
47990197
26310705
5940666
26320153
54327386
60994633
63766494
58620527
55950521
5631473
70708161
84113020
51207295
11951954
83381972
18101783
34195455
76048837
20276696
16704201
13597566
33643887
15315473
23799086
54676324
24878392
56757475
19146449
36273187
46168494
36300115
21670043
61256946
34219660
60563660
84980486
5044112
49398647
85922367
61111128
43697805
50019832
731048
33105512
67030126
7333135
95835087
17491254
62451271
84642810
1388727
79072106
68241190
79710708
56315238
35529875
86615206
10588981
80856335
5866770
74185175
91354082
59116384
65550086
29175548
2428639
97068120
33206611
94974469
27166160
60380080
10592293
80999707
91407913
26544051
40802497
42891865
11192277
16102527
72652791
7665246
10951646
14020494
32711315
91105503
36989883
52683540
72012062
34413807
78775880
44760387
97908715
53442160
47951370
66491967
93978938
94737798
61165586
70836532
75645802
44176454
58245793
82058242
31460836
48516048
6615400
24699970
59512701
92800658
94424507
49895923
72963932
17856144
75040611
69301401
19093441
2576076
63181287
27251675
34515092
25333720
86082643
22680374
57473223
51223573
94600008
23142406
10355622
16989132
3854364
91597560
12715618
9729745
66706468
6760865
78276974
11824742
19549090
9616777
19836726
76568363
72865313
92936157
88036330
63728161
6120114
81115393
57334611
37847566
30442658
3098344
65870498
34859070
26090367
25594443
32131576
77610876
19288041
16768063
4273514
83398246
24891092
5954752
20726398
54881726
76485402
68660196
81261643
32254354
26025091
16174196
77805659
400778
86816043
6920937
6393550
66282549
50672734
54236267
61250695
93593589
75017977
31539681
92001121
46489492
6306401
15363513
64600988
25163422
81150598
96328762
53935473
59282993
18742977
50076203
62893710
35494674
33898731
65087447
43722321
25624313
18631780
70884722
92017229
11797120
45521830
41430910
94305481
46352772
77228290
29711013
90866095
19792111
25233280
76637607
71162131
70416606
23486542
66282226
69237950
21867605
68849411
3859270
94399284
72521929
7441098
87079890
81045980
8274417
37719293
70847600
31617085
96108287
25362892
41849945
15501640
97179058
62212620
64594467
44760304
48699805
4477733
14228487
46639980
44090301
44414691
4879905
1178656
1618937
86706442
56642305
16741948
85601109
85691799
96593021
89485950
88440307
40624223
10198379
74667333
30884633
45484708
79040767
80606647
17457460
77647325
40180799
43682380
4776441
60116734
30531817
2059825
49661059
59087423
41760075
34175271
42795753
7447090
33809977
74150616
90378960
68960507
9422554
94125159
86525119
47232424
70551197
13772974
9739590
62723672
93636566
48287987
19290874
90667069
31689473
71785081
64134510
78074066
13150563
2716616
1719300
60718020
58309750
6749414
16291670
25576611
365293
57918764
6341757
62859471
55991688
85527427
71709015
60200131
23573962
72752144
37492834
7827525
18146409
50725230
43432798
92243124
7862139
36779419
26532558
51625408
58634518
61417894
67618392
41706169
42416866
84243513
44426350
23996765
6384121
47646533
19234854
26779449
91200702
10087956
89160457
93801558
61953465
88230497
13970923
15746437
54605735
76041231
62404728
15176911
42863090
95927005
65710566
45510358
76154902
54388291
73280643
8191975
19001028
72648506
95289820
18420101
77859392
86053444
94035537
77614673
54455831
410524
26892618
86672771
46144492
929960
79830635
46207027
24888388
27203319
51351710
30692450
33178140
55751349
47476346
86626359
19772103
2585901
70239716
59226553
35387263
89905764
2175782
580926
92799115
9236375
13658191
244719
31597613
93625013
41985680
57056687
43539658
25962658
6842135
97947466
65315199
52627316
84128944
92205939
83298805
84873988
72489730
44561782
35979246
44890445
16386642
49819177
56472265
69607579
48314397
34806336
95116650
90949407
84932736
92554396
75648763
9306804
47532665
72550926
41348981
7286648
41478178
43602193
58657460
52224820
5082148
71119261
58602138
97264957
10979834
38737023
40158368
27599285
28175140
84170069
77691807
36052690
90778407
21665928
72500930
55374990
47883601
91835881
15300644
66889558
36285356
92371464
57231450
40246017
22336374
87020414
46639188
87263359
38520045
85548200
82896309
5827192
51403052
11128741
48370215
81390550
10561883
53998299
39181104
81396077
82665289
56025879
61561760
35403417
63055954
78675050
31337972
70267670
46814150
12202807
921733
94049340
70035089
68221037
91616830
24346642
48500369
50364615
4367050
32692853
25408774
71767568
46730604
68022503
566858
92381916
42209446
27175807
60606637
72428852
19834316
47261872
82243551
80896711
93339071
82061911
23124526
19135165
69345936
42038437
31441344
30710697
2432510
45688447
10984294
32515841
19979592
15807515
24955841
21873109
75235876
55396272
71200710
52358688
25813057
62664678
23038905
59054220
7341490
13344765
79458928
28211232
51932801
89455267
49035811
65467532
12715975
70359715
76967448
29898865
39605927
83762898
19726403
59190296
25708854
84450405
7560000
87380110
29845266
67569570
48682400
22877188
29583215
97809659
29319783
56032463
55323187
9694139
68868919
68403885
50685591
88013662
77185422
75738896
76739292
67949722
86510085
72090737
30753788
82478176
10172461
78425632
58054044
24549625
51630296
27602371
54605139
29264057
29961336
6968078
29249981
48882742
91567405
62824378
33750097
10889270
76437171
76192929
48282175
78865258
89228463
72956695
11274370
9235700
78502438
93922182
37195934
93305535
53181901
50338156
24424132
83632837
18058962
21715299
59218112
13629865
95651035
47637061
14076
70352221
4674299
64435603
6396270
71941761
84397208
55567169
60617095
95581913
84974467
73335481
67590888
79992763
83727884
6625815
61313392
83206904
32003906
76131405
60145029
58822691
23542820
91982460
24414725
93702724
24074264
11581051
13615789
16562440
34226388
24852099
63955951
30742539
78048396
48839102
11324666
86825296
59866329
76555241
19254651
4981703
87617598
60965073
9942997
89794607
63895535
74455614
14325501
71191216
52588585
66172569
34407966
19113722
67908196
4097300
80086935
7511824
75364664
78037316
50616490
3483849
44813704
6380474
10681499
89233101
86982774
24043051
58834271
46148251
86947644
56299578
93048707
87096618
86343165
24761009
75469106
90714320
21867029
46162932
28046876
24738488
96274374
21574292
37036788
51659997
26742637
91323246
46168961
63144441
24487238
35499641
82075977
53590604
8671327
84648448
21662456
40834523
35105408
2534692
42373171
97861027
59230040
68287698
11627512
84902472
92167607
20569799
53931069
95138542
47898559
6472584
76975327
35878003
84105282
34987169
5491036
52871823
58099634
10669320
79078465
68906634
18091940
95437529
31928148
65846805
49543040
19127763
87734979
26518007
32578279
72095474
77497141
63601195
65393718
80331339
30971402
95039066
70681241
47458485
9426840
3284182
11640929
33251784
30386967
22497085
74897536
84095343
71803359
87203000
81851006
81650936
28242112
50255136
45894489
12800385
76121827
14288659
75823111
6903131
47030867
58250710
6701756
86439429
32629793
59628279
9650098
72786544
85612225
58660685
27081181
65448683
70907216
87153845
56364249
35565251
48703727
76968162
2244336
79426049
50224514
31595870
35756447
15441727
63406936
22869456
26250900
60482322
56531419
17572401
201375
49865065
16884543
36347104
76789331
57853249
72026054
40263039
36968989
11427168
85763470
37937337
348059
35341965
29713744
77406088
24584540
58551304
18007274
68658467
43669602
34782787
57462560
4150617
78464453
2924614
64348038
8678499
60280947
6666354
89961484
53127898
62349361
57041295
62331050
36526291
12147886
51862512
52509570
88305279
11079109
41685131
97497219
20951972
2021050
69172441
50662440
45199700
6145328
81234487
11195907
30782610
45591961
54537946
37812580
69785954
40653668
48945310
16727016
96426676
42326994
24183815
88806848
17086695
36157034
1732164
82026722
13116234
40783403
2088064
88818060
79400763
39664081
28324778
68299533
46094977
54290738
67437953
34003793
64636345
35642526
45931588
90980031
65079634
13884277
86877271
53058938
33500619
6618316
81816827
96893454
16503924
86036782
78338310
33069974
23040800
58958762
71202284
22308175
50656266
60433984
51756908
11101230
82842730
63307667
861580
12091184
87664394
31795427
77345832
71666315
59836519
32047310
4102759
12020696
69657285
71522581
69252111
34617166
88124392
93790046
9818770
72707577
54259608
19379547
51141317
732625
97576123
10768299
59824894
39555036
66864881
86459242
10239650
70751546
73653273
67076154
24018979
7261705
61232534
45298521
58827181
39079449
60400026
21853805
40778585
35040119
81408190
73472066
16062021
6680441
30794064
88449224
12829886
53526983
11077051
31636643
30181358
49284712
33177045
62639279
29315386
94123336
12805968
41173497
37996192
57655194
95117246
76730459
37708151
22153085
74172122
36973376
96310865
25359907
38455616
65316520
10241723
74727749
33941627
16886424
83124181
66540708
68635798
70466870
23345625
51065966
87733225
56815706
19969326
37063710
49833310
86151890
47390769
44424401
44066251
59275734
11210669
64227787
91831964
734774
15115847
48812214
96527761
30994344
6381810
53001494
22638519
82628926
80877194
56674546
37524253
3920937
43195083
8833458
72007272
55803546
31096640
50669514
6982395
31827436
78946568
94682536
42085639
77388662
33213732
69112091
65453771
1739520
40375566
34283375
2217014
82131503
42430404
34789893
97629452
13026511
61397926
55237600
45104673
76956257
4743088
19954420
21187292
85401538
75746819
21337757
48821150
97279204
60996573
1573486
87751798
90831533
61468803
62247175
11934890
22737838
20000150
22434022
97532507
56254064
89862972
65437121
82512052
20667519
62665594
33655478
65931839
82451670
41758137
16413878
55768964
17351551
42217602
89123162
36580388
76477616
49614811
47247664
9527406
59438667
38114684
16768249
78896642
29994591
42247024
78774495
23215331
61756087
30581051
32095386
63015639
69195452
92045154
40120199
44009307
78223924
81170968
49517960
26682706
24406586
63469903
55919429
78781164
63749987
39508351
87342725
66950210
88186144
396606
82032783
78552026
97393719
63794852
89395774
96052887
78500938
48193444
89129946
88014075
50659225
29323858
14159065
16449771
13821230
48222858
83764974
51541218
56764381
84058058
68773277
43635423
97729917
7674704
89448440
94809778
49332207
78209745
74191053
897744
1012887
18237931
87166253
90614459
74567541
32465955
6922940
88496863
95544220
51069714
65118636
25473080
15502628
63946208
30694798
51553638
89468478
97716917
72041568
4392584
84338141
52362199
52196984
92193766
56352498
11238695
20618724
39698089
68460483
47216748
11741492
97682056
32944017
45963923
83691519
84080678
34931736
45126853
14641853
61334765
35567085
1172428
92788283
53222617
63751357
22251508
68785697
76339520
13378775
19679369
50205600
81418002
85283328
32221915
71575042
16654409
32051838
62675603
19220222
68788428
14272730
63787570
13990537
46873340
11032187
29828291
60702451
62870598
9559768
13469425
57820109
71618095
35431072
70536775
73710546
76685464
136358
49106328
17397545
29970774
32406042
9247311
9842960
59892545
170077
8899438
86707813
61273411
39666499
53442653
46061517
65409391
44019009
73435872
75444516
37435216
11532149
47233025
5050489
35951673
76048354
85293334
87181176
48019235
61664043
24604218
50551544
68175585
7963912
8150234
20127814
61787124
9077234
90217148
71194732
36906667
58506566
24528786
6475519
72267108
687270
70635646
79238502
6583793
53167349
28211490
32384727
73590477
60458298
9030781
38044124
19292745
23629291
53840584
95477691
82762085
16640305
42401310
48047770
44186789
88346627
19184293
79866018
70180568
31710582
46665946
21694773
84249459
15105141
33849874
82302233
92113478
8731923
51027012
72209067
77586873
57026819
14617571
35546352
41165552
83411491
73477167
21825055
30140833
37200278
44340007
25977940
61727143
43328309
28863477
53594398
18166059
76747338
33200072
39749420
45471124
22824431
85854900
91220853
21001664
25117951
22538847
11168037
29155051
83273819
57591495
33304146
15861267
29216081
51342812
10604123
44534283
27540515
75495048
93436520
64746762
90285325
95124464
8132745
25162250
41389766
11657952
76426640
31276214
10375641
43168147
43523898
1822767
60736948
59945632
9833626
85236527
37275028
42850169
85124531
67412552
28375414
79971335
5257143
73955425
15065923
33119076
49107764
52067379
74483350
96322057
56614017
65123075
44998323
94484794
38009237
10113552
1282311
33258492
77025943
8552874
71704826
81588267
81262767
64774048
22670603
56257084
111996
59136103
14474755
5153196
62155409
43693616
56169038
61411694
16111286
61008544
56645726
50795708
93463363
623901
42587359
51402850
27113838
26148397
93202483
4750744
31097610
90739438
50827293
93447677
16563733
96204405
50181289
25005683
64662052
52808127
33045955
92968801
94990695
60054766
38257784
90017341
27582329
84434121
4765968
63325579
56818808
47285451
97481976
33324138
71520064
16438962
56210368
13626719
93060787
91736672
43197078
26923560
74175704
43896515
43266387
80831677
31542353
86646789
89969728
69703252
55827433
62264816
45974642
4973353
32472436
43097290
76514999
53530377
27615312
55490518
63853604
14758296
73775387
81043013
75123771
49156971
12651802
53747323
59703268
57400853
17560967
97310563
81667174
82617654
12354162
45893225
88871950
51112728
30819355
18968538
23728609
42117706
29792380
92150979
26468355
76952060
15481978
21024481
78950400
4120642
79725131
80820591
37644526
15882042
59654837
12640073
78727329
53260950
36186356
60402706
65007306
24216940
76220027
27037574
91755705
50515061
15073870
61167038
27384118
77975276
87186159
20851257
15649351
42113947
67932627
94717500
87275286
11361335
39309351
96139810
64486117
55106715
12429380
16268078
26428340
6393887
74463718
18324623
77527271
3233041
73456306
37969731
30471236
25704965
11963704
21852293
14394569
35108594
71990880
6532861
53589551
36335838
50928631
10205477
44112287
56571291
55408149
89145477
36148845
73476263
74974056
39481665
28678375
6035492
39814361
8103716
26876617
71230677
34141944
39557539
70771806
47751340
17269653
97892570
2574022
66128737
39135040
7861708
79529044
35655042
44877856
34647700
81497177
83630967
52807329
52976811
11686072
79941887
14171421
94677181
44797888
60202189
88940931
11838284
77168876
66593685
63235399
76592705
458871
84400605
13551512
62152862
36440944
49150917
50021156
92722315
84609694
3479998
52257478
36144970
43431491
59256890
79850372
28520366
63208520
62139068
30069015
6282518
26407625
43242859
95009877
24223229
81043314
22347246
37876512
89849798
57398440
76844795
63041192
27579635
39223287
62410596
12131706
41728629
53814850
37804784
31728463
39728350
58058507
82274215
54304599
6174751
85321997
8974929
87724978
48189628
26995069
84836157
9282642
2184396
60209545
72662631
75620344
80467143
54222433
59041718
18072231
29818804
37621508
630596
15447929
95504658
97869373
63600548
1263792
14086500
77756278
38727875
74697378
43147382
94962219
45329669
7723400
37132369
71253487
2888820
38906985
24810673
24626612
25893638
15837679
69016029
9703824
16578625
62394912
24403628
21420210
17441635
14370875
31390476
771223
49857382
85504492
75046499
75117897
51809544
37399123
34608895
41775657
20631334
26687608
57829850
72086183
4834579
87499010
37706440
76272209
4276973
236620
44884210
16189814
97269054
6621117
74573822
93168416
36216902
10032753
79303361
7934038
53787120
35159611
23734725
64013111
24958573
37647376
31772628
10033887
8031414
97194914
81955808
46555152
21853029
59604466
25643368
17835997
74485663
37469820
22651625
86097159
977566
38263093
30889619
4100638
59677841
64541069
5128681
28282864
45519260
35407375
82209314
79047635
1464664
75360975
32240483
14924686
20879588
23851341
17351706
50749889
75341885
13614967
20911784
4017032
83128804
86183549
84457998
86398505
27755880
82398533
46471166
94886929
76595252
64358551
88245584
31394977
19021808
67731306
35347177
55745252
25206337
96121965
46807152
84549979
54481387
97662769
86846606
59403326
46519457
3736739
29838105
71324853
28496164
24001862
8832660
94740300
49691295
2059465
31190964
30878952
5803281
80122616
6641344
36463901
36600368
11777904
85321426
52550183
42524969
28498839
201726
38666359
41640578
47154383
86976999
84351688
42406938
83109867
20828847
73204605
64514201
5836243
53755818
23029491
63584194
6773195
54812961
18812343
85529811
40341975
24237607
58613006
34785874
84137067
49152476
82060186
67262936
48086213
43612083
93132236
84868262
51057343
40962987
55298890
94021072
93140759
54786467
67212334
9859292
14992604
10712412
41484710
31525676
46982623
57490157
44771851
10517011
14470986
92584736
18180430
5556101
29374167
9460530
50735689
16874131
90339889
29711728
63404326
61227952
90564741
52169249
29569371
46309898
45832229
89786050
26808737
74545093
31057489
47763548
66384583
81476929
61739790
73268180
84763826
27729237
43019170
50197115
81610208
178511
54474195
8719900
44094039
12500035
8394268
12287586
42743432
29111937
37156988
11235077
22922207
35518468
95610647
29056948
19501161
60560763
49992186
68318816
97434137
47590561
84033758
91126404
94723104
25274179
21512635
25830336
35392656
34104285
84996547
72890308
54094473
41974160
89599259
31806452
59030230
77292332
73140599
22771981
95463357
1638520
4898056
83138885
7280933
35049884
68338389
49192345
61136627
2401625
73558685
95581360
50877458
58759579
69613768
60156393
87891523
76681977
38843790
60512349
78019812
34286013
72564676
22288021
72217556
12306927
47939480
27521875
71102602
71502079
17873924
12324471
83631213
67858173
6064122
56098589
63186884
65936764
64907287
54828894
40797793
14799105
25967591
88731066
68878057
82205418
12576229
18642800
87935792
93831404
77221300
55731791
60078457
51521375
63622167
44695681
39214326
74447402
9647951
58778130
85880866
39289378
95533976
18796250
93944915
38137359
80464928
8357990
16402596
50108182
20124928
50076728
43931049
33035800
67418463
41498883
92279627
16754825
39431500
23467626
33752947
25699925
90119625
15382776
12307049
87184766
26311356
78446196
86576537
68368573
52517781
58348242
34618090
48660242
36341323
85586925
12998389
21620372
86243063
64335869
6177132
76362755
71931892
91705793
38766174
50663637
2067382
60075626
81011879
4995201
31358002
18370170
4656502
2934859
78345047
23134479
608229
47216409
17192041
19491921
33750483
3857539
13270545
47041166
35661853
5984576
97353863
46672521
15443240
1143934
81677603
3744966
37596580
21268255
89638411
76700549
67661759
86345808
19981250
53905335
338698
28423143
29298750
70795650
91600257
22392264
5942438
70389935
13465926
13334502
6221376
75982944
66205686
96559595
47697304
78262959
88551337
96209929
54268544
2961900
52820980
60409348
12116556
58906032
42880123
3292602
47982925
5020050
86007110
89568107
24606585
18816675
26096513
96180113
64853211
21210322
189964
81881563
64168559
35492982
45138816
96945408
28285640
77216354
8008258
40761002
23994415
85589437
34652574
83132823
80118971
91924949
8792851
8823953
2186733
37860073
15295493
47688444
69687092
58454060
63471594
26436473
43237091
94159818
87253775
72245275
55051764
62706982
36742747
56496777
96480969
65932463
88937150
76798265
44485565
11692447
6108427
30135219
5470466
40737626
74339971
71295017
81001841
60206405
91538461
43771916
57446608
46115060
82226851
43250619
15216969
58585402
28456325
69001817
30371680
15810418
26766154
87828613
64236014
68820284
65569628
10946329
12710524
68508329
70689838
14350346
6221981
63380802
53805248
23449076
49009412
5397192
77766557
28493551
2759797
36687027
59555065
14195989
30898090
14905075
6057920
35488779
19477348
12645906
33499289
40553068
40848031
55955870
22258985
53289685
47373386
86334926
29530118
96370179
62286348
7309036
58555098
72046532
14371390
39671682
43692519
11779486
2637394
32343156
66948487
77837435
5788936
35913616
8138069
84682938
93437728
91422014
1989490
76934281
61071502
66817045
9557708
85568347
97856111
25197686
15023192
49013207
24048578
22221082
37815081
79513443
82211273
10147042
28354012
91865530
37034288
11349363
42841000
14073586
17817846
22298496
69699366
19115999
40485889
5989681
73957073
7767073
21614138
24446072
67376572
73513156
66970935
73633649
61808780
48842904
1149108
90812111
11198126
42545136
29283436
27668039
42423056
88355743
62386381
17004649
49024530
14224328
82805144
11806130
42384220
87975473
79822608
54973311
34432553
23982442
82385544
49511001
38400501
46110982
55485138
83016550
2968002
18128031
72484540
69006670
28908403
47877599
52792300
81540088
89395706
38937694
54555285
25418407
39331213
48162053
32209506
28482026
61113734
84103297
29993523
85420910
44806546
47103791
70597767
82931552
74855568
27538188
83299490
53393952
34406606
37357107
1795636
31971332
78493254
24606941
7477996
45378316
56491894
13854606
18248429
63977299
88880107
95666859
91218901
10849187
76321945
37379836
96498504
73702825
39296751
72163358
14823143
51148621
61521850
34323205
97642063
21461616
82405208
45942383
51598316
2435274
48137479
66462322
15756962
24378564
57388674
91633390
18393512
90524595
14248126
20591571
70768399
78030920
10608539
45102691
3624310
2619120
96093086
24335145
50143308
77421757
1905134
69773564
51516559
40060234
49927998
42963305
59136927
79969934
87078531
74409621
75951938
23758915
9073648
22133573
95258679
64874079
68648890
95811942
11019822
25490833
9983032
16929333
74406609
97263046
47019606
77299166
50485813
18671329
13693637
78379744
17168824
51118526
19845566
8553253
70196934
67968064
45158401
82737307
93291623
63319616
65335973
45081991
17773863
33473195
42758309
88720364
45117883
34421683
85828910
92100490
49094224
1993613
59183354
86381070
46777232
28348277
63605528
70116070
90776132
51848738
49797804
8615570
78931593
49887503
52668479
85469628
63950068
71112412
17401334
39473257
36809379
23126403
2323682
18327126
77628939
97610253
2891454
51027394
83337460
75098923
32917136
60723155
44490007
22098702
22775542
74671163
35582146
3020416
11581892
73424187
70927146
97920302
45220718
91471965
75211061
70829693
59331920
24476811
34303033
83548557
37149575
9745879
34771091
91997057
15435672
26601545
14272793
17066158
9373884
13877931
21872541
2082059
37947613
67828845
84526557
11018751
63089271
51431586
21366897
2935217
28203469
77465181
13972866
72401026
23403671
50734250
36526660
73793364
76600862
15820780
48777466
43162519
92320208
97443172
68987890
87643141
17227661
89668489
84467243
7291824
73940319
52053697
15565503
18192487
4739573
33094971
78925481
51417680
23228117
41911717
78235977
45076070
45325136
61248617
27137992
47620308
72143389
20705879
25015897
24701969
12774199
40607921
63448256
93950694
80215511
68593028
3175897
1199463
15728170
32413546
89736322
55747831
38577750
71744159
28540633
51331894
1130480
37013764
62455330
67425674
94596581
16987360
17938078
95714829
87115229
6432112
22604410
38705046
97205307
73681603
59263713
16833506
49666037
92865229
90774796
70279674
52864858
60035978
9473142
49253965
83109423
9255788
27207198
85255857
61877305
89536870
86886565
31714807
40427183
36731595
40751222
88155379
27882132
11505965
73110419
48410183
96510433
38196434
77451333
71635426
15279192
55672111
24068711
68659990
31263997
22002444
60806532
92884519
74936556
89490980
22046767
87127193
36652110
26943954
96379293
30162498
40373313
41418595
80237212
41545431
8849463
29245256
15044960
77481950
4269159
26177611
68968850
24875007
14180867
13042848
47566715
35892829
24408113
91339894
7853458
36389479
36339514
60589178
62101378
85819364
52838870
93112814
80021527
6489611
75844268
46224323
39198913
96837882
32569132
50991955
26500471
29377513
24976097
78140976
8513100
77404153
11996743
47189628
66581918
67561665
86644736
54236822
28039371
77292261
55000379
36537906
63561728
48530151
7750308
66998565
95071464
37612885
8532171
33797203
65300699
77016387
13655191
86216959
70337411
3191619
17279484
37633122
12128039
45581945
66144232
50597099
2085860
33708705
58554893
12345096
39522293
616100
97246444
80775092
4994159
95743855
28787598
94573164
51468687
59411050
58466393
61274261
70322187
20789411
11405638
68357367
6678976
10463572
60201101
23967914
80337206
60971165
69498891
59540941
34759711
23699153
81315833
87750765
92196413
49202418
4372279
48020828
93631942
90776215
51987493
8430996
44275168
58650175
36106770
79468053
78362490
28940608
41132248
1964820
14110435
942066
97429893
71984688
19399992
97239936
52479024
20796265
26211454
45799738
67498735
36282572
20776367
23377040
74642112
44175584
53580477
11606064
94043336
85200945
37764673
82610945
61597853
54080741
78297686
96439789
38335805
76397670
14830172
40190182
91818555
40135748
70815701
189956
19505664
96613728
71028482
95952913
42571156
79202509
16286997
35385321
59650461
65874409
59070190
63036048
48142249
66389533
63115018
2696017
14866718
81693933
4313258
63168064
15744936
91173643
81609617
87419250
82589116
63968051
67384482
82892224
11893710
63475599
27171475
12826377
54042572
81099600
70929542
96459462
19552048
48422588
65588758
85888040
17732160
90690658
89194657
36709858
51522814
79431086
96392759
49708655
57212622
2413242
70832074
26335687
8584527
8905191
11298394
88970518
52074341
3908882
55720749
88340959
9433027
35345502
39906836
46856736
61547552
22506954
22134330
22937635
21954054
72908101
94703384
79032302
30431469
9763571
29590726
1814159
13482089
93979517
68150207
30876935
83102341
53190509
6300919
17624010
54840851
7389511
24513395
53007009
92485856
11638872
48434123
51849918
63071577
8663508
15986032
38609917
552899
47236230
26244252
40931753
42476631
76203439
40705202
28617310
85555108
33621209
22937579
71878781
2140802
6223324
24576015
65478331
96359659
88185035
82384241
91107469
12913656
4138149
93846512
31899564
46577296
39770615
27127512
24461660
8110608
66759802
3629291
48894773
4759599
39314440
89500177
5122947
88658331
7083993
94953358
4939953
22744033
7977880
47302766
25936097
7873666
25664607
72367717
94525817
75271378
69509718
95270957
70287719
55570854
54075897
94045679
13379261
31660007
58377710
12095995
48489462
62000203
62324852
57404597
88910278
48666109
82416184
97453217
74982004
73613586
78239103
55647188
86081563
104214
21638158
51578381
2621476
48403230
92131625
97264860
94257286
13938864
41195060
74252041
42191592
22415890
35667968
90556893
72444172
94387508
47781144
89094866
62363552
4922368
64262039
80730688
71694106
8802598
10477740
10598442
76805650
78134889
34009029
34503181
95492738
62508555
48720383
92640244
43419571
78192761
56069800
20005244
69757273
10042796
29847699
40908326
39245345
39290461
34039374
81359307
23287582
34122402
16096452
70906491
31238263
55459441
61516574
52359289
21270574
30352851
74599414
33566095
71915778
60774101
83792799
2852494
10352610
59801249
27834070
23414326
8435488
37290629
79431172
20112572
68807452
79830864
96142579
47159665
16002879
89190599
56526480
41654718
2884138
58647012
9389917
68152601
34188867
22427348
75769876
76978106
56447074
5088939
47783296
69063283
41685116
23991550
64292051
84948285
51365761
88553441
33256781
86332916
66493178
97610309
13243620
12911413
63827985
96225606
79906811
63621788
86306461
95889469
32264801
32741538
24458145
76236195
81656351
46484387
63990275
61944563
29194810
85393792
61413823
23791746
4771232
54746832
61899416
65012237
42955130
63042845
22060263
33656473
64352922
44845390
25045950
6291641
31014603
206196
9919145
73290969
31356987
53564922
71431324
54038606
40358814
67247384
3509546
19711788
17289577
76606484
530740
5403064
71886186
95940618
51165956
29032622
3055328
96866572
42951973
9298657
87963550
66488500
8610523
49324907
13830787
24839753
94382496
46997261
66859210
54364224
1859644
66592008
13206108
93457567
41792686
20647026
49957807
24913063
10444674
3150139
93993925
91873750
52247108
42853564
92885289
43573011
75354275
91766672
8903021
74473474
89961761
29902269
52657712
81780770
52952411
64843527
47254170
40018272
36401242
89540829
41158115
95685705
24799322
90569083
43499760
8143248
1465978
38071293
20192765
7844551
48913032
42403987
96998461
97947724
65509289
90392244
34669990
880801
91078538
68274379
13079388
8180990
66223485
85824186
25790226
12934139
19705911
55723342
88133784
38725538
56005133
39862659
52185945
7919699
80366731
94702093
77224110
82895054
78431888
75798779
8856090
48975309
74904698
95879844
63277734
55892114
97323706
55669238
77075040
82897548
91324521
25265203
71664391
53289346
66118275
68076884
14073982
70254000
88991836
48271125
84549593
48085433
57505928
46757479
19969216
86745304
7533831
1425330
74038963
29456579
90167708
10986247
74971202
10276210
96566139
7608496
68090701
5689784
62354718
51809837
2496782
38035175
48420555
3587507
30478990
85137902
68358675
63812858
83714407
40906403
80038823
29055740
19379843
60034251
30487274
18543886
12706341
76087252
531249
54316342
52495378
79891498
12430109
67362706
31459135
82139980
43263779
16280864
3193002
15583169
92662909
88182902
96829812
61292654
24502459
64676133
90697121
27452272
73047661
54658667
21526560
20004572
87842093
835957
38591536
52410022
9276262
47663625
14855500
18649752
41886233
74406299
39695988
19563755
24098927
15178271
70210604
18944236
12891582
13020100
16763358
31370255
54944069
32153679
68605533
95060188
80902098
27302080
5925712
53043089
56090200
20690603
79423037
35432071
80833321
80201537
28818148
79900137
95051019
38459201
76963765
22322478
50307372
15781343
47363152
5154691
2286688
57190504
2180878
70794954
47349658
73883306
52038348
57893882
49261581
32567079
89134476
27859009
69221881
83245110
71630052
20658129
29130908
88495127
95887549
933184
74424145
88368948
92209999
72728541
77425456
52446047
64232953
45152681
13494655
79446275
2973813
20765361
9840846
17571199
18756606
87465776
24621724
19471269
58033033
21402572
61355199
5889366
54238958
39827377
45377827
72408552
22780581
19461350
5334607
96792228
96006813
90969231
2207118
39763951
97769215
32272774
38951392
82796679
42178868
82002921
69605429
74676241
2008755
11648696
90959475
88558963
20696369
3219152
47389697
52143667
65173615
12791447
49785165
71104032
17046796
25916477
58337571
15261979
12728163
12375377
94585110
56242862
82473643
67944344
90086186
14972536
88103907
46222098
4454876
56776254
79994166
57956732
81726766
2723418
80225954
87740323
32432892
66562702
36055538
34598250
91632129
83343209
85018278
23868688
4030087
1784817
4451940
45962194
9950496
54495302
19175360
26640766
55430303
67501107
69114064
43864087
10517660
31327652
64237933
44508144
73059489
68534373
67004405
83260070
59564153
13663252
51684784
95844643
64204200
41985956
38853599
67763441
70576748
83233461
10680374
56077894
81107948
47966638
26786833
81319731
88338626
49684254
46800328
11566215
48247073
37786412
68899781
64019516
47541790
84977187
66777366
79073045
8970220
44604779
31575286
61729511
38732678
962454
48254670
94450760
60682835
53630139
48346693
14498853
91399140
60723736
20554687
89061844
57638013
75112580
34519402
68036037
90710807
9013916
40676435
82237558
79518248
81932595
86515777
66478746
76006967
13436213
38761385
36514335
5872100
30612831
4738467
33555545
38289620
92634532
46104067
37447607
60241000
76896583
91954167
91610923
3085723
43452107
54542441
78875603
73675400
25505486
27359601
8473249
18769295
48017467
84995408
13039502
95199255
64343189
18980986
30756257
7564113
8148554
31775868
61590182
81596838
10113936
85461478
90115640
23657158
58481111
43503441
66640078
73810860
39765686
28332107
22220121
59050334
29036955
51516001
65202150
96009818
68615761
12751468
5729792
50828213
11915844
83332143
64442997
56779076
10832432
96990390
43983931
15825343
21661931
65402331
89491199
75730405
26980367
37875825
55027081
82680252
93011382
29571596
51590738
78725352
88568779
59977747
83121811
31037138
72173867
43714308
90280025
17787547
835624
11671276
84395217
53146769
63763336
56726234
12795145
84280716
66592085
67855227
24344145
35205153
38421963
51615374
11966950
33573742
34138070
25455484
31089513
14286029
30276444
80886618
84877168
57531640
85813880
39407503
38767114
54386320
42878684
69872375
31402331
36962482
45917941
18932609
40351624
77492621
88144150
34213544
59936571
31386932
20696890
62002398
14501828
94121848
8740930
84521467
2484229
19852040
84452667
48212896
18682488
70754805
93082739
45469665
18764526
22691186
85802446
58168366
14247614
5916202
23954434
12469722
85884485
57698947
28798460
95411706
8819675
48020844
13516654
87207800
8148729
15848669
44525094
27990362
91637619
86898890
68800
52281334
90443179
13697862
44403784
62486449
43253904
61655178
48940846
49869787
8443572
79886244
34213932
1777892
9305344
55529114
81681263
79746405
48879271
70051243
81895052
10885502
39872114
86941612
42682706
69431994
22221051
55636204
27921562
30619911
85729338
75644565
97151177
27956730
59717584
80758606
13545603
82657744
53211606
58328229
15655855
95939307
70580900
76694819
18106629
18832565
95923469
2893646
95861354
37993769
21442754
84227066
66212796
68450121
64720561
76320129
41510431
80874767
59180493
41550624
31478735
57772608
15926980
16392570
5674753
66333467
27547000
44491000
67001888
46545926
85757330
28234663
69096303
43011960
70044976
6476609
20981212
57929700
79460893
2897914
61054600
51002634
19506505
79166294
18203316
81855795
8403261
97969808
40659658
1407885
25623644
15086164
43361481
38867140
86855571
59193753
97341580
70274700
56743671
30030851
75459624
34008996
56199688
62619694
13294374
12115276
25025717
18083298
86148727
28458259
81401410
79898306
24062944
35660710
62026659
9507135
32459763
6995376
72346164
25573493
47320031
76030131
26240594
82177728
30799187
7844497
2450082
58574355
92825077
13998301
71841164
12839929
20714621
44084411
28857603
93221077
15240176
85841085
34691889
6250420
93668942
45740699
9135273
14555809
92474574
55031283
35170972
96159897
57685345
85589660
97342900
54415930
45230944
9659723
79727646
61498459
13029420
77725408
84743192
79985148
82557306
27756752
73255953
16767171
20107861
41026519
58529188
253382
90182144
86961190
95125148
79113133
42539752
43377617
68658464
94324678
86619564
38854939
88090623
3269415
40358716
87683177
63961911
73006112
85903929
91275864
74765268
31054273
84441729
56986439
6729195
65790135
96922518
23493059
56247983
11118105
40118002
69577999
3138235
2332637
35685064
43011156
1718295
46225075
54768054
29803525
95507681
83350149
87769850
407446
28581131
65362605
91052875
61959673
87514471
54849656
6834135
9042454
24325078
18651593
49337548
72509762
805778
77068039
81385058
84679985
7979870
29048991
25156561
58137079
614342
87469989
86253103
61188397
39991021
60691532
31307302
86363861
46032643
22407245
96638199
55895085
67121761
36203219
55125538
78472016
21788203
77456169
57714907
49825317
17845815
70279509
89134705
14135793
69088169
43599692
50787050
47852791
28434649
26960198
61157603
28699572
47478968
16825197
29881095
42900786
5922514
8900057
87735663
79411185
53295485
60434980
769547
86659745
5678641
75679370
20757109
69972887
59610353
76709025
58700612
92983649
90464967
45535013
52622370
21235378
6428669
23826852
75968815
89008704
77491231
44332405
96828478
93851809
2166309
20981038
53175124
15784956
44878199
18564309
78641638
64645740
54756338
23100178
65902636
24979381
7332642
33321711
11272275
55900331
84254059
4429225
40361279
60493215
30369970
28795518
43276563
6693591
35609248
22900036
90190227
72913049
42166096
75847440
40676685
75654980
65376466
25874440
35153318
78242459
61817972
55541460
96753105
21040583
7031161
32580925
4970732
40705938
38341279
96116676
15539052
15024470
72069256
2829387
17216651
14940004
82459897
11640153
14513365
51969826
78743940
5606413
32236364
55784743
10470974
6065870
40501661
76407633
62066469
68885485
79499355
40777388
48510299
64172179
7333477
55598850
83513273
96137683
25166885
14580435
24047420
12709665
95817819
57129252
18379491
94850125
89700266
21753697
30906214
8906951
19733462
14222823
93145440
26170493
15283082
23336967
42009402
60889803
94918279
21289081
20375186
15327176
24707537
82185075
69932533
469421
30431965
60196464
72090263
12457220
16772616
64928169
92340175
90241321
56702612
85899421
63943911
80793315
2020235
7947017
13771512
91572969
88213368
61072099
73434718
52403279
26428689
20720321
31778243
70854729
85855171
27463737
34668270
15501742
51753110
999694
26389158
17974745
43423848
7162094
9390671
15804922
97499183
95714381
26297410
73919298
75142812
47260520
58285429
97730893
9007276
50709414
9401877
35810088
25907035
52714397
11888662
44847587
24138777
93588133
27450085
70353429
73720628
24932201
87122584
33778365
55585847
10490690
97857700
18882552
96946539
11686291
78781138
23579885
11835195
77046891
6897495
75421919
29516870
7576015
88329016
71207188
16066004
54697480
15185052
70333075
19839246
7574156
17397502
51795349
19867505
91791510
81240845
31205888
67356355
67895520
33930666
36703295
2817778
86171409
29375040
73366654
89124722
1734247
7946015
34423277
47530021
97331481
76366530
56319682
89520011
24895162
47285762
35006556
26121860
7610896
52935572
66053898
85716652
14879619
59828130
77935243
24435155
4608951
95285223
21916685
56341368
45769257
96601882
27461125
86320314
27640793
65420638
45965071
52214226
97898162
47330374
80483966
7811470
51471368
297546
45777081
88046929
39674865
71344611
49341588
19904245
38055953
95499395
97055035
79718090
55219179
80660021
91792097
37541209
49515966
23324804
28880243
48722570
68961088
60050487
40355242
64700194
56796103
87908324
61003887
90086692
93869007
80186419
51308016
52698066
58632682
63706097
29968966
11034246
33288657
51852194
20859211
47611490
40280215
16395014
85935994
8941596
22407681
68467292
8660966
793395
43637343
66839757
97640955
4260894
92528011
41720545
92969933
55983038
83312944
78827469
30042302
41170941
12817363
76875546
13992725
38862062
30417439
76126773
88185036
83687168
2835605
93737823
50949122
31338619
83260960
8732328
89554257
21614285
24829949
39831210
90436068
39376448
63585373
47184036
564588
27808598
56417601
14142464
25940736
42142003
57273731
42440383
27178215
71965302
46458106
27139579
39950653
36003898
73291168
83720839
24001672
69506986
10476863
42216794
31057989
61646675
81912379
49723047
20451844
74727128
65519464
34515658
30075486
35776774
88776435
75695750
1867862
5539224
54878734
72773980
14963788
83318430
93992277
89312263
23278275
10454208
51858412
45503440
3265852
3784181
73243976
79794878
29712623
46840189
49578042
79344943
32458457
96458878
73477210
83946186
35915267
29742689
35012850
52389737
25172538
83237211
20817016
27103882
88585437
69570305
68055330
14925152
51303780
74801695
37453850
67048462
96461983
39337857
70269465
21480974
63345185
26403787
30216836
48377680
5645358
42392790
95141360
46522271
51807237
43734520
40196962
81535531
93843778
49785639
31572720
96078657
83925401
40520338
48322179
64923911
9530150
91263636
75481302
82265319
76349712
87389620
86052624
74981009
65266298
43865677
89274139
14967505
12022055
77097673
51246321
57133087
88595554
42670466
95598936
68281706
47900743
88421324
49962811
87038748
55133865
80326009
47756477
19001490
30990188
55068544
87452609
25274832
6177549
77365309
85486322
1368703
13386948
42186946
83716871
50298793
31843622
12176466
61731185
44162595
86512119
97849482
50807778
11577474
92779723
7177612
18318895
50135622
24551085
58910429
39282270
27396000
49335821
90697934
29558882
5715356
40154621
1350926
29062136
4808846
55241987
34563002
6925459
61098155
10343324
71540405
77841235
76954654
14937973
61891704
91364817
66198271
94343385
34893792
91268579
42644101
71900154
48682093
2116978
95165085
9574608
46594337
95847119
43620465
41806939
19471581
65926846
26609401
44118940
92509135
87157013
83417458
24219677
33395055
81266921
31398671
47866057
15949531
74863463
46749703
56821945
47734651
64203319
42962910
61003639
42586486
40527123
74745069
39107485
44796267
88591593
63964144
94061025
76375538
66967245
15197538
73362642
71427712
28726014
49975109
59553084
53761958
2150537
82094633
83538999
56581015
45808835
90389981
48401213
27128812
71820011
5122661
84741012
21616833
2435787
75532197
3479000
85004482
84163477
64416968
48745243
12216055
86270525
78863487
92286523
93549534
75745150
23387533
3138254
72974057
39088197
75468452
59496586
34843149
36285798
82422644
8179802
18680022
9833596
43278552
31661427
50203178
2686873
472441
18137832
15441306
89378720
28335659
36259239
63211048
76156444
59155382
9203159
90730992
92391964
68898990
90411280
2771093
73572962
16943429
13477471
93518675
39182654
66347568
26663346
8869401
63852674
54174877
76292222
57640419
40591678
31188985
32065345
76519194
9103722
79075800
68455693
17431298
41452842
66377484
45271515
83435453
64773419
38314170
89593338
80884497
84599654
64731477
87303622
69327914
75770776
36403530
58118955
21576878
91768521
70498470
21850806
6212254
13583199
45103237
16838700
53346111
13348889
42263172
8063501
80946051
37622958
2078209
61433409
56027390
90877691
6957345
83115741
73162549
42988142
24861861
91590875
15271740
78234328
50900092
11208959
45457523
33908635
85630486
88999699
85556267
48178897
74757570
78647181
58247089
31754347
72585529
45282610
21676465
4640213
95258918
10776267
70869195
474145
54476064
70921649
17715142
53242830
58253880
70845301
27716402
35901159
40690783
93336408
24040431
8255083
14852100
54467825
46362369
37451589
14242129
96182712
79205435
43003222
6061652
12964479
1341508
59208941
39297318
10900198
31781019
94784773
54310204
97957547
80769004
90506861
3931395
36143468
25526428
13616347
30154518
23653620
11860728
32435700
78484308
67582607
51166340
66674138
31489321
48189658
47519781
69248908
81384686
66240956
32925340
44862712
71677161
79714937
27427922
33786172
54599994
23097099
14015769
53076970
85289778
35889162
64980433
88325049
5988950
91146434
91029245
95728819
34442939
33551748
70542986
3073796
36093285
2976682
19154357
51514040
56078599
79288826
27587193
36521974
83837421
51220404
8698415
29154615
25114942
93604450
19770402
90796651
35817322
67400234
86106538
86238356
29900212
63107625
86569430
97543759
47967121
57477497
16449458
31369142
95468464
58829930
81929440
73852872
36171710
29139158
23926847
19556625
84725031
74376790
19087184
45946432
17369088
4367592
9384213
32328292
57787128
41643795
4690112
38852593
28763648
14262539
88942552
21630080
6404130
29091933
81094300
16597979
51282660
46893155
38713329
21615592
22658219
52790282
49926025
7878711
33687753
38823684
89743067
38778599
57007702
14719592
36562219
74314422
35854090
57014045
18901806
18934535
4143772
79701200
39183667
96407195
7858409
59850619
38545780
79079778
75819274
25464771
75894651
29667068
24234936
83933047
60963194
6043134
10366155
11102341
16145645
92919155
71089609
75023475
91490007
71966906
68139129
68821801
46676242
16919555
52870272
28474232
69024495
5746578
71842791
77343049
57861415
18052258
82041345
13081009
3185127
37415832
90503462
81235230
57977501
9455428
64830518
49860853
87907490
15457001
29286359
39132171
90702774
97132703
96157973
22668206
16554290
42483200
15951528
18202010
45905061
47123694
54641442
80955072
37158790
53790533
93311705
36044031
6130757
35889139
11851174
19959897
68711958
81048034
7668338
8116648
19557939
49373517
20574494
48775319
22764227
21427282
32247825
59298194
71842039
53674773
6716678
96362281
85851766
66837835
52834195
54223615
1228530
90124535
85653368
1114758
47659776
57422566
15456483
84180860
56450807
28813141
3555185
60595310
52753721
56304821
76815781
68792621
26609290
88420838
16527494
52739660
47595244
67846679
52581516
64753385
57096634
37888844
34791712
22891776
65609304
60719660
66580248
89387399
42464759
28230802
74931902
61488917
90245385
84653342
71889301
93865498
65333047
45260365
73053156
81971101
29695531
86404943
43528753
63143256
32089220
37954442
89431771
80851859
10750045
14692672
21225299
25468483
70289540
72082052
54321529
65495532
18254901
38349445
5719122
70249469
27259044
88288561
78873243
85653514
10583921
26628936
20812341
72635573
6828459
84658214
29705974
55825902
45579349
5574311
62985112
49247362
18468023
74739099
50890186
74555188
42413132
47153248
69156955
94067635
45090777
7235710
51040036
37279059
2354027
15440562
89386227
39615530
68968266
52244307
64841173
27221974
11064102
34164128
34193225
49012558
30342491
24131663
82114417
85605614
85116289
86256013
96367177
33186461
32325967
3736938
5398233
37619124
91336098
61921245
34291225
7811717
94155309
35599473
45902833
60748498
35745923
37141920
72784358
33009917
32443830
30677044
91038750
60061545
93095264
10061562
56171768
42746878
28289001
93868404
87248438
43193453
45193672
83893865
27788228
92716843
10410841
41486989
92601526
74788006
57039562
96701752
59918885
24670437
97863551
8760913
85974140
92009633
93971716
42107314
39981168
61655912
26855407
72240813
93163403
50348386
71046188
60313365
44772067
83105548
39938358
92628200
6668851
50486830
73483024
84311239
89388944
24896461
73721054
93909775
14869121
32369125
88111828
51157971
36706298
95127545
4062824
43866826
43292090
32315804
6515533
65750356
57766136
74517021
90468252
32850038
94849946
85950641
11638633
41417494
76436697
87461529
10408802
20367613
50371513
48586562
10590185
93489170
1290966
32615555
95071573
61721151
84936454
90994284
47095147
90849472
51835454
61020647
37351293
75551735
63823295
21272138
64555731
24916097
77677076
4517611
21211405
44696078
777570
13450731
22272318
47332710
37090016
59832240
9777427
54892344
47295596
67248257
87691223
28843442
45689102
4077289
14626003
92096982
30422456
75348127
53498179
65557346
95207353
7342781
2259630
30170823
41605063
60038120
3704692
24244623
93013668
97034301
13687386
51454861
74370716
60450078
37555282
71471299
3800270
31802797
65211121
9715780
21559155
74877560
14217438
42865746
62928460
37287877
38598803
62875111
69414401
37419024
63297715
56300155
63747718
40231511
26466131
8624066
56298079
4680391
1820863
41558807
13927211
51247309
5163204
2899417
47913434
5752485
6260177
92094490
10243641
79607188
93508343
67967036
11949100
66203188
93540570
53349
57147102
1179779
88851022
4377872
71681306
23066204
29834024
46387278
73207059
21785740
6803203
14739272
80026807
48583555
36395602
11027794
92607501
97420720
85912866
53828945
84782471
24662990
87859774
31550232
58921713
18568780
63700093
11895751
319712
92360790
475953
44032856
18772100
65784818
72553849
16557654
39132771
8048284
30847701
49731413
39768934
47493275
76353670
60262638
53986054
28248509
23124929
30042182
3901875
61249876
55242797
53232238
55014904
69290994
57123766
47025962
9512694
69349303
2683424
45560482
73588690
23964762
69489008
91488073
17915673
64505565
83719953
87411359
57552977
72628053
71387744
77516296
91517221
39368787
28401335
15207498
24346634
51148680
64073012
39943263
6234972
83961804
94118473
97262569
51041925
85784464
44342538
53225839
85034240
67992289
74081475
71374244
6049089
4983443
7768119
28514315
96226215
2355526
7287241
78046681
79120833
23282583
40378587
76309723
15022152
75262656
40408113
73676998
44913708
78121208
43834791
96256031
32919879
97607636
52920031
87089713
90023851
65623876
77154365
13659995
61943200
69098031
54869751
66808401
96040856
5412593
21227074
9443159
21244694
73278285
37668094
92084736
8260430
63125931
27165236
30618781
21612574
60296905
29842206
37931304
36464955
35500782
43336000
43840166
7583785
76569782
9935348
67627481
3680676
8056333
48063871
84408426
62330802
49457157
45581327
77861323
82177900
37222416
69785066
18433584
56281480
63815790
56183126
75651650
32776983
64878332
776575
72954897
15095576
83615051
92605305
90634790
27916997
56039845
25168444
29229930
72889106
1879015
19563610
