#N=1900
1149
470
855
670
1423
24
1227
1539
1911
1535
51
1
1127
775
221
1619
1063
887
596
1475
1240
468
568
921
827
216
920
1311
1735
646
1068
479
1048
1273
1444
327
557
135
1488
1910
408
1719
1781
1952
1713
1335
1023
31
90
570
906
318
84
795
1
1517
481
274
685
1256
41
1796
1479
1164
1159
1752
839
648
170
212
571
456
449
446
1372
1682
1688
452
1125
1772
929
554
760
1010
314
170
832
1669
676
890
220
1321
1079
170
767
511
24
627
519
1714
1764
125
1528
1210
1202
920
557
1916
1967
1014
1455
362
683
589
178
646
1938
1942
1448
1356
254
50
553
568
589
140
435
310
1307
837
629
996
923
608
653
1287
1397
1986
904
1605
331
866
183
37
1095
680
1198
582
130
1841
802
1687
1905
856
576
278
1276
40
124
311
1915
21
786
1637
1655
668
826
1793
1655
38
1864
294
1772
1947
839
955
549
1801
1781
887
1936
389
1554
69
23
535
597
965
569
102
1969
277
810
118
1254
1863
1457
788
371
1360
267
1918
1899
1259
1398
1039
1618
105
308
1835
1334
309
366
1018
1472
1501
409
495
997
292
1293
293
1467
1391
662
466
1491
96
521
454
1905
1451
963
860
84
1293
1174
1784
1214
441
1469
759
838
1308
1052
977
504
117
1203
704
1269
344
1632
1000
1901
1008
1946
1480
192
1513
1935
1488
1810
113
1687
300
521
732
758
898
1604
603
1707
1861
804
1378
217
242
849
1301
1516
711
887
623
1055
864
1259
876
1988
704
1704
264
1802
1953
1592
954
1986
66
1572
598
1192
186
1800
772
86
1005
529
1360
727
580
414
893
1657
23
1808
179
1319
555
1616
1724
903
194
673
848
1968
1969
1826
1831
875
1829
799
863
100
1238
685
1170
278
1950
946
277
1367
833
1086
1478
1148
1253
1007
1596
1653
1422
1494
498
227
704
1465
580
1537
440
1032
12
1729
4
620
1374
960
736
667
1
583
555
1635
1889
1686
1834
914
1995
43
1586
102
1598
1195
789
1033
90
1611
1025
1549
1525
1155
1471
1835
355
1045
1885
1150
959
153
554
810
1137
870
1802
975
134
233
1329
1893
446
391
1314
564
1548
1622
8
542
528
312
78
1691
800
869
393
1649
86
1731
595
592
1460
1685
1452
162
1179
11
88
242
1788
1381
579
1882
1287
134
556
1006
1094
139
907
1281
1956
1653
1740
1152
783
663
1053
1938
714
1354
1584
1297
949
1884
517
937
224
708
1664
1906
94
887
1326
281
1484
860
542
255
627
1255
1542
803
870
1520
99
1289
1949
142
354
1418
404
143
1223
12
1660
1810
1717
318
613
1219
1023
256
1847
909
182
1229
233
1288
714
266
828
464
704
1582
1572
1957
935
974
1739
654
637
835
484
1414
296
1784
1196
497
1739
800
1816
113
74
618
676
895
514
409
903
693
1563
1247
1336
748
1090
1040
661
724
780
1347
613
1224
538
700
661
1800
488
839
1125
1626
725
1198
1438
1623
103
267
435
264
1290
1657
1357
815
600
739
529
366
260
1315
111
1557
808
1913
1006
739
655
264
1118
863
114
369
188
1546
1095
1614
1188
282
1420
1222
908
475
1500
1061
285
234
478
1215
698
1147
950
198
994
69
1701
741
64
1793
150
748
675
569
1275
1018
800
1256
193
1967
1375
945
165
289
633
1266
1026
1514
1980
1332
708
499
153
881
941
252
447
1908
1034
1317
1561
1582
1917
1658
211
19
1267
834
324
1692
244
1528
755
900
1264
1119
1730
1695
806
1480
1621
270
1
344
876
1034
1662
1131
790
1452
1844
1904
1814
1897
833
1378
138
1576
1032
1239
1380
1788
264
1636
1614
12
756
249
516
979
1922
1277
1837
1411
682
1746
244
653
1731
886
1639
1947
1514
435
201
1701
789
1343
638
1245
975
187
617
694
880
1364
1497
219
771
1240
1143
954
595
91
1167
472
14
1801
1014
227
1816
1647
188
1813
89
859
1506
1545
367
451
1070
724
1307
1254
1198
1104
593
700
1077
259
645
1494
1788
122
77
1366
1902
230
1986
1368
38
3
2000
1330
750
545
934
1054
474
86
1588
1817
1969
646
1103
941
26
334
55
26
472
965
1417
865
221
289
1824
533
192
1983
1812
1152
1696
1455
396
139
71
1291
1467
658
118
941
1157
1028
1063
1212
1329
0
1863
1090
1052
50
744
1571
1041
131
97
1842
722
1484
729
800
756
1557
1827
1549
672
1414
1173
969
1945
1091
321
387
141
1062
1350
239
1392
1813
789
1482
1009
1056
1473
1643
1409
1057
1113
365
728
1616
1417
1651
1328
413
819
146
1913
82
647
2000
1392
1703
1038
345
1671
1538
1450
1910
1246
176
9
1810
89
859
973
1044
772
1941
1392
1521
288
1447
832
1181
944
737
1943
355
1133
1388
962
1047
31
1943
1339
204
735
1274
1901
1437
530
1594
1280
1046
529
1033
94
1252
1653
388
689
1550
946
95
1682
588
46
997
1394
86
1357
1463
151
270
1208
65
303
1299
1187
750
599
1927
1064
247
1395
1278
1824
1707
1006
545
1886
594
1869
357
491
1128
1638
1961
1641
374
378
1529
254
86
1968
1910
1322
1997
699
1260
1687
795
532
1787
424
1689
714
1721
263
412
677
1972
545
1184
720
531
1487
1264
1582
555
119
735
1562
345
765
414
1654
61
310
347
1171
1900
370
844
1516
1147
1868
745
1487
735
1868
1937
1252
457
1697
1456
950
1375
1588
1290
993
217
1971
1591
1135
1146
547
1749
1334
410
1978
326
827
1667
1420
1214
103
1576
878
1993
1484
1854
240
1796
1508
322
311
103
825
1813
1319
1403
1083
1268
1487
1829
1813
136
1772
1008
26
310
907
1614
1564
287
336
553
91
1468
1753
131
346
1919
1485
1848
1941
942
784
1423
730
494
358
1698
1456
1794
57
1248
110
1462
543
412
1190
1063
1721
1454
638
1312
801
403
1122
1835
647
942
421
986
1063
518
655
733
1507
1033
1039
1008
83
651
1683
596
704
1699
715
1924
1135
1737
425
409
653
235
633
1409
199
180
1414
1662
321
346
774
773
1454
1623
1694
499
1393
831
1326
1488
1947
1985
1882
1224
1007
1422
1499
1168
1084
633
1777
1687
478
896
1996
538
1859
1511
1331
1992
892
1152
1080
955
230
1306
1174
1906
885
1784
49
723
1421
460
168
281
338
866
1392
1840
154
1324
1692
1941
1037
484
1651
310
1062
179
912
1938
922
217
224
325
421
1833
299
605
806
1590
554
1583
565
1303
890
498
711
510
148
657
287
1651
732
727
1866
1472
1399
1125
1701
1138
155
1040
1797
835
469
1817
1027
710
50
1667
1025
1252
692
66
1035
380
350
497
223
941
1926
3
227
1704
1328
741
214
704
969
1104
1342
1764
571
1981
1808
1760
208
1804
1686
799
974
1401
660
312
1717
538
599
1853
572
663
1156
665
675
1487
1932
1067
1773
1554
1363
1649
533
1362
399
812
214
447
74
1410
830
727
139
1105
1685
565
156
306
1967
379
1140
350
1989
1670
733
51
1715
821
1704
567
1021
1
1693
1722
1590
1953
1181
805
1618
1347
1270
168
1486
17
949
1822
599
1778
1610
59
834
1470
1617
379
1956
355
348
1591
1800
1703
875
1743
855
1741
984
785
778
1834
1536
1893
304
1696
1220
1665
1862
1615
654
983
1387
140
442
897
1515
1262
31
808
556
1089
716
500
1291
1578
1202
513
963
1150
1250
1329
1530
283
673
640
1834
48
1453
1322
228
514
540
932
626
1624
866
1149
706
1386
92
499
241
1582
1741
1221
615
52
1264
77
1621
1410
656
889
449
1068
1631
955
1821
939
782
1739
331
1360
66
1477
918
1923
1500
650
1588
954
758
1021
967
1689
1958
538
874
297
1422
732
960
31
1702
1495
1248
692
173
524
1050
1866
1673
855
441
587
420
268
778
545
1892
567
1988
1070
1507
429
1258
103
1117
142
1780
1834
1473
1466
784
1010
1322
1166
84
751
852
638
1867
1529
434
173
1810
1876
377
653
1001
1265
1504
1
1813
1404
1313
1558
766
1727
1113
314
1050
463
143
60
1369
1014
314
1890
1327
1767
204
1694
162
559
1797
1599
1318
1555
1593
1442
1453
100
689
697
1080
29
445
452
677
1093
171
1432
1538
1130
1747
1480
130
990
1686
1634
1605
87
1898
563
1242
684
6
318
545
1492
753
756
1464
1103
695
628
1353
1796
281
1688
1556
1042
1686
58
1443
757
237
497
1386
40
178
1485
846
1657
557
1367
139
958
8
232
471
92
504
835
193
899
347
1665
240
1683
2
1941
42
1372
1822
946
1372
196
761
344
1638
965
928
1480
1960
42
1801
1908
486
1917
171
79
342
1605
931
529
659
1108
105
743
1641
1074
119
1540
0
67
627
1028
1002
239
1860
158
1449
886
121
52
1999
1885
179
407
17
566
1149
1814
946
1823
867
358
1911
1031
624
544
1074
494
1355
1416
1066
831
1169
1286
791
1417
480
1840
887
237
1873
1592
310
56
1702
204
1621
1769
1390
588
355
1836
177
1367
400
573
1632
101
1429
967
247
223
40
195
806
1395
529
243
1967
1739
369
259
332
106
436
1934
1258
1033
1414
1554
854
1431
1879
1605
178
741
1145
1108
1855
1649
926
52
1417
646
108
1006
1871
1234
1874
150
1407
706
1824
399
849
1404
962
1704
179
426
118
1250
1253
1138
903
1513
887
1497
182
245
231
723
386
411
1219
1318
1576
163
1828
1611
326
1007
1857
420
1438
1589
1225
979
1586
930
1173
1424
790
1741
251
1407
1774
1084
1708
1903
302
1821
1505
1512
1279
1498
1491
407
1838
820
1755
1907
1570
711
1196
901
2
738
1807
605
583
1876
1173
1384
1967
1610
141
314
1225
1888
398
791
985
449
463
1314
1661
671
653
374
1251
1486
710
1112
709
901
1095
1841
155
373
1876
1643
1910
5
1242
95
385
697
1917
434
1345
1949
770
1672
1232
1793
661
1730
1421
1611
1664
582
1220
1810
459
1312
1189
1165
407
513
464
1871
400
257
1621
988
178
393
1353
411
1665
1674
1160
1421
1011
1502
815
1494
66
1282
833
297
122
1909
620
1295
904
676
1143
537
555
207
692
1413
78
1228
78
210
729
1679
1251
687
1106
1659
605
