#N=2400
1703989
2155271
1898882
169813
3474917
1342316
2119982
4022184
2650421
5153980
4462946
1717270
4752562
54090
5021364
1893619
4194640
397046
3512301
2959223
4466497
448180
5091024
1876989
1265316
3136501
2011887
3068089
317190
4514916
3781684
1534176
4440355
5319841
2813106
4216009
3455171
2726003
5319239
5696427
5164693
3412131
1459182
2858943
1619451
3627593
3144594
1235417
1690550
3064120
2631475
1592782
3946140
957797
5625103
3957228
2819311
3256972
4049681
4543015
4837837
3225118
3484345
4987622
867945
87103
4656771
3518744
2324586
1907108
3240520
2305750
795955
2594865
4477624
5147310
1937043
4843750
3367218
4861043
4877981
1673677
1727680
5748913
3898487
2368131
4670823
3039571
3182411
824562
61945
5610215
1360448
3397242
5094127
3109202
2525793
2749663
5041500
4782111
114428
5408931
3588127
411921
657822
4397150
1780092
2836000
5725770
1693540
3133363
3892343
2538466
5119550
1078090
858916
3948996
3846260
1980901
2335471
4227390
2424703
516088
3014522
871449
1347739
3827703
3503682
2635235
4395844
1193984
4465783
4751109
3954252
4391830
3581822
3434656
4849827
4465913
1833426
3918350
3773813
1817528
1679550
173829
2991831
3641290
616799
4382146
5316199
1819383
216143
1553254
3931624
3950095
3127768
4472505
5191859
1312973
3929453
4408011
2999733
4837229
1169287
5282872
5302003
3879185
1601230
5694753
692100
4779174
2238800
2603259
4585698
2801535
4320306
3372961
4085092
3560692
4166002
3762945
3647760
1029324
4185487
5219120
4518236
818070
5306328
783848
3076516
3855500
2241999
3476862
4298501
3050103
2684917
4370526
2190360
1585331
3455952
3848842
193476
4200541
3046229
216012
4476444
759614
4966959
322147
5672933
2139953
5337459
4188641
2271089
2370692
4676067
2737663
2504830
1450828
3305125
5359655
4320274
4951897
5555221
4691251
5623019
1099585
914574
4101519
1391855
5015412
5565889
4740740
5484098
2286615
12328
3157571
5609958
2827006
744689
487567
5628865
1970042
5272574
4296702
4629138
2228514
5192538
1908451
1893830
3116504
5564435
4392299
5088879
4455635
3776677
1521500
4471006
1659162
3298906
1414390
4294590
3279274
4728412
1329801
1439933
2945323
2412882
5122391
2958142
3537923
974993
335438
3100905
2047335
4864164
1723962
334684
1079309
2104017
2264806
3787626
1108799
615622
3567379
4747905
1120789
2985870
3056616
2127848
4782908
2445979
2964789
1839341
786364
4676920
2077543
5747181
3638234
4147397
1625979
437018
3690934
234549
380218
1712651
3784855
5379946
3829878
2054958
995217
652459
220247
1124170
4258109
5344785
1691289
4752942
2966238
5373912
4923060
2943567
662890
4047869
5521799
799183
41961
2693421
3124477
2204491
5219739
1391430
56800
1978282
2209695
760273
2646049
1729897
3388003
2180694
1834711
5631048
2154351
5398739
4196157
5265167
1381822
1080652
5589883
22671
4711022
5638466
3181769
4626983
4005908
1831652
3434707
2600746
2236958
1733047
2147690
3241457
4941736
5056528
4095509
479798
2135545
465354
4658462
3516956
26343
1199247
438165
1652459
4016917
2118780
5435285
1359151
2129631
4714693
1604178
84039
1632558
353391
195550
408437
4357970
1701660
453055
4755502
2551312
2851163
4905948
3465213
1924258
2633430
584612
3381865
439011
3459214
3078791
3137160
1945606
3082661
1977175
2657766
5749149
5483868
4518249
2045592
2085410
1250786
4651764
1224120
1755422
4253891
5715383
5362469
4910349
2365168
4612829
3849375
5690181
1275793
2880601
4302394
2194419
1888673
303074
2065127
1513608
4759405
1159984
5047840
2096788
1256583
2902793
3703557
3398458
3267462
3153829
861289
4258640
5161149
272013
1156228
5103542
2353489
5512916
1060974
2434988
3337036
5732050
1387787
3844650
991927
3999320
129292
375065
306944
5668418
1229044
1665892
5663402
1148322
4153232
2621401
5395332
549728
1540443
3772098
2755955
5352552
3102412
57607
2681800
406588
3045843
5678502
2175880
92200
50476
5252386
3743397
3148468
3715358
616862
2695650
4984150
3909297
3404328
5016
4843998
3272661
2045275
1512991
3603504
1080958
1623234
2557048
951167
5432962
2698348
2670752
1699098
1775040
2763299
3990709
1956917
4631300
1686769
1112079
2662009
540303
3126535
5216093
3494484
1470841
5051323
4979134
4825300
131666
2723017
2334282
4432433
964317
5649758
1046455
129790
953548
5618701
4040416
3733863
5686584
4670729
2471665
4581398
2895274
1307215
5608114
1969291
1146466
3745545
3205917
1809095
1655693
4928046
4275351
1408817
4919657
1259392
1494293
462509
1758699
2444525
3385978
5597803
4696210
191030
852650
1982960
4695392
4132963
265473
108461
1775454
167725
3736560
925983
160748
1862569
3526650
4100647
1093126
3041147
3293745
5010152
8389
3015959
5674525
4457148
4263968
4809769
1839807
924172
3508316
2198222
4745153
1716524
1255639
2479687
720762
4586931
2357509
4861024
1135177
5612747
6976
1873990
2162609
1820102
769443
485503
806902
846250
2036033
5041062
5095627
1311242
3515266
864756
1620616
3339796
304728
4404860
1939020
795066
942583
2265465
5759038
1431983
4885454
623013
2455029
1508038
4854048
5021187
3450137
2950150
107822
680381
1013199
5683193
3212746
529116
513899
724791
1525795
4230871
4453902
175470
5323304
1979031
404050
5269662
3462277
5433556
5559305
4273876
2143287
4139300
4736955
2380691
1528966
3193843
3817901
907172
3916640
1773031
1936951
184630
2230911
5247359
4172569
2487955
4763322
2043029
1034165
353600
4667567
2474870
4534696
4816918
4276755
730495
5470358
3951677
2293544
423280
5296922
4525871
2610333
1543112
4322791
5385070
4040479
1048145
4730222
3732010
4305395
1452868
775336
5502957
484037
2129540
457065
3412997
2138737
4319295
1578905
4613925
2961391
3804200
5106560
325078
4196952
4050353
3418031
2530948
2576222
3753810
203080
2985264
2265909
2277920
654847
5071745
2502751
2280629
1959948
4562439
968831
4405797
4049167
2831041
4754079
901045
1834092
3284813
1357904
2537980
4270641
1639587
4370524
1056207
2667048
669279
477406
4427497
2327868
5350959
491176
2688436
2330417
1957440
5535170
3137494
3111796
2703588
1311798
3314152
5276547
2901066
4414994
2151397
996949
472541
5303142
4059387
4774173
4481593
3927457
3214434
4732540
3701245
578801
3002827
4101412
5649724
3936321
4402708
3020542
3297012
1916541
3956199
4605644
2831582
1825695
5557645
3187041
3174008
3662434
2128425
907392
3942453
2608256
2697562
1458369
821549
131930
1559739
5509054
226212
2635633
1729712
4363109
5452354
4826507
4461980
2629182
5402585
2486166
3827619
4451368
4844960
1133778
3811275
4407817
4411688
1895210
61891
1269891
4483257
5280170
3969830
1487359
1786707
2565632
5658631
75771
4668993
4684107
3779341
626379
1946555
1666481
4664405
1826447
5183923
1975813
4561564
5714492
2404482
1697115
5403369
5200419
2482091
1916065
3349201
2145071
2175229
541721
2063337
2995898
2496738
407473
1588729
714211
2659915
974524
2056430
4042614
1740827
1116135
1721975
120108
2242558
1691866
3024884
4232707
5331332
1867723
311123
1967339
4975025
2490579
1851218
5100296
5500837
2807479
4845010
4939331
2808259
659139
1407169
1782527
3507559
5377481
3421056
4377302
4993698
940295
2320638
623994
3636853
4793385
2855225
3769852
2120535
160435
3921583
2367267
1655974
2583820
116121
4638005
2749743
4803739
5018561
5324781
4762496
3189146
2535437
1025731
2911581
792964
4121472
4890258
383783
1484036
1059938
4369704
2066718
2290529
2532045
5627001
2672849
2694789
5608270
4516544
3267737
341038
2251146
1781245
4597353
1072383
5379444
2188237
4804519
832690
2789344
3736765
277565
1742472
1667535
3781324
409181
1640710
2833594
1774080
4180594
4529410
840934
2199717
5377681
5597256
18731
2919581
4190328
4270507
2265398
489766
506960
182038
2161802
1412391
1031140
4546754
5158894
1067754
5318400
50147
1072504
2256242
336566
26825
5711005
4395102
2223392
4064185
5696422
1980877
3915005
6953
1184261
2458099
1406928
1508225
5417459
2703837
2766821
1086635
4087965
4854570
4910899
3375048
2013498
5723387
3991630
4112022
4758525
3062158
5473582
1045679
1308513
1701464
3563434
1646820
3461956
5005791
4912456
5689468
796616
1456905
4360026
5436036
1803916
3466367
3504680
4330824
4375872
3672252
1935737
5476193
1844347
3950788
5143419
2664752
5728137
5692748
4398441
3712846
756920
2775392
2245521
5421694
3002784
3320919
2494364
3532489
4209175
2458826
332717
123855
5412990
893659
934631
2236367
3853770
5592429
2395087
3662955
831179
2748225
332773
4939596
3982651
4213947
3029587
1018566
3939103
626323
470599
1095227
4535884
4684603
1930604
5230296
4871745
4798814
2203047
3088594
2805836
5199058
4949225
2179898
1803165
105478
5601281
190815
3764524
4410138
3330182
1651584
3528849
882102
913284
1967360
5038120
2403263
547967
2843876
853715
1545997
3927898
5065589
5572859
2891791
2030524
786425
1992978
2763989
2902645
625938
3395893
3847021
1341893
615625
2100955
194417
1623909
2112940
881289
2448080
738299
1561489
607257
4270022
1419393
2194244
552823
3765246
3679253
1548126
1733138
1036107
2038340
3789709
5662089
5026535
2647056
370314
4131372
4815625
4047321
1783543
1746066
150750
4751717
4751290
5073129
4935830
1374641
4083075
844097
2228278
142096
3176289
2720473
2417423
3278267
3767973
2032107
2643146
4273062
2706705
137294
2771806
145928
4295049
895163
3591432
2082994
1351103
2072833
3896571
2791827
1758052
5600898
4579163
3376649
990054
4091732
3909638
3940979
2431084
4271081
2487949
4661298
3715776
5148591
635121
5254912
5085403
1509126
1501256
1564052
605521
1876642
2314497
2212055
4307336
521873
3946424
4319277
314781
3058949
3972665
4141403
4610844
487430
4230287
2809076
663923
5398558
456304
2533062
5318580
2102634
4026177
4220865
63188
3889270
2756931
2524625
903605
5384614
4012831
3156741
2332582
1792623
4025632
4751335
207092
5650751
346611
1933379
3211381
2488510
4674392
1801768
4586783
4591729
2352771
2894136
4843254
3116946
4266886
100990
2039445
4900182
1463934
3298564
2985665
2135592
4271795
2510140
2055307
2220208
4891110
2344523
588806
3138157
4404723
4033714
1442645
2621377
2022262
1409613
2665002
4845939
4212272
1692647
4511751
3999101
4387251
4742264
1077501
4129980
4397056
4500882
1914517
4091618
4786770
475525
4843561
1054862
3379031
5470784
634676
756227
2703076
2315093
698787
1783346
1014726
33032
4719651
1939599
1960616
972355
334187
213171
2068672
5529488
2921600
5020547
5108483
2336619
2215462
305438
5474113
442267
4011332
2735183
1859770
5132778
5183461
2622803
1770983
3082859
4820716
919730
1300367
665755
2823696
3838403
2835691
2750570
1605412
1747445
4663684
564700
2054847
1811401
5184281
584980
2805084
4803045
2622507
776470
1057382
1742205
4342498
3641830
2314997
4996967
3361794
2100602
2565363
5614529
1782492
3158235
3856035
3221965
3590065
4836401
1236266
91521
3846887
1040712
5452598
1855558
143695
1469867
4766317
381236
2725749
1031889
3745663
5643577
2193972
2178827
4190484
4108807
5043312
214395
1434879
3507266
5081386
5167129
1758494
4320528
5328171
3782909
988974
3498543
989514
195554
398924
1991328
897017
2986006
1852517
4525735
3507393
3734428
2395574
1845448
3601193
570110
456368
2848441
1898791
3976089
2673928
1536046
5656285
2027751
752046
760858
5598958
3735586
2334829
832903
1796670
5556696
3099619
4758187
4061813
2176193
4902087
1134558
4241889
2881365
2130161
665220
4896511
828738
392354
5516027
3434595
2240280
174513
5126021
3083079
646177
783999
4895427
1192068
2776461
3189305
3769330
942191
2538134
3493284
2798484
498158
5686702
4619375
2927255
2697580
2020722
4764398
3576668
2748130
304697
5036142
5140484
2157419
3912075
5341514
4068574
4917202
5288337
4342022
3947653
4217384
2770814
709396
2186014
1834270
651171
5039322
3903708
1043251
2569858
2942384
3330904
2989121
2598653
2926133
4880913
4035868
3462975
3303802
3367646
2910554
1124067
4562246
3848846
3758149
4816452
4489828
969548
74228
1571208
2241532
1034645
936543
58225
1909968
2693838
5367921
2469463
961323
2475623
5340738
5107007
5168047
3868209
3326060
4226433
1577110
668222
552421
1183010
3568676
3824984
2129194
4509070
5119018
2788600
4742224
1921895
3491292
3802858
5397940
2183307
3887953
3005981
5213580
5200505
1732515
2892298
1892001
617592
2070852
1472528
1780947
941613
1294374
2657838
3674012
394100
1862822
1490713
3817092
3822882
4465966
5100594
5526846
2200398
5057309
5702642
2283956
1307985
5674906
2391959
1733002
4447449
1273466
2321282
2311779
118198
5584722
419473
4596646
1129238
4941430
3886384
2030877
900274
5558292
1186573
1340283
2803216
2784748
4476499
4056036
1268843
43285
5584205
5676443
2752598
27736
4655272
4338259
1227457
121768
4174996
1138945
158543
1499835
895581
1281553
4455484
1238043
5473537
3861637
3044431
4088093
5607580
5319991
1758351
4161826
2623785
4507180
519179
4433213
4231832
1352401
2053963
4559744
24445
3177615
4560280
4533504
4926538
4851788
4726501
1678436
5006640
4636991
2804352
5417538
571291
593847
3953613
1385444
3017333
3484441
1333016
449028
1699481
3011172
3642647
3950573
275348
3930054
1382525
4435363
331231
3639623
5759465
1250942
4011078
4471768
4570278
3248102
5605149
89510
4634084
4352377
3068974
2210505
1463925
4945848
2339790
5232448
4815704
2568304
788235
4081845
2566382
3508909
1739098
5472594
1571322
1599986
2602098
3502903
3439174
4840289
5388546
1287697
1443940
5526251
3629895
3484043
3377294
256046
2780537
2423579
2888452
2886402
5630716
994753
130144
5531486
4444213
733858
4765198
3039327
1346022
1857064
1937586
139112
1873771
2831695
2924088
3521809
3874357
1154751
2399624
4625571
2421078
3719898
2148957
3373848
703506
953715
2130870
4657410
1556138
1893698
2756258
4862506
1313816
5156286
5529564
1404886
4151112
2908133
1101740
1206909
5743294
3869167
1978300
4111962
4717339
772611
125460
4012062
4493674
4439727
1479888
4807231
2019667
1195242
246253
809371
4160852
237172
1901152
2453633
5343158
3359973
5092942
5668931
8449
2621431
5066421
1947478
1928115
1995849
3991885
1631332
3915104
208964
2989777
5468552
2038938
449008
2532174
5446444
1423335
284646
3564253
213570
1797666
9081
4668220
1707219
5417291
3304455
2123967
5434227
2354799
2471511
5365786
2824247
5456592
2073847
3715594
5060059
3840746
2786196
3404830
4206552
3930026
1544044
2936378
1355770
4785674
1250803
885466
213040
4246981
3555172
1305351
90447
351791
367040
4346528
5743064
949656
5412456
4831717
4293828
1778195
2295214
4868654
396533
3993101
5692674
658503
4397470
4616170
1860786
1270174
1577531
2518371
1685575
470304
3575909
1767098
3090295
4667690
4156534
3203381
938310
507195
5132003
5177385
4694072
911347
1419104
2637536
1539778
5185175
1381662
4062113
3939256
4501305
5355632
79778
4557718
3127296
3038639
4105691
4347874
1107226
4702463
4681753
2143285
4668220
3370565
5646915
2732654
2652614
2834653
1520926
576398
4220656
2761556
2056536
4134844
997205
1255873
3237666
249194
2640358
4466482
3859477
4706863
1231611
2801140
5215302
3542697
934688
5163229
5426122
4723942
34243
314463
1259646
938840
5481227
2812261
1211728
2076215
3377273
3522645
4279863
85812
1764351
5563939
897178
748011
4375516
4531185
2149717
2696770
2238145
61612
4254837
2452190
1866452
52073
3876576
1970747
5128986
5111658
2467570
4855403
5356513
3210661
4490388
3405011
4198264
3449084
3556353
3291461
1758294
3479200
3951909
1016340
1188422
2125994
3361569
682021
1296314
2088105
4201934
5545956
2958436
4202764
4335614
4658981
683087
3528194
4266452
5036859
4518421
4020185
5128291
1951502
4772397
1041304
5608659
906803
694065
4840429
4102827
741953
2290777
1825915
2418047
506401
5592956
1273464
2240087
1510359
3892944
4762446
213617
4059456
2522951
5570696
392528
409504
4769774
5009543
5668568
2566919
5007789
4086987
1106119
3865594
5110515
5531505
1567252
5712112
2549652
2276912
3087182
787651
996235
1144582
3029590
4082597
2143796
2240917
300017
5593489
2239495
402921
2670203
2113447
800922
146261
5264213
1206130
1754
584856
1460800
1142195
4736473
337889
1301617
4161678
2981853
4053615
1628205
765276
283952
1942600
3518062
2673639
3764062
788673
2785855
2310308
1422
5657096
1926561
4889324
4365275
2523941
1612510
5354793
144507
4679357
5505331
3622835
1608383
126185
4603854
5338071
3116037
3008002
2533473
2216577
3769663
5445606
3007215
2373589
3938538
1732664
5647785
457029
787251
2888759
383747
872099
295096
4165895
2280089
4770482
2379434
2693154
4612738
1284948
2074248
4382420
4778982
2030313
2770149
1595851
2804597
899459
4001615
1851143
3972638
399348
510342
277826
2485805
2484784
945413
1762300
73282
5675153
2593663
981127
3355286
287890
1786461
5346936
157744
1094485
618905
4993594
2265967
4807211
1612271
2186405
4985717
1870690
2357512
5716730
1690097
3602267
1340801
3694812
3673544
2788834
5092414
5486781
2411501
1030261
4928638
3855431
1323142
1309048
4954667
3768351
130146
691976
3731305
5687427
4588519
574970
3381323
4842838
5581495
5501582
4592169
5028988
4943869
4515246
3379204
2758560
5688724
3315242
4362399
2950039
377333
3065428
558142
3319346
4470395
2622865
4660765
3314792
1178902
4262691
4800321
4965996
1863458
3156335
2306104
4508957
753476
2643017
250668
5315783
5320989
4840199
653059
1188583
4586523
63961
4156162
1741960
1941184
300246
1395171
1821262
3358309
2698553
4418582
1155603
1443963
398074
3277746
976182
2399233
647261
2659892
2117777
2402858
4426363
4258288
200969
2085304
173745
4662724
3135680
5016952
589097
2792422
1847838
2886053
3855915
346788
119922
1705213
4456619
2165956
2202706
1254589
3023783
2641132
5231057
3758842
2630485
4076291
5044732
4004404
3993530
3619489
2201889
1344334
3087818
1298246
4709624
5680069
4073626
343258
2172389
2466320
3699783
1501049
2766131
1153977
1650170
2717242
5262508
2205305
4902173
4324849
1783533
5024942
10647
1154766
4474111
3389357
82761
1425242
805790
1652471
5294947
903642
2394710
2171025
2984621
3369641
3507680
610581
1406751
5434616
5460190
2545806
5610880
4812165
1651469
4208141
3575069
5700935
421772
4640507
3317477
628766
550831
1384566
75280
2052143
2583567
3193566
893571
5662148
5017761
2127197
3679022
3788345
4423346
1377315
1962890
2836340
910391
4620946
5583736
5411301
894336
1402739
240370
713810
3786369
3697838
1386733
4556281
4089675
1932910
5316762
3261964
4561000
2641715
1158572
1684694
3935805
3529650
1983126
232691
2467127
1304982
1825454
1587006
466923
2105220
2015879
262366
3726609
4180997
5170931
180526
2379646
1305808
4090353
3993363
5368164
5213823
4999520
5590987
2135186
2675046
2103392
2876306
3469186
2392197
5461569
3703114
1062523
5441419
3170513
880121
838059
4483510
4334402
204557
4138612
3594883
851436
2549358
804625
2868398
853448
3149559
1697645
3639806
4753844
5537177
3078637
2324474
3487595
4022156
3969136
4474470
3174737
5526073
1329674
4783426
5295877
4945678
4603360
4447004
1308994
633501
5108174
739519
4116397
592528
2790258
2746314
1695910
3415067
1170753
2973643
3158991
923743
5324444
2429370
1052857
3819757
3118613
4773126
847418
3206339
2148071
3154587
230196
1147271
180065
848873
3636684
2973134
4102106
569475
1280380
4515645
2712537
373358
4656619
5135191
1575561
3485542
5019352
5010285
3409200
729621
5630887
507962
4074032
2039732
2972339
4675550
1628329
3452832
2976143
