#N=8800
37466780
74213298
37029375
19230294
51921446
43358151
58330395
38921325
14012845
74006103
44178528
15771449
44379870
42872613
69021135
149173
27602957
26618414
32774138
55517707
62001819
2328917
72057697
47514746
38851473
44390777
11106038
26123493
34472011
73285525
58600342
18236486
1455472
50274845
17503519
13000120
29345306
61764293
51346418
54845016
8789853
1305915
24190315
44230697
71873276
42402720
44815035
49525251
42056596
9608841
40063631
71090694
40917444
6830539
36408708
69331601
66522387
71864135
24126772
16235525
71830052
8325497
732966
45058973
93159
12342847
18257323
31103910
52974439
50040502
30654701
21162777
63476261
38391216
56019282
1511645
346124
14369814
66065241
27569522
25295018
33233091
34681986
49025844
74351774
21148194
45204829
50286861
34082
15801275
15502559
5934699
64835958
44993740
26801649
25592870
15972029
24820442
449209
10975282
64004242
48867106
42583496
41128236
38045091
20813088
12886404
29380223
66514797
32832150
49491157
53709174
15484938
13533792
60424636
24064913
277731
8567174
13947922
71539384
7568937
27112440
56573051
18406708
29021711
58584828
25143660
4996747
38256200
8185724
45831787
2039626
67425635
934027
28241831
65268489
31738292
36657875
57329067
12805622
73950833
15120984
49888159
68860026
13256061
51857462
66720611
6178348
57601857
64275483
14966333
66602230
75530730
54591843
70703049
3188584
20328628
16957936
15768581
15380194
74803711
44897759
51237796
2157146
25799356
48187577
7939422
18932670
40147043
21371702
19521084
5090807
1864923
75470697
2139414
7077712
50859226
2445128
47815636
68439628
45348374
16978110
52502802
51505766
34263215
32908733
64860004
61552055
76197847
27474442
41582399
72646565
75702024
59653840
50821344
6866686
8040533
64007721
56015206
35056236
76110400
21490388
59555013
72227212
24611471
77134287
15865697
39023218
13700374
30837526
15936826
71282609
39318516
76197690
64085763
50151161
34150887
16549181
19969656
3551282
8376039
38532180
21825220
68835338
51613306
64253624
7455100
29587918
44500942
34524818
32104844
3883188
74318917
59860727
56361515
42191874
42597533
41631792
23086392
19857766
48122631
73782758
63800467
66607355
42046803
26700201
30181505
30599605
64776763
38041097
59166062
16980701
43522494
14175217
40543858
22025388
76356303
29533903
74923075
40617754
37645902
28847738
4125294
11290663
73866815
71333344
19105482
22739767
70949162
26743634
12660919
38118896
10899575
37100266
36425850
11447198
18527059
48744029
48873543
47796062
51122223
24154465
33040464
21497106
15258914
67613576
3705934
35738549
69328002
25238957
15656080
26355238
11584544
10231951
69625182
51127048
384182
48965468
10078847
11993885
72447680
32164274
1693046
76892378
75176828
44285441
40013655
48170998
54225427
3882698
71359218
29625117
8895551
22030509
74394792
36123986
75725575
35070598
76686090
42972763
70258034
5424129
13333677
37897497
9847769
77263335
20211820
65830297
53957789
34518194
66904460
72995302
34427447
14011226
16042343
27005830
67500015
15294577
33415400
24600309
72427148
49328709
11833946
29375186
23744935
39324194
16041516
11916431
21416185
71261961
8802706
32360537
73016361
13510343
74289297
21457472
2469165
63133627
55529458
37566108
90746
52893234
36116579
64025238
23951211
747765
50194050
42899706
20307430
61526692
69369984
43051962
4747393
49949753
69937290
68432125
74511629
1383176
3113725
66495649
75685601
51895984
14674860
51558888
67644798
11155670
22531635
42343058
63042881
59239845
58053149
70109130
28942022
35368814
13831188
37655126
37043956
45270979
30133342
54695469
35942919
19420231
29718292
13755269
52878124
47717734
44482020
64619601
3137575
7821361
30984409
24126713
61691187
3519190
8190873
25301740
4716410
40731790
40893530
70373752
9461443
22684335
35441562
47890517
54928479
25163830
7521784
59788487
65931681
67316732
4140797
22187649
43982108
38604179
25876870
44862144
44580159
36660658
12798812
35614483
23570175
27465218
15935839
15553067
55406401
24062704
61848211
11782659
10433967
74812815
14095810
39010927
24359477
66881353
19532353
51743612
36672150
74248674
55647690
43744031
23334624
42976619
52914400
55723584
50627641
66656213
32063332
8965675
69694104
62773594
76282265
8017108
28662438
48476756
10308477
43623742
13628736
43639016
54290470
48863041
50453338
3818078
76082195
29219486
30209203
22723680
73535923
49531739
30077670
69274692
68269632
45051040
48952599
42861808
23660252
41661965
53565730
25893359
66727032
61676995
13274776
6969128
54312252
41642316
34848020
44109461
45936893
21369316
70625679
29636012
29384467
397472
51048876
32522135
33123564
58117464
49249631
60864851
58702108
62466630
20322093
4571444
554408
7290633
66736079
54370514
31538554
48492355
12618582
38921524
7364743
28236081
28724729
10202791
52309044
13478704
30087403
16300881
48588469
49391827
56027137
53465953
44713909
70371412
60712505
28862333
56018977
43386621
40542758
54130663
41075842
69635081
15275366
23623895
32355700
74847344
41751931
70057031
41127612
40986122
66800415
53765573
32530658
15246025
36719009
36008162
21493855
58135576
16877365
51726137
61281539
63095725
70193449
15851575
70956056
73929504
44923196
1888314
2310779
27511298
18018917
17451946
37279380
74471644
38475585
39738670
12883352
57369430
59860236
43965660
65059085
30718010
17046564
53126116
71192171
56023433
19130797
26371339
53457658
31221641
58972688
45429964
69579670
52867566
27532000
48231362
71618725
74015519
40473018
41462454
67671918
150894
35579982
74980711
61588292
58546156
36482055
46357692
48913965
29142226
26919096
11932969
36965840
17626751
33995319
44820831
2565775
65349157
44838652
64631315
39081971
62708743
17897964
511928
58688842
10120101
64361965
9319891
62947222
19485744
5882471
70131208
16002603
54473827
17662276
15230599
66235811
7339828
76042217
36980996
48780007
65895966
34541270
69585009
15060976
46086163
56585800
71978082
5430805
38733529
46733351
17733663
4019901
64381483
70193585
28532571
3776500
24039841
3437419
70256014
3483141
8012265
31632552
772003
44841637
10322447
73232004
8418435
15163442
10146251
2439726
56634999
29998610
45058728
69602830
77126515
19818978
17852271
25244731
65137143
34713628
38955488
4143698
32090951
39768603
46153744
4258771
10960487
20556700
72865155
17787082
59314758
19774249
21310105
4980000
36423202
72599006
42249373
5978709
15132064
57587642
13984619
64472170
9475715
25239750
30914179
51881784
32121835
39742264
42892864
40157065
2622676
76626886
35429955
6995800
7971736
4760664
8833617
70613406
38681942
32254526
73916978
33498378
60791048
5314719
40170627
9608113
57466942
62101732
48597711
7263515
27275546
66184870
12721611
35033932
49721535
68611916
65592541
48568391
37119587
43705978
4727110
52230497
47818770
30669290
54765804
14798331
43518723
54019091
53300049
61787185
28067099
68602258
70767752
51182935
4451398
34672516
17614023
29367047
34826186
59852842
71981905
48845235
73066955
21549696
26045012
1153144
10655948
21886562
43841281
62329091
73327209
30661440
54068314
12184059
43754188
746712
38938283
59171539
5115612
62137791
47623054
54324165
43314480
36095236
12732532
52524351
77286331
35201182
34825143
42584572
64225887
29595829
1963842
71913811
67497368
4158450
13915483
25766858
5162974
69783462
64864397
40306769
64347253
32485222
50685777
62022650
52234721
33404112
68152106
28231447
18823311
11527818
20755253
47393750
15412526
54971351
17699208
34701759
48415295
61832935
19784349
48915697
18702081
75245393
37161948
41730510
55599096
21572022
17506082
42296206
5436209
11542795
67060993
58928223
57690501
17281665
71310545
3166894
71184422
56624288
64079815
28033182
52718913
43223903
29694542
58150768
6556055
12469893
71521030
56103219
22294474
21978957
11753749
54411572
76249918
72193546
3388048
13302890
16135813
5963286
52675214
3111606
31292295
28942948
65057679
33687227
2700863
71289878
73130701
43151240
3905375
20855911
75778641
51171766
15831468
17224648
64069738
27892837
46779040
49542073
23513090
45322902
23169040
73603824
30187144
42110647
56057733
74864762
38067677
69627828
52110992
2895886
15493928
54208688
26242084
50371421
17160147
36989624
67384503
52274789
23976220
9337230
61628064
37717612
64542028
65378632
27049229
14527665
60983367
58059759
26373033
6512887
15135758
37662013
17546091
32762383
4042970
63869906
22753770
35171791
33297519
54505925
33257422
21726128
37048541
66692461
60426919
42325359
69617024
37210893
47250346
63698609
22235202
52853053
67272004
50014363
60998885
46429471
44758252
54470480
42924001
45314641
66406796
59813376
33619043
10279806
66612234
25474799
9736006
24851466
58517990
11571391
17457384
44004962
17902830
72163183
74515438
23216025
51678634
5918415
71579312
51000913
53030225
49660840
69294169
20842533
61859732
6528405
60109091
56047232
44667305
60550626
11695597
35290610
49804763
64747865
57147421
41760768
44396810
75604616
7394082
14513028
50272182
1897822
46929525
72126805
77088170
47760642
29076714
57281341
30328191
1082092
59146745
11351312
65241109
41929384
17337063
62416120
18464721
76998466
44351635
9376695
67349484
24387733
55583190
8043995
20351054
58982806
13530306
9047402
25332433
5496260
45023504
34748998
58853274
55772503
43050091
19806828
17432451
7158242
75574597
75580500
13280984
73820982
50617869
2824988
23464663
17778598
74668106
9088026
66252603
19963901
10397126
59305489
4036679
53204005
71953690
67907273
12813992
8034046
41463899
68023436
3246607
66691001
69138908
39046445
17503672
35891848
21672232
75895573
71317259
58357235
24962630
10455995
50356319
32839271
62200504
14376637
8129616
54704205
55294521
6947114
72530843
34633122
64791800
13569407
40390012
63919644
26443373
22230557
61391060
31376519
55488149
20803782
28350949
12410679
17374213
75651720
21178210
19918618
50932943
60861264
8000916
48726980
25695492
35979682
24709654
64099920
15685737
1182502
59613362
20661399
76198936
58961436
50846730
872156
43729654
74763076
59132205
51670475
23346028
40587277
59629190
22241090
3429569
30139230
68672470
54059216
3882397
37756947
11917702
58809583
14329391
28624854
24017326
18199193
76897566
23527152
4486557
72464339
59027188
57255547
26418289
75326780
71835403
32687275
19179952
69499180
51417048
75148548
48644906
57708559
37157708
29489960
31008620
5973974
5420452
10079143
42141514
22512815
2591175
39896468
34792257
73570199
29167289
490174
13712636
4433227
21103584
3834631
25209669
61140409
42023765
50334635
35310448
2336223
58710228
635024
20854274
50312109
37990840
75758566
5863559
31183733
24069508
20929477
20436081
60347638
64091589
58848666
65160558
6460977
10729179
13465703
39021183
3897681
56826590
66481625
35827179
37403176
39250867
31478655
4993581
39687542
69064408
34675423
38085570
65001739
19247805
1699328
44448550
6807107
51689058
41537703
67351273
41161870
34277889
39027416
72627081
36794231
48119487
30858475
44879795
63435119
34079114
29143178
24674123
76027035
27230758
4348524
11573214
77003326
39854247
26921779
58205593
60666290
15427618
15549861
20553189
69044319
27450271
59514468
16895835
10527188
7259814
28323857
25138410
54087278
68347930
20932226
69354437
41287989
74219362
72340238
17924615
14655699
58516041
20325599
43617441
27667432
41934277
62091436
75401354
35791578
11494160
21819351
19276721
2986920
65539591
38478721
52148484
16923083
31418274
66011979
41992398
9776156
37415928
4206184
62172842
6223561
3316485
53617820
2526993
59563662
70427817
75039017
27641879
30848609
55831323
58966005
8869699
62746320
29760896
53582003
73118478
8507240
33719761
58238000
7442057
48616508
63664068
63576506
52370685
21642118
28596051
16949834
4206935
10355987
57493320
8555022
3696567
21192823
39793623
61531598
31921783
39579208
19207694
25279495
1142530
49688624
8368729
32727697
46231462
21253656
19862242
14880478
57668803
41706873
51177553
21305552
73685824
42021950
34980455
14584471
74038804
74843685
16060134
73091913
6659419
36300497
46201400
76208591
66711041
56818036
42323904
63245909
38436678
26122691
73514386
25018454
60060782
64555074
12865455
31350984
20188473
34758989
20306545
36363251
45461050
9155603
42928718
38264972
45423147
16740391
55127958
946890
68184265
57199638
26890513
64494450
47029456
45986985
13048306
60068753
18381357
16201213
46335143
70021845
22665529
8959312
68756620
28709798
23530221
55546466
11044439
61265223
45901560
11150942
50038153
63799699
20336077
26188327
39740635
44476256
25996126
75368320
30659998
60293436
66773803
37507149
51446144
43564324
6769247
74287094
13733610
4963133
50139305
16539451
57868846
71395732
62869092
13210153
74268980
39704998
66248527
77333498
67830691
38705482
47418485
23849826
3222683
53299822
192201
41812316
70419879
22306311
65198138
49756469
8847292
23209479
30737902
54599051
8994334
58409735
3311409
53797779
24534287
56183573
31110360
44658693
53730373
2327713
3565247
74375483
49314308
6706665
9078632
23144485
35482798
50722284
23657625
38850368
39483563
34489510
33217798
77267031
13459019
41988659
19018567
10851862
70818766
28931787
30451262
32636555
33875448
3731456
1851039
36479215
2453200
28782647
41093446
35958511
30453406
53462202
65296850
26169823
48663868
14959969
56090481
53236051
11238721
66608115
5632570
39656533
194111
68669140
58248463
59210778
27773514
67526781
37004221
38182210
51659960
26719805
9949136
74836233
57881877
50508393
51989390
23098309
54932862
65071244
48101662
4283582
61401955
29500501
26682963
72867818
3721248
46085986
47603481
28185808
45577624
71007052
58848071
18423333
20059245
47325303
1370177
67031305
72470441
10284415
7396694
54263728
25441549
36880744
2010463
34783568
52179152
64358147
52436648
50649279
60272910
75204781
34204240
65974138
25779253
37200598
4427957
32139060
508362
33200050
46777738
27154291
50947806
68126388
73656777
30467941
52294863
68525763
38798231
18206713
41446487
47955950
31416885
68097982
41305213
71695938
38950540
1529872
4085237
54671868
16445039
71738772
49425528
53607263
40709801
50243814
36692236
27831528
62801323
50794072
59692244
56091351
10101135
20479865
15831525
5131014
48273331
13251769
6242895
68282281
43393449
50788506
6650737
37160948
29147441
39775341
67610701
61718673
41688454
9786465
61849961
40277777
10192591
55785335
16915027
12878273
64882492
42501785
45579284
6709972
19856557
39212379
19423445
61573742
28810154
59183377
76328119
36594671
47298321
32894390
61631544
6232501
804685
44315397
26153868
24032389
54690508
57824235
56472333
1410676
56197495
6064626
23362750
74754318
68342844
31016863
44738990
58172520
22645228
62970526
43890147
35722816
67005846
37680069
62685623
48819104
68488677
43433729
52403127
41065819
11253325
17316147
36682254
33375917
46228510
45769633
45000056
53279831
58230361
50407707
34651547
58883178
71765404
69785888
30015328
10170324
64975256
38372085
70885993
43526033
52568301
62813699
29640813
18186741
25795013
19251894
53019598
27422857
32180404
35086980
60987186
34481029
27691258
68352622
65815861
49552299
44142893
72032350
75231905
76787184
35245924
42305659
28867849
61595080
61414253
48246864
73327952
21449223
63243785
64675915
13885219
34381559
37018685
10388919
21770764
54975777
64511490
74536239
43875672
54302996
7395721
70074565
25268788
34742580
3373348
50387132
51760395
23959330
15950045
12089866
47919334
51090845
58331407
37224606
44870748
39965030
62443080
65255658
64167624
28862225
27657230
60099921
69214416
38646529
23317430
3838146
11100104
66812115
67140517
51241108
29034208
29256762
45864836
31485277
60422186
56854019
34437087
18834149
53479997
42299201
31198460
67298349
62823718
18366376
52221526
36218711
32401027
33580855
37598428
60671324
16251430
45614321
36782491
65376269
27546425
13108936
70741251
37298997
37777907
37883755
61979893
54152552
25438197
66450818
74488191
41588037
59977643
48741507
65075690
42785268
36079104
69435704
15076823
5768626
63405350
75244292
76060284
28333323
17329424
48587727
23888833
28315162
18067896
23673555
51238639
67687429
52771030
32857496
31922725
61065356
12445557
72969075
36267982
61290161
63076796
25746684
33115968
17192374
69266024
52243606
6872065
30310477
6030354
17272531
63751964
14235647
57914868
27472557
4444490
45617883
9683451
56818899
33680143
27820468
48342526
18381143
14928324
48309295
77015559
15557270
3960994
28595397
9892279
10521298
7337813
25048042
13084281
58312362
66923930
38955546
25376872
67039535
23162134
69234708
15961284
36279407
9791157
68900605
74392727
4229211
68541361
59302983
8476373
15299000
69495765
56636852
75409206
76811054
23511921
48420162
62268612
70879697
421203
41447858
54040638
5629072
35564113
51568735
32935490
77324396
15793412
33582165
30241870
43486348
38607171
3664300
18490301
62165566
359244
71693364
52356459
32405981
67247219
29279522
17329795
49288332
12288551
6152663
71146063
30072225
47998959
20820754
16839059
72232132
5883745
2471902
50133583
14843338
35775323
55956945
26246145
28910684
51578615
5741190
24996047
33045225
3305055
3400557
9809107
24556884
4446145
23076936
15076186
74562508
73594592
67780752
55582270
59656327
35593705
50325308
69836787
32370447
71540630
14367156
1262169
47644028
23300200
71616638
45200813
63468260
60981951
20504955
3914637
18533390
2436135
759110
23236118
56188172
76394413
43335792
66084319
63927259
6085965
3899054
18980238
13938265
32187047
61860582
46423161
59826879
35388299
34633250
31108278
23896602
47670577
7085532
2443214
37271941
67238308
24695858
59553623
42448561
18068820
59759148
51900893
2851584
58408319
57340327
67543853
69070774
16413447
41348885
24110641
69587700
49152008
34559656
24118725
28963789
26472283
68393531
28718601
11491696
64402674
3186366
617008
10398636
73890845
34350977
34321939
24789747
6627038
56398096
47151289
71820857
1350829
72000567
12747731
66777545
20090500
5358588
24123753
24265747
69636877
66990986
24632595
76791840
64690994
12328815
245188
71584208
3990857
4695855
67478309
33167657
63339142
43706032
53516698
49101098
27723938
34527464
34242079
68849803
55047267
52590723
59073125
12013284
31073687
7389143
21817412
73264753
69765333
13736388
56236773
70285038
58903613
68907401
55710272
70546787
8337957
72989334
4105898
48263201
75400334
23772277
57090960
14238044
72585714
75592855
14859018
15477756
56920198
59091357
9776678
43033982
680656
30847602
46799493
14412554
71667432
64684645
73631601
76920296
32272776
64769373
71178386
65796827
60569443
60160939
45604508
16678377
54192620
36937242
47775862
61162290
7790184
58938105
76819027
36271578
75276278
12371282
62304699
70489836
37574321
56369076
52838110
63708102
15783791
59554848
18220954
72187137
32411869
8862227
62345530
23079570
4199930
67621068
76795939
23054686
62571940
8667266
46342516
70470331
8310678
66277757
61783264
48958606
40265448
43611365
30570500
4786442
52236961
5935622
17651726
51306220
19748905
70723263
45487148
21036655
27142979
9358727
66445227
9332299
61265918
51328083
2887251
58585245
5049128
68128673
54152170
69541609
56960209
36668380
8687067
36792072
26012309
74775520
74991727
35479006
68814404
24634878
64574717
57534362
63626718
3532084
5819072
55315870
43580284
36128421
11195049
17810679
4696429
71720765
63048669
2680673
46278955
68802200
61036695
69551140
11168463
74087411
60854542
76771758
10656070
67955169
39240346
47136924
5961115
29520469
27507910
67883663
17611780
40206253
51715290
8310848
37391801
47130652
23284441
25769604
10595611
16914285
11365631
58619377
4605429
50850089
75687600
54167816
57633737
64389285
8696598
68440327
42594961
49502993
16695031
20122767
61994054
66323498
76232635
72121074
11908688
64741658
16168372
9300932
59418073
61188259
41630027
11622196
15698660
6370156
71007594
8579855
68912476
17119163
60371778
27877614
49819973
11298315
45471217
66633410
957944
15797226
30908916
22472194
44112560
27811534
493752
67312980
54414810
11490977
35116322
2607756
61927206
11583734
24274526
47795876
45489599
14423491
18054603
63722426
14897681
33052051
25648078
41034862
23902810
49073463
39010018
60626564
66943992
29673991
14888114
55925751
28288286
3097382
1142061
54239581
30000345
66442776
11360278
30970674
6167392
2696208
34936851
14131329
43534136
66454656
29741273
38370794
76965811
41606173
17237967
51302820
65752861
54014616
58628465
40716247
38733092
9336026
45738449
67621862
57989326
68394353
33947309
30652326
29700658
12139286
22042922
76469672
39439003
65267691
52637444
69476064
36602073
25085816
61830057
5163342
46092466
44738720
296446
25662991
32456933
40663352
49277976
25036614
15281524
28456058
51581419
27714851
7950321
33947717
33674552
6500619
17857315
21808023
8609404
30670987
29303904
13378852
2995848
47402940
28665618
6715248
7646006
31438731
35596971
73694958
61470516
20429475
68885408
37073095
32988636
7420319
25381827
20821917
50895196
44170294
77109358
74237323
71480299
1449702
72694022
68470150
75331216
64626329
49107740
51834173
6838759
59340964
62153234
52884221
18920554
53830508
27721898
67994670
47408215
15167496
61413170
24397421
44044460
61465089
11691268
12166718
33965124
37815154
316180
33261494
29293616
75659656
58146921
3010149
60162107
8067693
75966031
2660663
36951190
46370396
67120939
31394539
19584030
64926347
4325943
28365884
6422293
12554402
63185121
2174414
27726657
77388082
12706153
31877741
27499965
30479735
68454159
57307251
8521538
2096525
31718193
26283467
72101169
50079228
61087739
57501444
27720123
29595635
69583346
5556651
5949986
2194592
6232216
68658147
37667674
69211542
21784384
4247878
41431366
63237040
66908262
73288916
29051736
38830039
40863583
26796335
21958197
45521253
4752677
38841692
64038978
59078966
42635728
14599725
1522725
31492104
44521719
22163472
2809269
67388753
55928056
14731840
21130539
14460675
26037382
33419795
6943796
35987345
71383238
24746070
13348923
28078223
32425333
2255401
16871842
51945951
1207278
39720126
58922276
23113712
73645964
28602872
36719861
11143624
47518007
56799254
7846455
33736586
22839036
44681050
25421834
20631001
66134458
65150745
64120500
67490038
39476558
38801346
1802042
22468634
69760738
11093522
67810002
57919383
57651744
33755337
49627295
55533566
43514162
9483024
63833852
62502340
58524866
36524228
59900789
70385042
33960217
40605406
8314752
58811656
55986592
16874710
33950502
55248041
25674186
4482773
44851616
73611545
46480609
68148520
32098633
11841355
30881779
34054665
64895708
58721798
67681175
40144271
69139715
58451823
28398159
6473244
59205172
44743445
2564010
19295383
62070289
31752182
41222435
48043663
24861153
57342172
68640524
8631349
10396425
29502642
35442165
54143096
41512912
34639253
16430361
54647588
3549268
28763602
43813491
24751437
67022084
65832973
11746112
62666470
55850272
40258335
60512855
39909789
60113156
48251829
34676569
70630247
63494650
40483884
56843140
16229804
46945746
39137882
50629184
33693330
65429731
57406533
16876355
43468944
31089985
65106760
10834097
56237832
18345138
34584138
69608945
4355614
9982701
48927778
2153615
15940483
36748799
68864647
61836841
46086530
41360800
50796306
13787107
47264845
70978138
74308879
22204241
13252416
51148151
49826272
73420595
1124407
26316547
29209596
11798467
31455774
25925241
53689960
43232507
13989524
24601437
20681167
2201998
50645839
68782600
67332590
10707263
47265890
27503847
67644156
11463043
50699575
57258168
73521850
4224224
57725722
23160727
49817969
73875443
29187364
23509725
44210999
45929561
51464394
59887976
35548508
65663268
11935717
8252143
1714960
68391147
30559218
29338568
12309409
19102196
680330
39828743
77106729
14966466
33407892
10385987
15381194
25638971
56136067
50361122
31846256
61290280
71413364
5471864
8828064
39861424
28648952
61763024
10381053
63241127
27115879
6459985
43111927
20984571
55132925
49816393
56081738
68060643
7821858
29084286
19435468
42317484
6420851
45884361
77025273
64372542
10853541
21623693
71232716
72285788
35551379
5538011
31625836
31551939
54262913
24505041
29480371
42847826
13810765
60524689
76732820
6131308
28767060
49899155
42342834
43675903
41994535
6161071
48625174
22107994
22663435
30154728
21895832
76091930
35030820
34565200
70579827
16007753
63512314
44858324
40659952
3999440
28715099
7120795
58675189
68018708
67297897
46395683
22718626
7679457
10921248
26833665
41228475
62531158
7904619
15345382
51654350
76490162
40101257
18470446
56815783
24011506
72563908
43934253
5512103
75626688
48492886
4885123
31951422
38676494
72746846
33539157
1927872
17300011
73866520
12279505
24463702
59618440
14638055
73324962
43890983
4993711
75532667
5046712
10876808
65458079
52684126
33183903
19674379
16089751
23346539
69485150
18499403
53540841
72881368
57230601
43675266
66420013
66181898
75852265
36748622
34610455
16276258
46251987
70276310
14248080
75081451
28578741
15727457
9644343
54395916
18007890
71556904
10074587
29802587
34296525
45783700
36594375
9837364
6792849
54193969
26409318
74043783
38708803
9865575
63064976
47652323
24426621
29671390
10735063
59576007
47100256
41774145
2028178
48610537
20861189
75960624
65437108
30786446
54323187
72131061
23484948
65645304
16423999
41730888
70648212
24459161
18154471
39004027
40031667
10189067
15485166
16543743
67582428
47660100
42042575
12557205
16080880
42290615
60011135
46400919
57547828
55093340
76576
60111176
60613430
67514744
21637436
49909668
63905118
66117884
34870682
59194061
72437093
69404839
2740037
10807805
41031115
7965404
2682481
23487924
76650260
24428686
31104789
34188843
31579220
77191960
29986071
47119962
62182788
4917795
25487963
54040273
51083531
10001832
38473740
10703762
60213247
12123173
15038986
4711057
71120792
22069464
35617644
40792908
28373724
72214634
64728944
17543191
8755144
34857416
48986756
21625037
70289467
31352829
4202772
61899259
15009172
25068275
795619
64746136
10437885
72089751
15566533
40379769
27228586
5514186
52268397
34665810
18442382
49573143
25697033
9491504
71135741
40843011
32667584
67434154
42623109
9035148
25160056
64570108
42007950
17633926
17422265
8390207
16343657
35738117
40267260
6866657
14630390
6145868
49179603
47498117
24024785
66655967
44714993
49166397
64511805
2695254
8968776
8950878
35041023
62294023
33427540
60305208
54823523
2796056
42274098
55493002
44467199
7526129
47147842
33617742
1290269
38287769
45562948
9476999
21107727
13285012
14290675
23735893
38724704
59963636
2783124
52298388
2144162
21183359
40197621
34724546
24257852
3278374
32126959
52175816
7470500
9795104
18031110
55934141
35768857
13911588
8345160
10849457
6235860
65463694
44658415
69253271
73783662
11441556
51789945
53975455
31163928
31767040
20952769
63866317
36983094
38203386
68704388
24023237
74365508
16082866
2597587
49522037
73247875
1495474
13308326
8139979
51466248
60723142
26752601
4083020
7675728
20321466
22794662
71026211
48283653
33216859
74066947
19808207
36881248
76626526
33022686
44737612
72223947
60189383
51765549
12959857
20441499
52621522
589269
24843471
76878613
1102113
15377331
44271516
6632847
9188804
37990999
47383227
32211034
6431135
37891979
70693139
28641434
67017804
74399265
28475445
52939232
74880422
43389142
69583637
4402579
29436923
49575684
59264090
18911504
76584028
68974208
73038029
32346530
76927157
66069761
11770717
71909266
62792147
62884138
36689621
33581391
31559864
66094869
18121515
55229701
48314176
73733875
56769610
70682193
56122464
41689924
60795596
49641463
13952219
20007953
22578490
67129040
29595276
46893502
23313475
23401118
48650672
63571889
77179434
5017891
59881234
5490200
14383265
8374376
31324274
48034752
15459876
53770163
74384314
21827641
55063712
55071984
74215032
71683307
66490218
6481001
27737705
19951263
27062973
3426799
47016297
32288608
43815565
6194158
54846451
37181587
23661685
43632781
60294276
50852854
47238246
51506858
51605927
43788514
70354501
54994111
30254059
50235856
55310072
75915951
4216229
39984026
66021767
67734031
23109222
25702575
36021649
24310905
50374966
51377985
16214855
40822139
34045778
63237599
39136093
11213670
54327312
29412452
73834535
8787417
76686928
60053353
37755978
53215436
13534455
76722266
77124040
31778108
46019626
71929666
9894184
70525820
16874804
19482812
10876002
76238317
52767609
62083664
64699671
9552827
17332207
30417257
58289667
22832107
8910287
9723641
71422757
24703514
30165525
70384803
48471440
2635111
46518898
17637333
53531397
38359967
30702639
61797995
1047544
52933807
55054862
67851373
38813437
74680109
23318823
26232339
68142267
43214782
23915077
34282413
7866781
51103721
670590
48566026
8012971
40810393
36161736
1037954
53672075
6694034
3029524
9997726
5707335
64762552
64374695
48337023
37312423
34372453
6743133
10636171
70723991
36978374
23696170
12581098
6537841
57544042
58920883
13023474
14511621
50251357
12775443
15904376
43090749
16463818
69007910
6975017
64578319
29467702
54612050
22837969
57590319
15706973
23063032
34810313
27450128
9165862
41593890
5839872
41088463
26368380
64380002
58142892
30440532
22755749
10263836
50117988
22196040
8669526
248031
76047246
7160607
73751626
24336466
15279352
29325500
39540208
29802968
20903970
28481004
38905077
56378557
22780006
44860466
13897170
49820044
21610256
24681020
71829131
18899870
60385571
73367848
20787873
27042676
57762545
57163329
1594310
49869957
23588795
1508918
60540027
30874400
48484876
44426126
41399879
62916385
65025151
11059204
68337892
41965413
62304619
50648232
42481387
50399962
23250209
45819771
34594534
59314007
41735449
75901283
54715618
12506515
15605303
20228165
25448365
64496208
12738154
56689013
45933551
49318016
9627663
16113901
66914521
63008492
36004596
30340675
72018494
23059737
5358206
74293281
56087647
11904656
27398022
53265236
72409049
20539823
4084322
36133252
61202010
8392554
39459600
13651073
64498151
7712716
7490010
25362973
18562657
20023759
47061350
8983270
59843495
24059171
36712926
36573846
68429999
12944858
4146089
54328834
23575711
70893550
46895258
2822411
73539229
63461820
49180914
15439417
36777814
52295389
53277273
26714557
498024
31746884
6161062
39135177
66590060
44069872
55741624
66183007
37620265
2165798
49710345
23269649
33069173
2931687
11591376
70704786
66809148
67296161
7433575
77356921
74794322
40037059
31081497
37263432
26684005
53489146
39602145
66666878
51797365
21530389
20553494
38802847
42596825
39531191
39997174
57010673
6449607
32739446
16472662
70954236
46536626
25942278
68281894
18968007
13562540
21735216
42434831
66892228
49105460
44836517
46275423
16694509
13353054
55032352
75101288
37457128
58295402
18071756
46113384
69598138
35537185
37625924
55409294
42189772
33081584
63861349
40538011
69538992
63642820
47134005
2672342
6732239
12379738
46546677
53973177
3273932
29233377
75038315
20616805
32410950
10647083
47846692
19033222
32499547
53340570
57029532
68783745
66137265
39138192
65091081
70792465
49951033
4544339
48151566
58255382
20146213
218528
70844007
66866650
56910581
13917887
33565666
30199062
65709426
73916921
35538483
60097128
74262428
43554852
29373733
13377728
55587537
51109743
18607310
41155803
64643306
74494961
3692664
51948421
45790779
39710361
22640898
48299272
61838127
47933038
64851375
30719564
77351569
36089740
33300984
26711519
25648461
16252366
51264200
62215919
77094494
48587252
30723395
40048319
65407316
34867611
51374039
71035355
63906437
715970
37463139
12694885
28704182
20585923
29307522
54095128
34475855
31311481
60887898
31118563
48021470
28761635
54022201
29803670
67044900
73652239
32050940
20036163
16597873
2676947
31492524
16209794
39783557
52459404
45277901
71811962
27564795
29821689
12735836
51211552
49451789
73480836
60827364
31212675
63550069
54599662
70647231
3357291
60730012
11289883
33699983
74821421
18320356
36973583
75192731
47008736
57054366
29373992
65983640
56991699
19497011
35636740
27535514
45411596
4058229
15456212
59076126
53793244
57809901
73298621
67824189
18239114
9930767
62831323
17169065
39356398
71309650
38520968
26260929
42512212
70409528
53330021
77068691
48751620
57359218
24982358
37628717
62666
9876981
30346900
8619805
51525415
10742131
12079301
63775471
27704986
14249932
42381125
63409056
18734407
42531474
61596487
57673670
48014370
68961673
56088098
69699090
7961058
45551441
50370908
42883522
821527
73410804
31249952
67726524
57296551
71708998
7281817
48046482
35791567
76208390
53144125
44353565
60477145
54432990
557966
41735931
72955526
56453272
58416190
17664358
71957105
70074814
1585572
34918901
40164235
67140278
19328181
21681156
23893533
54400105
68237191
10535004
16114253
36980955
60444707
65853690
35917431
65117049
51505978
48041623
15731244
55314756
43795599
18741214
58917464
21544695
39923362
34454788
41099787
65781376
72682407
37038204
9074199
11885295
72194340
18483079
43246744
42368077
10047586
13358529
38285852
31256235
6693917
6864183
57667145
51931279
70951333
65315809
49385804
52794843
4246024
74430031
73837292
1414524
35421472
3626296
37048528
30745607
39212382
60665204
35870797
60797112
21447485
68031121
25242171
29826263
65039113
29888215
4082225
35394972
63268233
10585288
51029091
32202639
69956472
69791337
59149096
74760111
40233405
31559394
56397551
59435121
18172179
70210996
20969616
61279486
41853914
32986945
51478430
35018891
39217719
45279677
35554940
69061223
59595628
72793957
25744037
8807761
23223603
50100558
61805882
10229214
74672438
37841374
29657164
72636361
8721552
27589702
18362560
37401905
13387215
63626556
17629124
13496313
28357082
44586292
66404677
63438644
71209227
6198753
76903952
26760117
63124050
19364604
22480805
29951487
28733974
53083480
24441880
12994389
32031740
3128127
37175671
2036077
29119822
2067462
54273801
27923268
14202487
11339625
19772780
56494522
35269474
29646453
3695257
21522059
50817065
60205924
63974693
44449110
20514704
36702968
4279311
12336183
47234250
46837326
62113227
15739585
215360
21313753
32422339
29995663
51448306
14271829
25202276
57800174
65304976
22097796
8150488
14311585
53510152
46729948
31962885
70351036
56269389
20929334
14150987
6367955
39691220
6435345
19333419
64782142
46072338
14045606
6826576
31494665
46621966
40799474
39920867
47659697
47305447
74754131
4793387
50251753
26406854
3104480
28813306
30157010
25191265
38860541
59788701
39762737
47064180
67637171
56200049
49901434
58678115
7715642
43638157
31512699
16966627
5287812
57955565
14577673
44863641
43467103
48177418
55565889
70934028
42606737
22029930
53657315
48347277
1688907
602066
52853464
34516835
67392766
47808310
42032149
48399982
48755151
61002689
53766367
8959056
48484407
6263277
27165416
47352635
38350344
30160754
2388954
17027792
14488462
23003876
45901373
29136696
5570681
33535959
73880333
50863081
20341023
32218869
72933813
23775692
10649301
5045154
69924687
75596405
55656780
37633081
72073616
39796095
12518282
47503090
59233640
1131771
45352933
53608283
24127301
486172
15672292
56825079
27730040
41955387
74036816
12365414
32696363
11311220
69798556
20825084
55369269
74005332
21569568
47052279
31291006
12492896
26828375
11455225
3522789
72464306
25114799
3734146
37166075
11386510
2150156
5625357
33608091
24030381
17099611
23905843
50196133
51156905
39391884
71968247
65862645
41889215
20006858
68474900
33381952
52396845
76695517
64920611
42714325
65680292
20223903
19835781
8970107
10967690
42944047
56392264
14461850
13728289
1583989
31540718
34382040
34723396
45129367
66305868
30437868
43382706
41117580
34831507
41897881
74942669
51961388
74827746
8507263
24213634
69219383
25064962
9682520
67618846
23860327
22878544
56710185
9256213
33495355
30017843
53109461
29215758
33971895
60361133
35949869
23464214
43014971
24679793
4285528
1746661
25188288
73046362
1484825
43614912
60310120
44510136
45599026
6911374
62211983
40045921
14531114
58204158
57808256
64243976
10908660
14604114
45986810
26692342
33586753
60883218
52649569
49351948
49869509
67111302
73949783
67873697
19178686
41268310
76931506
65282788
56865457
38176997
69339863
34414689
54619506
32562365
38901774
62156726
69820261
60611446
59677666
6890758
47295498
43204141
74860787
40819939
37620982
41707213
30646393
40838425
67617329
62978268
32005786
59435813
27096236
32681472
68382192
31335899
41006474
38754509
52546546
22450767
40161111
36777497
52116536
69902781
40182105
34893949
2479059
42093123
69919569
16473525
9469972
6475558
62186780
12317193
10173546
74222558
51529885
24271746
65436260
8181516
35882032
76764315
47657241
73200338
48278619
29627683
35392974
18555707
55197018
15769048
26937852
47698331
53199013
17222587
46587342
75528983
21578001
42609155
11786770
63444010
31726746
53756400
73742013
65404223
38227309
42505421
65389919
22511988
65829714
45275566
37964276
40121695
28485696
18029558
16970984
8886532
31034286
76227546
48221476
7498687
40010036
9715264
57714610
55110031
52248207
60581807
42905832
35573991
10882409
14633991
67141998
43762524
15529090
10400212
56617925
15715321
33279327
76717974
41151333
25708019
16789870
76538339
2314331
76202785
64435273
18183438
17268677
2699218
15381130
38506211
6387698
62340005
14070678
74572803
68807820
16674216
28863018
7435461
25035614
44559886
76544902
56741785
43748220
77253770
33724506
57339952
31167608
7571308
59928104
42052995
2557307
74630707
12103066
40734514
58934108
40899674
59405929
56202466
73751521
30481126
3599153
9254896
50135806
74836463
24873405
61372359
69078602
40906752
64934181
45733830
811666
76731132
2180899
63848269
25249782
26153197
54015469
45718234
61617622
62737398
9113549
18426414
15696599
48643392
58768586
59335262
23751774
28924803
31766933
43660245
36948940
6202691
61821491
66203448
5757860
40570274
53041799
2508392
40095086
65643049
43552930
14403398
30644970
53467703
66436421
36135169
21139196
68718072
36604684
22354827
26204419
37910158
37097829
12964957
4055238
29843783
6731949
57531530
48579483
25564241
59278754
48185493
57048452
414837
69765270
59853089
57078809
64838750
36395463
25691687
14161699
46688848
25406978
51113422
32328506
54321970
76970485
55387990
21677273
55298147
62696999
13239461
33854920
7254046
6233008
23963708
58704300
37771329
54856397
56997611
45955790
38027537
35023843
53798984
20776029
4926520
2621246
31387121
29840671
46310235
56888330
19651897
14360342
27688629
51582938
33544137
32644697
21672338
49294612
8437811
606847
34606572
7006453
9891211
25989747
25065300
25710932
58310310
69255539
73432481
21973768
48760427
17251507
9260943
51177738
45992529
52525849
12914631
31102412
66792395
31949893
29199700
45508960
37419825
72483933
9074220
40853146
3370505
229110
71291660
58034979
68155637
8616825
59381154
40783900
24283058
33249761
8882072
36336542
77098733
56180973
69316445
75022690
48698979
34175095
17426726
71493737
63173455
58404739
1902712
447054
51133689
34155768
36434740
53170300
48277048
8845109
47001487
1939147
66117095
62674835
76093825
27371737
40937388
26131393
11065447
65386517
12754649
30141100
23623717
2076042
7481994
35141350
36759584
33808863
27605260
15625608
69591025
41890021
7271050
24350565
41452315
54567010
63318721
27589631
6168813
25501520
76771636
40930273
3285323
38745358
901066
49962432
72909910
32154492
69980364
58364348
20926419
67282228
22659106
65922368
21920079
30276752
64139711
21133975
41657838
63155240
8354558
24404080
437706
9307661
38471845
13862684
27561817
16980820
7421616
42678541
22216197
38026277
40029206
9926511
22439069
25350195
36585689
14545562
11228073
2698136
35705242
32444052
24525768
48985975
1782657
786104
45222534
984470
69383038
17253758
41881154
55650518
42535856
64015023
59185845
654644
63044689
62323277
72204624
46835339
2649334
68893307
15587208
71282632
29944443
64497128
14122122
33887552
56280320
35387641
55612369
43322888
30661395
2903284
3763440
57401807
8843067
7132396
15706937
70336140
52157902
55306132
73904674
21044832
970334
74302569
5890021
16209349
59673942
59914938
31248131
65410324
38948863
7693701
57160510
73496892
8216807
35338101
34878804
69561053
4726246
31872704
18723068
29863209
71500218
53234665
41694870
72550548
32414495
37840805
73871467
10276690
33499418
56205726
15154810
62200985
14628626
2578704
41564839
50867239
20966074
2718049
8249813
42891972
56080515
986029
17781707
72699376
9775475
59609721
30001605
52303038
37812487
22092024
44771959
55553291
20820170
60457686
55282702
22137804
60945008
74269361
51725501
48738434
41577100
12576106
77239767
20365008
59052631
18010410
42617426
34677723
24077535
63867405
4273885
39984759
47814174
14775607
42697771
34912438
960854
64513202
64134699
59699197
1271854
61754274
56874209
55285986
76952679
37616962
47852304
68810195
32692261
39149395
48938668
21212092
10127096
38392977
55187583
3538528
71372875
35353641
9567458
40696397
16053231
66938278
74726989
12901736
70418374
34788190
27381360
18701658
63241348
2380425
59428608
2589488
41405216
75860868
7433682
64746105
4924700
8702909
19871527
68083790
8185919
10545691
43464510
6588568
23623722
76437562
71411071
30676478
75904031
20069180
22573029
3151495
53123525
39938798
42123997
51716716
48986843
25000935
36713050
39815479
17578829
40171361
51759427
33262732
70936168
76170773
44874578
14280911
57120611
9325836
24619280
1597351
43525589
23630568
69221119
49550865
57137152
30505510
8103449
72752536
44385656
39237851
38467499
1406808
68391956
73726683
15003666
65774985
64025726
53145310
44659673
61756098
46675194
32192275
44991775
56655257
19050162
35548742
46265251
55523260
22403867
57592333
66419854
71414725
23097037
38715608
20611035
61824616
63559855
46305599
34285037
42978848
27449516
21344437
63843143
2616971
9700956
18461976
278932
2269628
6470116
69071019
73367943
67459938
13142113
9443033
66993626
20130522
13144874
45276539
66543407
28429143
13658915
6867865
29967310
38712422
52595754
51745437
27539579
77184628
75459703
69544221
56575705
24832545
11643480
24544787
58941660
7431328
68595481
65251535
62945307
73053800
55928906
43088530
57069932
49615211
73738160
21717087
31027116
62155732
10781244
38839162
55065454
52386494
31712112
55661873
11172843
32014747
32889355
14598978
20608922
29790778
57900741
11194538
43330886
60815773
12552927
50293746
1089642
52145301
9322629
76460398
15983868
62917315
46790371
35352845
18588095
11582427
67539464
69627955
63693899
35834750
63730671
76843581
20377271
77137365
22772518
53177485
68009446
59702198
34138238
9414384
63899892
53688588
55245232
49640761
59726131
17011246
40971117
58672866
36161433
23845314
29670027
37234643
23492840
35207943
45253382
26400141
4492149
31704713
62500905
64290319
72061100
64033306
54071063
44639787
65731540
19673941
75642868
58595062
52405926
57889651
31609152
14259131
71402458
17397606
65273265
57656886
58289814
17125802
29002839
76366791
56956095
51065704
69421262
74532699
30715794
13548669
20502857
17641831
16247234
55071219
10219256
6584933
75741767
13560741
25600540
7136478
23871636
17753217
6149529
38146795
43090814
70815167
5589486
70349192
36547793
48147463
7817667
38526644
37609708
55377135
63549150
39027017
20349910
55872593
54029842
69677584
53905055
22035259
64026196
9662301
56769453
53262135
58424394
47768908
46292726
64450944
57590570
63164841
31266024
12774363
11720929
50181622
34267374
34882024
41695145
54624770
10537755
29880533
31581115
55186312
14190845
7676557
62437176
7275946
58571158
11158203
62255009
44242754
42705806
10764060
7841528
65604166
6969409
50577071
67618339
39731506
12348540
44816207
51443912
58524402
55946989
33442525
65090098
36246225
24344269
11814612
2207275
11955064
72293308
23904558
70189137
6914899
26545399
30442593
1624558
14328404
25056017
51490949
15564845
33705261
3794651
34704458
75425827
23841524
17392151
22802132
65727594
31264138
45472838
18001387
70874305
76304385
9098256
32439106
34038950
68992826
73564925
55742718
19205928
65378409
53962779
18910164
61893962
68820616
5386575
27573610
55367180
68790757
47696297
37464008
35719435
36556748
17312307
52623695
35553930
63568013
33932915
47726207
16993454
46608454
65506752
17598818
42265434
17545430
36314182
34899853
28950518
64790137
58383559
56899385
3484447
62582164
13523588
34320352
70057057
14035819
36480933
17903172
12234942
67743170
20151700
60535741
1002818
31184295
75294401
65267724
46574559
64764461
38823076
55998257
60946641
47961321
58724637
63969202
45198533
28127666
53956295
49491134
61305689
73241396
43375796
46604096
49128728
76927770
54443039
52153885
58404498
25341384
54355092
29139202
66740352
66407406
41844961
13175095
41213357
10529939
5608267
47179923
60421441
68301756
53877240
74417440
59366409
9760591
66616528
73147399
44261977
58154900
62718959
14701593
3276287
23051647
48764678
53578464
18523271
29101655
75238793
8428916
36041033
65387687
64734242
32728877
4357669
10478641
7566827
71473435
6712119
71350133
70742683
63444002
65538967
23280269
64404533
63659011
42938615
8461628
67032061
29560384
54878612
18830931
22540536
6301444
4528376
19663023
55779672
66697976
49664242
9851106
21134675
59915777
40193637
33419220
25162049
10324235
60370143
70260316
57334372
20708117
62414787
26626034
55643090
1879956
57781655
55942905
53230570
69981851
31023016
27364750
7019848
27740788
14302555
59481134
27961773
15270401
26602401
45928565
45563300
67188466
26261090
44319076
13917348
29869402
29652698
32341734
9593484
39662026
64449150
30708338
21668648
60534830
25448000
77140186
5253007
44403424
24919888
25865820
62962003
59885849
13062194
4142335
77219016
55635775
32878732
38636828
26310721
36853936
19667475
1244224
32434738
73831689
71269999
38179234
76879539
67430673
45332585
56325147
17993378
60517940
61863958
1132082
55281823
37648197
52220298
56827187
38045042
21637660
69407247
58819667
60106833
14030040
48703604
17745808
8488674
52628417
18969353
25066497
61022819
2439407
64017847
71695504
53555771
3839326
70286650
20554392
28600915
41418266
51064809
73464916
5236117
24215761
26351785
55058257
56206775
30582637
44023561
56665376
18134448
34540827
10116063
21524645
5541366
52678808
76216456
40025798
69045598
73133566
38488650
66767316
26323637
60178521
58012475
33001379
31842032
8032004
46929583
32575999
15345769
26849048
47113131
6781481
24612607
52372769
11034695
76981400
69051810
9482734
25712932
53213423
28999461
14040876
22748190
22119189
61073210
59686510
1537147
58881903
46809929
55750130
65358461
49925879
28336489
29144091
42675416
76706033
49289856
20080535
42066489
8564288
58840062
51343983
73186786
4234827
60760959
1551961
30432088
72442008
37086894
68275677
30465233
6880272
30407667
19665301
77185662
58794928
12876581
23227018
50127063
53487670
27413640
36214370
7250463
8234077
36457856
22594881
13803164
40725568
17844094
47326127
12817502
54605234
68023024
50798445
30406360
44922572
21068687
18760032
41976775
9370242
37868010
67403553
7134610
28216360
6788719
33122264
8667865
36828912
73253379
13912693
46237207
75783184
56360134
41259203
71870914
52335909
61354407
43917037
27908065
40678861
35906724
18622678
3362494
23100452
8893378
68249949
59549418
11698445
58332023
52013223
2235632
66255271
39778453
30615967
19548495
47399808
37308886
72195173
47195325
74910195
14156179
61581625
3912270
60627846
36508416
7117496
24427844
20675546
64613934
9285387
16479987
12806272
66332921
69156166
20154654
74634934
9917926
64139816
66066434
48680373
12234769
49059665
46706776
69818646
49910702
24793323
56808104
39838691
37202613
63053701
70997925
10131954
4236829
53398395
36200002
15832870
19943563
15142456
60799180
51807662
76996088
24763821
49255238
48301608
59238240
12618459
8568500
17841174
51905047
73610389
1973597
76459745
76588964
21913453
69614163
10072011
44194330
50358024
25444387
27070659
58816872
17599530
51371953
65843960
12618452
221165
11637310
45575901
72189990
36035359
59156045
28694480
42965582
15800399
18896728
20560685
17317033
12398111
15867577
32048922
53625046
36663765
63449203
66516953
55159123
19256139
41231244
17123671
68981153
7844857
32302326
70412913
61584699
30314408
54206649
44482551
5471176
32205572
43023477
43495509
70509777
22519265
66401373
1568517
55086987
6498616
4693108
41871731
15376686
35807433
46039720
64548094
58944642
44193064
4449328
17199072
6878607
12550007
41424966
76008241
23700159
1987918
16206263
73705768
24843231
1164697
58062695
18579288
39135796
20504212
54534137
48104880
24035899
39066377
74315410
69818877
47725551
25489295
73272012
7432212
54302792
58450276
39262386
20909190
16478077
69339322
53214107
8310367
45453468
39437047
59801977
27434392
33748308
71645187
72246694
6263943
39468902
37558483
20648772
47634536
73908314
72071381
51229471
10820643
68780826
27989734
53150485
19456959
27790124
14821736
45609827
33393601
21135819
47363064
45135084
64771331
3049474
70380680
25948390
18019076
62292360
44760411
11791318
27484364
32176285
34688211
42218792
48437986
41090170
26017392
53008686
42251291
3290554
23239737
14273778
28487487
199610
38328749
51287132
71836524
71125918
54850384
44862138
12968108
23477210
31358025
38822941
62470398
8088320
58627980
6227758
13971616
69187746
33706728
62705573
40341920
71038042
16201400
72869301
55442500
1890457
29768949
27977512
52243068
23040127
53385030
33803976
62406708
44642832
73876749
6138006
37321429
31373173
13504113
51585168
38446813
23269705
36798581
35406260
50720325
46043855
49961031
28706044
28845826
19272306
46504172
44912619
72199163
70914564
43100352
27464987
27087390
6728822
31196103
75042713
17237040
8742197
37367227
35432322
63925024
21667196
70073894
42339882
49529981
67674409
71390208
59644173
29153001
68194727
62885230
22014281
17198028
9852344
59641872
61373208
24513144
32193229
58415888
44734176
43827173
15535150
52872505
8648298
46095403
22453906
37675485
38408339
1420794
72303652
42798429
748762
49577215
2399485
48389675
46489429
17685028
3195480
74198944
7138720
30160319
32196506
18976029
12428441
62779201
6612263
59560941
36382589
65806057
22044357
48465292
14342495
46879748
9582219
48412814
64290685
21033111
21975454
73049911
57275653
22726437
19562564
29799088
59691407
41318078
24357814
49730486
10546308
29638782
21166058
44766311
17731877
46857305
68967387
30307501
5560232
18246207
16680203
65357298
51463562
52604610
18046693
22533302
39192684
65989108
26437360
68680775
20361079
76689018
32650967
27476565
19638650
34848107
5441273
9960921
30771770
51322653
7728048
22383617
11906905
51748753
32402545
64864377
20460693
50721180
70230919
17642935
44222646
41515594
26474225
8093880
70015546
29497585
73535943
47951910
24791649
6351963
15193428
70324514
36213987
75242861
1198912
9677729
4076337
31558621
2232873
64991773
18579368
12582915
67421073
24482529
10451680
59121365
51237079
2817757
63102155
28715324
68608711
15292386
28103669
53580260
11997938
22063636
61309557
46347600
32758482
31907136
47577976
17390568
48289222
26536258
50330144
47080291
7444855
73128185
69582874
46253579
75010701
50700460
2131235
64903329
50685451
7633923
52622831
22521754
68252668
47809769
57215276
71632072
3294448
62643654
48874324
22253959
66745154
29402421
76209624
15367914
61057914
21041718
23664045
57812552
75695024
54641959
34101038
17794897
75557485
18882414
23285964
66710993
15009
71937313
12280498
7327316
73424877
4813061
21910099
53224217
23678941
72011623
22757747
58480490
73338500
19471903
2647955
51377240
24948127
55167906
48307490
59848983
1950315
46462086
2875134
57900126
35688095
15218623
51112554
65450113
75471026
28788652
54430495
70127693
55116057
64071057
62857218
76804281
37737741
27338476
30466469
42638452
55276744
59889465
34996154
21961260
71963777
24920050
59673370
21702765
32381211
1845404
36137469
21490189
67377612
65096511
63391193
47677982
17187598
22323902
11019618
5343333
30276216
46963058
7270475
55751777
26333316
14682362
25501431
72539289
28665353
48017005
7642298
33315483
65365689
66679725
18891511
29424632
49142459
57827966
42168916
10891022
11907792
48480959
35538997
76303251
27072533
41067290
36658364
11844265
48651307
41496561
54676479
51964440
20629742
49191734
9413965
31234028
42620629
54924427
44060611
72789871
60091317
75006194
71027593
15104677
17537266
38503545
43859336
17415057
25083794
71127958
52792025
69648163
21408425
71911708
39644887
15228268
49019604
51765424
13771407
53290488
20866819
5484745
42550474
45999335
63174725
11093159
43777037
47270759
72273110
46494418
58365898
24150260
36632548
32524048
48685341
56725829
70023372
50171379
42063033
32875631
28883153
58320318
9166896
6180157
2055724
44483084
58060482
73169116
30898605
8286662
10740014
31471105
76353641
10620935
2222297
15903966
16260050
53886240
45508482
27286470
66465490
25841850
32068540
57346720
19104296
75953963
71266417
37147741
451846
61182715
2872355
22702996
35428214
21287433
4723295
6326608
13584479
49773820
41592722
76867501
65976642
56722700
8412427
60449675
50964506
25776058
26999105
66413581
44024371
19666631
51821551
9118770
63341175
33554577
42683923
59396556
75502117
10083702
13439006
34352471
4918121
59024922
17979700
29101606
7702954
11553096
21337507
70760600
61237179
62310023
68455073
5526967
5758194
39239990
12614190
61990926
38355308
63936094
71195651
34905600
33765457
18266973
43874848
60548239
14656081
11763841
45957550
20313266
5165581
31854084
72976391
53256516
30485588
6426604
7764099
14382355
6919538
36467484
2305526
55710212
35715449
8378703
49516397
370889
884682
26118097
68235276
3449707
30170637
32092297
68470753
50657219
3610892
11274626
14590689
50946435
6598260
14103466
24776876
29349066
57972117
66549787
24656037
16103232
56110687
27900235
12076829
28649327
57355656
50530444
62797435
35344560
7494020
23398300
9575614
54038596
73387461
36142978
12418955
36117039
28481405
36359747
15230150
9268078
61279987
57090844
26169559
54689195
12734969
14830710
61296650
41868885
10439099
74195802
60630024
6624980
47984580
18150005
22455512
22011095
43036424
39399135
4932566
30895425
6614460
50872636
20783261
16434042
64265194
32662829
20886889
19213327
52519761
35579307
39702139
6590791
44355874
67942470
70832546
27469705
4391610
43704468
37842481
60417740
5374842
21643639
40773089
25973485
52553582
39659998
73682150
68744619
11948294
31499931
66715785
67620419
43211063
44724053
72987154
45051867
57583069
41911203
36114808
45928969
47827053
28363290
69801867
73489790
63550860
6291698
46230845
577491
17493246
16198842
76248272
56841358
46530057
57716711
8894956
40412584
27711704
21345839
2028834
21767876
65728869
1155352
72073266
54762816
64580985
10239571
8937059
11654099
71524150
64355139
32730723
30940884
42252431
42673789
6422565
42136988
45402072
30032002
58372841
17255509
26272406
18531560
47946402
62721094
30005007
64989118
38383750
5943828
33056971
57477102
6298230
67569673
14014368
61833695
45825757
32090505
72759042
1185540
35526997
19746886
22102708
67496935
3681939
56719063
53875337
53830563
61204148
7310183
60363217
39841281
46749108
40991312
45130174
39560905
3500964
24061179
31932147
58346648
56249218
22090918
22626354
21904536
907536
38527484
45678274
44640217
74003509
53012156
35686453
45470062
72668567
42823646
70225219
27291377
72954916
25728774
50070967
526487
38001075
19371905
51314728
63791824
16653968
21068994
7628758
22594317
24415582
66444849
14883914
34344682
21183382
40702491
32829883
12870940
41963975
49269738
8953764
7697067
36947210
70302808
52684844
24540810
47308730
23660064
54660411
51592049
65167700
9862682
5815380
30812872
59321558
30245733
56163066
71499652
53257033
18623909
64314023
67510900
24425087
30785044
58118420
64916063
76178516
40163765
3917176
13430528
12322528
16090957
32452223
12406399
22994077
29024780
47320400
52320302
15095985
23961349
24940289
34354828
27981125
53009647
31253426
44425527
54428701
16702777
7185628
42349754
50802443
12692599
65996101
36949024
32046529
74558276
60998887
41911608
27841237
65266220
58418306
56519750
70536880
3427443
21689620
27277396
70532415
2522671
6543632
58181158
73420225
49370643
59705022
40159219
55184567
14550649
37239898
68682568
43340334
71933030
53793654
13853419
58086071
68877826
32553758
46738542
25880659
73172668
60933303
27925108
72169340
34154482
34830130
22423104
66938650
19166948
77337385
12351257
63146068
34612990
55079757
12424626
50789696
45154373
2919320
63942000
27813936
42746869
14888914
8650535
13846959
41519449
37903282
67951150
22160787
36821090
63245240
75395552
57606949
5942440
70534979
28909856
23819453
72266802
22525720
54587393
12624501
42724394
13875121
50721442
40426915
9925384
9505305
64287697
73944058
37612452
28216706
75767021
28899909
29973086
48187254
2499430
19358662
1082191
4705910
24205236
35817762
36466419
61464194
28697092
38726608
75708177
6384136
46672061
38805921
57241326
40712272
39343059
58901100
3949737
20379757
32742839
70024948
28496474
15234610
54780657
8712543
75683621
27579767
5564099
67218045
47105063
75233521
72593427
21868050
24843111
19344663
7120670
54343432
42359637
22312956
69494547
16065876
26582811
5959789
76902863
54943847
15926155
75566923
26158261
67968411
69323284
74111849
71847911
19783931
16990990
27200890
3148444
8465576
57914705
7770578
72064619
4400633
29554030
32412384
14747380
47939680
33588646
62247715
41452506
26293761
52333766
63534758
73206635
49078965
46637255
57939560
28785585
25397745
6243639
8650033
73560500
49539353
57120859
44647021
16635487
8525413
46726186
72817866
13840958
32677692
34820169
18815855
67093254
38217971
55427358
29939666
63090795
7294885
66517570
34521369
9690747
3254801
16897502
15267074
20293379
21239510
51695921
76739173
8440865
34144287
8132794
8077099
32903866
48595446
75360835
421241
72124456
70652115
17161317
51628724
43024439
53205819
40828497
37153588
52567177
48132473
20025717
28569426
54207758
42426389
17623866
71863674
60401422
73097993
20174774
157827
69402266
17551633
68606379
363766
1240421
16140969
10156265
11646244
53910991
61312341
60699925
77099352
27627676
41395498
10800227
62474472
638642
49299645
73731492
23997751
50528336
55039329
67549180
59784085
38628587
1129494
30852519
60243595
3695727
2623141
8991449
48202120
16311212
31629029
46811122
46197798
39669979
5447545
7549940
54251639
33684664
19304427
66299125
21756825
19920476
18104203
66182981
54080892
76211310
75295784
13052191
68184251
73014362
45583306
8095186
55824993
74873768
28229378
30415766
12097228
63751930
54802420
1390998
26717035
69399051
20527197
17811478
62858341
49202881
65685514
44556135
68531460
55987572
27358542
33013845
43279584
19332894
47490818
20192321
64630679
2281421
24072506
60089065
73792990
48149538
36469428
4572846
62776540
41917449
53053347
10706230
16198515
62843370
37467422
65509178
63144331
48764316
29565965
74905827
37275042
9697942
17197592
35517614
12707987
8025648
42126648
2250883
11305835
45209396
73559815
4541614
62532053
53362969
2783257
69220144
62812999
71991980
8123120
52070310
4882554
67649977
29842429
7292958
56302660
45306726
35943213
65678505
68092895
19868023
36871854
1757428
53593575
9171944
49994587
67060725
53323434
74357253
6131069
6764221
39280964
20196846
58361978
70751910
67989971
8231278
40260643
67346309
46273045
74516765
1391501
75029597
11347317
41139323
48789746
47227776
54653832
16075190
28806650
66335467
22878068
27699910
29202842
63972851
12452131
32240955
60929656
25722832
35076288
42537843
25842244
45969055
29646876
29294320
9654886
57247282
39398233
22347499
65954808
48683449
63169448
16855799
5403471
41559541
63925492
11878176
18421126
65758366
70637122
57710361
37132625
36345218
71851400
53565508
59646816
64169299
74604667
18391812
77320589
45710854
12890967
53151545
15477789
49839595
67336087
64747388
47896095
47318405
36618052
28262629
22443597
773526
9533928
70965296
23138415
75607126
18681054
17314386
28625741
34291904
63298961
40170738
33302022
7682101
35564461
41255004
43452331
8057433
62104466
24169043
30233065
40491373
42419079
28170402
58547120
20017682
28129335
19633466
24874808
15008146
75332322
28918302
55075112
11366802
52284242
62427650
46981385
40992771
31455425
45058624
57593503
55616860
61209897
69487019
20833390
27507028
35754158
75886909
34427989
21613093
59189965
2062663
38547873
1565017
56644687
38913654
72582875
69724810
904765
52560127
37373035
63965519
54074061
49251082
20989038
67895092
30972225
1922760
60839269
53278566
40452348
65546484
13947090
33702869
33732861
1550102
49682659
70744686
16696943
32365326
39668841
36788568
2021596
77074220
6422143
64359878
17172508
76626369
32351775
70982868
75926067
44725573
42976481
42782590
18278857
19066278
63659444
55133660
18074033
72732785
18495096
6749478
10977243
69000608
40623831
19591796
62293160
17317333
31075845
36511996
9507350
19198241
30366425
15101719
39065332
63839396
32008102
23629641
57303923
65066203
28006387
12307097
26446716
3073823
56563147
19748818
992244
68366659
15802184
67928176
40919162
26934488
43565648
68825448
63311069
23306498
65955952
25781164
64413604
68481224
6145570
71845631
36736530
23130650
60533618
15435690
63139094
23545520
73063255
44996826
38619487
4096184
33183951
63301518
2081578
44800108
3946634
67107690
27447497
66307696
24362527
28697334
20227040
20259150
2869496
37529905
15496515
74914728
76239214
49171593
10908314
39618541
11312013
21300840
16595177
16151717
19812436
18142268
62366034
48130691
68416496
31921589
58618226
65823843
59354884
12413889
17352611
71682560
42745163
55353784
25244276
4103377
25827838
39300755
61366256
5394769
38730692
22928542
64006414
15784293
37859580
46211095
23023363
72600297
58092025
55056530
10389304
28285365
27165773
30444445
66952466
2592652
50006706
25367957
48471232
44275945
47108727
18602448
46438283
17805406
29525946
42547142
20177121
20433069
570063
17601334
18828355
2110018
62508963
74398940
70200931
42699284
65559071
24570454
41374613
8970279
27890757
57384860
38772900
3736740
37041359
20748128
31561421
5730761
55699231
9032404
54441282
8466941
45680123
60494762
75068285
9092877
41977078
59179408
1604713
75900046
11695991
1033036
65952709
19809679
65443490
24794097
57928292
35752411
53283317
61429754
47637380
24154017
20343500
18024772
49615320
10474218
21652518
1692636
7893100
47232290
19955902
71386521
67442277
36587246
18517684
72492498
7488163
22680653
26647037
57175298
66550957
69326313
13029546
41158612
18485008
29691079
28114400
73938539
65555032
29129300
41086253
8776228
51978697
66472903
52975875
27086304
59184739
51860228
38340355
13946580
36393634
60808657
52868837
51553400
29099082
52440651
45845461
27752866
12733317
34760725
44145752
25392345
50841304
39942088
69647833
21986470
41576047
55588721
32852285
35942424
54590604
31216971
33240354
4056013
63891785
1115646
66185950
45238159
15466594
54971698
17681364
41443854
10873195
57031806
5707939
1346216
18870954
67688357
40210735
64780973
40523041
60807284
33184513
28854834
75806042
70662733
66574186
62237244
998117
58238935
2702070
50534590
23928806
11288327
15310064
18653626
63089053
67817872
6720415
30626361
23262123
17253178
14899535
9526978
38160852
72063204
17739102
31529982
27165315
56843451
31596460
11668207
41604863
19125401
18884269
70172419
69664616
64938871
59535173
27903527
34310129
48017364
14388146
5275180
25639275
4095813
68536832
11626312
44555749
46070857
72330447
70338766
56532327
20276331
69227877
63234490
44897889
17499272
77373523
72100729
71842209
69074680
49387559
28036065
26900786
31385398
10637245
20924708
30628742
68121430
70119002
8198569
1541708
10292333
70781969
14012963
16143685
1629595
73339487
30820604
66978531
52054115
1110889
70737838
31982063
30892225
63300968
50237161
2260684
8298843
1876789
43806143
21337514
18002161
17398820
62579698
57360277
19955816
28245707
1593793
45743342
59826669
14856600
64968746
50752269
69152374
74717098
62763082
12091065
21285371
29709715
52844314
20072052
47658665
64040491
59184903
7795161
55002124
27523991
35894541
43564950
61314629
26407323
15361436
17245505
54046625
34333991
55766483
30816095
25022658
64177194
37378217
9074400
2307847
67691648
44592808
36224929
32595347
12216987
15850372
1213319
38654671
66243824
38327149
19027124
9038366
10824532
28504240
68040795
43649363
9487218
28203514
23232744
28964319
37631066
38919022
23230530
9311333
48192910
50041499
15948258
41032967
26290189
21085213
22686538
35096301
32375821
20374557
31382027
30165937
27046549
40326171
19627547
36369077
6666237
67962884
18437572
44615170
19017022
39837281
77020239
57962899
47176069
61753723
62337410
28319733
47329733
29792652
49966696
63763564
23751309
51466665
74950049
68633889
66149393
2311981
60317895
58813505
70768009
68495857
10538390
47281092
12823553
8268283
17931505
39491068
28109482
35203912
24198551
17657744
70101213
71870137
52229110
75459957
14423990
32544758
34956658
40169789
6041342
75940031
66253516
11721041
62757273
72638068
64919615
63939509
8983972
69262038
27438735
2650537
34835924
58873727
29349587
50772486
36762422
39331213
15292517
10451738
21706320
8932035
22032255
51244877
57446147
19684351
19666919
30857821
5667036
36456627
51356274
50923922
69786379
50219068
3405047
55421384
42817716
73097577
36500774
6333435
34426114
25168628
29904570
61503439
1274925
46621995
35479969
26310684
74228514
62964103
45023104
27065064
8089508
2347903
31577958
26588326
70620936
39813912
56941548
11346735
44110249
57740827
47518874
14364995
64004973
7747471
18920610
36484280
38671463
67935767
33032486
29526296
3057323
39886196
26023470
52404241
28997102
29119487
37891201
26327069
34038214
42675200
72927107
58941183
65770589
48367666
26250399
38437821
73143664
55804342
41267861
29745254
50339474
18935023
72884386
27520693
46516009
7588464
3451794
65748787
64878443
49749910
3502826
28093083
10889094
53507604
71116661
59273653
51684893
72656002
30839963
52537032
33508232
3723061
11854404
6496387
52664003
27049678
74609961
43398410
5464867
1496458
34300869
22818781
49859015
44459542
3232518
58207222
76753642
10305505
41409581
15948980
38860816
27435223
13580043
8219062
58426331
55064280
28433690
76587862
18311389
6280522
19846247
6175465
7662679
62244727
9326427
9265592
21584810
52277123
9097541
39249707
29077443
46444948
76189884
69091794
45145900
70367014
73401262
39968282
28048310
13974357
2368937
30641754
25612513
35955764
36388992
59278470
15916510
1316788
56741615
12135924
55221464
35041521
53452658
75837087
19823537
34489305
168051
38938724
2363299
40092594
19663444
16589270
57902668
5822869
52294152
61781239
21482324
59426905
37599344
74846557
44965465
43853174
50856382
22937664
76642874
35072204
2536855
3780586
2698945
863714
15286887
56824377
71821605
18963353
75669036
37488433
11289626
37515457
75878901
42377650
38793547
13840574
41735119
73561430
61780546
70307248
3345515
3239388
71065060
71186171
3153794
1191421
23813921
72387799
20400809
52025908
32373258
58276762
65933700
2478189
6482110
73763535
58595342
13496791
64277348
17317199
39049533
25515597
76161911
62038327
642531
21835738
29500029
28031491
70215915
37704777
76682189
66202966
85594
49037259
26535870
64809617
58230613
49228013
40014541
39564048
63532209
9058689
51794652
48773786
21322848
49588939
9486187
20441763
51887259
17925371
18595288
33614827
24873066
33489793
32538297
50051040
29059824
48398873
28789303
60616570
37619183
6808550
39667096
69319599
47410266
54747857
24795076
18666565
42299425
30955851
44373017
71362044
44339462
58809333
39287599
881085
75141681
48164437
58450095
74876053
70492306
62545496
1076529
31425646
4429969
40743045
425357
25046875
10779689
1144373
20949474
45739585
16001904
41522859
23688143
28743701
12448432
50442845
30897169
27541001
43220010
63003684
32074445
43458377
61107653
68563163
76474611
56869248
55112132
73344600
73799524
18230279
37279146
37773485
10163909
35986715
9126976
76720984
4097401
42480105
41746090
36030235
1215062
64698204
29074427
50685298
75286532
41511052
63826456
24497106
72906557
77201633
1896031
40951283
23587387
60842026
70054652
59733632
60509725
36881852
15229074
36026039
64669991
1292431
7810129
10882926
11052934
23250492
34974894
24670786
41265042
54487886
6955808
7133385
46015293
44166996
43462463
29953046
25208116
43228444
22601075
31955273
32777866
18494006
27500252
20457376
56935921
33172799
44504558
24483686
28815482
13936643
7379530
53787065
46843117
41163258
32511652
42985769
59425450
57927009
17714978
13295277
65076214
19392433
20274543
72665867
75562501
234019
7351971
70692843
10450577
4107069
4455021
68924111
18161705
50931074
53392819
32452235
4357317
9731535
73707777
52468418
44533526
22819893
439032
60460969
59177808
52024644
25270791
25293793
49454415
54926165
70460735
69850348
433553
20040524
44477516
4869657
46387062
3244902
66237822
75570088
42548984
10127568
72134913
63149471
46573757
43661284
15348078
8492519
21801629
50887884
31193006
61512558
41082085
5018009
14353798
33884015
2570229
47784626
32273058
57044068
33656232
29583831
4536452
73003897
51093462
41232613
16071836
48256975
17299539
35273874
60038795
56839514
20157432
28473629
47801393
38081237
1023274
41900195
33903134
37729072
66409420
26174997
26322379
7198070
2447780
23172793
58214578
2129781
14128394
59292848
52507616
38092336
55930370
40743839
36095681
2836487
3096694
58237962
44821801
37900026
71720063
31565166
9038121
59516195
6613975
5901198
60781724
40734203
32094396
7728137
11406693
59211350
2890837
59753207
5587113
56921619
9044398
55525351
27062166
53476059
3362478
11763777
58600276
53093883
16810765
55297719
14618307
21800289
43121520
69860256
28861905
12203868
24951191
3136923
76174472
22483393
30410423
32217206
29327510
50323047
61440921
8257106
32787857
2572838
29872429
6665383
29859453
33008340
52162873
15298389
51479404
27708596
51556633
59906177
17639196
51614096
12176199
22198052
70378385
10081272
24072685
25724982
13469396
59071419
29330121
23120886
70595884
57527377
27379906
234023
74138811
58868083
34988298
5286094
50153386
74304090
31942511
71164685
38132556
24454277
41181757
48176848
66673021
56546157
47729978
52044765
58675712
58698548
75565368
23817023
74051876
21604887
52998482
67788511
65915536
28406365
52344601
49525480
60828567
45951824
42685726
48016337
8714697
38124209
50783584
35592321
15335153
7488234
29982928
67395709
14384877
41239220
446870
14628256
54474066
45635050
53919398
14022308
62086673
33124101
27422162
6263365
33129352
24592117
72047531
72993676
45017799
62996398
6839754
69415851
37237127
4561516
53836374
29725996
1952676
43295350
62213014
25379445
49706978
45347329
66948839
77196622
64205155
11415440
17312479
19615378
60988378
20795297
43203767
34986928
56598370
2830045
68259455
37575676
36177939
9051133
45317542
32205569
25759271
2278238
72183098
7511130
59212461
10541024
24116603
54013232
50191993
16865685
15034226
49950357
58582175
34697019
59884143
23753397
7030683
53120803
33015232
5165070
20800548
40373721
44167473
19022693
23255727
59208322
48861755
3972370
60731863
43039304
16626092
18248140
20505777
61642074
39998148
61802850
37789032
7250918
18142625
241636
14887131
36940828
67506215
34828778
27666336
63366961
47341786
58469233
32320255
70081511
38437598
58381475
73721615
62399152
47600939
19283357
75916459
5822451
64786279
42483723
1697146
32424019
34853613
15306548
23853042
32747229
22823845
16711016
48967408
37805418
66779043
57498354
9274492
4139254
44090613
25800723
10210326
33863895
20031635
51378780
73799897
53478446
67384157
54438257
63922694
41778487
11100699
12596356
60728926
32362260
64233730
42994219
65174598
2106384
69922704
63745647
40383442
41622048
6535594
68909055
28530925
62639789
70011362
60913770
50532549
10226717
62372709
36271546
37503999
43993190
40598244
75965261
46159373
25605670
22501178
30489957
37653182
56178440
25802627
74338327
23791283
62127346
50511516
1428951
18326563
7464276
36373673
28078007
13091122
21335806
76337694
45057156
68710861
59784644
55144682
14261002
29326339
18379519
52276923
38978739
54437437
14992574
53464083
15669416
44556108
22926358
61290951
19918476
32387157
20278901
23826811
22362332
22964403
22210860
21658899
67688556
71813154
15037867
29180314
45473967
9228566
16553050
67352475
54449858
9621925
15928783
39424080
67787601
20545702
37284349
42118277
17931641
27040086
9701344
31818465
3801252
67979202
20175670
73531666
10024825
74754499
58219571
57307054
32715848
27837707
6621032
38508242
5502807
5809301
69230885
55561492
32218708
6931125
30587312
71629399
75877945
51986701
2139730
4832944
2614061
66847884
32416932
63553177
2402454
19162143
68246416
7709587
57954376
22861172
71915715
9321392
42038651
9545484
50686022
50811226
1498519
811731
25880978
27381316
30194213
62299760
4137800
17192930
65096801
35204232
69489669
71045001
49372640
69335468
29019633
73104506
43609050
13254789
72746761
72132867
38647768
24548864
69837494
27796604
58262522
62370231
15238991
47831045
8046965
49874291
4093868
30720824
27221138
41021219
23243516
13001283
74642959
46373569
4306882
50655421
42435212
154200
21188988
53708135
4890038
15764844
56961365
48916183
52047022
48197897
2295373
67454785
43726343
7467263
69161233
67035097
33486886
42804701
22900797
33929761
22653152
40512649
7477308
70823476
43818261
33473568
8694401
3151158
60541977
60756302
29466433
66167078
72704163
62027765
53350391
33413856
41157823
8763468
25784430
41195858
61075174
72268111
54897172
33294867
30583998
26356532
23297920
76997125
20151549
59828149
5616073
29269677
74134389
30607361
41292694
19830723
50371591
25378100
51124725
71814900
65492140
24042289
69420308
18453927
20869942
44586922
64233047
56565586
4291915
30956319
63738686
27780307
41684113
28540640
66600568
10190493
62808604
40909772
71381052
68321872
42297380
31612332
44580604
33467286
57675771
15914594
46145998
55996692
16489580
6246056
58998213
26201833
59775968
24833385
31660881
41744357
19458627
33276727
49430520
53951608
45875827
14361666
17783360
31493620
22335657
25690796
72853063
71926732
55216012
18932340
2904888
8830094
30540182
7829629
64761289
1679079
56028635
19063562
53602099
67727748
3073708
13328448
71980953
18031611
5374758
54987774
48917457
22110640
44004521
35068854
36168248
14382207
48629629
69532565
15244178
27848926
27078404
33084343
48185464
46385918
44995778
72515260
672426
28861103
8404615
45697726
4680600
65740888
72593475
19437271
52350415
62482098
7953690
73596800
25717775
39867739
67586874
13848603
63382393
29622314
43042846
23239303
76578030
20780703
21617781
38763456
36267083
58132487
44692185
53110205
45713492
16134675
43274264
32414700
3344123
20103728
29707872
62683330
69994093
66714998
11483581
56193616
36764323
24689572
62613547
11869172
33088967
37964559
27409378
19306709
9647905
22262142
1621522
37814574
61953621
40925295
50674891
39760499
12418994
28557510
9835940
69902413
69394173
23170536
59310449
18100794
6713256
40432875
30363368
13800477
29950675
43397630
50183690
4058771
48204226
24648987
61899795
13782257
7480274
61750856
17685187
49273332
37748522
17299848
64579683
1356742
28506300
1281001
29924558
76560203
15766958
64105405
10591964
51293379
73060901
18877573
44341046
70352780
67085821
64405739
20220407
5055524
51797025
25534703
19598977
34421968
73772334
56752559
52700691
35646942
24002334
56988959
62133650
15555399
66233549
42462302
48872185
8549718
62954043
43259154
45131859
41913580
47648125
69154391
63555953
2708121
8395373
57375308
29295992
62030297
69212334
72125705
42060168
73978678
8365989
40286418
59161278
38125392
11913845
52315353
30116913
65050556
47359031
19671347
44123215
36847451
56948260
5613031
40857859
204083
52214649
53417469
34961248
24103624
39922638
6180645
50852129
2968696
44766595
13773908
76573750
51837277
63759716
1773749
14817400
47680598
7536193
63449546
64612099
24303290
61559942
10445566
20927340
10511580
19326708
38510184
73429592
35907797
10002002
64880391
42682836
28111025
70098451
28780603
50691496
16117562
18017671
16241841
60438568
49532938
27454193
74800001
37019877
72682738
71677557
28807855
60508500
60672904
58493224
33330153
59979570
51048362
68558858
59857157
71125610
60858912
28508182
8549201
70664962
38494598
51385561
70505854
54859530
33144509
67366553
13613274
12282615
25088353
66227649
63078568
12513061
11375075
3122444
64815643
12174238
67608273
26918251
27178346
57296955
64048483
42211296
122413
57362753
64303567
31348975
62576409
46797571
46617204
13767261
56762729
61075069
74844672
3139301
20409875
25514
21441819
3989246
26644048
12575292
34016194
39119744
4301038
76640838
69557792
17061012
62435893
66914939
40309769
62407051
57174541
6685730
34511350
25377059
51389965
74109616
62171771
27972768
67474843
42145756
72966210
53623428
19828814
74819158
38301102
16420629
50821467
8866527
26576673
44127925
64877875
34815357
26165572
64680027
14204945
59246474
54191244
28841
9740398
12787658
7059321
10961102
11899386
17005354
40645289
23417197
6634773
76629636
11610178
70455036
1480562
75587053
15322325
3408184
23997690
8598195
46447577
63297163
592273
69201317
17962352
197847
20610412
23522719
67092404
14176103
49506076
20567205
49573141
55382917
888272
67493968
47755814
65922190
10370581
41455653
68410639
70223358
75149074
70066747
55132711
54675998
51589363
63327751
13564228
17304148
8005922
54686261
45334811
394425
27754525
51043254
67149065
6434308
51456644
25688819
42042963
71563160
19678933
38682794
7627103
12406082
57123386
62903781
54115172
74190845
22910200
54947513
15090647
77076697
18477384
48408581
41111770
13448835
55321828
36317967
49409338
64215118
26931736
71731558
67288982
21320216
77026610
41460246
41831346
36497105
6009885
59963790
63936057
63876472
58999408
1326942
35730911
60372542
39993581
55771279
38263817
23273504
36470129
23285687
35964926
61632170
70526753
4793803
41479498
47710331
9386231
55117781
53529756
62215141
51308568
25828736
56928871
19693125
14613980
38471176
50001049
76177035
57568003
62609114
28145560
76066867
38773362
36563253
1272345
73323698
75904771
71581751
64748578
31441580
30198935
31171123
20152672
1980042
72847573
42965338
71620576
3774711
60412833
27701020
61889890
31615443
67818377
75061316
47132076
15876946
58343174
64831936
27195095
58941137
2999372
48185928
53958142
22053284
17262103
63734216
8575120
44463190
41382816
12741075
11288908
7382513
35763551
54627335
7799467
48236482
39156125
23083176
75928442
28797390
37322644
64268575
41086988
31105051
16718141
59740141
45285472
56005658
40996183
35612787
61586616
58386089
30923825
67663927
70081785
50238913
1515020
52437666
12337902
13163923
54417524
34101574
77023047
44130690
72074830
41319912
28911660
10358735
63200533
11659867
44314023
62821214
26714054
58786847
42423200
17316104
18743958
9672684
71859043
39213715
4688962
71362690
44907924
37288533
45312527
17644119
17064631
65791098
54623762
55676328
13580877
10286834
18630365
14866755
15219030
40879715
55559380
73855414
43484713
56982940
62385814
42130796
77001635
66001571
40042889
32750515
22897061
36133863
61587343
57099974
50909412
44840430
26050163
27263805
76827522
56961430
19623978
17991924
31373841
44336928
37045963
55317743
72507805
34354271
15910996
75407237
74835002
55180061
11469600
57957538
57421306
52987864
2087907
23414739
43104509
