#N=8700
564241
8177105
42583496
69128236
855090
64563088
25136404
71380223
13574796
48582150
73991157
72959174
52234938
41533792
26734635
36314913
17777731
43567174
59447922
9849383
47818937
56862440
65323051
56906708
29021711
7394827
54893660
8496747
57506200
29185724
1641786
35289626
35485634
6184027
43991831
33328488
50988292
4717874
73079067
16305622
24510832
60620984
74388159
15920025
23756061
58857462
5030610
7928348
23911856
2585482
20216333
66602230
27840729
10401842
2013048
48688584
25578628
25707936
35018581
50380194
21863710
71147759
66987796
2157146
59049356
67437577
35939422
34682670
55897043
40621702
45771084
8590807
36864923
15530696
10889414
15827712
63109226
2445128
15875635
32999627
2908373
37978110
17062801
7315765
60513215
4468732
13670003
3362054
32007846
67724442
59082399
19706564
40262023
27713839
70071344
24366686
11540533
71007721
17075205
47306236
31920399
30240388
25865012
21037211
28111471
8444286
28115697
58273218
27700374
53587526
15936826
71282609
5628515
40757689
69335763
57151161
48150887
49799181
19969656
12301282
55626039
59532180
25325220
15895337
16173305
74753624
35455100
68087918
67250942
62524818
49604844
10883188
2128916
17420726
68611515
73691874
8907532
2691791
42336392
32107766
432630
3342757
30110466
24167354
68296803
47700201
37181505
35849605
22336762
64291097
62666062
39730701
71522494
54425217
8603857
23775388
35666302
1093902
18483074
56367754
60395902
60347738
46125294
32290663
36676814
18393343
31355482
52489767
2259161
38993634
30160919
4428895
38899575
58100266
62675850
32447198
53527059
1054028
48873543
58296062
20932222
36404465
59290464
47747106
18758914
35673575
33455934
54988549
16388001
61988957
38406080
28105238
51834544
27731951
935181
59877048
16134182
20525467
22328847
25993885
28257679
224273
17443046
6452377
32736827
14095440
59263655
70920998
8285426
40632698
27169217
48875117
17645551
51780509
42454791
67623986
19285574
75320598
44746089
63972763
38318033
10674129
55333677
67647497
11597769
8573334
65711820
65830297
67957789
50268194
36714459
21805301
43177447
31511226
51042343
37505830
5810014
46794577
71915400
35100309
22987147
51078709
34583946
53875186
32494935
42824194
51041516
59166431
65166185
34071960
36802706
46360537
74766361
46760343
30099296
21457472
44469165
15443626
57279458
74316108
7090746
5203233
74616579
33835237
25701211
4247765
69444050
46399706
23807430
20836691
28679983
44801962
46747393
67449753
30997289
1492124
5821628
45133176
22363725
18805648
34995600
18205983
44424860
53308888
30454797
14655670
68031635
45843058
8352880
4549844
27863148
1419129
55192022
70368814
40081188
7465125
8603955
1080978
45883342
54695469
2252918
36920231
41968292
45255269
61628124
14027733
7292019
15179600
10137575
32321361
2544408
57376713
63441187
29769190
13440873
60301740
34466410
63481790
46143530
6933751
53211443
33184335
65191562
200516
14238478
67163830
37271784
29598486
26991680
37126731
40890797
32687649
50982108
56104179
66126870
74612144
3890158
50660658
40798812
56614483
44570175
48465218
43935839
31303067
23466400
53812704
14158210
27532659
38433967
41122814
45595810
53010927
47109477
26191352
66782353
12803611
40172150
28308673
64397690
69994031
61834624
60476619
70414400
4533583
4687640
15466212
33813332
22965675
34254103
68023594
40842264
13267108
53162438
18286755
45308477
71623742
15378736
1199015
10100469
61113041
69703338
47568078
14392194
62469486
61709203
38473680
24095922
74031739
70327670
32084691
75269632
57301040
8262598
7421807
46410252
57411965
9375729
69643359
10287031
20986994
43024776
50719128
71812252
9702315
2908019
44109461
13996892
58119316
7185678
66386012
74884467
35397472
61548876
4082134
38373564
63367464
71999631
20174850
74452108
13026629
23822093
20321444
39054408
26540633
73736079
4930513
75288554
16552354
26618582
63421524
24864743
61486081
284728
27702791
23869043
20478704
65087403
23300881
11398468
75641827
4837136
23275952
72713909
73871412
7772504
46362333
17078976
11446620
72042758
54130663
2135841
25445080
22275366
34123895
55105700
9657343
54001931
11867030
67377612
68986122
15610414
25325572
65780658
55496025
66469009
568161
37243855
65135576
46627365
16286136
31091538
6655724
15503448
26351575
9266055
24489503
2483195
38638314
9310779
74761298
60018917
43701946
46029380
40781643
8285584
43238670
46133352
13179429
24420235
70215660
31369084
63968010
34546564
17686115
18252170
1333432
29630797
49121339
62207658
39971641
782687
4739963
73079670
19177565
52032000
74481362
15178724
31575518
6783017
69462454
28731917
47400894
63579982
2790710
70338292
70796156
46982055
51607692
9973964
36142226
35669096
13682969
45715840
61376751
63745319
44820831
14815775
65349157
48338652
9941314
42581971
9768742
28397964
26761928
3998841
48620101
20171964
49569891
31007221
63235744
5882471
25941207
52752603
68473827
59662276
18730599
13295810
10839828
44102216
71980996
18590006
2455965
53791270
895008
46560976
74086163
24645799
33038081
50930805
66733529
57233351
43983663
5769901
7941482
34753584
58282571
45776500
60789841
43687419
5066013
10483141
41262265
70132552
34022003
7651636
48822447
2792003
45168435
20413442
41646251
18189726
17694998
59748610
7868727
4412829
41686514
51318978
33602271
51494731
6947142
60963628
1765487
37393698
51340951
66018603
49653744
42758771
40710487
50306700
2425154
38787082
4624757
61774249
21310105
31230000
38173202
28409005
64999373
26978709
30882064
57587642
38484619
13282169
46225715
32239750
74664179
65881784
44371835
802263
2202863
73407065
9622676
11436885
63429955
36745800
53471736
27510664
40333617
1923405
45681942
44504526
17476977
1558377
23601047
21064719
41920627
39358113
73216942
7411731
16657710
45763515
39525546
6244869
42471611
56033932
16031534
73861916
16152540
74818391
66869587
66455978
9977110
1040496
61818770
35919290
24575803
51548331
57518723
71519091
12610048
72287185
49067099
72102258
35327751
59932935
51701398
62672516
50864023
55617047
43576186
10412841
3291904
11655234
18376954
44299696
68045012
16903144
35155948
25386562
64841281
65829091
4637208
2221439
4628313
38434059
6564187
28746712
38938283
60921539
50615612
16197790
65123054
64824165
48564480
48345236
37232532
71774351
19096330
40451182
52325143
60084572
67725887
62845829
47463842
1473810
37307367
42658450
55915483
45016858
48912974
15093461
13674396
70056769
71347253
4045221
75185777
21332649
6294720
50904112
23962105
61481447
43323311
16777818
55755253
4953749
57412526
72471351
19449208
34701759
48415295
17642934
40784349
18725696
53702081
4805392
49411948
67980510
21909095
40822022
59506082
54546206
19436209
37792795
70560993
2488222
73440501
24281665
73060545
48666894
35744421
7184287
33889814
66533182
63218913
58973903
61194542
22710767
24056055
29969893
22081029
57853219
67794474
35978957
45003749
61411572
11059917
36753545
36638048
43052890
21385813
21713286
59675214
45111606
40042295
74442948
5117678
52937227
16700863
18349877
42940700
44901240
19655375
50605911
5338640
68671766
63081468
31224648
629737
41892837
66029040
61792073
41013090
6382901
24919040
36413823
52937144
71860647
15367732
14924761
59067677
4437827
57360992
13395886
39993928
15268687
57742084
14931420
38160147
47489624
74384503
68024789
67726220
54837230
15688063
2277611
68042028
21188631
69049229
14527665
29043366
12119758
36873033
32762887
29135758
56912013
21046091
38012383
12792970
10929905
33253770
45671791
68297519
70255925
59507422
53226128
52798541
10252460
16236918
45825359
7927023
47710893
4810345
65448609
62485202
22663052
37082003
53514363
20308884
56929471
5818251
71970480
58674001
8124640
11716795
66813376
44119043
38279806
32922233
70974799
46486006
66851466
14327989
15071391
17457384
49254962
65152830
6973182
2325437
44216025
69178634
18168415
13389311
10310912
56530225
8970839
2354168
55842533
169731
24028405
26419090
25857231
12727304
67550626
39695597
1600609
62054763
1307864
19957420
41760768
56646810
31414615
49394082
40763028
53772182
38647822
46929525
20936804
41648169
12320641
30826714
11341340
37328191
32582092
7956744
28851312
8801108
6489383
57587063
2476119
39464721
34558465
61851635
11126695
33659483
38387733
57333190
20293995
20351054
64232806
20530306
44047402
53332433
10746260
69523504
60998998
25163273
62772503
65800091
30306828
50682451
26408242
3384596
36640499
23780984
29630981
75117869
6324988
42714663
23028598
44478105
28338026
29062602
23463901
57647126
13365488
18036679
21264004
75453690
4467272
39063992
9784046
50213899
68023436
13746607
6751000
70888908
70546445
40253672
39391848
26922232
42205572
2627258
1917234
37212630
17455995
62606319
52089271
65700504
14376637
22129616
21014204
74544521
15697114
33590842
36383122
13601799
13569407
57890012
65669644
29943373
46730557
24201059
71626519
25298148
47053782
70350949
59660679
43624213
26211719
64928210
53168618
4992942
60861264
15000916
13286979
27445492
48229682
29959654
72849920
43685737
6432502
63113362
38161399
30258935
20021435
6656729
23622156
11789653
39323075
69632205
62170475
49596028
52837277
29439189
69491090
3429569
44139230
70422470
18619215
49382397
4066946
38167702
19869582
61579391
70624854
59017326
58449193
32707565
23527152
9736557
5524338
4337187
71255547
59668289
6636779
36395402
71187275
29679952
25309179
65417048
44958547
60894906
8268558
49407708
60989960
74758620
12973974
22920452
18829143
56141514
29512815
46341175
71396468
36542257
3130198
37917289
35490174
48712636
27183227
47353584
42334631
49709669
73390409
63023765
16644634
5120447
11086223
5770227
12885024
40104274
9622108
71240840
28068565
37363559
36433733
38069508
55929477
60686081
69097638
651588
12908665
68660558
43210977
33479179
29215703
58271183
38897681
63826590
34541624
5637178
49653176
55000867
61228655
20743581
51937542
10874407
67925423
74835570
24311738
45497805
40199328
47948550
34807107
65689058
9597702
3911272
44661870
55277889
47777416
437080
61294231
55119487
67608475
60629795
22745118
41079114
51893178
61424123
42337034
55230758
20098524
57073214
3063325
50354247
56671779
5265592
14726289
22427618
62799861
52053189
38854318
50200271
66514468
30895835
21027188
30009814
31823857
72388410
22147277
68347930
36682226
664436
60537989
26529361
36900237
65174615
26905699
24826040
41325599
13427440
52167432
45434277
401435
25961353
63791578
34244160
46319351
66526721
11736920
12599590
61228721
7958483
29173083
64668274
74761979
52492398
36026156
39165928
35706184
21482841
35973561
38316485
67617820
23526993
75313662
40237816
23849016
41641879
48348609
71581323
13026004
54369699
9806319
70010896
55332003
25428477
22507240
33719761
5297999
31942057
59116508
24724067
8886505
52370685
28642118
35596051
44949834
42706935
31355987
25553319
29555022
12446567
38692823
55543623
27841597
33671783
67579208
27957694
56779495
22142530
14248623
46868729
74727697
12541461
47503656
21612242
20130478
18728802
2766872
8737552
23055552
6745823
71771950
48980455
35584471
14098803
32403684
47560134
13151912
18909419
62550497
49701400
12768590
5021040
16128035
75573904
5055908
45436678
41872691
38074385
51268454
29870781
75055074
53115455
68100984
56938473
47008989
39556545
71363251
71711050
12655603
2238717
75014972
57673147
44740391
16187957
946890
13494264
60699638
39140513
34304449
57529456
61736985
41048306
28128752
46381357
33701213
70835143
22331844
40165529
38709312
26316619
37459798
46280221
6106465
28544439
61265223
3461559
26900942
21598152
24859698
58836077
33188327
11300634
56726256
31246126
31178319
65659998
7353435
31333802
5567148
68946144
57564324
43519247
7347093
32983610
52213133
21699304
60289451
24178845
2705731
68119092
20210153
37078979
60704998
30808526
1643497
67830691
6765481
71918485
64099826
41722683
2109821
1942201
55812316
19229878
52056311
28008137
12566468
14097292
49459479
37737902
61599051
52744334
19469734
13811409
857778
28034287
18993572
67860360
3968692
69480373
35577713
17565247
35435482
68564308
52206665
33578632
31894485
40732798
22282283
62157625
61600368
11043562
53739510
55967798
34827030
37959019
54238659
50518567
56351862
24878765
46431787
261261
51886555
67125448
22981456
36851039
52229215
25203200
32282647
62093446
62208511
42703406
69212202
1856849
36669823
11473867
39459969
73590481
7296050
11238721
8418114
5632570
51906533
43944111
1729139
59998463
9770777
57523514
4086780
8564220
48682210
7469959
52969805
43199136
14896232
25941876
4568392
18299389
66848309
17742861
68571244
60351662
6033582
10211954
66250501
66932963
4177817
28221248
17645985
1663480
63185808
68327624
32067051
67598071
34173333
48059245
8385302
29370177
8841304
24780440
31284415
33646694
68263728
55191549
38630744
24760463
34783568
14989151
25418146
6496647
11709278
10832909
22264780
42954240
6034137
38029253
1760597
30677957
68889060
25008362
73450050
71277738
34154291
59697806
11686387
32966776
39217941
59294863
73775763
3358230
32206713
4256486
70705950
71666885
20407981
51805213
27505937
56450540
3279872
14585237
59921868
44445039
4798771
59925528
69357263
3519800
72993814
52442236
61081528
73301323
66544072
13752243
59591351
29351135
20479865
28081525
34881014
64023331
55251769
21992895
8342280
64393449
59538506
18900737
44160948
39647441
48525341
12920700
72218673
62688454
9786465
28159960
50777777
29442591
15095334
16915027
18128273
75382492
14061784
47329284
13709972
65356557
68962379
59673445
22633741
60310154
993376
12888118
8154670
66548321
38144390
65131544
20232501
48054685
46065397
59403868
71282389
14000507
3134234
72222333
11910676
8507494
13064626
33862750
11314317
15402843
31016863
46488990
61672520
24395228
6530525
57890147
42722816
36815845
58680069
9745622
4629103
38298676
50433729
18713126
46315819
18253325
19066147
64682254
4935916
60228510
56269633
74750056
2089830
22790360
59157707
6211546
72883178
25825403
2845887
40515328
29420324
34785255
68122085
31945992
9836032
73568301
27373698
61140813
32186741
48545013
35001894
14079597
67672857
32180404
75336980
9797185
41481029
62691258
8412621
5875860
10612298
61642893
15592349
24041904
25597183
61495924
3365658
32367849
72095080
71914253
556863
25637951
24949223
70243785
32735914
24385219
41381559
54518685
26138919
46270764
9035776
2821489
42596238
57875672
18862995
12645721
1384564
63768788
4552579
50623348
18447131
62260395
64209330
57950045
48839866
68919334
65090845
7141406
59974606
74620748
46965030
6003079
21065657
28727623
28862225
53907230
26409920
23274415
73646529
23317430
31838146
26850104
12122114
29950516
56491108
30784208
36256762
54614836
73485277
17982185
62104019
36187087
41584149
70979997
68549201
41698460
37108348
18633717
35866376
53971526
6028710
46401027
52830855
42848428
30481323
33751430
8424320
3092490
67126269
46796425
39358936
30051250
46048997
57027907
69383755
30039892
61152552
46438197
68200818
37298190
52088037
19287642
71491507
75575690
62035268
2389103
33995703
58826823
40768626
65155350
29304291
38870283
44083323
19079424
62587727
27388833
42315162
37317896
39423555
65238639
747428
58021030
36357496
44172725
71565356
22945557
37529074
52017982
70040161
1386795
41496684
4675967
32942374
21576023
69743606
31372065
37310477
44530354
29522531
30061963
49235647
10224867
51972557
16694490
4927882
53433451
16128898
5240142
36570468
57092526
28881143
60428324
14619294
41575558
34807270
47710994
28595397
36142279
10521298
17837813
72298042
48084281
10622361
29733929
59955546
53376872
1849534
35412134
70984708
47461284
53779407
32541157
33460604
26702726
28729211
27851360
16862982
34726373
52049000
4305764
70636852
15469205
25621053
70761921
12980161
26828611
37189696
38921203
67697858
66290638
35379072
42564113
63818735
32935490
27884395
24543412
58082165
58241870
9796347
66607171
42164300
55240301
31975565
5609244
38003363
22166458
3965980
12557218
39779522
36579795
6848331
28038551
30652663
26956062
33572225
49748959
34820754
46589059
3542131
25133745
2471902
2443582
42843338
39275323
3016944
73496145
42910684
19638614
44241190
30246047
62795225
36555055
45400557
9809107
29806884
25446145
58076936
43076186
33872507
39904591
34090751
55582270
70156327
56593705
67825308
15146786
74370447
37850629
44117156
29262169
10454027
67050200
75116638
73200813
24528259
11541950
29254955
12664637
32533390
7686135
13009110
52986118
6748171
19954412
55585792
14894318
19737258
46335965
37149054
53980238
45438265
53187047
15920581
7483160
10386878
58138299
74883250
45108278
27396602
5230576
29835532
12943214
42521941
16048307
43945858
11863622
54698561
21568820
27819147
7710892
29101584
21218318
73090327
67543853
28380773
37413447
5908884
69610641
897699
59652008
38059656
66118725
70963789
33472283
36453530
40968601
30741696
69652674
43436366
42617008
38398636
41950844
72850977
58821939
37039747
22377038
12208095
75151289
20630856
6600829
10310566
37247731
68527545
63840500
14108588
62623753
36515747
21946876
31550985
38632595
16851839
32750993
57828815
29995188
30894207
42490857
25695855
16288308
59417657
29649141
45456032
55266698
4911097
50473938
74777464
65742079
29909802
5607266
64840723
59073125
13763284
50323687
23139143
34067412
27324752
20325332
59236388
26046772
5095037
26963612
8967400
15020271
1856786
15337957
4299333
14605898
58763201
24210333
46522277
4150959
24738044
23145713
8652854
14859018
48727756
69170198
901356
46526678
67533982
42680656
64097602
7859492
51162554
30977431
2994644
29441600
15230295
32272776
17079372
18238385
25106826
69319443
10720938
15414507
60428377
8252619
71937242
7085861
75162290
51540184
71188105
9879026
2581577
43336277
42121282
30364698
29799835
62074321
58119076
12148109
67208102
61283791
4864847
21720954
15747136
46411869
12362227
25155529
35329570
23449930
35681067
37855938
37054686
30631939
19167266
53342516
8780330
48560678
11587756
65283264
48958606
56015448
71611365
380499
13536442
55736961
47935622
17651726
70556220
24998905
7283262
45487148
45536655
34142979
9358727
18755226
11082299
17075917
17638082
25637251
62085245
5049128
18688672
59402170
21851608
74460209
69918380
19187067
75292072
31262309
21835519
1051726
42479006
15874403
28134878
71574717
13344361
22936717
38532084
25069072
7625869
48830284
36128421
54945049
23060679
20446429
29280764
13608668
30680673
12588954
35112199
30846694
11361139
19918463
17647410
2664541
27331757
38656070
25515168
74240346
16946923
5961115
1080468
74757910
30693662
33361780
61206253
63965290
15310848
65391801
64630652
56534441
25769604
43845611
25664285
37615631
17929376
44855429
6660088
27997599
1227815
15193736
13199284
8696598
20750326
7154960
5312992
56945031
49872767
19554053
25633497
46042634
3431073
43408688
13551657
42418372
18050932
23978072
27498258
62630027
39622196
48948660
30870156
16317593
54079855
8972475
59119163
65621778
43627614
19629972
14798315
68221217
70133410
34207944
31547226
67658916
32972194
13922559
31311534
31993752
16122979
57914810
32490977
64866322
25357756
17737205
43083734
59274526
60045876
54239599
59923491
23304603
23032425
21897681
61052051
64148078
41034862
67652810
50823463
3570017
25186563
8753991
36673991
30638114
1235750
45788286
36347382
29142061
73489581
1560344
75192776
55110278
60720674
42917392
49946208
69936851
33381329
64534136
27514655
36741273
59370794
38025810
66106173
62737967
56552820
21562860
13324615
65628465
42466247
70233092
42586026
70238449
35681861
19049325
22454352
257308
462325
62950658
29639286
46542922
16529671
60439003
33327690
18947443
9536063
61102073
70585816
72330057
5163342
17652465
74488720
24796446
57162991
72706933
49413352
19087975
54786614
18781524
51206058
391418
62714851
51700321
257716
35424552
46750619
63357315
46308023
29609404
46420987
73053904
41378852
25745848
50902940
47915618
52215248
12896006
55938731
5406970
26004957
8530515
36179475
29945407
51073095
66238636
17920319
30631827
43571917
54395196
59920294
27669357
28297322
27290298
4949702
40754021
17280149
17141215
16936328
1417739
16394172
48838759
22150963
69153234
1694220
66170554
20140507
74971898
15054669
47408215
44917496
24223169
33147421
73794460
12025088
20441268
22666718
39215124
74565154
44066180
54261494
60793616
22719655
15706920
10010149
15972106
23817693
44026030
28910663
71951190
7430395
22930938
47144539
59834030
1486346
30575943
51115884
48422293
30054402
18995120
42424414
74976657
12198081
12706153
51127741
48499965
49729735
6764158
13117250
13771538
21346525
66718193
50783467
34911168
67579228
69837739
62751444
55720123
36595635
34143345
24806651
51449986
21444592
44732216
8718146
56917674
521541
60284384
5997878
58931366
6797039
29718261
23848915
67551736
66830039
44363583
63546335
35958197
13581252
50252677
66841692
14598977
74828966
56635728
47849725
40022725
33242104
56771719
30913472
13309269
12698752
8238055
42731840
68380539
44210675
52287382
50919795
45443796
53487345
4443237
63246070
43098923
38578223
55175333
4005401
30871842
58945951
41457278
72970126
74672276
51113712
10205963
70602872
62969861
23393624
66768007
9109253
48096455
72236586
50839036
74431050
48171834
67881001
66134458
17460744
26930499
74490038
46476558
10361345
38552042
69718634
8070737
39093522
35870001
71919383
66401744
61755337
12437294
66033566
62764162
32233024
63833852
62502340
3834865
6334227
3460788
22695041
33960217
49355406
24064752
11121655
8296591
58874710
40950502
19808040
46674186
44732773
64101616
4921544
2290608
75148520
33848633
11841355
48381779
49804665
11955707
28531797
74681175
55894271
2199714
261822
28398159
9973244
11515171
9303444
48064010
29795383
74320289
51002182
69222435
69043663
45861153
16652171
12200523
24381349
31396425
41752642
42442165
64643096
46762912
66139253
54930361
12207587
28049268
48013602
50813491
31751437
26332083
26892972
27496112
67916470
16910271
47258335
65762855
57409789
10673155
72751829
64426569
33440246
33304649
5043883
56843140
21479804
60945746
46137882
57629184
42443330
70679731
4466532
37876355
62718944
38089985
6916759
37084097
71987832
49845138
52084138
32418944
34105614
9982701
55927778
2153615
35190483
64748799
21174646
21146840
5396529
67610800
11856305
52287107
11824844
19788137
38868878
67704241
18502416
51148151
5636271
32730594
36124407
42066547
30959596
53798467
69955774
60925241
60689960
67732507
15739524
42101437
52181167
31951998
2955838
19342599
9142589
42207263
11825889
29253847
37454155
56963043
8259574
67758168
41581849
47974224
1285721
63410727
62067969
13935442
43187364
39259725
1770998
10489560
274393
73887976
68798508
2223267
45185717
46752143
43714960
11951146
67309218
32838568
22809409
64602196
35680330
55578743
32916728
58716466
49157892
45385987
15381194
64138971
18946066
53861122
61596256
63040280
20223363
50971864
40328064
60861424
67148952
3573023
17381053
73741127
56865879
50209985
62361927
33234571
55132925
10876392
64831738
30870642
25321858
71084286
31685468
5127483
6420851
15694360
43335272
13182541
54603541
65373693
2542715
31595787
61801379
38788011
50875836
35051939
59512913
36755041
43480371
69097826
50560765
71024689
39542819
23631308
70767060
3959154
44092834
52425903
61244535
21911071
74875174
48357994
64663435
44154728
65645832
21401929
36780820
6125199
10639826
23007753
3572313
67608324
56409952
26749440
54965099
14120795
19735188
18578707
14357896
48145683
57718626
26929457
28421248
35583665
55228475
18341157
18404619
50345382
5714349
41050161
61101257
30720446
10875782
43261506
7373907
11994252
10762103
41936687
2552885
46885123
70451422
4986493
40806845
42289157
35177872
64550011
27926519
47279505
64713702
63118440
47888055
22134961
47390983
38243711
45342666
33046712
12626808
5518078
64934126
50683903
30174379
17839751
23346539
27045149
32499403
69290841
9441367
67730601
47175266
25730012
34241897
28162264
45498622
4420454
42526258
16061986
75526310
40498080
75081451
42578741
15727457
9644343
4955915
42507890
25616903
39824587
43802587
65796525
51033700
47094375
27337364
31292849
13503968
57909318
17603782
40458803
22115575
11874975
61652323
47176621
55921390
57985063
61326007
57600256
4584144
2028178
16670536
61111189
24770623
65437108
65786446
1383186
12191060
68984948
74395304
63673999
64480888
72398212
38459161
47904471
61754027
73281667
13689067
48735166
35793743
33892427
6970099
3102574
59807205
31830880
61540615
74011135
53400919
59297828
69093340
47326576
5421175
26923429
71014744
23387436
5719667
24965117
2677883
52370682
4504060
1997092
25214838
44740037
38807805
69031115
34215404
41182481
37487924
7960259
69928686
60854789
2248842
50829220
17251959
61486071
54119962
2242787
4917795
34237963
6350272
70333531
52001832
57723740
21203762
74213247
48873173
29038986
20461057
680791
55319464
63617644
67042908
31873724
10524633
25788943
31543191
26255144
75107416
4796755
33875037
19099466
43602829
16452772
72399259
15009172
56568275
48045619
24056135
38437885
10399750
24316533
49129769
53478586
37014186
20328396
6225809
48192382
1883142
60697033
37491504
23445740
53093011
69417584
28494153
12433108
54535148
54910056
68070108
56007950
36883926
17422265
22390207
28593657
63738117
52517260
19116657
18130390
37645868
75429603
64998117
60774785
15465966
56964993
75416397
64511805
18445254
21218776
10700878
6601022
7604022
71927540
23115207
68823523
43046056
49274098
20053001
74217199
18026129
50647842
33617742
8290269
57537769
45562948
9476999
45607727
43035012
47540675
56985893
5034703
59963636
8033124
61048388
26644162
66683359
54197621
6284545
40007852
41778374
42626959
59175816
14470500
57045104
49531110
1244140
44518857
59411588
45095160
40599457
9735860
21273693
16218414
74503271
40093661
30691556
65789945
16785454
66163928
63267040
48952769
19676316
61483094
45203386
35014387
48523237
26675507
40582866
39347587
56522037
27307874
13745474
37808326
41389979
12526247
18283141
60002601
32083020
49675728
23821466
52544662
39086210
9343652
61216859
36876946
23308207
68381248
30686525
43522686
46487612
1783946
3749382
12825548
12959857
46691499
70121522
37339269
45843471
41438612
25602113
46877331
14081515
29382847
47688804
9550998
56133227
72461034
36181135
7701978
38753138
42641434
67017804
2209264
61725445
20999231
6190421
7949141
21893636
28902579
67936923
61825684
64514090
60911504
18394027
3784207
848028
56846530
11737156
27129760
55520717
71909266
27352146
32694137
48939621
3391390
49059864
904868
61871515
69229701
16374175
36543874
9079609
74182193
24182463
6249923
74795596
5451462
15702219
35757953
40078490
35189039
71595276
13203501
60063475
65401118
20210671
1881888
29489433
15517891
27941233
50990200
51133265
52124376
59324274
48034752
17209876
55520163
12694313
25327641
12623711
17881983
40525031
30993306
27550217
18731001
66237705
67201263
41062973
8676799
68016297
55038608
50815565
6194158
21156450
58181587
35911685
4692780
2104275
6662853
68238246
51506858
67355927
3098513
34914500
3804110
63504059
20045855
71060072
22975950
12966229
9794025
66021767
21794030
68609222
64202575
5831648
57560905
74874966
14187984
61714855
61822139
62045778
20797598
74136093
16463670
56077312
57412452
12144534
26287417
14996927
17613352
44755978
16025435
15284455
43032265
8434039
40528108
7079625
13739665
32644184
19335819
16874804
29982812
44126002
11048316
65017609
67333664
24009670
13052827
27832207
40917257
15849666
45582107
40410287
16723641
32482756
57953514
42415525
22694802
57221440
27135111
2328897
29887333
7591396
2919966
35952639
22857994
36047544
63433807
72554862
2661372
3373436
33990108
68818823
52482339
15202266
51964782
67665077
58782413
25366781
10413720
28670590
74816026
41262971
10620392
2471735
9787954
732074
43444034
48529524
55497726
47707335
27572551
69624695
12897022
42562423
682452
25993133
33386171
12533990
66728374
37696170
26581098
18787841
16854041
12980882
60273474
54761621
57251357
58275443
54404376
44840749
46213818
24817909
31475017
9888318
34717702
65112050
49087969
23900318
20956973
61563032
34810313
60700128
21415862
62593890
37339872
63838463
63118380
71380002
61642892
47940532
49005749
41763836
62367988
65946040
31419526
1998031
357245
12410607
12061625
29586466
41529352
36325500
65790208
42052968
64653970
38981004
44155077
15688556
64780006
64110466
40147170
380043
23360256
61431020
27639130
41649870
2195570
15177847
50537873
48042676
61262545
11223328
10344310
60369957
65588795
19008918
18100026
74624400
74734876
51426126
67649879
75166385
75525151
26809204
73587892
48965413
2364618
8208231
51231387
64399962
40750209
6879770
904533
9874006
59235449
12461282
19275617
58006515
29605303
67478165
37698365
29056207
49488154
19499012
70433551
19128015
48127663
42363901
6974520
75258492
4064595
40840675
1578493
26559737
52608206
17853280
25897646
13654656
43148022
72515236
15969048
59039823
23334322
64133252
18762009
29392554
11019599
55651073
20308150
28712716
17990010
46362973
34312657
58523759
47061350
56233270
12153494
48559171
66462926
41823846
73679999
53194858
16396089
11888833
28825711
38953549
50395258
29072411
25849228
12271819
49180914
55689417
40277814
22105388
5587272
66964557
37248024
57996884
37661062
49635177
70090060
63319872
74991624
6243006
46370265
26665798
65460345
46019649
50569173
41431687
53591376
14264785
24369147
5606160
37183575
27916920
13104321
66287059
55581497
74013432
47684005
55239146
50102145
1476877
60547365
23280389
29303494
63302847
63596825
50031191
2807173
16320672
16949607
799445
16472662
28514235
51786626
52192278
20591893
64468007
17062540
47985216
5244830
72142228
20665459
46586517
48025423
42944509
18603054
342351
23911287
46207128
22855401
26821756
47863384
25408137
63537185
7435923
12969293
75439772
33081584
30171348
75538011
16598991
24702819
68134005
7922342
15482239
35129738
48296677
59223177
48773932
55483377
34348314
24116805
53410950
56147083
156691
19033222
559546
5650569
72779532
74033745
73137265
67138192
68591081
40602464
16261032
50044339
10961565
28065381
44646213
5468528
7404006
8676649
9220580
61167887
35315666
31949062
14519425
20976920
53038483
24657127
2072427
6364851
52123733
34377728
55587537
22669742
50107310
2215802
8203305
33804960
5442664
60698421
3350778
46710361
29640898
16359271
5398126
5493037
20661374
35969564
24411568
50089740
49050984
52961519
46648461
42502366
7074199
18025918
18904493
74837252
48223395
71548319
26467315
57617611
12434038
5845354
14466436
44465970
72463139
23194885
30454182
62585923
31057522
15155127
69475855
52311481
71387898
45118563
56771470
46261635
15082200
75303670
31604899
34712238
74050940
56786163
23597873
7926947
45492524
51209794
843556
18769403
11587900
20621961
71314795
71821689
37235836
66961552
14011788
38040835
67827364
43462675
68800069
6909661
19457230
24357291
71230012
53289883
58199983
9631420
42820356
8533582
1252730
50508736
11114365
66123992
11293639
551698
35247011
54886740
67785514
55911596
51308229
15456212
59076126
4353243
57809901
27358620
74824189
46239114
44930767
13391322
52169065
72606398
11369649
70020968
70010929
14072211
10469527
2140020
8378690
68001620
73109218
38982358
67378717
10562666
30876981
32096900
36619805
55025415
31742131
52329301
72525471
46954986
61499932
59881125
5219055
39734407
10591473
13906486
22233669
48014370
2021672
57838098
30759089
25461058
59551441
67870908
5693521
46321527
4720803
73249952
28786523
62546551
36268997
35281817
2106481
51541567
28518389
12454124
10663564
60477145
18992989
40807966
41735931
21765525
1763271
19476189
45664358
38267104
11884813
40085572
45418901
4724234
26450277
38578181
47931156
41393533
63150105
36297190
17535004
17864253
36980955
69194707
12913689
60417431
34927048
17815977
69041623
43731244
21624755
45545599
18741214
72917464
39044695
50423362
4264787
67349787
7591375
33742406
68538204
35324199
13635295
35004339
32483079
60746744
51118077
39797586
23858529
45285852
75006235
52193917
33114183
4727144
62431279
23261332
67065809
66885804
24354842
23496024
24990030
24397291
34664524
72171472
21126296
75548528
70995607
46212382
26975203
430796
20107111
61697485
2841120
56742171
59576263
20849112
36888215
5832225
68644972
75518233
40335288
70279091
65452639
38016471
13351336
23709095
27070110
71733405
70059394
75647551
16995120
56672179
3270995
62969616
29339485
50603914
1046944
23038429
54268891
40967719
73279677
39054940
2121222
10155627
19853956
53744037
56057761
65223603
69350558
74055882
38229214
30482437
9401373
69907164
10946360
45471552
29339702
27112560
7211904
13387215
72376556
57879124
55496313
28357082
14396291
34464676
24498643
35769226
25448753
15213951
67010117
63124050
47364604
52230805
57951487
58483974
60083480
57691880
26994389
67031740
17128127
72175671
19536077
39619822
40567462
59523801
66423268
15952487
58589625
25022780
61744522
44019474
71646453
49195257
32022059
54317065
9015923
9284692
44449110
38014704
71702968
14779311
33336183
17044249
67837326
28423226
31489585
21215360
40563753
58672339
47495663
53198306
59771829
35702276
1360173
24614975
29097796
41400488
58061585
14570151
57229948
40712885
40161035
17329388
40179334
50900987
9867955
46691220
41435345
57833419
32842141
7132337
50795606
33076576
61244665
46621966
63549474
980866
49409697
63055447
27064130
11793387
4311752
35156854
6604480
63813306
70407010
42691265
59860541
17348700
2572736
68064180
28697170
64950049
7461433
69178115
9465642
55888157
42012699
62466627
7037812
75455565
21577673
4173640
45217103
12737417
25375888
494027
49606737
65779930
11217314
67597277
5188907
44352066
68603464
67766835
3952765
53058310
68282149
19959981
16815150
13312688
13076366
35209056
55484407
27263277
27165416
50852635
48850344
70410754
40888954
31027792
30238462
37003876
6961372
72886696
38820681
35285959
17440332
10173080
60591023
70718869
74683813
41275692
40399301
15545154
75174687
12156404
64406780
7443080
6883615
57296095
33518282
61503090
8043639
4631771
54102933
60608283
38127301
45986172
40172292
3885078
52230040
61205387
26346815
47365414
55446363
56811220
2858555
50575084
11179268
19315331
30319568
11612278
41791006
28242896
26828375
20205225
5272789
35274305
49614799
49234146
1726074
28886510
7400156
23125357
70358091
36280381
48599611
62405843
69446133
54656905
5701883
33028246
33922644
73389215
44506858
33034899
45631952
11706844
20255516
27730610
53214325
30240291
60473903
21585781
22970107
19717690
74444047
59892264
61711850
20728289
41833989
54290718
62382040
74973396
2689366
36115867
70687868
69632706
9177579
64581507
48897881
8002668
64211388
887745
27757263
60963634
12779382
46064962
34182520
18178845
71110327
31628544
7270184
40756213
50995355
38767843
61859461
53715758
46221895
7421132
62199869
70714214
4074970
54429793
4285528
8746661
26938288
6106361
20734825
1174911
370119
48010136
8409025
31411374
16271982
9855920
26781114
22764157
3118255
2553975
10908660
30354114
8796809
44192342
54586753
25443217
20709568
6911947
19679508
3671301
31509782
35933696
66428686
71018310
27491505
26342787
16175456
53926997
33899862
48414689
20929505
72812365
59901774
26716725
4630260
21671445
6737665
52390758
11855497
48454141
21920786
70569939
3930981
11517212
51646393
148424
33927328
17038267
3565785
59435813
41096236
36181472
8442191
40085899
7316473
49254509
20606545
43450767
61161111
36777497
16676535
69902781
68182105
66393949
19979059
56093123
37979568
33973525
30469972
16975558
72686780
38567193
18923546
3782557
53279885
62771746
24746259
50181516
51632032
43074314
3467240
1010337
57028619
34877683
47642974
39555707
16257017
59519048
54937852
66948331
72449013
25972587
2397341
12088982
56578001
14169154
53786770
21004009
36976746
20066399
73742013
68904223
60977309
60005421
7199918
31261988
11139713
9835565
46714276
50621695
61735696
44279558
57220984
45636532
46784286
16287545
12781475
24998687
62760036
28965264
17024609
60360031
73248207
16391806
62155832
35573991
52882409
61883991
22951997
43762524
34779090
41900212
14177924
29715321
1339326
25527973
12711332
36208019
23789870
30598338
21564331
44262784
73185273
40933438
61018677
49949218
57381130
59506211
36137698
2400004
59570678
632802
26367819
37674216
67363018
28435461
40785614
9119885
27104901
56741785
57748220
5063769
68724506
64339952
45167608
40821308
1738103
57802995
42807307
7690706
33103066
8794513
58934108
51399674
11715928
1512465
13811520
54981126
28099153
35504896
4195805
21896462
37123405
73622359
72578602
10716751
29494180
59733830
27061666
22041131
16180899
69098269
63749782
27903197
15075468
15528233
26177621
69737398
52863549
62176414
24446599
57393392
72768586
9895261
65751774
32424803
1576932
6470244
3258939
6202691
74071491
6263447
25007860
54570274
72291799
41008392
59345086
7453048
43552930
33653398
62144970
63967703
6496420
695168
29889196
21028071
38354684
67854827
73454419
71160158
65097829
42714957
19805238
40343783
36481949
59281530
57329483
71064241
8088753
72685493
9358451
47664837
37825269
12163088
23388808
64838750
73145463
25691687
49161699
7748847
27156978
13923421
34078506
13631969
38030484
65887990
51427273
71048147
2756998
30739461
51354920
24754046
6233008
36213708
58704300
69271329
3666396
12807610
61705790
64277537
63023843
25358983
24276029
48676520
42871246
73387121
43840671
17870234
26698329
63401897
49360342
41688629
51582938
72044137
37894697
42672338
15604611
20687811
47856847
6166571
24506453
15141211
41739747
40815300
60710932
74060310
7565538
43242480
25473768
64510427
40001507
42510943
58177738
54742529
4835848
53164631
74852412
8602394
44199893
60699700
11818959
5479824
3793932
37074220
8913145
45370505
22979110
37601659
24344978
32715636
40116825
59381154
58283900
71533058
33249761
45632072
48586542
46908732
3240972
11126444
6332689
60948979
37675095
33176726
8053736
71923455
8964738
14152712
24947054
66883689
56905768
50434740
24730299
62277048
14095109
47001487
49189147
18427094
73174835
40653824
50121737
72437388
26131393
40815447
22946516
14504649
42391100
65623717
40576042
17981994
49141350
1319583
5368862
69605260
52375608
69591025
75140021
17771050
61100565
50202315
70317010
70318721
36339631
53418813
41251520
23831635
1990272
8535323
43995358
28901066
14522431
37469909
1964491
39790363
74114348
61176419
2092227
24409106
16482367
67420079
40776752
7699710
24633975
11467837
70155240
34604558
36654080
24937706
51307661
66471845
13862684
45061817
57230820
40671616
51428541
32716197
55526277
48779206
22176511
34689069
55100195
2895688
39045562
16478073
37698136
49705242
44694052
38525768
11795974
8782657
42786104
57472534
13234470
18193037
50503758
73381154
11460517
74035856
11075022
6245844
37404644
1354688
69323277
24514623
60835339
2649334
38703306
20837208
21842631
47444443
23807127
38622122
40887552
65030320
75637641
74862369
66072888
35911395
23903284
30013440
23711806
24593067
35132396
43706937
34896139
52157902
62306132
5214673
64794832
9720334
12612568
12890021
16209349
66673942
13974937
39998131
8970323
66948863
25193701
58910510
6556891
34466807
66838101
69878804
27121052
39726246
3432703
64223068
40363209
75000218
23044664
55694870
17860547
58664495
57090805
29681466
15526690
5059417
20765725
51904810
69200985
21628626
27078704
4374838
10177238
22716074
42968049
25749813
60391972
18890514
20236029
40531707
35509375
55275475
18919720
66751605
75053038
4122486
69342024
12831958
9613290
40070170
26767685
16342701
43137804
4505007
37079360
67475501
11548433
74827100
24826106
17299766
39615008
4362630
65260410
60117426
66177723
24077535
33677404
48023885
11544758
68814174
49775607
44447771
55912438
42960854
25573201
14694698
70199197
29271854
61754274
21434208
25095985
22262678
7426961
51352304
21120194
37942261
42649395
69938668
35212092
48627096
55892977
55187583
42038528
41182874
54603641
46317458
40696397
40553231
73938278
42786988
12901736
34978373
47038190
69381360
48451658
71991348
28630425
1238607
32339488
67655216
42170867
49433682
29306104
45174700
8702909
26871527
30893789
22185919
14045691
55714510
6588568
42873722
28747561
71411071
486477
42214030
48069180
26073029
27651495
67123525
71438798
47373997
62216716
50736843
40750935
47213050
67815479
64828829
62921361
11069426
66512732
72686168
40730772
2434577
14280911
14680610
12825836
50869280
15597351
75025589
55130568
39031118
70550865
14697151
51505510
50103449
14562535
56635656
58487851
55967499
4906808
20701955
34786682
15003666
11084984
4085725
12455309
9219672
74006098
65925194
74192275
16551774
58405257
26050162
65298742
67265251
74773260
41653867
23902332
4729853
4474724
68597037
63215608
48611035
134615
70559855
67305599
34285037
51728848
65949516
49344437
65593143
9616971
30700956
30711976
30028932
5769628
22220116
38881018
9927942
7519937
48142113
26943033
19303625
55130522
23644874
71526539
70043407
37179143
59158915
45367865
59717310
68462422
68345754
56995437
41539579
46994627
29519702
13104220
61825705
56332545
18643480
63044787
7751659
24931328
36655480
19311534
24005306
42863799
66428906
11148529
16379931
21175210
3298159
23467087
60777116
62155732
40531244
52839162
5625453
66386494
52712112
2721872
26922843
49514747
55639355
56598978
60858922
1350777
70150741
26944538
48580886
21875772
54552927
16603745
29089642
21955300
28572629
41020397
26483868
73417315
7850370
68602845
36088095
16832427
11099463
7937954
9003898
49834750
28290670
2903580
67627271
3197364
22772518
74177485
16819445
6762197
62138238
33914384
28459891
748587
555231
60140761
68476131
60761246
63721117
16232865
71161433
30845314
33170027
61734643
65492840
66707943
57503382
28150141
35992149
36954713
7810904
6100318
10371099
25093305
55821063
69139787
14541539
44173941
40202867
58595062
6465925
61389651
33359152
44009131
7962457
43647606
24583264
4716885
65289814
32875802
58752839
9426790
69206095
70315704
4231261
37342698
30715794
20548669
48502857
29891831
54747234
10881218
25969256
45084933
10551766
39810741
57100540
31636478
65871636
54503217
53399529
38146795
5900813
17875166
47589486
31409191
54047793
67397463
49817667
8336643
39359708
64127135
33359149
60027017
39599910
59372593
64529842
28987583
69655055
65785259
32086195
9662301
329452
14322134
63674394
7078907
2102725
30760943
6400569
27724840
1076023
35524363
18720929
50181622
39517374
55882024
9755144
73874770
28037755
61380533
3141114
7496311
52690845
49676557
71187176
38775946
17881157
26908203
25065008
59992754
65455806
17764060
49841528
21414165
12219409
61077071
678338
2541505
57848540
46566207
9003911
26584401
71696989
66692525
68590098
69496225
27844269
24064612
23207275
48705064
36853307
29154558
11999136
13914899
31795399
72442593
41874558
33578404
65306017
7300948
38314845
72205261
5544651
64454458
20735826
37841524
31392151
29802132
69227594
31264138
3032837
18001387
33684304
30364384
38848256
72689106
46288950
7302825
15374924
69742718
36705928
22938408
25522778
43410164
203961
26380615
7136575
34573610
23427179
68790757
1756296
2024007
51469435
71556748
33062307
66623695
44303930
128012
54932915
51226207
25743454
48358454
7316751
64848818
59765434
31545430
57314182
4709852
74450518
20600136
72383559
21459384
22734447
74832164
36273588
41320352
31117056
14035819
60980933
21403172
45484942
34053169
44651700
60535741
27252818
32934295
39854400
68767724
50074559
6574460
72073076
64748257
16756640
51461321
7534636
7529201
60948533
64877666
8016294
52991134
73555689
73241396
60875796
57104096
71878728
22237769
8503038
9713884
72404498
55091384
4915091
60639202
6800351
11717405
48844961
34175095
11023356
33279939
24858267
13489922
17981440
20611755
9687239
9227439
18676408
46510591
27676527
7957398
67011977
10464899
20278958
16451593
29526287
66801647
1074677
14638463
25523271
29101655
4798792
39928916
48291033
68887687
11794241
788876
28857669
43728641
9316827
73223435
43462119
32410132
3802682
8754001
30098966
67030269
9714532
10719010
55188615
17211628
15842060
50560384
56628612
57330931
43540536
43051444
41278376
47663023
9839671
13757975
8974241
11601106
28134675
75665777
68193637
71919220
67162049
31324235
28430142
5070315
21894371
34708117
30474786
40626034
27203089
19379956
11841654
68192905
23040569
32791850
36273016
62364750
7019848
41740788
16052555
24041133
33211773
27520401
66852401
73928565
61313300
8998465
47261090
60069076
36667348
36869402
71652698
62091734
37593484
69412026
2759149
56958338
35668648
11094829
56948000
34700185
24503007
7213423
31919888
36365820
25772002
22695848
46312194
11142335
8529015
16695774
32878732
63136828
70060721
57853936
26667475
1244224
494737
10391688
16579998
2739233
27439538
2240672
59332585
56325147
33743378
19827939
28173957
29132082
62281823
2208196
2780297
63827187
9605041
37387660
18217246
14629666
14166832
57780040
53953604
49245808
50488674
3188416
36469353
68816497
9832818
44439407
12827846
73445504
11115770
14339326
19096649
46804392
72350915
67668266
56314809
32774915
33236117
25965761
26351785
26618256
20766774
41082637
73773561
70665376
51384448
64290827
36366063
68774645
7291366
3238807
12776455
9835797
69045598
20193565
55988650
12077315
33323637
74178521
6822474
40001379
45842032
55282004
66179583
39575999
62595769
30349048
6423130
34781481
33362607
13432768
28534695
25791399
17861809
9482734
62462932
10773422
56999461
61290876
55998190
25619189
9883209
20746509
29537147
9441902
62559929
57500130
33418460
21485878
28336489
55394091
1985415
6266032
20849855
35830535
61316489
27814288
25150061
21153982
6246785
35734827
71260959
19051961
67182088
35252007
56336894
29335676
30465233
31380272
51407667
63415301
24245661
28604927
33876581
47727018
4187062
69237670
29163640
53714370
19500463
50234077
62707856
41844881
48803164
68725568
38844094
68326127
21567502
65105234
25583023
15358444
72406360
64172572
66568687
66010032
4786774
53120242
53618010
70903553
7134610
50966360
29538719
4682263
24417865
40328912
18563378
26162693
49737207
7093183
19170133
5819202
1430913
22145908
31164406
56167037
47158065
49428861
70906724
34372678
20862494
37100452
52643378
34559948
11859417
13448445
12392022
9573222
45985632
30815270
69528453
30615967
26548495
64899808
61808886
73945173
18755324
11470194
35156179
72081625
5662270
25187845
2818415
49117496
50677844
57425546
13423933
12785387
56729987
33806272
9892920
14466165
53404654
39194933
22167926
30449815
71316434
9740372
15734769
15369664
4266775
4628645
72660702
28293323
74308104
50338691
66952613
22363700
5807924
38131954
21736829
60398395
50200002
21082870
35693563
37892456
28859179
55307662
31056087
42263821
8565237
74551608
67988240
51118459
43568500
40591174
14715046
8420388
5473597
39269744
18398963
51663453
34174162
22322011
65194330
4418023
72694387
28820659
626871
21099530
63621953
653959
52868452
40471165
20387310
56075901
34999989
62285359
74906045
32194480
49965582
61300399
59146728
55560685
64567033
35148111
35117577
3608921
18185045
57663765
33259202
71766953
62159123
29756139
53481244
36373671
3791152
51594857
69052326
75662913
72084699
51314408
55956649
72482551
5471176
61955572
9333476
2805508
12319776
41769265
1211372
22568517
24896986
23998616
20443108
13431730
45126686
5617432
46039720
22108093
71194642
3503063
46449328
53949072
54128607
30050007
71174966
3818240
55200159
17737918
19706263
27765767
45843231
22164697
15622694
30829288
49635796
43254212
1594136
17914879
45035899
5376376
2125409
39628876
7035550
42989295
43082011
51182212
10112791
70700276
3822385
45409190
53228077
16399321
58464107
50310367
3013467
53437047
59801977
27434392
58307
25705186
40306693
15013943
48218902
48058483
57398772
59884536
73908314
24381380
15789470
33570643
74030826
62989734
24710484
59706959
61040124
48071736
47359827
40393601
45635819
63113064
62635084
31081330
41549474
33190679
66198390
51269076
5852359
62260411
15291318
60734364
53176285
67938211
61468792
16497985
49840170
33017392
72258686
68501291
26040554
28489737
37023778
42487487
1949610
52328749
12347131
20646523
2435917
12410383
5922137
42718108
49727210
57608025
40572941
65970398
27338320
3937979
35977758
48971616
37247745
51206728
74955573
64841920
18098041
28451400
19929300
9502499
35140457
43768949
31477512
59243068
26540127
60385030
58303976
9466707
49892832
75626749
42888006
63571429
38373173
24004113
2145167
59446813
30269705
64798581
58156260
6530324
70543855
60461031
49706044
48095826
61272306
46504172
44912619
36759162
21474563
51850352
53714987
51587390
17228822
74946103
29102712
45237040
10492197
58367227
70432322
14485023
65417196
18883893
13899881
7089980
69424409
41200207
29454172
51903001
69944727
73385230
32514281
22448028
27352344
3201871
3183207
24513144
53193229
21225887
58734176
45577173
62785150
6932504
50648298
155402
64453906
46425485
2968338
24170794
21113651
51548429
28748762
58327215
25149485
48389675
5799428
45685028
46945480
31758943
19388720
75660319
74196506
57476029
47428441
2839200
53862263
10120940
69632589
7616056
62294357
4275291
23092495
62629748
46332219
4222813
25350684
40283111
53475454
27109910
23585652
38476437
54562564
56049088
5001406
7628077
29607814
49730486
26296308
75138782
61416058
65766311
28231877
71357305
31777386
37307501
37060232
46246207
51680203
65357298
60213562
75354610
61796693
47033302
65442684
6049107
26437360
73930775
44861079
14999017
710966
43226565
61638650
75098107
26441273
30960921
57021770
58322653
16478048
64383617
46906905
65748753
62152545
66614377
62460693
61221180
13790918
47392935
61722646
52015594
31724225
41343880
38075545
55747585
20595942
67201910
65041649
39601963
25693428
1634513
57213987
1302860
44948912
30677729
18076337
43808621
14482873
20801772
39579368
54582915
2231072
55982529
31451680
931364
5297078
15067757
27662154
37465324
15668710
48542386
42103669
4140259
20747938
46563636
18869556
9157599
41508482
63407136
58077976
24390568
60539222
26536258
11390143
1140290
16194855
25438184
32392873
63753579
18570700
11760459
23131235
29463328
50685451
16383923
1432830
43521754
27562667
54809769
23525275
39692071
27794448
23703653
13434323
39753959
5055153
31152421
26769623
17117914
2867913
31541718
41164045
11872551
38505023
61641959
72601038
56294897
6867484
20632414
68785964
17270992
36765009
6747312
28030498
35327316
16984876
22313061
48160099
16034216
55178941
75511623
26257747
63730490
18648499
57971903
41147955
63627240
56448127
70917906
4117489
19158982
21200315
55212086
43125134
57900126
7248094
51968623
15672553
17760112
12031025
62038652
64930495
1437692
17926056
33881056
62857218
29114280
70987741
48338476
65466469
67138452
9336743
72139465
50746154
30711260
1523776
45920050
11983369
65452765
2191210
24595404
4197468
38990189
437611
66846511
70391193
65177982
39937598
29323902
28519618
10593333
72276216
59213058
14270475
64501777
38583316
42682362
67501431
3849288
67165353
69017005
16392298
54315483
70615689
32989724
46891511
39924632
71892459
63077966
13728915
38891022
24157792
13040958
44288997
39113250
55072533
41067290
36658364
29344265
60901307
44996561
24486478
7774439
20629742
75441734
25163965
34734028
3680628
74174427
15620610
12849870
74091317
11566193
35587592
58854677
36787266
59503545
54359336
61165057
67083794
687957
70292025
13208162
33658425
3221707
2454886
25728268
8329603
19825423
33021407
5600487
24366819
24734745
58300474
14059334
24234724
54843159
47277037
66520759
83109
4054417
5425897
43400260
2942547
51774048
4495340
3785828
20583371
53671379
66563033
53875631
70883153
67070318
38916896
7930157
23055724
10793083
20870481
2729115
71148605
8286662
22990014
38471105
28663640
31620935
42472297
33403966
54760050
71386240
13568481
60536470
29275489
29341850
67068540
74846720
59354296
26513962
41076416
42397741
10951846
75182715
43122355
62952996
72178214
56287433
15223295
20326608
15334479
12583819
7902721
32677500
7786641
19532699
24162427
70949675
5024505
46776058
47999105
69913581
70274371
59916631
21631550
30118770
73841175
40554577
61933923
16956555
15562116
41583702
27439006
51852471
31168121
62524922
47729700
51851606
40952954
30803096
40587507
10820599
4797178
64060023
8515072
12526967
14508194
5549989
51114190
10800925
4665307
16246093
755650
40155600
61765457
56766973
43874848
9358238
53156081
48513841
65207550
67563266
10415581
40604084
32286390
55006516
49735588
16926604
11264099
30132355
54169538
52217484
2305526
67960212
2025448
31128703
65266397
31870889
884682
34868097
10045275
40199707
30170637
47842297
71970753
52407219
3610892
23524626
19840689
13756434
38098260
24603466
35276876
31099066
19032116
15359786
71906037
19603232
66610687
62900235
27826829
61899327
2665655
75030444
30857434
45844560
30244020
30398300
21825614
64538596
4697460
37892978
43918955
5927038
44231405
919746
60730150
18018078
13589986
23400843
54169559
6999194
33734969
48080710
63046650
75118885
24439099
9005801
19940023
32874980
60234580
56650005
59205512
32511095
44786424
459134
52182566
41395425
53864460
59622636
48783261
26934042
21825193
71162829
20886889
26213327
63019761
37329307
67702139
6590791
65355874
34252469
19642545
62469705
23641610
6514467
7652480
19727739
52624842
67143639
1833088
27723485
11863581
11219997
8492149
31554618
50448294
68249931
20775784
26930418
65961063
5784052
6047153
71301867
8143068
11721202
62364808
56428969
137052
61613290
15111866
31049789
10610859
41291698
7290844
32077491
57743246
16198842
46058271
24901357
55280057
18776710
47394956
8472583
36461704
44095839
10778834
23517876
2288868
43155352
20883265
22822815
73330985
22489571
8937059
27404099
11584149
28915138
69480723
72940884
51002431
1983788
51922565
6696987
11712071
66782002
14182840
61005509
64772406
27281560
53196402
74971094
58005007
3299117
73383750
12943828
41806971
71477102
30798230
7629672
45514368
74083695
13885756
74090505
39069041
8185540
61776997
42496886
53602708
67496935
49181939
72469063
18435336
60830563
68204148
54560183
30173216
62591281
7809107
65491312
73130174
2370904
29750964
45061179
37182147
1906647
10309217
62340918
54126354
32404536
21907536
75277484
63178274
5700216
12313508
72262156
58436453
69970062
21478566
56823646
1535218
64041377
4264915
67728774
58820967
33776487
46751075
40371905
17624727
33601823
63903968
28068994
40878758
27844317
62915582
3004848
51633914
53594682
40433382
7012490
73079883
44370940
62963975
19079737
22953764
46197067
3257209
1612807
68434844
61290810
52558730
37660064
5220410
74342049
20977699
46612682
44315380
41312872
4631557
65245733
68413066
36059651
69007033
37873909
4374022
9320899
66425087
72785044
8678419
24226062
19738515
6473764
21417176
44930528
15822528
21340957
53452223
17656399
24744077
30774780
56070400
6380301
44845985
62461349
58190289
55354828
41981125
54759647
1063425
72425527
71928701
58702777
31685628
12159753
75302443
35442599
28806100
42199024
53046529
30368275
2808886
2971607
66341237
76219
67168306
26329749
72286880
22677443
65439620
46527396
14092414
21772671
52043632
65181158
20480224
3430642
6765021
73409219
10994566
18050649
40739898
12242567
59090334
71933030
59043654
33103419
58086071
74127826
67553758
2548541
67880659
2732667
11493302
68175108
3479339
72654482
36580130
53923104
36748649
43666948
22647384
24601257
29456067
48612990
10889756
50924626
20599695
64404373
32669320
74442000
62813936
44496869
28888914
54150535
13846959
13079448
69403282
8011149
34410787
64821090
66745240
75395552
27416948
42692440
31594978
53409856
64069453
21076801
31275720
12147392
42374501
49724394
41875121
54221442
56176915
22175384
18255305
21847696
29754057
63862452
73716706
36827020
30649909
43973086
60437254
33999430
54358662
4582191
16955910
34705236
65567762
52216419
71964194
49697092
6786607
10518176
22134136
51922061
6865920
57241326
45962272
63843059
21711099
19699737
64129757
62492839
20584947
58246474
51984610
21090656
33212543
29743620
52079767
24814099
17778044
55855063
17043520
19653426
42868050
68593111
66594663
15870670
73593432
13919636
27562956
30554546
31815876
40582811
5959789
18712862
63693847
54426155
27876922
34908261
27278410
5883283
38671848
27657910
25033931
22240990
44700890
8398444
11965576
71914705
7770578
73814619
41150633
52304030
56912384
26997380
70689680
5148645
63997715
71202506
57793761
15143765
24594757
41266634
52578965
55387255
18999559
28785585
27147745
21993639
24400033
75310500
56539353
16430858
58647021
16635487
10275413
48476186
627865
13840958
58927692
59320169
45065855
14153253
9777970
4237357
38689666
27650794
23044885
1327569
74771369
44690747
38254801
44897502
22267074
23793379
28239510
72695921
32549172
55690865
41144287
36132794
44827099
39903866
6155445
10170834
44171241
72124456
17712114
45161317
72628724
44774439
2015818
40828497
51153588
57817177
56882473
65525717
28569426
6517757
66926389
29873866
22423673
14461421
16657992
53424774
19407827
712265
31551633
72106379
10863766
1240421
58140969
34656265
23896244
9720990
20622340
74699925
27659351
48627676
43145498
31800227
21784471
19888642
12109644
13791491
29247751
2838335
74289329
26859179
59784085
4938586
41379494
72852519
70743595
15945727
21873141
22991449
18012119
30311212
42129029
4371121
5507797
48419979
42197545
53049940
57751639
47684664
31554427
71549125
55006825
51420476
47854203
7992980
66330892
9271309
43355783
30552191
18744250
21824361
13643305
15095186
9884992
25433767
50979378
225765
26097228
67251930
56552420
13640998
52967035
69399051
66027197
56311478
66358341
70202881
21495513
14366134
20841459
8297571
51858542
47013845
60779584
38582894
68490818
63942321
18690678
21531421
45072506
3649064
40102989
63899538
67969428
37822846
75026540
59417449
19363346
12456230
42448515
62843370
51467422
24819177
31204330
71514316
34815965
4465826
1835041
13197942
38197592
49517614
23207987
13275648
6686647
25000883
48055835
46959396
18869814
15041614
9592052
56862969
39533257
2280143
64562999
8551979
46623120
62570310
45132554
32209976
64842429
45792958
59802660
8116725
65693213
26738504
22152894
21618023
70121854
28007428
18153574
24921944
70994587
26370724
69073434
35417252
6131069
33014221
65530964
37696846
3671977
7311909
67989971
30981278
59510643
30156308
67273045
42576764
25891501
75029597
48097317
9199322
55789746
61227776
61653832
44075190
32306650
69835467
31628068
45199910
32702842
67472851
59702131
63740955
20239655
64222832
45576288
72287843
29342244
58219055
45396876
854319
51654886
65997282
39398233
45097499
4264807
67933449
70169448
44855799
47403471
62559541
23235491
39878176
28921126
67508366
12447121
15270360
37132625
39845218
13661399
72815508
75396816
71169299
18164666
23641812
34880588
15520853
26890967
56651545
34727789
55089595
37146086
6557387
14206094
75318405
50618052
63262629
48693597
35773526
49783928
7525295
33638415
31417125
27431054
41814386
30375741
48291904
1608960
68170738
68302022
18182101
7124460
51755004
64452331
30807433
24914465
53919043
56483065
47491373
47669079
28170402
69047120
37517682
31629335
26633466
26624808
43008146
41642321
41168302
2135111
18366802
55784242
19987649
1041384
7302770
40205425
66058624
8153502
59116860
13519896
16547018
57583390
52007028
55004158
38696908
2487988
53113093
6249964
28312663
6607872
38315017
24704686
42413654
10892874
16784809
13154765
13620126
40873035
23275518
61074061
10311081
45489038
955091
55472225
10672760
74839269
56778566
5012347
67296484
29697090
37202869
37232861
47050102
1992658
30054685
32446943
49865326
74668841
71788568
31771596
39884219
27422143
7919877
57422508
25436368
51601775
18042867
28236066
58725573
53476481
12592589
30528857
34816278
29969443
74383660
33824033
7542784
55245096
43499478
58227243
10810607
63373831
35341796
14603159
27817333
31075845
64511996
46257350
62948241
44366425
23851719
10625331
30149395
32008102
39379641
25363922
68566203
40256387
43807097
28196716
46823823
58313147
59998818
992244
22426658
47302184
18488175
53169162
44434488
55815648
22885447
24371068
35556498
4265951
25781164
9723603
71981224
20145570
22405630
4796529
42380650
67533618
46935690
32949093
67295520
74813255
57246826
40369487
21596184
61183951
72051518
45831578
64050108
12696634
10667689
44947497
2867695
38362527
58447334
48227040
20259150
18619496
74279905
53996515
7974727
33799213
15481592
19658314
5928540
30562013
33550840
37595177
28401717
47812436
51392268
26926033
5690690
24226495
72171589
3928225
72823843
59354884
35163889
19102611
37992559
47995163
14663783
58494276
18103377
39827838
2110754
70116256
10644769
40480692
66678542
64006414
56034293
60609580
14271094
44023363
2160296
13902024
14366529
29639304
70285365
27165773
30444445
1762465
27092652
12816705
72617957
53721232
49525945
62858727
32602448
55188283
58055406
50525946
8857141
23677121
29183069
37320063
31601334
22328355
12610018
6068962
2208939
12010930
58449284
369070
57820454
684612
47470279
62890757
74884860
68522900
28236740
45791359
32998128
49061421
38980761
9759230
49282404
22501281
32966941
10240122
74494762
34378284
21342877
47227078
20239407
6854713
24710045
53695991
48283036
28762708
23309679
30003489
58044097
10238291
56752411
23093316
1489753
54637380
34654017
29093500
35524772
54865320
34974218
51402518
27942636
44643100
52482290
67205902
23696520
26752276
64587246
27267684
42302497
14488163
50680653
70397037
62425298
24110956
30386312
18279546
46408612
41235008
48941079
63114400
8748538
2115031
64129300
48086253
47276228
55478697
22282902
12285874
55086304
18494738
74610228
64590355
20946580
53893634
2618656
72118837
12613399
50099082
4750650
47595461
27752866
54733317
40010725
44145752
53392345
64841304
73192088
11457832
32486470
46826047
27148720
36352285
58692424
8650603
53966971
34990354
28556013
31951784
13365646
66185950
73238159
20716594
61971698
52681364
69443854
56373195
19841805
40707939
22346216
53870954
35748356
11770734
1340972
3333040
74807284
41934513
32354834
26366041
12472732
71824186
16297243
18498117
10548934
23702070
55784590
50178806
49788327
38060064
34403626
68339053
32377871
48720415
55126361
33762123
61003178
56899535
34026978
41660852
33123203
38739102
52529982
32415315
12653450
35096460
46668207
914862
57625401
64384269
38232418
69664616
13748870
68285173
38403527
36060129
2077363
45888146
15775180
57139275
33845813
13846831
41376312
74305749
15880856
26390446
27898765
19342326
23776331
70977877
17294489
707888
54249272
17433522
13910728
39902208
5634679
10447558
66536065
63650786
50635398
45637245
59424708
53378742
18681429
20679001
48448569
48791708
12042333
30091968
15762963
63393685
26129595
43149486
74570604
72228531
2614114
32610889
2047837
51232063
44892225
75550968
62487161
42510684
11798843
31626789
49056143
45837514
35502161
20898820
32389697
25420276
26955816
38745707
33093793
73743342
8636668
18356600
33028745
52502269
3962373
777097
64513082
29591065
40535371
41959715
22654313
27072052
63408665
30350490
64434903
30545161
63752124
59023991
69144541
69814950
71814629
28157323
41611436
38245505
22106624
69333991
68016483
57066095
58272658
14737193
68878217
31824400
42557847
32251647
16152807
2534928
64095347
50716987
35100372
13463319
6714670
67993824
38327149
61027124
42288366
33574532
65254240
22100794
62899363
40987218
28203514
61732744
34214319
441065
45919022
40730530
11061333
5752909
16351498
26448258
342966
64790189
43835213
68186538
43846301
41125821
43124557
50632027
72165937
42796549
50826171
21377547
53869077
32916237
71462884
20187572
46365170
24267022
69587281
29330238
6772898
55926069
15813722
21647409
65069733
68329733
52542652
12776695
33573563
27251309
10776664
36010048
20943888
2709392
25061981
21377894
72813505
328008
75495857
50788390
17091091
46073553
53768283
33681505
62241068
75359482
54453912
45198551
45657744
13661212
41680136
13289109
19019956
23173990
44794758
4766657
62919789
25291342
2000030
73253516
34471041
8067272
10948067
27729614
33749508
24733972
21572037
50188735
11400537
57585924
25183726
59099587
59522486
6572421
7391212
17042517
29701738
68956320
31682035
60532255
22804876
18506146
44184351
42416919
64107821
47667036
2766626
65356274
18983921
22096378
14779067
34905047
2481383
14377715
6157576
59250774
13333435
39676114
53168628
56154570
73753439
46774925
4181994
42479969
52560684
42288513
13524102
73023104
74315064
41339508
16347903
56077958
30088326
24680935
67813912
74441548
56846735
56360249
3050826
59768874
19614995
28564972
28747471
18920610
1044279
42171463
34245766
61032486
69776296
34557323
4446195
31273470
69904241
65747102
57119487
7701200
71827069
348213
56675200
18237106
11251182
19830588
16427665
59500399
71687821
11453663
23864341
72767861
36745254
2649473
59185023
694385
27520693
62266009
12838464
15701794
558786
75378443
9059909
38502826
40343083
14389094
2317603
14676660
22083652
9244892
26716001
53589963
64787032
65008232
29973061
55604404
51996387
4974002
63799678
74609961
50398410
21214867
41746458
36050869
50818781
72609015
16019541
39982518
61707222
41313641
34805505
65909581
63198980
70360816
36185223
53830043
20469062
21236330
16124279
44183690
20147861
65561389
51780522
37346247
41175465
53162679
67494727
53076427
30265592
42584810
61027123
14347541
74249707
44827443
48194948
38999883
10901793
50395900
5177013
23961261
6278281
68298310
29724357
9368937
49891754
43112513
37705764
4448991
1088469
54416510
20566788
58491615
24385924
26781463
45541521
16262657
22897086
53073537
67739305
15918051
72188724
44363299
41842594
63413444
62089270
25962667
33822869
15104151
72281239
40732324
69926905
72599344
18406556
14775464
47353174
73606382
70187664
11452873
59572204
18286855
30030586
21948945
41113714
36286887
3884376
20631604
24213353
6979035
9048432
51539626
49765457
36938900
10437649
44043547
29590574
46985119
29371429
68780546
20867247
27845515
50489388
7625059
25246170
48653794
48441421
64063921
42197798
51900809
9585907
37623258
5336761
69433700
46228189
20482110
12073534
72595342
39746791
837347
61067199
47799533
69265597
5721910
7348326
39142531
42835738
36500029
54281491
1525914
46454777
13242188
30762965
1835594
63037259
65035870
34619616
72230613
54478013
4574540
46564048
15842208
19558689
60544652
9833785
49322848
8898938
11236187
39691763
67637259
35425371
55345288
68614827
30123066
66739793
46538297
60551040
41309824
18208872
41039303
74616570
44619183
54058550
41417096
71069599
18970265
10557856
30045076
25666565
66799425
60705851
14183016
34172043
74089462
4119332
74287599
9631085
16951680
3974436
12510094
27186052
5302305
64295496
22076529
73425646
25429969
56493045
47675357
70546875
49279689
15144373
33199474
49239585
63251904
59022859
69188143
68993701
19448432
73192845
39647169
60791001
14780009
10063683
35574445
64458377
62857653
70313163
25284610
17929247
74362132
23904599
5109523
35730279
67029146
41273485
53913909
58736715
35376976
32530983
37347401
40104
55746090
2340234
8215062
69948204
39574427
71685298
29346531
62511052
10886455
57747106
25216556
26011632
22896031
40951283
67337387
73092026
24114651
29543631
12819724
38631852
60729074
39526039
9979990
8292431
34060129
21382926
49552934
63500492
52474894
63170786
67515042
61487886
38455808
40383385
68765293
5226995
13272462
75453046
65458116
13038443
34851075
59955273
62527866
25494006
45000252
65957376
12745920
61172799
44504558
48983686
56815482
52436643
33629530
64287065
62593117
74413258
72761652
14545768
71675450
66677009
24714978
55295277
20886213
61392433
55274543
21475866
43622500
234019
40601971
5502842
26200577
9357069
14955021
24734110
40911705
11991073
21452818
39452235
4357317
20231535
43517776
68218418
65533526
63069893
19689032
520968
2737807
6084643
65520791
44543793
73954415
67176165
20734
75100348
45933553
55040524
9037515
38119657
2197061
31244902
66237822
29630087
72298984
31127568
31444912
1459470
7633756
1221283
24098078
39992519
58551629
56137884
1003005
65012558
60332085
41768009
38853798
33884015
7820229
74034626
44523058
74544068
49406232
48833831
18536452
7813896
52843462
53482613
47571836
48256975
62799539
63273874
26348794
70839514
51657432
30223629
53051393
43331237
46523274
43650195
67153134
69229072
23969419
34924997
54322379
26448070
33947780
68672793
17524577
37129781
24628394
23852847
56007616
41592336
71680370
40743839
64095681
4586487
18846694
59987962
50071801
67650026
39780062
71815166
17788121
8326194
11863975
9401198
4341723
52984203
47844396
32228137
14906693
73211350
29140837
13813206
37087113
24981618
44044398
21835350
56812166
58726059
27862478
15263777
5660275
67093883
50060765
4107718
58368307
55050289
48371520
6420255
49861905
31453868
59951191
8386923
3984471
62733393
65410423
277205
38077510
50323047
31250920
29257106
64287857
32322838
73622429
43415383
43859453
61008340
69662873
41548389
5539403
36458596
69056633
29716176
36889196
23174095
31426199
51948052
5188384
45081272
50322685
41474982
27469396
25381418
46830121
31870886
24655883
15087376
72879906
36984023
14198810
74618083
59488298
49036094
64153386
12614089
49442511
30474684
7942555
33204277
48181757
3986847
27733020
74046157
73979978
13104764
17985711
14508547
1625367
67567023
17611875
53104887
22808481
71288511
725535
59906365
62844601
15835479
888566
73951824
53185726
69016337
10464697
46874209
75283584
61842321
32835153
16238234
57982928
3955708
33634877
2299219
5696870
14628256
8534065
11945049
11479397
54272308
72586673
52374101
72922162
22013365
52379352
38592117
36607530
13053675
59017799
17056397
38339754
35725850
63487127
6311516
21896373
52475996
42202676
59045350
32023013
28879445
10766977
8157328
73948839
19006621
69455155
21915440
31312479
58115378
15048377
34795297
9513766
3046927
28158369
34330045
13569454
39325676
7737938
19551133
2877541
51455569
29259271
32028238
41993097
11011130
67962461
38541024
48616603
13323231
751992
23865685
58784226
67450357
14392174
4507018
63384143
39503397
35030683
24680802
1075231
40165070
34800548
50873721
65167473
64522693
54755727
69708322
64611755
31972370
65981863
46539304
37626092
18248140
39755777
3452073
66248148
7112849
37789032
24750918
58392625
8991636
37637131
6750827
4066214
50578778
45166336
66866961
66591786
23029232
65570255
25891510
50687598
74131475
24281614
71149152
75600939
22783357
3726458
18072451
70036279
47733723
34947146
34174019
55853613
60806548
41353042
41497229
52573845
56961016
15277407
4115417
33089042
62748354
37274492
12889254
12150612
50300723
29460326
68863895
48031635
67128780
1609896
55228446
26694156
1498256
67422694
57528487
56600699
59846356
11288925
35862260
20043729
2304218
20984597
14356384
8232703
12555646
54383442
932047
52035594
28219054
42530925
20199788
3071361
62663770
11592548
18976717
30432708
38021546
67253999
68493190
68598244
28275260
15969372
44855670
48751178
35739957
74403182
20738439
39802627
37148326
43041283
5687345
69761516
8428951
63826563
35464276
64373673
54328007
34091122
31835806
25147693
55557156
36770860
59784644
60394682
49261002
55576339
37629519
73276923
38978739
4997436
23742574
55214083
55919416
74306108
56176358
24100950
65418476
53387157
62278901
43076811
34612332
45714403
62460860
47908899
9498555
1373153
32537867
29180314
54223967
23228566
41053050
70852475
63199858
32371925
50928783
51674080
16597600
60795702
49534349
11928276
52931641
53290086
27201344
31818465
37051252
2789201
65675670
22341665
18774825
16564498
8779570
14867053
36215848
61087707
15371032
56008242
51002807
9309301
16290884
59061492
35718708
8681125
48087312
39689398
43937944
18296700
2139730
32832944
7864061
24407883
60416932
21113176
44402454
24412143
69996416
14709587
59704376
49111172
41725714
32071392
56038651
51545484
75186022
8371225
38248519
6061731
67880978
67631316
1754212
7609759
39137800
24192930
68596801
57954232
37549668
11105000
10432639
5895467
579632
14914505
8169049
36004789
26806760
29692866
40397768
49048864
1147493
55796604
68762522
65870231
60738991
141044
13296965
69124291
44343868
74470824
32471138
60271219
28493516
53251283
14702958
56873569
14806882
9965420
75685212
31654200
38688988
71208135
25890038
40264844
16271364
54166183
71297022
53447897
28545373
12764784
55976343
10967263
23221232
21095096
5046885
67304701
59650797
42679761
36653152
59762649
45977308
7383475
45568261
75473568
38444401
32901158
9351976
11316301
46966433
4477077
5764162
26587764
7410390
47413856
44657823
38513468
53784430
11005857
25635173
17578110
17707171
63044867
34083998
31606532
65297920
38057124
30651549
75578149
24866073
29269677
14194388
74357361
72792694
40830723
66121591
27128100
61624725
4874899
5552139
48542289
25230307
62203927
57619942
44586922
21793046
61815586
41041915
36206319
68988686
38280307
59184113
61790640
25910567
24190493
29118603
65409772
13191051
1381871
13857379
54362332
60330604
1527285
8235770
45664594
54895998
61246692
49739580
41246056
7808212
47201833
19085967
56333385
40410881
71494357
31708627
61276727
20990519
2761607
5185826
35361666
40533360
34993620
60835657
36190796
39163062
27736731
4026011
62682340
44904888
12330094
74290182
42829629
22321288
22679079
24088634
41813562
5912098
2537747
50323708
55328448
6790952
23281611
24624758
7297773
2977456
57110640
8564520
61318854
37918248
45882207
2689628
4342564
23994178
33098926
60328404
4644342
10995463
67385918
16555777
2075259
18172426
51611103
46904615
56197726
44930600
21550887
19653474
54437271
23910414
27042097
30703690
27656799
48467775
71367739
26896873
17348603
19192392
38372314
11102845
61739303
21888029
45280703
47867781
47513456
50267083
68632487
16252184
8920204
49213492
40634675
59024264
37664700
34844123
25353728
64707872
66183330
25804092
20774997
23733581
71943616
54264323
63189572
28923546
31119172
4648966
64214559
34409378
61306709
44647905
41512142
13871522
50064574
70703621
54925295
59424891
69510499
19418994
51307510
25585940
39712412
33954172
33670536
1120448
44350794
27713256
43932875
70613368
29550477
42200675
64397630
71183690
51308771
11014225
40398987
72399795
19032257
47730274
21060855
47435187
70273332
46498522
62799848
66329683
29356742
35506300
36281001
43924558
7870202
45516958
67605405
38591964
65293379
34120900
32877573
1901045
73852780
29895820
6215738
62220407
19055524
5857024
30784703
54598977
67671968
20832333
3812558
75450691
53146942
50252334
12798958
3943649
45305399
27293548
58212302
61122185
55799718
66454043
52009154
73131859
55913580
61648125
5714390
15865952
35958121
31145373
71375308
39795992
10840296
28522333
31435704
68310168
42038677
38115989
50786418
67911278
43375392
57413845
15125352
1676912
33110555
13669030
21421347
59873215
75347451
67448260
9113031
58357859
38704083
18524648
67417469
68211248
53853624
2732637
20180645
71852129
48468696
71016595
36523908
46383749
14647276
69009716
17523749
49817400
70430598
21536193
5259545
69862099
24303290
29619941
55945566
48927340
14011580
57826708
50760184
16989591
56907797
18752002
66630391
46182836
40361025
17158450
48030603
57691496
58117562
53017671
63491841
30248567
8842937
43204193
28860000
40519877
26742737
71677557
44557855
568499
72922904
3803223
42080153
3539569
15608361
73808858
73857157
25185609
918911
32008182
26049201
10724961
6554597
1945560
26315853
58359530
62894509
23176552
22363274
56032615
72338353
20287648
1388567
44013061
44625075
32872444
24125642
26174238
26918272
68918251
34178346
21856954
16358482
43961296
5372413
66112753
25363566
41848975
74826409
18357570
53617204
52267261
12572728
23885068
42904671
3139301
64159875
35025514
54691819
30239246
54644048
28325292
3826193
72369744
48051038
18450837
34117791
59061012
67685893
33224938
52559769
65907051
16484540
25935730
46761350
67377059
19449964
35169615
63921771
50722768
5784842
57895756
37526209
9433427
63578814
7879157
52301102
33920629
56071467
26366527
54576673
10437924
8437874
61065357
66415572
64680027
26454945
29056473
6501243
1778841
16740398
54787658
47309321
52961102
34649386
39755354
3455288
44417197
29384773
34189635
41360178
24515035
22480562
29647052
32822325
29658184
27497690
54098195
7507576
73797163
46092273
69201317
19712352
19447847
34610412
65522719
10652403
24676103
12316075
55567205
58323141
67632917
20138272
7553967
49505814
65922190
10370581
44955653
31220638
33033357
11709073
39876746
67382711
20985997
2149362
6887750
50314228
57554148
8005922
13996260
54084811
26644425
62754525
58043254
36959064
9934308
53206644
58938819
42042963
20373159
35428933
3242793
18127103
29906082
72873386
32713780
62865172
5500844
61410200
19507512
41340647
18886696
37727384
12968580
46361770
48448835
74571828
36317967
3469337
9525117
26931736
71731558
17848981
52820216
4836609
53710246
43581346
60997105
23509885
66963790
2246056
33686471
6059407
13576942
42730911
67372542
46993581
71521279
68013817
42523504
57470129
56535687
48214926
17442169
14086752
10043803
44979498
17520330
9386231
7427780
19839755
2275140
19368567
39828736
9238870
47693125
58363980
4781175
58751049
17987034
13378002
64359114
66645560
14376866
42273362
75063253
27522345
32633697
42214770
39641750
69998578
68191580
42448935
38171123
48152672
24730042
657572
65715338
73370576
35274711
16222832
55701020
21199889
47365443
9628376
32621315
64632076
40376946
67093174
70081936
55195095
74691137
50249372
19745927
15018141
37803284
61012103
16044215
38325120
49713190
72882816
59991075
20038908
45882513
37513551
58127335
27049467
69236482
1966124
45833176
42238441
44547390
46072644
64268575
10896987
73105051
41218141
70240141
13345471
20565657
47996183
63612787
12146615
12446088
34423825
74663927
27641784
11298912
47015020
6497665
57837902
55163923
22477523
37601574
18833046
72130690
8634829
9379911
55161660
33108735
75450533
53659867
61814023
1131213
51214054
16346846
12233199
48816104
22243958
25422684
8419042
63713715
29188962
13172689
12967923
51288533
55812527
21144119
57314631
67541098
12183761
20236327
36330877
26036834
57130365
37616755
16969030
3689714
9619379
29665413
46984713
26792939
2445813
73630796
17061634
30561570
69792889
62500515
40397061
62383863
24397342
23409973
3219411
53590430
33050163
67513805
22137521
63961430
37123978
65241924
59373841
61836928
38795963
26877742
9067804
5914270
56160996
15467236
32395001
10990060
27219600
1517537
9731305
47863
3837907
58414739
65854509
