#N=12700
751
798
1014
1006
173
523
597
473
1093
1310
1782
428
866
1567
149
915
1816
1189
363
673
1726
1360
378
790
42
1145
725
1626
361
803
676
1746
625
934
851
1701
1430
1288
1135
665
887
658
722
1951
193
1404
552
1143
1464
1446
295
935
1318
1676
508
859
1227
364
1393
616
178
1743
1337
1368
1504
1564
1009
1208
844
477
385
936
464
1319
1842
1051
1941
1550
1291
528
571
619
870
902
892
587
1467
611
186
1651
1722
1254
681
216
359
739
719
532
1266
1909
455
1067
1538
1414
1822
735
202
1412
979
672
101
112
170
726
1436
280
401
258
1333
1375
970
1506
895
385
1498
270
1917
1254
76
199
370
1042
1688
1246
1655
410
1757
1531
1754
1310
944
1819
1120
1891
325
1177
1391
1469
1289
1828
480
1027
451
625
912
686
193
1718
884
1478
954
1568
1831
1278
1933
566
1100
447
1030
1935
633
1054
1494
1943
499
1299
331
6
989
705
1377
1855
115
207
875
1638
1803
1159
763
1760
90
1677
1635
1264
621
1486
1980
1165
257
1976
884
1133
555
638
1612
936
753
69
630
1135
590
1612
1423
920
405
1717
875
486
1511
1530
124
827
1498
592
1728
1457
1229
447
724
1567
1421
689
1522
62
1886
1986
305
1619
1923
1019
1712
1670
1650
1707
488
361
648
1345
362
1127
32
1976
1543
41
1363
1724
1175
105
1026
35
488
1359
804
1536
1757
710
506
1287
1907
252
1812
448
1182
1289
1502
1144
2000
1522
1756
386
27
433
1056
1820
867
1701
697
1583
1617
110
1675
953
1603
537
1473
470
803
697
1919
1902
1071
523
947
481
1289
1981
1831
56
1937
1323
1774
208
1567
1798
1565
1728
84
1030
1908
1107
508
1581
1924
1133
1734
1219
995
1345
1626
1395
1398
1033
1235
967
650
1676
486
508
725
171
198
1977
644
282
1714
978
1820
1420
522
770
1184
1376
290
705
581
389
1593
1600
389
1036
160
431
383
1
923
585
1394
758
753
749
1528
1917
705
109
463
737
455
1493
236
1590
923
479
795
1901
1555
981
443
1000
1440
1959
1096
602
1952
241
1051
608
1833
644
1231
837
487
1419
1897
1969
96
1413
944
866
570
1757
795
1022
1368
256
1901
998
1985
485
347
1281
450
855
1994
1787
409
407
1377
1439
157
1813
1384
961
1765
483
1468
1231
843
1187
70
1549
389
982
1565
813
272
1416
650
704
478
1493
1287
664
889
1587
409
1414
692
1565
55
1640
491
900
1494
977
1641
281
1161
1295
798
1532
427
19
710
148
162
10
1381
1601
1861
1815
604
143
697
1919
1338
1288
1359
1053
1517
1598
146
1958
1260
1656
1817
346
1484
71
1311
1221
822
278
1858
1142
1211
1005
150
1567
1439
160
1560
1129
806
1410
560
727
1772
203
907
2
338
934
141
913
172
187
1479
705
1693
1032
1807
1681
1068
1295
1435
1644
9
433
450
310
1355
150
569
521
80
799
1821
212
308
1974
304
1426
1205
396
1878
1910
938
447
899
12
407
955
689
1868
1729
1001
1637
1700
1522
299
183
833
513
1771
701
311
934
1847
351
1326
1212
1908
1549
1738
1902
1431
1011
926
483
387
1767
540
1226
130
230
29
1923
1338
1959
689
229
413
575
645
1279
855
1960
51
1078
444
1778
1475
449
118
727
975
1391
624
1603
1944
1161
1636
752
1640
208
1336
514
1677
1108
1546
557
27
1135
1721
685
1671
220
1959
274
46
1995
1660
1191
1918
1171
102
1373
1448
1907
1968
1634
1965
1871
1417
1126
975
228
969
1563
1524
854
837
1786
1465
1944
727
1396
617
1965
615
856
520
932
1088
545
1724
639
1849
256
1942
540
217
1282
895
1632
157
1856
1148
558
726
181
1390
1337
1059
68
1770
763
781
1762
1887
126
210
1976
1209
892
1140
1910
698
1309
39
1103
1645
1029
1125
1483
484
1600
1573
1410
1612
1390
1123
1321
10
296
1288
8
1319
1097
1551
1912
918
1762
1279
1742
194
1832
313
1596
1664
1010
420
605
988
1526
1910
1518
431
626
287
290
1380
1270
33
445
1420
634
900
1408
179
232
632
1620
1568
1891
1429
1042
167
1747
1618
1059
465
895
1139
1471
1538
1727
1674
140
1247
1461
700
1378
1850
1400
1545
12
455
668
1219
560
664
1185
191
969
166
125
1424
1109
1725
723
363
994
1800
1413
240
1398
479
213
1441
312
1611
1301
1833
280
945
1320
1237
338
4
477
812
138
1019
509
1546
1057
844
701
746
730
1367
951
1197
402
1376
27
1958
167
1045
582
923
1774
356
956
1044
1050
1316
1203
1970
309
1459
303
593
404
1666
845
311
556
1778
1796
1977
964
17
1169
445
1209
1426
1818
1688
1272
226
409
729
1750
1641
284
1524
1007
187
1667
159
1054
1081
1749
93
1552
1511
515
580
813
221
1251
962
1252
1744
628
1965
596
34
1721
986
476
769
445
226
1077
540
300
1291
1133
1029
854
1404
1529
238
1579
1415
1140
737
1773
294
1413
1507
334
1730
1591
1036
244
53
1559
952
541
693
134
347
369
229
1851
1715
437
172
1500
616
1826
557
1541
841
1643
846
1768
265
1961
1683
359
1741
1486
1980
1478
1735
1513
1309
1261
193
766
348
940
655
1793
1678
214
264
347
943
1075
984
914
695
1517
1821
1328
85
349
663
640
380
263
1752
467
612
917
1320
542
1356
1697
111
555
1263
884
1972
1774
1272
1189
1364
472
823
1911
1537
1811
1432
1915
665
1446
1970
400
1332
356
93
1277
1148
70
1562
66
874
800
877
1671
1027
1933
1613
783
410
1243
809
1896
935
1013
922
65
1145
1987
388
708
557
1614
749
54
1209
23
1716
1525
1196
1205
1633
1647
1774
1388
501
244
1523
370
416
957
307
1797
1417
1313
310
936
120
880
1430
775
1960
945
848
726
339
127
1271
954
335
1993
1431
245
1589
1973
1866
131
1828
1008
62
1063
1984
995
1487
480
1635
1874
1507
1346
921
927
370
1677
1049
721
1899
1829
235
1279
1523
90
846
1902
823
1458
145
1300
68
1208
1468
1511
1577
1504
1804
55
1417
289
953
1023
1419
1245
321
1650
1779
1663
929
620
306
145
875
1622
1711
1832
199
1523
1390
1380
275
1001
1632
1965
1708
1521
530
1515
1103
394
1313
151
1144
1770
1910
659
1164
1602
1357
784
187
1127
878
1487
1866
187
442
819
1691
388
1749
311
1294
111
1878
636
861
136
201
1394
1693
1544
242
485
1049
308
1745
380
1414
673
349
1144
1262
690
1045
1047
497
53
1514
1822
1538
80
877
658
1693
1742
877
1468
886
658
1152
1208
937
1935
1184
1112
1337
1515
31
270
1412
1659
98
658
193
1435
1976
1119
959
1877
945
879
387
1136
224
225
1298
219
316
1679
164
1217
467
1826
1041
1669
1081
1067
103
372
615
1197
1466
1107
1125
1518
918
542
174
80
1490
251
1098
605
281
5
1910
1620
498
1542
1212
339
619
798
744
1975
8
1152
895
1350
907
1508
514
391
632
1026
1344
838
1053
365
1425
1328
1971
1093
695
1105
1951
811
407
159
923
414
37
645
1233
35
1523
1101
245
1387
1279
958
876
1489
1491
236
1974
978
1414
168
838
775
632
1309
1143
1885
697
234
1889
1994
564
720
1624
2
1566
575
233
135
265
1287
954
1791
1468
1083
1958
513
823
1806
583
639
1536
1972
74
1191
612
909
1997
704
112
1611
813
562
1598
1492
1769
1431
752
947
1625
475
1820
1872
1833
1398
259
595
372
627
270
612
1007
788
1360
1166
1194
351
1240
829
334
1551
456
1764
794
167
1183
1265
248
277
1127
1754
1086
865
1612
1238
1025
75
768
1761
1621
1482
1695
284
1595
1452
1927
808
17
132
815
1013
757
289
581
1972
1919
1349
138
495
1192
262
585
1848
283
1537
913
1265
898
1286
509
1336
330
686
358
1229
1435
237
1994
1447
1376
526
432
785
814
1676
276
1424
157
319
353
1787
1980
1048
935
1462
1082
70
756
1562
1399
266
1421
1102
1251
121
1236
1989
1305
1911
1458
590
155
756
952
1390
1962
400
1514
813
340
1748
852
961
1967
1308
706
1964
1115
933
584
297
1015
1299
1866
1263
1260
1769
973
714
198
702
81
765
1238
994
319
1149
60
1767
404
1380
1782
1545
255
446
636
1774
1379
818
1918
1286
431
1753
39
540
733
989
1571
271
1076
1876
1908
1088
446
532
934
996
1188
1124
1985
859
1125
1779
1352
925
1067
1819
1856
93
386
608
1690
334
1463
1494
1412
904
1914
138
807
431
1430
1819
154
1894
1345
252
1011
328
2000
649
1951
643
712
1534
1069
974
1875
1691
847
495
1146
196
923
558
1581
1274
540
1926
1152
989
277
1536
474
1902
1326
1016
696
362
821
1357
1938
416
16
1739
102
1379
126
1380
544
1094
1573
1031
1059
91
461
1656
565
1551
91
1616
958
375
210
1458
1649
963
638
1339
868
848
1784
199
314
1081
1612
1165
835
1476
1808
1957
478
1924
569
1404
1527
1354
7
950
593
1716
1849
1501
1170
1691
1263
310
538
233
1999
669
533
1146
1030
1593
246
579
1358
878
1440
327
1831
1075
397
1659
1397
1020
761
734
1545
1093
546
158
680
1303
1153
1473
311
311
1700
1296
82
1384
900
451
235
1811
1140
1474
1491
365
1930
171
121
1821
898
662
1476
1669
188
1387
855
1687
1449
1651
991
1284
1774
1459
672
759
839
1632
1149
1532
1755
1205
320
775
1544
1320
243
552
1274
1903
345
1673
474
532
1256
944
381
1205
1139
164
1878
1976
1055
1458
619
1041
1610
1751
1878
1945
1212
1423
103
1001
531
1435
489
784
206
43
1428
256
417
1974
594
51
248
216
1328
1606
1553
863
1357
13
1848
1312
1607
1666
538
898
284
654
891
669
955
1748
1229
445
1357
393
1627
1898
105
366
167
377
1166
643
1107
908
692
1540
1015
44
850
625
1217
709
1382
327
6
58
1700
1144
1441
509
391
1279
819
1902
730
1261
173
1729
1643
1525
1271
701
393
1568
1894
1091
1133
833
828
140
1244
1333
1146
1767
627
863
618
1191
753
605
1691
932
548
1558
1729
1002
61
1091
900
1385
1132
1704
1251
1746
878
1061
262
1435
31
1939
995
1478
705
283
1592
1437
109
13
1500
264
499
133
1647
1990
1940
1081
545
676
1960
1640
577
1829
1269
190
1927
1443
1029
767
440
554
1234
1155
329
1712
173
1579
1938
288
1957
1810
1061
953
636
566
1445
1264
1564
1349
542
574
370
387
345
1827
1604
1160
1446
475
1977
1728
667
1966
982
1194
1775
328
1622
570
1671
1447
1174
495
1509
1373
1002
539
722
1433
978
597
671
987
1227
1186
823
1129
1627
1719
251
454
1189
1474
191
654
1573
1204
657
618
1397
1176
380
243
1936
970
651
12
3
567
1205
1992
1814
1486
607
98
2
1105
878
1616
529
778
263
535
1902
1430
1997
1397
1808
1925
238
1597
1684
1411
1593
1924
967
527
1251
455
1197
1720
1385
1716
1926
1502
1221
830
1019
543
1353
1995
877
1276
982
947
1623
515
1159
211
241
828
447
202
887
1509
673
954
1331
1975
1071
1924
1794
325
495
1539
926
1121
1478
1025
1667
519
1456
372
1654
466
1789
1412
717
331
207
481
384
1382
1530
1933
178
1142
326
1850
180
1189
1429
698
1400
1818
60
1902
1898
959
1570
1294
1309
1432
1027
241
192
1457
1648
236
390
826
952
451
1204
387
49
771
1405
1138
864
1483
1790
1611
638
1941
1921
1545
332
603
92
580
710
1068
1683
1571
1037
1957
1510
822
1284
1940
1623
1008
402
875
1426
1355
1908
1923
1792
1254
845
291
133
1536
1609
1761
1453
195
336
1468
1341
1140
31
1727
504
214
672
1571
1200
719
1981
1190
1582
1490
1411
1947
1564
1097
1078
1943
1564
1752
1126
373
526
1857
1424
1985
855
1197
1880
1614
1079
1817
1498
1377
1015
1954
33
453
1581
490
222
78
369
314
869
64
1977
1769
817
1191
1669
1713
1392
542
1002
227
548
1684
561
63
559
1703
802
1545
1787
1005
816
1543
674
1503
564
1908
1209
305
781
1544
1248
786
543
1547
1799
1127
711
1165
437
1761
1666
928
1125
859
1261
1458
359
240
729
243
331
1314
1422
1209
736
259
1570
108
1058
1996
1000
1701
1430
1417
1279
634
1133
1394
1500
1510
636
1250
1667
109
943
1464
729
115
352
1416
1265
1565
1020
1162
82
628
1645
1574
1109
1800
1009
26
865
796
727
1886
1578
1624
757
693
285
970
306
646
1381
828
1111
1757
1294
788
838
546
1926
835
1961
509
1520
1846
1008
1526
935
655
1742
980
1662
1104
1571
885
1338
1788
829
82
32
1922
1536
66
1978
323
919
748
1306
3
1029
1417
1316
115
1501
437
1354
796
226
1955
1437
638
1853
777
1767
1784
55
1699
198
1351
547
408
1945
1212
1148
1230
1461
916
162
1890
1130
914
1916
879
1205
1148
653
1399
1803
31
545
659
872
69
722
510
27
1148
1152
1791
1406
1778
1704
1158
194
232
1068
1572
228
1249
416
694
152
1211
669
248
1789
1065
854
1143
1160
476
1938
804
484
16
1359
237
185
1818
530
248
1584
1471
533
622
447
1820
1599
1535
1540
1206
25
346
1422
47
1395
646
1905
820
1649
799
1993
364
1446
247
1832
1542
150
1938
233
1059
157
1405
1467
714
1467
912
723
392
1953
1193
227
421
1395
776
142
575
1441
1549
828
1728
1353
188
532
347
96
1895
1751
1092
222
1272
35
1887
1938
998
1992
1518
1403
1973
165
1532
241
1451
278
820
1779
1037
189
1714
196
640
1638
1449
91
638
1040
1448
115
479
1500
779
1335
1038
1895
863
38
462
1352
1871
1732
715
1254
1865
115
1685
630
508
1284
1550
518
1191
992
1000
852
1087
966
561
1949
1336
1145
462
885
914
1443
1876
1955
167
731
637
617
309
1043
11
1235
49
844
1524
1991
93
1001
1519
339
348
34
291
1138
1630
1417
1487
894
673
1463
1452
1403
1275
1145
1760
1994
864
1595
1049
1518
1436
1611
1711
59
751
966
472
1755
1096
1927
491
1210
848
875
1652
1179
1186
467
1443
1714
187
750
86
1725
724
165
945
1347
602
1439
1808
1377
1302
1188
1588
997
1871
988
1707
1886
1079
1617
1559
1670
131
1627
1737
1916
280
1136
70
906
469
1922
780
1378
6
1950
1983
1226
579
620
231
748
1760
600
1291
1986
352
90
770
1853
1928
1933
1934
216
1347
1044
288
1818
1110
149
125
1092
358
1274
1396
781
1370
1363
1437
274
1303
1632
1457
1775
691
1201
1659
499
605
838
1920
154
1028
1333
1928
1973
377
139
134
18
234
852
1697
1578
1905
476
1787
1539
502
248
818
1972
941
256
116
634
1039
821
1023
894
252
1030
227
1056
1399
1789
1839
359
348
1283
765
657
1391
1664
233
809
1974
1982
721
974
1307
562
1855
750
1661
1739
1612
588
1011
435
667
1197
74
439
1661
1040
1883
998
37
134
335
1102
866
582
1690
695
88
1443
675
602
1563
1000
1345
559
1138
1516
728
1620
1922
1815
804
671
1980
1035
999
662
1446
1749
663
936
1269
1754
1412
614
937
690
463
1930
323
1675
1701
1004
1863
1830
1832
1962
37
914
816
1694
277
1769
114
1318
32
1251
2000
510
480
1352
1967
1097
1260
722
151
1008
810
788
672
1320
1813
1872
1616
343
235
918
1146
344
1079
1490
1579
960
179
864
1761
1523
771
1091
986
1826
92
1245
1389
252
354
1364
779
1934
1419
801
1705
1470
1637
698
1198
1892
1839
99
1208
119
1311
1158
1643
656
535
670
980
1389
999
184
880
282
1334
25
1474
421
388
1979
229
1950
1165
1007
715
188
1302
1542
1126
1720
788
50
920
1098
623
972
119
1590
114
1239
951
1159
851
855
809
913
1638
1496
634
439
1257
1223
1678
1420
147
1617
1062
1583
753
1076
1243
133
1871
1948
1421
1476
1301
881
639
956
388
96
350
381
1661
1313
278
1199
682
1412
1205
1838
1076
504
357
1008
863
429
339
620
1649
1739
1156
394
647
540
837
788
493
986
605
7
878
1481
545
462
631
867
437
845
779
1144
1923
67
1641
371
1112
686
780
601
1465
1255
1534
1059
1558
302
46
294
182
929
550
1568
1905
859
850
1679
25
228
531
1737
1366
711
1503
1552
956
1398
1592
510
1222
1526
1511
849
140
1675
1012
1706
120
1561
187
1058
1025
1692
718
669
833
1064
1147
732
863
1821
233
1815
1756
548
403
889
175
65
1000
373
1829
279
279
434
1555
1895
1962
1506
536
495
339
355
1302
97
1523
544
201
1770
499
1492
65
128
1855
1310
373
337
1889
245
237
721
537
1395
1168
385
916
492
1359
1467
1166
180
1194
242
1276
758
339
195
45
1152
1705
814
80
756
1756
1517
1864
571
100
1168
1709
1286
1997
152
922
676
1469
1450
1326
1179
272
924
1348
879
346
1081
713
1187
491
1675
1515
949
1059
564
1335
1628
1417
696
863
1258
1171
1557
364
1321
1126
1473
1793
290
1177
402
274
1837
1020
267
166
1160
1033
1482
115
1542
616
951
57
1875
1591
1082
765
158
1526
1307
894
1851
873
1335
1972
1279
295
1391
459
1784
1826
7
112
1861
1678
685
1487
1491
866
1165
1928
742
1804
976
1553
1432
1557
1459
1708
1676
876
2
1880
1595
1039
1024
1262
955
1566
452
1672
1965
330
1428
817
629
1820
322
1564
124
1805
1395
1633
814
1863
94
167
1882
582
1705
1797
1282
1407
1299
776
84
1459
810
1727
1601
122
244
1591
143
1608
495
1066
138
960
611
935
991
1533
1539
1090
1982
1512
463
85
1744
298
941
506
1322
1841
409
801
1858
687
1483
453
422
636
1539
1078
1913
1978
898
1204
1970
1079
1397
344
1995
26
627
1897
211
164
1588
1238
1420
1544
540
964
1983
164
1762
1848
265
846
914
1345
1167
4
180
1151
8
262
1808
68
1084
1370
1718
98
1816
462
752
1416
1188
487
698
899
1561
818
1202
578
1900
916
934
1364
122
1353
1608
16
1997
361
1344
382
1178
438
351
1429
1998
1255
1790
843
1275
708
1161
732
926
323
1697
1426
919
729
1645
978
794
1581
1757
106
1800
1247
1116
56
1183
906
31
192
884
1540
1639
1155
1981
1525
125
985
1782
838
1479
1944
1404
968
1782
384
1936
63
1222
1131
224
953
1434
186
63
653
468
1434
22
492
554
172
1559
557
1473
1439
186
1288
1950
1839
1877
511
161
1020
1475
161
1606
1248
282
711
1698
481
890
1224
160
1073
631
1977
1323
293
1376
1998
700
563
814
628
1932
347
1854
1439
1678
857
1479
443
1858
227
321
1337
1551
244
264
917
320
259
593
627
1751
781
601
1326
1594
1256
1627
515
1075
466
774
493
1113
997
403
1234
1442
1252
565
964
1119
520
1073
634
1925
448
767
136
509
1813
26
868
1188
1789
1700
1522
624
1603
1741
582
1354
1778
90
1880
1999
1594
1112
478
133
488
1892
485
1039
1068
1868
1788
1940
955
553
1641
1068
681
1169
1667
1608
539
223
42
249
1964
492
1918
222
939
767
1520
1461
1067
1030
1649
1893
824
1060
1251
1572
913
1235
298
330
315
915
1402
1074
1073
1886
1566
290
703
1551
332
184
1996
1150
702
1479
143
933
255
1618
649
1031
641
1696
147
16
1273
1026
1362
1827
1372
1242
1843
1516
1952
783
1626
15
1958
518
1998
1626
1926
517
1007
1770
1666
968
726
1225
977
954
1327
625
865
1121
1098
1447
1655
563
1985
1856
1291
1060
333
379
825
1108
17
775
1036
1924
618
155
1295
482
1487
441
434
1773
340
352
532
206
1971
1419
1910
535
1462
242
1272
1368
1523
1355
677
1669
361
493
71
537
600
1324
629
579
1112
853
490
1715
544
82
1684
577
825
1113
740
1436
400
1668
1706
537
719
1918
1134
297
1437
184
1597
1825
336
1191
1909
463
654
218
89
1398
309
408
31
409
1701
570
1838
1390
1156
1073
1730
1864
1391
231
1847
422
924
949
1144
1613
291
849
1916
1873
537
133
374
1257
1910
124
1367
343
1150
1904
572
311
1858
1208
1660
1736
124
1942
460
969
1308
1340
1722
1312
658
738
1697
419
312
225
1942
1281
224
693
332
9
974
1907
1772
839
489
1807
1095
121
1084
1719
1719
1599
1076
1120
1248
439
682
1427
1615
239
426
1915
921
1475
444
1691
1391
215
1720
426
681
135
1860
407
187
368
723
1376
846
1929
1086
599
350
637
881
264
825
443
1001
143
1762
1395
1470
1230
83
672
1972
965
1535
1584
1010
716
1949
1935
1685
1254
1523
795
290
690
20
449
1719
86
255
437
1707
681
682
49
1117
974
1311
1241
1259
1562
1138
388
1956
1261
1636
1518
1032
1138
412
889
1407
1276
1218
1842
972
1935
637
1281
822
16
198
1658
7
151
738
1877
1716
192
545
871
1607
1878
1196
880
672
941
1549
143
174
1580
114
1565
304
1283
1648
1691
1113
1063
1526
1165
452
490
1363
131
435
989
1774
845
585
1111
118
1170
1649
255
1775
529
767
1969
471
609
1719
832
360
613
170
585
608
391
1054
1479
245
320
54
373
801
1591
847
1106
1170
1416
1463
1864
1838
1563
1489
1807
57
600
693
1640
692
1106
661
1776
448
222
1974
1129
146
734
1868
314
1963
464
1527
1696
863
1431
1643
1307
1579
343
818
474
1505
1331
1114
861
351
30
1422
917
657
439
1802
1763
519
1683
1705
274
771
1403
788
710
44
539
495
2000
1853
1743
932
1547
1282
1487
1361
644
1423
1527
1440
1434
1373
983
1116
1338
362
562
57
688
1355
745
1487
504
1359
692
215
488
686
1196
1067
749
461
1446
629
637
507
1835
1648
1990
596
900
761
35
1063
997
1281
117
1208
1756
1201
851
1386
1238
289
1314
448
1462
1421
380
735
64
120
1824
1382
1237
1433
518
1239
748
1671
561
279
1765
755
946
1790
1968
917
800
370
1964
1005
515
1233
827
1894
68
1170
1800
260
912
683
1326
834
864
1999
684
847
677
912
1907
249
1334
418
1230
472
1433
1598
1397
1796
298
1174
620
622
1165
100
537
250
258
1116
935
520
1820
1771
150
459
1322
1773
941
871
20
1931
1020
862
986
75
1519
1638
1300
223
1618
1677
9
963
528
914
1843
1421
1316
180
1740
1608
370
1804
449
377
1519
451
195
1454
294
1159
945
1388
1787
1792
775
1296
462
1624
214
1098
1592
1095
1120
1550
41
105
1682
151
253
1937
1159
1994
728
441
625
508
600
1037
509
907
1372
1596
1055
934
1330
1152
1082
1808
475
1119
1979
484
1497
1458
1869
1890
295
188
993
260
1652
1161
1368
663
1842
1589
2000
1694
107
913
294
881
709
1904
1853
1966
1119
1963
1830
434
65
963
616
1608
1606
122
1340
35
980
275
892
1432
1320
222
664
148
1925
1529
1399
1227
647
834
1028
744
1228
333
136
685
340
1309
1818
458
1358
937
711
1571
1143
1507
1586
1992
956
1113
768
1172
298
1578
749
1140
882
1008
642
1903
1607
1138
1051
542
1993
1270
868
1883
1952
1324
1748
229
1795
1647
428
1594
994
473
1224
1785
1258
1633
422
1601
696
184
498
980
1845
1947
1295
1064
1146
1782
117
553
1762
1987
135
165
1530
543
1802
200
1096
398
813
1209
1658
34
1363
1658
937
681
1103
159
339
995
1686
1224
801
1957
1390
1036
463
131
417
39
900
35
363
1330
1891
1847
1831
1888
740
1222
289
0
1097
681
998
1221
785
108
474
1559
636
172
1835
208
1937
1702
1061
424
1675
382
1676
1571
145
960
1942
446
1107
609
1598
1183
124
51
1003
319
339
1333
747
1226
1915
745
1725
428
679
576
1591
1513
27
679
1191
547
680
716
1629
142
296
1333
848
367
928
1990
179
248
154
113
14
1114
1418
445
1945
1487
509
1592
1281
1167
992
912
321
1924
441
475
918
538
863
739
1294
1930
848
1302
630
679
278
66
677
1484
696
12
1170
374
1937
795
649
1343
1043
369
845
1069
913
289
1448
1904
1612
622
1688
934
1892
435
1742
168
1024
564
445
1237
1814
1108
314
765
75
817
1725
1037
195
723
497
1975
1456
999
63
1453
678
826
659
1121
730
1252
1636
166
1412
1621
166
229
1194
1781
1366
1049
1475
1498
1040
1039
1065
1445
540
220
1268
1499
354
446
764
1238
1237
0
539
1407
1929
1007
1841
15
0
1626
426
828
864
145
306
1869
451
436
432
1596
499
845
620
1041
309
822
1178
1117
1652
1207
1142
273
515
1532
1567
1914
1007
658
1589
1615
761
724
522
1439
137
312
1436
856
1938
30
1419
1901
978
1799
306
1193
1613
414
418
1822
1135
1610
706
602
968
1352
324
1836
1897
1308
1536
1766
587
210
3
1725
818
1849
1880
480
1053
1621
1595
1786
628
334
1218
234
1280
1251
1116
533
642
1798
720
1576
1456
1017
300
131
1164
1326
205
863
1836
155
287
338
1239
259
885
1711
1436
1704
567
394
1055
410
1562
1190
609
1319
1813
1510
342
146
1276
1767
1853
1418
1927
301
1934
493
1018
1498
1360
28
1896
1529
1267
1625
1143
1041
649
600
1276
1865
244
243
1378
1099
1420
109
677
575
294
1859
283
1995
1928
1877
1284
436
1134
1433
44
1832
1205
271
828
225
976
543
1766
1227
799
1476
930
1145
824
1269
865
844
258
819
735
300
374
406
711
1492
743
294
391
1746
670
1774
1446
980
1738
285
903
192
186
732
297
97
652
1662
723
422
1454
45
109
1959
888
772
32
883
1664
417
1100
1441
66
1061
742
1691
479
1161
519
1546
542
171
1896
532
80
1078
1374
230
208
1121
756
1496
1601
1781
369
5
1109
1616
1783
665
793
482
1142
376
582
1582
1615
1376
1062
348
1651
9
91
1260
1159
293
870
696
1917
1156
1964
976
1127
1595
672
1197
666
443
822
1301
1967
417
343
1560
762
1649
963
1709
1726
1052
257
834
851
241
390
905
376
156
1176
941
29
368
747
373
1372
671
374
1366
920
405
1400
850
1656
1138
597
1496
1924
1912
1452
892
201
16
886
389
307
677
1730
1436
127
808
636
99
1440
76
1999
449
194
1970
408
70
1192
262
253
603
1214
686
44
1475
153
1878
448
255
152
209
660
872
993
922
800
27
1812
560
544
1433
324
29
41
124
1221
146
260
1032
1492
1568
558
182
976
610
1470
1899
1726
239
1596
1281
1660
181
72
965
1554
682
1484
821
236
958
1392
643
809
338
307
631
1098
693
474
1310
1035
1949
713
1078
884
1231
746
888
579
1415
1209
1138
1071
1833
1482
732
446
969
1430
36
149
1497
778
177
1241
1615
600
1789
101
525
1040
1958
1065
1926
332
439
1094
1332
1680
1442
787
1376
1657
338
1830
512
1303
853
820
375
1258
1972
256
1164
20
1453
1957
75
1192
144
1904
1115
1626
626
831
1001
759
1653
988
747
228
891
1990
1587
1036
1419
135
1371
1596
849
119
537
1952
804
1207
388
704
1813
171
77
962
1278
726
625
309
1622
456
455
1867
96
1200
1085
1856
571
1452
108
266
1287
1252
1501
1340
1758
1331
6
543
1395
216
627
1294
1337
1794
337
1412
1548
169
1855
1756
802
1699
1225
241
629
1633
190
747
608
857
766
389
1937
170
1334
1215
1937
1791
1917
543
1323
1276
957
368
689
611
1558
1793
1810
156
973
561
1512
35
50
1883
1025
1777
1982
662
1363
595
1056
722
677
1987
1741
1393
910
1084
1587
955
1030
789
811
897
801
1845
1262
1692
1087
938
511
1630
1454
717
1901
363
414
1387
48
641
361
1070
1425
1285
1519
1100
249
1956
54
1240
144
132
431
1410
78
1110
1200
324
1624
1458
1928
1795
1730
1091
303
957
757
1774
1469
979
1660
1077
1995
767
1478
6
1046
1453
1811
1922
809
1178
497
1321
652
197
1930
1743
396
1830
1729
1280
1492
1215
776
530
1489
1779
557
835
1428
1335
1599
430
1722
468
196
1125
643
1076
1868
1932
526
743
1392
910
1801
543
14
1560
338
513
504
962
169
1441
416
1097
351
1222
1236
1440
56
1131
234
597
268
1564
1701
1155
550
1567
540
1617
943
1291
1338
684
205
1502
1056
1377
787
1507
989
1515
1089
1194
1862
912
1609
105
1649
1460
1306
671
1340
1556
1457
576
615
934
624
1692
721
701
1086
1837
1629
1272
1157
1550
831
1716
417
1795
1654
177
28
1756
1707
591
1243
977
120
192
1658
1206
941
966
1953
1367
212
1924
606
1328
1073
256
1123
522
441
1885
1132
1036
61
683
209
341
914
1438
956
1172
471
1051
1763
1358
1695
1135
1254
1575
753
472
760
1328
851
793
648
993
1816
1681
1391
1406
1824
892
1270
163
211
772
1386
1743
967
348
1853
1557
1799
627
103
120
382
1225
1257
1869
1622
1968
1123
300
1421
967
45
410
1858
941
578
102
1124
498
778
469
248
1481
332
1854
549
1226
1896
121
688
879
864
514
46
1290
1188
1321
547
156
698
1454
1553
1105
1832
1756
1818
523
1325
654
693
1741
137
838
931
1550
1958
871
537
1460
1258
617
1275
17
1326
726
742
1475
1066
1537
604
1594
64
1798
1730
1752
874
1164
1830
26
960
298
810
1030
880
503
1013
941
1614
363
185
1684
1292
549
1275
294
102
1649
871
1473
1916
1250
306
313
1367
566
1923
847
646
1975
1217
1931
1419
750
17
382
889
1093
756
373
1515
78
408
998
447
1627
1423
630
176
64
1610
1603
326
1741
391
519
1921
391
1631
716
556
910
355
1479
1861
1368
1627
516
1579
677
1966
517
1632
1225
1575
260
1451
1802
1464
574
1739
1870
1655
1807
1821
443
889
1647
278
1163
804
1077
1493
988
1853
1345
1790
1393
551
1505
1489
1184
942
1815
1774
216
797
877
62
1595
1363
1933
49
1212
1361
616
165
169
843
1201
113
259
1225
147
1198
903
794
728
347
1811
562
1674
1410
1169
1018
1340
154
1646
1515
130
1546
594
1015
1876
1490
1635
216
1407
55
1027
1977
409
1061
322
1354
913
999
1427
166
673
843
1837
656
513
1015
1816
1825
23
100
1364
1559
112
1105
1381
102
82
1579
1189
1431
89
409
1654
1499
148
1767
1927
747
768
1027
772
460
330
1265
1283
1132
991
1716
461
908
430
259
178
453
1465
1802
914
1095
1933
1223
1778
1034
260
330
1572
1402
999
1343
417
751
697
1508
1178
1642
274
1568
671
526
1729
201
729
420
1238
377
1540
813
312
133
1318
898
963
1891
1906
859
1332
229
1428
691
1089
910
1574
1056
1677
53
971
190
282
912
1798
1751
964
795
881
867
64
1849
1496
1415
1171
1428
1436
104
559
1677
1875
641
1140
517
1561
33
1677
1521
528
1486
214
501
836
531
1949
1002
1313
540
731
1033
1372
1093
1121
511
421
1067
869
1760
673
361
979
1800
1524
1107
841
40
1949
634
1750
26
1093
1683
996
1835
1662
1409
714
280
1169
80
355
1303
1115
53
1643
662
837
951
1224
873
1281
1873
1402
1484
1601
650
734
365
1542
66
1031
1259
21
1588
1563
1825
683
1077
368
308
966
744
103
896
1217
692
1439
407
113
1794
1915
1798
272
752
750
1236
1109
667
1335
726
45
1886
138
639
1348
929
1457
817
110
66
205
513
1528
1411
1458
1253
1022
87
493
316
1522
1162
1491
1479
86
82
344
826
1065
1449
1030
1850
981
1210
1183
531
819
1834
612
1598
539
1238
1499
718
832
1813
760
706
566
1774
1269
486
1519
1851
1135
1261
1461
896
1796
1216
911
1821
667
450
391
1793
362
1665
1738
1375
98
263
849
129
401
125
1247
986
1881
523
255
1861
1352
257
390
682
1909
245
427
418
992
461
1430
1318
531
1170
55
988
1566
1474
969
412
305
723
882
1416
688
1167
1174
463
1172
441
1471
1113
792
587
697
1491
1254
1967
988
117
373
703
1263
1544
1604
581
462
1154
1612
245
1974
1333
478
1716
685
668
438
733
992
59
1649
884
858
1302
1334
731
945
1580
1593
728
855
830
1100
681
1525
893
1413
659
1624
722
210
258
648
1811
1720
1953
1676
379
1527
551
1644
790
1994
127
800
1754
1139
660
1168
1206
71
616
1749
206
1712
865
1713
690
449
1366
74
399
981
1139
135
1784
868
1568
1179
737
558
1517
433
239
989
139
1029
376
1032
552
1457
1865
905
884
937
1022
416
347
616
50
827
936
707
1641
713
568
605
131
1009
1662
747
762
528
293
1211
1056
1551
477
919
1168
1648
1016
928
326
468
1032
406
366
1964
1680
1786
1630
666
139
1036
1025
1
1386
1384
690
1134
897
1551
1916
743
1177
136
826
1273
346
682
1765
548
1897
1921
102
1512
726
1023
334
1457
89
1036
83
581
1651
1642
1312
252
930
1583
1661
596
817
1780
360
347
233
143
1509
1798
786
287
889
827
1194
1522
1178
1713
1377
1741
1817
1509
1386
885
1270
1398
711
172
1035
777
766
324
236
912
1546
217
839
879
1358
1665
1352
402
1093
1368
92
1482
588
1438
339
1869
355
1374
239
431
174
1541
363
377
1407
1153
541
296
779
462
73
1110
1303
1618
1971
1399
571
1985
753
1612
1223
655
1586
1162
1083
1408
1630
367
1200
1142
67
1797
577
1654
279
1553
817
522
223
111
1160
898
1583
347
1047
1987
1089
960
762
541
468
503
1573
621
1533
1159
208
488
742
1847
1008
857
1961
1024
1279
200
1330
706
1363
1769
972
1256
1852
1597
1702
86
1225
991
935
701
969
290
971
857
413
1044
416
362
1924
328
329
1984
1579
202
137
573
838
4
177
550
1917
1375
1998
208
815
1154
1595
523
22
1087
1731
555
1878
1928
440
51
1564
531
476
383
750
569
1847
1448
1365
576
839
731
530
802
553
151
1003
1287
613
292
1132
951
1236
1911
1210
1804
114
1827
807
352
18
1181
1782
349
537
1745
1205
1713
609
1076
46
480
178
822
1800
1710
1539
1154
155
105
1056
1665
1742
1433
1796
1826
1440
1763
251
1627
1013
111
1087
480
1145
824
1136
572
1667
572
898
1668
680
912
1284
1089
1555
1876
97
934
364
66
311
358
1994
33
1575
1814
1193
583
983
533
967
262
1787
1016
1158
564
1675
442
334
428
827
34
1801
1408
992
1064
1512
31
1065
449
515
278
784
623
841
1435
1274
1102
1616
720
1190
1952
1105
1223
1785
1158
673
1246
1616
300
1071
1419
1486
737
339
960
441
1506
1960
787
1665
1893
1438
1350
1350
181
261
553
1913
1665
1616
1968
610
390
993
538
1543
372
618
640
1258
333
1523
525
739
834
1001
1655
1841
67
1349
758
985
1700
1532
797
269
597
1381
1946
1054
1669
1418
515
848
620
1921
1346
1558
728
1561
733
1595
688
1525
1084
994
934
749
1526
1525
1650
1227
188
1431
1377
1859
766
1544
1713
528
539
821
1240
1038
1946
1506
1636
228
825
1133
872
1652
954
1695
590
778
1911
1853
1099
299
1780
662
292
330
1107
1834
146
238
1004
1335
1732
1945
1319
177
1403
160
1124
945
1356
1617
622
1178
1061
175
227
1181
1680
1612
516
880
450
1450
1556
459
627
1312
1273
1254
507
1060
459
1998
542
1602
1496
900
804
1508
766
621
555
447
951
1881
939
1059
1108
1243
1162
1067
1325
434
1266
686
1187
1373
805
213
1238
953
960
858
944
1643
1240
1989
577
626
1396
319
1671
1118
1951
335
772
1697
1898
41
1919
1171
244
1081
1248
1893
324
974
578
1853
1696
379
451
1318
61
1399
1508
614
1036
258
955
277
811
1336
346
254
438
1174
221
1170
1798
1280
1924
794
757
274
1315
471
1721
642
1845
821
318
1496
1811
1447
806
1250
102
758
1891
62
374
1000
898
1616
475
1712
1376
1385
1247
1447
523
1650
1923
729
996
673
1070
900
323
349
1011
872
1132
561
1788
48
1803
40
827
1333
1164
759
968
1630
682
1091
465
1930
862
1598
1524
237
1096
1250
1659
96
792
721
1890
1452
1660
893
1527
1084
759
1748
1665
912
1319
67
808
1535
520
1877
1165
753
672
868
406
1068
944
717
1021
1000
901
938
206
1341
1505
1440
368
576
134
1780
1863
289
872
39
547
1785
1548
932
369
210
1648
740
347
1605
1924
132
489
1945
259
83
794
1561
1877
1210
1416
929
1749
589
1156
287
1351
266
1743
1087
492
1616
1416
1338
1728
72
306
42
817
215
1559
422
1874
406
1151
1142
650
27
145
948
1904
827
1773
1905
1682
1333
545
263
1775
127
1672
1154
331
1787
1475
127
1256
91
484
837
785
1596
1272
1175
198
1567
997
1703
566
1762
1618
442
1589
440
1360
1418
1559
417
592
1063
239
328
1680
203
531
1384
86
861
1750
1332
1566
1611
1397
1706
621
496
1443
1679
528
567
173
1178
1083
170
881
942
826
939
178
263
1384
479
240
738
560
1670
1635
754
1296
582
1936
302
1433
1344
706
943
1969
1319
1506
1793
1484
445
297
141
1345
385
1207
563
1998
142
466
1089
361
571
1104
1807
817
1496
1262
1437
1150
1034
1597
490
1376
1830
1881
618
1836
1503
1939
1786
1101
1912
1377
1225
831
1065
540
909
223
338
1986
555
1755
1608
987
1381
789
228
282
660
101
1768
1053
1201
437
820
1123
49
845
27
852
319
1524
312
685
1922
1285
202
1367
1669
584
820
11
374
1262
759
1541
129
570
515
50
1344
1330
675
521
388
418
1096
1641
968
503
540
1635
45
1471
926
998
1617
61
547
1658
210
1
1695
1276
1132
632
1469
522
1670
1186
1818
1266
1385
700
1426
747
1451
592
1544
1334
901
1070
1152
1491
297
865
451
402
1852
988
405
1377
870
1063
250
610
963
283
1148
847
243
1118
1841
638
1250
833
1647
560
134
917
624
1854
773
287
1483
338
1457
1463
1997
917
561
1343
1570
703
542
1968
1463
559
39
29
1007
48
311
1450
992
1133
699
729
1936
723
144
780
371
878
1274
19
341
539
1345
654
1348
1859
1244
1602
1241
1984
371
1876
1553
434
1719
2000
1057
1622
751
705
1197
419
1028
1156
352
1267
1949
795
979
735
1118
1688
1635
1486
1854
189
1061
1261
1674
1808
873
1938
157
1997
1820
539
1692
795
425
775
1678
484
67
1761
1651
0
731
1214
1677
1292
1544
75
277
1446
868
1036
515
1697
830
1737
1651
877
560
61
747
1025
114
917
1117
384
708
360
834
510
1030
436
323
1883
113
44
1457
98
1208
1242
930
1172
205
1222
46
1954
1177
32
573
1536
389
1831
351
1731
652
757
1994
641
1330
397
186
1591
766
279
868
15
837
215
1168
479
1480
151
1126
695
45
457
1381
1642
1643
1186
1628
659
1178
1594
180
454
1871
1596
454
182
74
1908
1166
750
1885
1096
1291
801
1179
1460
1354
784
106
1112
1315
404
814
638
457
1427
7
33
921
1167
166
585
0
131
1965
990
1460
1325
466
69
1903
1084
360
1832
1891
394
1353
685
1470
1703
297
1120
390
1831
630
423
506
1284
310
336
1610
35
1064
1454
1115
1083
524
1390
1422
1383
152
71
1636
1967
921
1206
925
1651
830
792
1756
467
933
1967
1768
1347
556
169
117
274
1716
156
1364
1982
930
1725
1661
1142
1238
1794
189
186
1594
430
1484
1271
819
576
337
363
1860
232
700
29
1411
1598
1672
282
454
1962
911
177
1227
1640
763
231
930
310
1395
1052
643
1760
1145
322
54
908
1377
456
716
105
105
273
822
1103
357
1572
1587
1711
1815
719
735
1272
1415
1439
1153
896
1279
1878
110
78
350
320
1706
237
946
41
192
1271
793
886
1727
1003
1917
1694
1959
647
1758
1311
1418
543
1305
1740
119
962
602
1718
785
1644
1528
1791
372
113
1818
107
45
1676
1248
1750
1988
233
970
476
1045
1712
1937
1091
1673
1658
5
121
424
343
1138
844
176
1402
633
1438
1272
1415
1974
265
511
585
1303
739
131
1458
780
1511
1189
1701
983
396
482
279
1529
1995
1677
1663
984
22
167
179
211
1182
130
1218
1465
1450
1347
1832
1406
215
454
1845
1960
620
269
1522
971
1235
1662
704
1311
488
603
1867
1011
96
1496
805
1812
1429
492
1437
1717
1124
314
76
44
1575
1378
1561
256
276
18
437
1650
1035
303
266
367
1173
101
1445
1921
949
371
649
728
510
756
375
1712
1369
1566
83
1080
739
699
926
1319
1544
1986
1819
1070
984
577
1384
1111
1574
608
922
1696
1596
1074
1272
664
304
336
353
798
1388
1253
71
732
826
1827
596
1421
1599
941
1501
474
1002
1685
1687
316
1447
1219
188
321
1013
1849
423
932
1213
1379
753
1506
1392
1101
1170
656
869
245
135
1406
671
1656
1921
1124
381
258
1231
1129
681
468
127
1569
206
340
1898
524
1078
1488
621
150
1988
95
779
736
675
925
963
1464
16
480
1486
1991
1718
104
1894
1253
20
763
1445
1556
705
230
1671
125
1706
410
345
1371
1500
969
1814
1695
1421
1855
1773
1212
1351
483
1978
469
1206
1825
97
908
527
1573
251
464
501
1215
1886
1023
525
1261
222
777
911
1820
0
248
1549
1960
1923
652
504
1733
1677
1325
1721
153
372
298
1740
967
1100
63
1072
1037
579
1922
690
1068
800
190
350
846
1220
1106
270
41
326
897
1456
633
975
1623
454
1524
1395
1423
857
1406
1642
1677
1896
506
1484
1593
347
1955
1122
942
718
397
1414
1688
576
1179
1223
1374
586
136
365
276
621
1895
670
1032
667
1990
224
1180
1510
1579
193
746
159
1530
914
1848
1680
725
1529
1474
264
677
465
1203
593
1087
1452
753
1958
470
1606
1590
1228
681
1250
1930
480
646
1430
1207
1420
664
274
754
292
189
319
649
904
1295
1009
1505
84
1379
1752
1841
1572
981
1590
368
1686
925
783
1742
644
604
500
1716
1670
766
1376
665
814
85
435
1644
1729
1468
83
1400
1211
1631
1754
243
1807
770
694
1647
1739
665
1586
387
724
622
1242
928
1377
176
783
1005
1953
1291
673
1171
356
968
2
329
700
453
89
1410
1824
983
1550
603
1475
472
504
1352
1941
1407
1589
239
1688
1065
588
372
667
1493
775
781
1377
1705
1169
27
711
1993
683
1733
630
1106
1861
1664
1952
1521
541
565
531
1541
206
144
1719
523
1652
1316
841
1095
40
1887
559
1513
1613
1350
994
1620
1344
1422
1363
20
1873
1409
1598
782
1566
1387
990
1001
359
387
1823
1684
493
846
125
999
1718
955
979
971
273
1209
519
436
6
1573
700
1767
1992
396
866
1534
286
211
1793
565
1471
1046
1622
1119
1894
1419
0
1938
1572
1171
463
747
1124
1771
451
280
1646
1390
179
682
23
746
901
901
110
1098
1741
1722
741
1190
944
795
1152
645
1118
399
1848
830
1918
824
490
1136
296
844
124
1505
543
964
1367
1434
224
1566
636
1804
1161
831
357
994
778
389
38
741
1677
1196
798
731
482
1467
340
1225
971
88
1011
792
744
1161
138
1110
1183
244
1240
420
848
1806
1447
167
53
411
1399
480
1155
1286
1944
946
713
1775
391
1701
938
694
213
179
1788
1851
654
1634
421
337
1871
1205
1840
1878
974
681
195
1479
1212
1574
1256
556
979
652
572
612
554
1456
836
140
1488
1202
1350
806
1526
154
1429
760
1764
1660
498
435
231
1159
1683
1938
1913
622
666
656
1037
1047
1984
367
98
1560
1777
857
1969
77
791
681
118
1639
1378
766
390
212
262
1772
1428
1783
1196
737
1247
1504
1715
1257
1585
1620
1115
1113
949
867
1034
1684
1592
1699
66
1287
402
1596
1747
1353
1248
1165
504
1062
785
923
1019
1134
536
1692
1465
433
1920
95
584
915
671
691
79
1708
1275
1335
1618
748
1740
914
1984
1493
347
582
848
629
823
1582
486
1651
830
1327
112
546
215
1370
1849
1005
1425
1894
835
963
1860
1188
533
527
38
1146
1208
247
567
1845
644
161
201
1710
585
1173
1195
1160
1982
284
1112
1186
697
1654
387
1956
169
462
477
90
873
1332
1593
1388
1763
1791
1022
1364
46
405
85
1378
19
1029
514
1426
1634
911
491
1239
29
1901
1241
1185
1485
1926
1479
522
32
1145
941
1486
12
1802
808
399
1745
617
1721
1111
386
1057
864
1036
1839
1604
935
838
1325
590
1999
1288
859
1316
1706
963
336
334
23
547
1576
1140
1120
1613
57
191
1122
1077
673
1107
247
1794
1219
1704
101
1444
279
345
840
479
174
1126
1583
1897
1422
1372
1382
232
1201
884
1870
406
1083
929
934
1424
1962
14
829
880
1889
987
1693
218
1425
1757
1047
242
614
1715
897
277
1704
653
958
1633
614
498
363
795
1802
941
1915
102
968
920
1037
1081
569
1843
1631
113
5
1937
1172
1625
1586
1333
1346
336
10
687
1320
514
482
903
1270
1819
696
1865
881
142
1974
1438
1065
329
351
1638
1894
898
1837
1695
942
824
351
1840
279
1249
1322
1102
1017
1940
204
860
1245
664
206
1848
1381
997
1892
1886
1521
87
1087
1871
436
1896
1802
198
1957
1456
1787
1546
544
1102
517
1621
675
1826
897
599
694
1541
1097
1841
1726
1653
399
1939
1920
1805
799
93
93
1635
69
681
382
345
855
853
1355
685
1029
924
870
1135
724
519
1132
1800
1503
1297
258
1887
1884
230
1734
595
1583
269
153
1165
24
1413
1695
166
1827
1973
991
613
1825
431
1816
1895
643
794
3
1368
1016
277
1985
59
1414
27
153
1289
1091
1908
885
418
245
741
1913
300
29
165
1176
1657
147
560
798
373
231
1022
1892
1276
220
168
1384
957
1307
1957
349
125
1380
245
847
673
1663
144
505
387
1154
190
1568
816
18
615
859
1775
772
1777
482
956
1244
165
335
1707
1305
1870
608
1182
577
546
1279
706
583
1146
168
1719
1433
758
1263
338
172
1396
400
244
1844
1083
1735
1817
975
760
1064
1538
1304
465
1541
122
1293
62
1904
1872
406
576
538
865
1713
1853
899
1095
586
310
380
1929
1553
1318
952
469
107
1418
753
1438
1899
1041
440
1182
1173
1479
219
1865
98
1771
1333
1542
863
1129
409
618
1710
1032
1158
1101
758
1506
1419
1526
1211
1535
1717
670
1963
155
1441
717
1869
961
963
1752
1824
891
531
1000
908
647
1133
688
1863
1821
1904
1051
274
95
1683
1675
295
1885
1810
540
15
1562
1673
1245
730
479
197
116
1138
514
1664
1267
1984
1885
1867
662
1228
1756
785
1254
1547
251
1369
599
1801
240
308
1755
1870
248
1311
770
1275
1194
1491
613
1342
1684
896
314
974
1780
1843
1322
656
111
1878
417
652
977
1886
947
451
1129
734
488
371
59
444
1100
1417
117
1723
1104
1853
250
1718
1470
1153
1117
915
1653
1566
1732
1888
682
1902
1343
532
1706
969
1200
213
1963
1201
1118
44
1272
643
770
1820
756
708
1473
1387
825
1098
1043
998
1944
1995
1183
208
884
273
544
150
196
817
1776
1493
1007
442
1539
361
1930
475
1717
1895
330
505
347
1369
1883
818
787
1828
1598
1049
258
178
1111
910
1664
733
519
170
818
704
1811
1777
397
1088
513
1064
645
34
588
1655
1548
1404
623
1972
1025
55
1221
1738
12
1863
1939
1348
514
820
391
1494
358
1816
803
1042
750
1165
1264
1334
443
921
919
1434
930
1184
1032
19
379
567
1194
1288
486
1359
1800
664
1348
1562
957
1464
462
1019
1133
1316
1065
1639
221
1860
1165
785
858
1010
1992
1735
402
1354
805
907
826
1535
524
1835
1489
1823
11
681
1708
1885
1099
381
774
1590
1954
1495
1538
1649
917
1437
1002
154
794
1123
608
1081
930
1938
528
1714
826
1434
46
702
1824
1251
115
570
1582
1769
1554
1953
428
1722
52
748
1021
544
646
762
643
322
1547
155
636
1114
996
1216
1112
1094
110
124
1611
796
1030
1697
111
346
1017
72
1784
1832
1901
122
1144
1952
102
259
1902
767
1216
487
128
876
1603
1421
2
1903
1549
1430
1484
1315
1538
356
1127
683
680
482
1006
1628
171
104
1131
392
20
885
50
1778
1486
1414
1082
340
1328
708
1317
1701
1873
1015
418
233
1893
1571
631
1298
1677
1088
1678
1496
311
1345
497
222
83
689
342
686
1842
636
696
1146
529
373
1467
1628
1279
301
1725
81
1123
848
1603
1038
1895
1987
62
624
777
333
999
89
1704
250
322
1398
1291
1707
1990
1139
550
766
1679
901
1538
1166
346
1641
1622
877
479
528
1397
59
975
1714
1210
1730
1626
1131
1073
1191
209
306
960
616
1852
594
1156
1667
1461
92
1672
513
998
1898
1988
1470
1605
1093
1923
419
1554
1684
850
1689
88
522
1100
434
921
1210
231
1594
898
809
1904
184
1134
1507
1996
1390
1537
1775
969
1529
736
894
1990
1185
1983
239
1570
307
38
328
1032
96
1601
333
203
1771
312
1866
133
713
117
396
189
187
413
664
864
8
1039
75
1983
1994
1355
1751
1616
118
643
1241
1276
1943
1171
1142
1894
273
21
781
80
1599
1748
1737
967
373
426
1968
1767
405
68
789
469
1045
1164
231
821
1237
1108
375
843
701
513
576
492
898
1564
1555
192
422
1034
787
1075
1818
1311
1443
1050
464
1900
978
1937
1024
68
680
667
1928
1124
446
394
849
1862
709
652
1616
1456
1380
1148
1142
521
1849
1348
1660
1477
75
1210
1289
1544
72
971
1319
1353
1256
356
141
1557
664
1534
718
584
127
197
246
1697
1716
911
314
859
1300
1794
1305
372
1716
449
630
975
1138
761
225
1163
1716
1405
1212
142
1693
608
1282
80
1849
964
781
431
482
1336
1383
857
54
963
1997
927
521
856
185
741
1312
312
1193
417
1489
820
1952
15
155
1047
1304
1613
759
318
1742
1418
482
1446
1491
1626
1725
863
860
1127
442
1584
1185
1780
1544
315
1992
1338
1267
372
466
1916
1108
1348
712
543
287
986
313
1785
279
739
370
857
1722
628
765
1040
420
1720
385
1106
40
870
1789
649
1492
62
872
1795
1708
1561
1204
1007
1061
168
673
946
1150
1575
1415
1423
1460
1742
91
682
651
1489
1098
1315
1680
1516
1761
1834
1379
169
1778
140
354
1754
1033
1144
943
1036
334
114
1462
1098
1532
170
558
115
1331
778
1534
1046
26
1336
1810
1583
1998
288
137
1592
499
1682
1815
24
1550
1654
811
1998
809
829
1575
1680
1026
1734
983
1860
840
1780
582
285
752
641
1679
887
1339
1965
1446
406
1790
899
219
475
131
161
1214
1553
1288
425
423
1130
246
283
696
1167
894
1204
1278
997
1471
384
1050
1866
1303
1715
1884
932
174
990
630
1315
767
58
1262
1022
1317
1232
1129
157
622
583
877
1080
1833
1936
1890
340
175
1337
1948
1606
1082
1335
424
370
1541
894
745
1303
223
571
496
188
1185
473
1894
1159
1053
989
1724
1543
1194
941
1191
1493
203
996
392
570
255
1056
1625
1154
237
1531
68
681
1114
174
1249
478
1830
23
738
26
1864
904
1879
1511
238
783
795
1702
1181
638
1543
1634
741
1780
1389
1544
818
93
1529
1557
860
1895
1875
636
345
1226
183
246
603
1834
148
353
1109
1096
1159
537
44
600
158
1548
1898
206
688
1640
962
1295
458
1262
1677
1635
125
224
1550
649
896
542
1065
349
98
250
1168
1496
1638
571
1494
559
822
497
703
1953
860
700
1688
1836
1182
1701
61
823
1580
1452
528
1476
1329
1451
27
989
444
815
1625
1046
613
597
1
1079
192
997
299
869
1637
445
708
1468
1519
430
1775
802
121
610
738
103
566
1078
1892
783
1007
1656
1808
1842
201
1028
1044
1535
404
1005
1223
1767
1804
1854
604
612
927
278
136
1160
309
1165
64
460
487
1660
655
226
514
236
975
1166
1454
780
1240
667
1066
39
755
1081
1645
1369
1606
1191
1370
325
919
210
412
972
1096
1849
1121
847
1806
704
1589
418
1251
1349
1226
638
368
787
1715
1201
354
428
838
1387
1919
453
442
1280
715
1159
1914
1948
1115
564
294
691
43
417
1259
1831
1896
239
1636
613
981
438
924
1611
876
1730
805
968
952
385
944
639
1739
1727
1810
767
44
1350
96
424
964
1878
1433
656
964
1020
637
1283
1702
1198
1690
1813
5
1638
806
1908
1220
863
467
313
646
1661
829
972
1683
460
1114
63
829
662
992
308
913
856
461
124
1761
1440
1593
1890
1635
495
1450
98
417
385
1884
907
217
806
1928
1675
421
369
301
62
74
451
1072
521
1750
579
289
1232
1095
1022
532
314
248
1541
882
1537
521
1065
657
1511
611
1078
1423
542
828
1559
1817
802
737
1850
991
1554
1145
493
674
961
1927
1268
1143
781
1217
992
1876
711
1463
1818
1323
1010
896
1580
88
69
693
307
1169
25
821
1968
1812
1627
1148
941
880
184
566
1407
1819
1589
494
151
1349
948
1973
57
1389
452
922
185
1365
1270
887
224
901
667
1929
1202
657
1195
820
871
1190
963
374
1474
809
1421
1355
110
240
1547
179
1291
1560
1963
1136
1204
1088
94
1299
1583
369
220
296
1700
453
734
825
1786
448
299
497
1717
597
1397
561
699
1180
1809
1932
1393
1988
216
155
799
875
1485
348
1949
168
1522
1287
670
209
5
1318
668
285
525
1732
1175
1703
1543
1598
1898
217
753
1211
1788
264
1715
1681
1632
1785
1114
451
927
1317
827
1104
1498
1312
1725
1353
1985
1720
1235
1379
1554
1266
632
20
1806
1326
1288
1130
872
931
1497
550
633
373
1010
1181
858
1798
67
265
1819
1958
1823
588
1771
5
561
1049
609
412
747
1977
1461
1306
1175
1119
897
357
76
322
298
1124
1984
1453
1958
1213
1557
593
1979
109
886
1674
630
1818
470
1165
1839
591
301
1076
1395
1885
801
342
852
818
1043
575
59
953
781
1288
1609
771
1897
1365
1677
1890
149
748
1923
1069
1204
1909
421
321
863
763
1640
860
275
1053
1032
426
1743
720
759
90
1794
1214
1787
453
1392
687
1538
450
1216
929
1968
1524
1544
456
648
1326
1046
1659
1125
446
931
586
1829
292
1754
755
1667
1653
927
1989
746
1784
1823
1100
1359
1385
1915
608
925
1693
1829
1955
876
218
1854
989
643
600
1171
539
1061
1082
1276
1517
625
101
1829
121
906
1586
165
89
868
881
1629
750
902
222
1223
971
817
1610
100
1887
1576
1254
261
547
1983
532
1264
1545
456
1617
131
504
1639
242
399
1260
1161
1728
460
118
422
1407
1971
1932
1406
1614
1314
930
34
1290
68
1471
1715
171
1284
438
76
89
1857
395
1979
1889
548
378
1082
672
800
1043
1306
1497
591
934
1
357
1061
475
21
24
1305
1007
1575
340
187
1720
95
1638
1025
123
111
1968
1848
43
807
1877
21
39
1810
1747
895
815
1495
234
1874
1970
778
1037
1614
1458
892
965
820
298
244
993
695
415
1527
1057
276
511
1161
414
464
767
510
275
1588
995
251
661
942
1969
1899
1280
355
1764
144
649
638
1037
720
1828
1603
272
1467
81
582
1459
339
304
489
394
1905
189
1623
1959
24
927
53
726
1205
105
1614
578
1578
1707
1125
1551
1930
811
1435
891
804
1965
1691
451
1743
720
1412
1946
400
300
772
1947
165
695
1906
1742
165
391
1113
627
970
1908
1897
27
220
314
559
1039
450
1913
1200
353
222
1414
1039
1798
320
1112
1174
453
135
76
41
867
973
1958
629
1982
1864
1206
1174
943
130
25
1912
1182
1864
646
1839
97
1691
229
1757
425
1536
370
624
1868
976
1540
412
1712
1547
527
238
1435
93
1424
808
921
1519
1149
1474
1392
161
1266
1343
1767
1399
52
784
1265
694
1387
1802
111
1395
1527
1456
1708
1994
327
1474
111
434
1258
627
1616
348
1660
1891
127
1430
208
491
838
309
1291
983
134
1359
1841
1464
1025
435
718
656
130
1977
1128
233
1883
1894
659
1928
1262
910
968
1726
664
672
1682
78
1035
342
1201
1856
175
375
1586
671
333
1406
1189
369
748
1185
1529
1897
94
1678
17
398
1075
1750
959
1537
689
739
486
585
80
1340
1321
1179
609
1268
270
1505
42
180
1926
1965
1101
447
1284
851
1091
294
322
1697
602
267
1439
1539
1504
663
1493
103
658
1147
1708
902
1174
53
909
1105
1669
90
22
77
1523
1922
1124
692
1357
990
972
1395
134
55
700
1064
1207
1219
489
1401
5
346
839
1757
416
1655
1994
69
827
1261
1525
34
1011
101
954
1273
565
577
1721
1963
855
917
1137
1071
849
1482
1018
249
1214
585
561
691
1931
1185
1764
790
1270
1175
544
1236
250
1424
1081
181
1980
376
1553
1046
1723
804
825
227
68
1656
496
1043
711
432
1688
522
655
1820
928
1584
358
589
245
34
1368
1564
155
512
1887
1147
1072
934
654
748
220
1939
736
1170
1731
1469
1387
64
1798
189
220
311
37
1071
1462
339
1782
324
1664
682
1879
856
1678
1452
1884
953
493
323
714
1159
12
1494
207
1711
226
1667
113
1198
286
1487
594
1593
1293
1699
1290
1138
1118
1543
888
808
1005
870
1416
1168
959
1560
239
1777
754
1664
952
301
1268
541
40
1028
1824
627
604
1137
636
1339
302
155
1024
190
692
310
538
18
1835
280
1912
299
929
1625
806
1019
825
453
839
411
704
239
1161
1413
867
1129
434
1709
835
481
315
555
1907
1156
1653
674
919
701
106
1536
1795
287
1494
353
800
796
180
857
1749
599
1694
1735
1816
31
979
1159
737
1954
1394
280
1018
1602
902
1232
680
1395
568
1383
1350
262
42
1442
1488
1141
173
385
1047
23
1164
457
784
1662
755
1099
1738
1026
1766
457
1379
1792
1821
228
1365
1951
664
1298
488
748
1341
1909
775
1345
1712
1545
536
149
1222
590
1240
1946
1703
128
367
1730
1334
1723
90
1975
637
1593
427
313
1565
510
1462
1917
400
1023
416
438
197
1231
809
1562
323
389
910
1720
888
1555
1578
416
795
1088
1639
1360
1086
941
1547
766
28
360
852
1649
110
882
1944
404
826
1186
1630
1078
1350
862
652
604
1502
1799
584
915
1203
933
777
1436
1
1141
1813
320
1355
1630
357
380
693
413
148
148
498
758
775
1749
1836
768
426
1189
1804
1296
463
587
1039
1652
580
1768
932
79
1623
124
229
626
405
975
936
1945
675
545
357
1391
1374
750
922
450
1322
1090
1408
1574
1169
1216
700
812
450
1272
720
944
144
1250
1851
997
162
1255
1691
461
299
834
30
1285
1171
50
468
1367
1429
275
1043
191
364
191
874
357
766
1428
535
1949
1571
1913
1094
1148
1531
1039
1750
1702
1398
1299
431
1015
1664
423
817
247
622
636
324
1237
353
1294
1318
7
1426
1889
265
1261
300
1065
1298
422
382
498
1842
1830
1641
450
1271
383
78
451
641
1860
1802
623
1923
1385
283
1474
362
346
1869
1873
185
608
1589
1643
406
321
683
799
581
995
858
1835
559
1701
815
1263
185
662
650
17
1937
859
340
892
1466
380
47
490
603
1261
727
986
645
1711
960
1607
1741
1689
384
1190
436
1158
1463
1297
1958
152
1056
168
726
233
120
1045
1394
403
1288
976
1777
787
206
1618
1059
1017
26
1038
1971
1715
1223
551
1696
1227
170
1139
1643
1310
684
1790
1427
1265
491
124
840
1717
200
860
627
944
770
602
1728
1633
34
464
1490
755
1816
1863
19
1996
824
556
27
1303
898
1854
1884
1420
1742
1746
868
774
1925
1981
1533
1700
90
468
1659
1581
1010
1264
143
1280
648
70
736
1821
1039
1906
411
1521
1659
174
1420
1479
554
137
995
968
264
888
1685
668
333
1508
40
952
1901
395
1438
1731
1059
516
544
828
1032
1273
1852
1961
247
237
544
623
62
1726
484
29
316
550
1284
1597
998
619
627
1381
1608
88
1515
170
1780
1365
1186
230
1928
1715
1420
1514
1026
1615
1860
66
175
819
582
476
1853
377
746
719
1996
1107
1413
1617
1012
982
309
1880
752
592
1428
1549
1438
1472
811
856
1131
1806
97
1403
1440
1041
1928
142
1410
648
172
1133
382
1640
1750
821
95
874
1308
1576
229
1718
895
1204
1155
1956
738
1025
784
1449
1202
171
366
1056
1919
1741
74
1722
412
276
266
533
1827
3
1988
1319
1514
963
644
1591
1123
1469
563
940
466
573
1172
1732
1823
1055
1083
146
253
1069
1425
639
1771
1799
1456
1880
893
706
989
950
490
1468
675
1924
1840
1619
1028
183
1003
433
210
734
1193
560
1092
119
802
14
1165
57
1741
69
1184
1892
1348
1193
1333
386
659
1522
275
566
1628
1500
896
99
615
1038
416
269
1240
1651
85
1517
201
1077
955
745
717
1096
1316
1850
1164
434
559
962
977
1812
553
92
337
776
1671
1972
1327
1859
126
789
240
765
626
166
1893
1009
561
1457
803
1860
1872
1311
374
882
1291
202
1901
1191
852
884
1918
1778
422
808
1893
1812
288
981
61
1361
163
74
873
1618
48
879
648
702
27
1936
1929
1433
20
615
981
543
1351
1460
1274
1075
462
1552
328
1054
520
1355
1751
928
818
430
488
988
26
436
970
1790
852
1156
1217
1038
1916
1313
452
1478
1265
1965
1270
719
998
164
747
1852
1032
1417
1303
35
537
1764
439
1830
404
495
18
680
1585
257
573
257
1683
1904
586
438
491
487
651
989
1410
1548
1973
1147
1133
1774
991
1440
880
1540
1596
1150
1360
387
254
167
910
204
107
1328
1017
1112
114
1245
1413
541
230
1945
1521
1103
1017
263
415
199
598
135
894
1452
1845
172
622
1209
1339
1636
1921
49
60
1583
1631
1438
1657
1773
1700
1573
1014
1912
1464
1571
928
1257
688
818
108
723
1749
1590
291
721
1273
636
1277
987
1732
1290
18
781
419
1065
1926
1858
1739
527
1202
231
552
1887
1427
650
883
109
1592
1966
1513
962
874
1027
317
1656
1888
286
1348
1988
1411
1394
1313
1397
855
562
1327
1842
1099
1951
418
1758
1248
1903
1004
1317
1058
918
597
1073
1534
929
645
1219
1140
474
751
1901
875
397
1117
457
538
751
70
1457
1906
1819
1424
1342
1146
516
1197
1931
1287
86
720
428
1827
111
871
315
1790
171
910
1682
41
354
1227
418
1859
809
830
1082
846
251
32
564
1116
1351
588
1216
1229
1110
1211
859
703
1052
2000
1512
765
700
1406
107
572
556
898
1624
939
418
30
777
1964
1022
1493
724
1136
1125
1977
1901
122
1478
448
370
850
158
1303
1192
730
1300
106
657
571
850
1653
949
60
480
1594
162
898
1452
1728
1682
1886
811
748
1236
1003
499
1896
1753
1071
289
1511
101
1872
446
1086
73
729
1257
1005
65
1233
1615
1356
1899
25
584
878
1659
9
1360
934
650
1809
249
1784
1251
1872
48
685
1412
418
1065
1016
241
160
1830
1068
1107
467
1834
710
1335
32
1214
1464
367
1018
1962
725
1360
1552
1128
1309
558
378
178
1009
902
1631
63
396
620
905
1630
1173
1497
1806
1235
397
1576
244
1939
1872
1666
196
1946
1643
1659
410
39
493
994
750
1131
1993
1919
548
946
949
1453
1159
1209
1448
1852
267
1939
1100
230
1434
901
1705
1022
1743
369
23
537
1979
45
1609
1417
1733
1363
1445
1275
583
1047
970
1538
230
183
5
1308
1385
1953
1195
37
947
198
969
412
1602
1779
999
1206
834
1978
1372
562
756
246
415
458
1222
398
305
1489
817
1230
1976
1366
1242
496
556
1347
1005
996
1512
535
1040
1191
1414
396
1388
1021
1834
272
1665
1569
147
298
1467
17
596
176
1582
1076
1514
1895
431
1922
810
1895
1492
2
278
470
1957
321
1121
644
1804
393
1005
1116
1800
708
125
1366
545
573
145
1734
879
1521
663
1688
1088
34
1528
979
430
807
1617
1021
489
1957
1350
1312
961
1171
82
688
1036
740
1434
434
163
1996
1664
1255
137
625
1070
1192
876
629
603
108
47
720
1363
1410
761
103
114
1178
1439
621
1673
273
135
1785
1698
602
577
1439
1214
1352
301
1481
184
946
1750
441
1032
767
1025
1883
1189
638
402
1260
1738
1584
665
1494
1948
1608
929
331
576
1976
1208
259
1832
1669
1581
1733
1167
1356
1732
1744
357
983
1417
1149
21
830
1481
1930
1343
819
1038
687
78
1500
564
59
1032
1397
1124
317
144
1982
1122
99
502
225
1
1867
999
1192
326
1208
962
1030
111
534
1930
661
1335
656
1184
1538
123
462
468
1611
936
714
1253
1585
1639
45
1923
897
540
1078
1227
1253
1541
233
230
1740
1540
870
1544
1451
1200
1274
1921
240
976
1165
1070
512
1526
1755
801
1795
1519
1208
1663
1185
1948
845
1671
1731
1981
1436
1023
1802
694
1360
196
532
113
712
1530
1403
298
1199
1171
906
1639
1316
1712
1732
679
1594
132
776
1703
1261
1515
660
1307
234
707
179
1185
1664
48
162
1690
1927
1445
711
414
331
675
1836
1561
1856
1195
350
1080
560
1600
345
334
1315
1262
1486
1954
1281
1954
1571
1050
1044
574
1465
417
121
718
978
1513
1114
479
1022
1214
820
640
1654
1219
1078
750
734
226
285
1084
1292
1804
424
1533
383
230
1352
1439
28
1070
453
747
1439
609
46
942
934
343
102
381
1561
1602
5
903
927
851
908
93
1378
482
1103
1760
1864
193
623
1388
645
282
1429
1724
1632
1845
1144
940
117
1704
1282
996
783
501
376
1100
1117
1598
438
834
1474
426
1433
1619
1062
910
1579
919
1992
341
401
922
1094
1585
1023
691
169
1441
101
1565
1363
781
620
126
1828
1222
1105
283
124
12
1845
297
1365
523
483
586
1362
1238
960
1070
1248
817
341
402
1859
1583
1033
605
520
1764
945
1237
954
1842
1465
1545
1541
1092
882
269
1091
1321
1815
779
1162
1246
68
735
1990
143
728
1289
1402
759
1813
1254
1506
1270
102
1284
810
1547
215
1853
744
372
663
1271
444
3
455
312
159
1012
710
870
1256
368
6
1144
1185
1970
1477
148
1697
542
1594
222
903
556
1511
1401
1246
1844
1190
1473
371
1102
1259
131
1845
1886
1603
1732
1757
785
864
555
1183
37
110
1037
716
934
997
1475
82
1038
1154
1503
1753
1668
654
216
1915
87
214
240
1701
1817
972
556
572
817
868
1645
1603
827
444
589
1764
1177
483
1685
1295
1960
320
1022
1729
1930
1292
1980
1754
566
2
1675
830
841
1711
1145
1687
155
1688
928
1658
41
1200
1457
1506
1268
106
79
324
524
1365
716
674
834
173
191
176
726
1978
521
1737
1162
1965
1686
1597
1999
1900
759
497
1647
171
201
536
1933
1351
1870
1387
25
715
51
293
973
986
925
658
1448
214
97
990
1259
557
493
7
1966
229
1281
1502
253
588
739
1111
239
1294
1109
989
1769
1155
1778
1733
184
1509
1811
758
1539
711
1004
901
1398
1541
939
1695
592
707
727
464
1976
693
1206
1586
792
1888
1
1694
1526
397
1654
36
1414
269
364
1427
1971
1100
197
1081
1757
1464
404
1704
949
675
968
127
732
476
1702
833
344
1761
1585
1099
362
47
482
1933
1427
1385
1672
1987
298
1708
1673
1333
1787
734
676
52
515
172
1179
821
1944
934
869
342
132
1942
1249
1246
1399
1537
1059
872
621
1541
261
1883
1087
407
757
1409
1922
939
657
1734
662
947
1317
1694
229
688
1953
1602
802
1371
1094
886
542
154
630
970
1359
1962
611
1182
454
297
1126
121
485
1818
752
631
277
1711
860
968
717
629
1742
1071
1886
1025
508
359
828
1382
256
1573
796
1111
801
177
1508
757
55
776
1812
1309
1370
297
1541
1042
213
1753
1436
231
1227
89
1186
1159
563
1970
640
1126
102
1256
586
1589
1215
1062
46
487
121
1175
946
747
1407
1958
1769
771
84
231
48
1983
968
1347
1489
511
1526
1217
519
1438
310
1385
983
957
484
1967
1986
1171
941
871
1542
1818
1769
1432
979
636
1874
1981
1165
545
1706
702
494
457
264
715
1992
88
1350
1578
897
1796
1344
1017
972
1314
1469
1114
72
1567
1546
553
838
1133
1559
1442
1914
1772
717
463
51
1249
881
222
909
175
1809
857
1192
1554
234
323
824
30
1991
301
1685
1903
11
1520
1171
412
995
1397
1663
230
725
1894
1721
1912
1583
272
340
1148
857
495
984
254
622
1311
1173
647
776
523
346
88
732
165
1175
42
968
1775
750
1208
672
212
953
1256
310
1892
1572
878
1416
288
164
1045
1873
