#N=10500
42877753
60690179
28906051
67740781
83381836
1267502
104634579
38139957
88849364
40590062
97643560
22544987
43368427
63307052
61836071
32889637
46757816
15373998
91595905
20226585
76205497
75301464
21864780
78424652
7985644
38204494
91091942
105770591
68225468
15763163
39281780
27870601
87558344
80372177
73356203
45241879
75401768
64044516
103480027
66304376
49955264
87070137
70958917
10478790
16549235
99195702
104277362
26531231
102152130
16294440
51095434
108030846
67315820
93910287
97582711
65198683
80229027
75328779
66488811
93088496
91188449
11643231
64764398
42316464
4970409
62045316
104745482
9097392
66822881
16409890
48079088
39476473
70520901
24496843
69185058
42751633
107293573
87982921
28169426
104371285
1712249
67435148
10448135
2117136
66414889
22253932
51443501
39874160
36873958
54845579
28324097
48871985
6672822
55452711
47820983
106123018
105472435
30819220
13751932
27346408
56138989
23582245
23025044
80502897
27453271
91452138
14582206
55655916
28754300
13467907
93923150
109845114
53753888
98444204
3407264
26540729
38113602
106847923
64283691
98251974
48172757
83121387
53784631
63533434
60230277
69735391
34854713
20609655
84930232
100419688
57054993
28369721
48862602
41822907
65920691
82047356
5181466
1114299
14466395
29159187
12447648
105728947
48921478
27213159
2814229
6809342
14990666
50111629
58675166
91412305
97200972
37372951
22891110
94299240
28678721
92354250
37538788
97418655
73804663
56560511
51557086
15232086
72699031
77065247
89375070
64806392
10064589
28755908
41400279
18987448
90487710
95484490
102914718
42112136
64956121
62952601
867805
33828362
5644285
21302214
11004823
55635361
61427859
93520489
56760452
94243696
18549587
91228278
45861569
1056205
36595109
27225467
88840646
7892639
67000658
60619162
76139741
43810769
101251828
56165790
26322731
48375574
83261998
92695745
93977960
83861388
110041945
89815591
75557167
60258925
12607984
27734335
109124910
19917792
74970902
75782174
48382127
70227010
107366798
71369730
22465560
28702470
70474810
80955113
94736527
75923518
12100963
19973951
17488038
52876254
25637421
96610616
64647615
109650610
92903801
4162368
61037850
49783019
19691235
47822832
3867644
102940192
5497061
33342735
81785666
4743892
78665377
29746025
100495079
21147956
53628549
104494077
96949572
104801293
68854150
74762576
58435480
69474710
47070159
83861052
40962268
26236811
56440443
2968874
101346389
43120782
37204762
13215017
98649004
27001044
42325771
80774910
73888155
753169
64927359
104773270
67232443
1048
28851105
48734630
34448385
59077257
35639927
22186996
46365813
52113069
80426045
27308057
81246071
20833348
80154237
37993393
35140423
13319661
76014113
88131372
107455408
10203718
23622875
17874094
5846518
41572601
15847550
21848514
96504356
64926311
75922165
18497812
18286292
80023848
13094703
12261388
65445073
36260487
104744581
19057756
81116999
2076325
110137449
43252677
95942926
66834576
14712909
109992681
16114254
8294023
6992124
89581314
4357200
92300275
2026543
36731633
55318246
3654868
56176350
20490172
99373647
48631945
58136738
6024904
67312404
29567844
70500437
46387317
65393489
102668255
71903936
90597950
16383400
96036502
81273397
38683874
50720321
6418885
103000556
89516570
56670452
77675479
30038398
20359196
36982029
51105304
90805284
87561703
14531222
7544404
72603434
35832371
34053170
28568894
45774467
20925086
16907984
78082183
27217010
85045540
28768483
28601063
9324553
30433155
45316181
17338140
45933318
13937380
2482062
78058706
59478172
36311256
40693450
31666723
39803913
59670327
89307711
25744507
67691897
88948851
26224863
44034540
42791533
13128084
64394539
77942285
46441705
42112445
102047329
51349576
75720987
108585328
93534883
44720042
94749838
31378801
67589707
20608241
7192837
76420806
90098884
80545077
106757344
91273124
52609013
66793034
44712058
358859
109769645
23657357
46157318
13096779
89890002
17582876
19420007
75015723
86144957
105342130
76641459
103712001
68064694
83734574
66569119
62156082
29863964
16625224
76919593
101418901
40759358
36897760
79913463
109075761
27936064
92697939
46561066
52250154
67273390
73788330
6935170
39156494
44017355
81308071
103926772
67607908
41687920
77061507
108624265
92682957
37277436
45640514
89876511
5908612
53870610
49943895
37970118
91428692
86115867
92755461
21505438
94667227
8961696
39949153
62514695
28419539
25424549
25506364
98048613
80850524
29770975
35877100
98213352
86659448
92353780
79598894
69233644
59254964
39784070
5467379
55540075
31368824
44503533
39932616
20672123
15175546
74078028
108198286
69923254
44182269
83793765
34289914
32152532
33275786
67258233
89741959
40620927
107557654
105985390
4655141
35370801
53361528
53773321
18614457
70159432
33098816
39814824
6249893
56448518
8415246
13697475
15607459
63430330
29327986
18588216
75457466
55502293
82629388
24404521
35633339
64763366
103251607
19765310
105394202
102904860
12434207
94006570
88699415
14670481
105357491
61131821
16756344
35935724
20674505
31533262
63909539
29383927
84133207
45286047
40841059
107968545
94619489
49752871
98222865
26559322
98942458
51052945
19868954
17866021
84136544
68601658
69619165
346747
60064732
64121261
66939074
50497355
41382707
80301223
108164138
69421767
40457316
37956710
82276186
44024207
57650056
71357120
41276497
28898290
60916559
43821816
9745680
10543795
3544042
47169920
6690368
81076437
19650030
4000925
58496857
26273425
61270555
58231532
96391302
62301005
75472183
39371480
52583218
82210941
39843907
12691055
97395581
49166738
90556655
63652695
2747710
81485395
10440561
107704681
19152610
103106392
93011403
72825761
56587056
32717606
80253519
2689443
22579579
46110234
52980371
52998954
92865752
51703178
35492978
57019822
9717787
103511242
109777574
39892163
37548989
43410798
32384401
86476515
46419028
61804889
53212133
5293029
62332785
17584170
67426907
109310478
99252965
60293797
102822243
53897613
62871655
86876914
2442701
22314254
63494482
1277192
17505975
35845930
41985391
94965366
110225877
22559253
8445881
8850404
7507761
3806102
107241771
23313141
33264382
41125998
52205733
35627963
100849752
63272307
81314835
7133109
6488235
98088980
50155771
68678958
51454912
40557401
23382431
1165508
4808279
80382181
12025430
85524239
88603683
72159767
29003112
101375473
15051491
57373408
11858634
36928249
80791721
66115772
23841037
107886419
103259876
99183426
7046757
93716643
56784072
93475855
9710967
100792906
46634068
9598370
45296527
103023033
35749122
105983880
41873707
82267669
44512127
102849292
109254756
97478211
57108276
81879705
89516838
30856871
86831687
108726492
13087211
83155303
15589525
34907612
43323290
9543233
42399354
23820903
26489303
8724795
99575416
112597
55496379
106594665
84099249
102296276
3632953
6215081
61471753
102008045
83262914
110017546
45741016
27375050
7961372
78985033
47781647
33523975
17769660
56410013
93136966
88429600
92565642
6046292
45241887
19502387
35787558
86408188
87229116
26376706
63478416
103230752
78996978
5933732
45445339
20367795
93558152
11874909
33202168
4187836
56267028
108621493
102056173
19489612
32327032
84687398
61215373
44105262
103370639
39590060
16578000
87090674
95921342
73063255
22992363
11567328
95256900
62144481
22929771
94248365
113356
28312
269041
58629183
22625581
33570430
97415628
89370315
8341510
87564305
12381664
89511045
76294460
17368775
68524239
40955399
34050388
21625313
27527262
16279965
106652348
106498375
6581939
26837642
88056355
71097882
98887557
53742164
4514753
75635088
36462952
51734174
87652732
76948612
13947183
96238895
25228920
9851323
76988651
81814094
11269844
47746517
20986806
88072690
36052016
99632555
13428137
17770423
77956595
84012516
62431655
79814705
18442020
45734057
90933715
87047820
9066757
75986098
17279212
5514207
98232356
69764341
37786991
44147466
51719692
4095860
19250244
106398455
108831480
81975763
3310916
86180784
11694501
31604251
74644553
18281593
21675960
39665621
8072397
50875518
8054124
69431226
41614619
94377830
36667300
14947616
69768607
56286179
88003743
248500
77977217
106818519
18044649
33691131
24897222
108304866
58248010
100258111
45571167
75384325
70281262
81956666
11536230
46146536
62661920
87712561
62942825
23534071
84345126
48891171
9260899
23926295
32763926
26667003
24609222
33114750
89927503
12003735
88558962
33918852
92453852
97019715
24404925
72723412
28176750
34889112
62733699
93113686
29976849
16348130
6331722
76868354
19294746
86807299
93453712
39127849
3367435
14051654
14273172
60418830
68860874
35327525
52050702
52382805
99723129
65339116
107539417
56008651
29799883
101789248
62247556
72464069
11326593
99765814
9989713
98046694
57645892
99119198
86781963
5842123
107303385
82508053
93664643
32900526
83439864
21885686
24854677
53198605
108174410
31679276
61101757
16478068
98588025
96961586
107827018
43714478
88272862
5750169
46494724
10069443
32946282
72731742
62474356
76263529
42119922
73854144
11264730
104537397
102065814
57007539
22427481
16886487
109318189
14262585
8045849
30241259
23961277
45909030
102346849
91696341
96074880
16873800
71634680
107607176
61422353
44560476
107469755
20687046
83053888
84012982
57845088
9416382
30611820
41353840
64998799
100566155
82038331
64507192
82109916
27662955
57939351
60898524
61574267
79076930
100551309
72386820
38144411
42514936
2567778
27956677
72795290
98717705
8185075
79807833
137420
40735307
14240217
23456773
73091959
73637506
53401162
69224877
54667584
93029295
69565510
53225236
71189867
107109004
6567841
73945021
18822317
89112421
70597216
99437448
93666148
58036373
12302669
62921363
22453275
14100074
72505230
45721086
41063913
77699769
8051243
86930648
20376977
50852712
80305611
56600711
18969922
13105496
52392995
54175977
21839427
72706507
46657395
49978475
30770315
27705420
3347805
82368499
48179902
65294472
87134778
30744785
35583097
108452596
43149761
29465818
25769790
105055462
37669842
64383265
110056421
67448532
6625037
16509895
84616419
9683743
4207715
75043946
101516070
89936489
7518582
24594581
94669821
18951974
99364299
58651816
32259147
48303334
105483722
17435116
29711374
88932183
40328653
58850908
25166434
48344300
102045977
71636525
47732669
22954939
57758228
36030154
35565741
49674923
12302179
9572473
18417674
77254856
67525364
19405117
105516669
41300236
88213911
36018004
39426456
51060965
5901723
14824031
18591959
16551539
29840092
23594095
63765748
44717981
67054932
6263538
611631
21574665
13878297
64436144
40122827
60816934
23727975
25993268
83990878
45297324
52297110
51746186
81988187
78958756
41441206
69498665
54607409
89886575
82849910
24602425
32469006
99600185
37717567
47731493
63035791
95372112
66789164
110235839
96839979
98213895
102635242
46425488
34185467
5794991
40708169
14129559
29559685
88680651
26429786
32244692
16042766
26071983
10304979
12489522
77084976
4288260
39382384
30004984
57417569
93499725
39618486
94987514
89298023
52595456
91192329
5533581
51265761
21308898
7600597
50414491
6512056
39323878
5717319
72789537
28968935
4761146
97949773
107564994
15121513
53091432
21939712
3553243
59237008
58750348
25840767
99813620
57120692
108866288
100636499
72680056
56935331
39756659
56528813
26248070
54063324
12367059
108182984
851270
67530471
21010348
44697172
43972519
10354943
53689801
85089765
84387570
99889634
97591970
85625282
64301899
104104425
73439365
87962477
12157016
1629655
79958109
109427122
37174265
51930957
3363468
68884871
30687261
95943336
44161754
28315086
53212054
107820218
87172636
66404098
23557951
63389033
43741000
11616383
88951003
64050168
40231424
109012289
88321364
103737545
12185916
86589423
34431037
14293338
60737997
12979895
17189019
28027152
48547282
78539395
21243695
17670133
24723117
55105804
42731282
99325165
104126080
97057956
84262267
76517232
75396727
64675197
27171659
89940832
81634960
90188714
28462433
46743879
96826373
54465570
11790136
50626207
78585055
21451142
107354320
32710845
74682613
101633254
6783456
83610778
53816277
18871520
85188852
88381582
3713353
55923326
15062898
27608848
74394858
72320699
102079201
38189524
93290237
47232946
61478399
87624710
46095970
26730492
87687372
46200165
28614144
100588995
106255517
45874210
57018529
5721066
78661017
43805464
47816976
98161937
108671927
18168324
67891796
29265525
73318683
86354506
34262097
105725829
88513276
36205334
89280462
54846255
86961126
58399156
53870604
87481535
52670967
110145806
50849977
97348377
102928278
92989935
43570466
100534451
19946821
65946694
68154090
90749081
45383537
82382281
83003769
21890030
55099642
34270919
105253429
77842855
108091230
108306764
69178996
33667021
1977837
83614935
53709280
109729591
58461818
106708428
89365187
65572590
7217528
68110043
53777911
2393826
15526741
30357400
32380361
92181370
73296786
38505438
7745312
76227136
80016268
101466479
26886602
87506788
36429690
49680293
61397488
16907837
48812555
95814062
32691370
2498246
25153116
109984481
73098033
103139229
99490900
73988772
64528308
57557330
52583302
76154140
80263466
86329001
9794243
46608551
84436058
107319650
11222799
69262463
49340534
102759481
7520417
29939937
78842929
19521852
867738
75833427
36950096
99047938
13144573
85690518
92383843
84997517
10493581
109359262
91344550
94667199
74139099
41107797
30027493
76504301
66359896
33654915
54626572
12724594
88119381
67907224
57979116
18713319
4225674
72134226
23916552
98248565
29072199
3009502
35305385
12069801
5172481
61509579
59397724
38397057
75196937
93274582
103902968
78810012
87953791
102970382
7123334
107884799
84997901
106622579
74611358
106368931
55785535
39452977
64995479
69406061
6165178
38578519
47530396
16227109
43062026
20907050
62943180
17002398
50570649
26529435
5405706
77025425
39046270
76373143
97477718
49120554
5320790
53666215
14170306
32802621
70706109
10750756
33273441
88878971
50837044
87892009
94107081
39113102
33287799
79150589
74609294
100188069
105766493
26623346
63533930
26059628
23070029
89147374
64330321
83795225
97733165
39282564
32281336
100175717
13535980
43811503
34950248
25251798
35693735
3419550
52262809
92077139
12647341
55631432
47505518
64457570
54604210
67690121
74753809
96083360
83634096
100719576
36654139
79706865
3553317
27120184
14462935
49524805
101664210
25047757
104247518
107807449
78480212
98719834
65225468
98534183
60851397
84264327
25722617
53866596
43505838
106881378
97305250
923399
1027222
32549026
99953762
11254479
94306026
26767862
59429220
56660860
97166259
62267584
65243930
64278512
35705975
99665179
108260917
104106761
109551175
5527684
95315610
90196030
90602066
33694770
15295194
6984800
93492118
29091240
9294975
95316067
48337783
64756224
11219638
42506372
101226630
15669528
62075259
37645166
39851603
49895265
101666931
32887747
26561608
18312380
8751224
41849215
42847633
45216861
61524780
19355145
25175619
61620840
17384464
26100893
103186281
38937582
107939826
50909680
33487086
54788752
84096429
5831411
16263223
48283739
33164742
63581464
86067925
12179994
98961865
6963856
76067286
25838179
76870152
94962394
28198376
16267991
33058063
23492488
20041242
52637569
54704310
51808354
11168187
88696882
28411068
105010230
58184125
53151073
77063252
27655675
91259158
35812689
25400298
5415388
14949443
20984748
17353228
79104069
99096338
73123686
93077334
91354892
50373432
3085788
4387959
4705888
48960378
90670495
21521807
78482889
41469382
76257428
23397286
69141587
83246386
27993624
27946978
30528450
14625544
93984191
54989006
85843770
73596875
4415550
40795789
46095375
84872040
54479543
38760363
7741445
75483883
89991546
86966933
45667544
6859039
23967465
93434082
80727490
49201113
55514379
55085603
25061424
103261043
48137291
93928237
105451564
13368080
44212788
85789445
39031774
20387316
50573456
97781610
27501500
82527140
39049875
60068640
77130594
89245661
59018818
31024513
29816339
25616134
5483096
4967091
36381550
85016353
37919702
78375516
76873318
62503337
59681941
94116816
50543108
34769211
49715449
19662119
84586306
23825472
87949618
104233794
45619444
20779945
1215363
20166489
5396545
60054215
1049822
98839710
59429322
86136313
78275045
77582877
99484585
30716744
77297389
10739663
60876664
85666366
18693575
35490130
64693858
24912730
97134996
30880989
60432905
25889977
94696130
33086141
30939656
67169673
45502058
25452955
68117028
51411149
19116667
16806836
53358522
77897139
20564665
92096446
96901729
100291930
53019116
31228549
80090081
101881024
102296089
78120162
73706137
46514474
48605135
33812869
74729825
71245018
99168488
80080393
105200322
27526457
97834084
5486701
51786274
46824538
59069917
51310192
50786256
104203158
48975800
71512077
33729039
83256365
39077329
65673179
20201848
3871721
39182461
54703548
28174886
108515244
29515027
39893268
82034649
30093746
97628010
104899433
76294697
71642031
34979938
42197249
28473812
103743175
109400413
53209710
48771910
65116760
55068021
89524180
70474119
75969436
32434747
78305860
5538144
87939237
79224347
75748301
85946836
93650846
77922150
41015247
26480595
52154910
105248888
29868845
64049049
25985979
12403123
86831077
95901848
94220393
43046836
27997730
107704893
44283653
50875318
69497731
104892642
89348586
57089433
44901887
70431291
107479140
51815142
92773473
54726030
95823502
50559780
97665218
9653879
78500869
46016360
49345379
98355861
21746537
17465721
29951601
93067760
81166360
96517870
67904118
39249128
109013184
29856041
38207162
49641011
71776732
12408298
2474383
18917295
2343921
45820374
30391447
52753110
66241641
42213692
9794441
28653250
24792540
51648858
13042129
90395008
77003452
31879657
10887888
38928777
99282991
43683732
25163642
94650861
97754686
90781705
1041966
59372173
10812938
25798864
99900257
52859437
62798005
9387637
41259476
59840812
89828734
40911384
95692298
90322019
70154781
68395584
68344750
44647533
27379035
91412473
21990748
38074674
95580296
77454157
13765135
4632130
56179046
97365567
93608895
91116142
22452395
85493102
12205544
68203501
15734488
90512620
64333590
2957193
82542533
53081721
16882142
52240344
81006604
80030343
74710898
25507248
93750178
87182278
22656785
99554361
48565805
107520220
77043168
90948166
21275111
79383198
74006865
17796533
74913171
60849421
21394226
64498895
69758614
31942925
56603540
65510923
60703716
11251868
38808680
83035818
82325118
47101800
87779446
55499356
96530166
97778621
55584092
46929445
91350101
78120194
22511193
10351268
86245109
107909971
69674930
56212207
4470026
13157443
106652308
63147905
101340808
42184929
7895354
56981320
81489210
45351672
26702243
30401527
91910380
101956881
105506372
79559391
3305262
42734454
52648893
102334350
59162149
87713898
24418252
23482461
44608714
77584851
50926338
30032902
103439945
56517487
59809900
104305751
22066636
6951006
55252551
97093117
70945720
15277311
30279076
51087683
6174921
87728992
87878784
65084617
41135246
5255546
26910498
11220913
93822306
75184995
20399725
88413316
95838813
57083402
82806124
14575811
84394907
47142480
22956631
51867823
34450850
105592522
49053200
87957149
46255287
92708868
66814040
72591665
9102390
105533714
15942528
104073933
99327375
25106866
38174119
29914333
21683241
61975504
43554817
58142618
32079811
73566324
5607192
81263002
25422123
88397272
44352809
85260713
12691630
27614110
2814623
109477331
1820863
9077960
21143109
26397251
83606478
14013955
56649137
68012087
58939968
43569291
65899814
69413042
56157253
86448616
96609517
73790624
82629322
22722121
52535426
61066810
48144201
80193550
89643822
103145040
18189270
16738699
82446090
13464300
78526876
103986663
88334222
85673613
88455112
59862782
79998114
68328020
7807616
65813475
2112272
99776927
97662038
32184827
83053526
92616630
56552923
16371023
21255198
21562512
84827921
25075505
24156617
107982791
4487907
72905123
20698949
4724970
101195453
88709428
88113708
103103264
68265180
28471439
58409127
20127092
104788795
66918268
8699375
18280690
78401438
22661074
69457030
57779037
85881905
9166130
71361432
87724040
41793103
48913322
50139524
87095131
73321226
61501495
29767469
110012938
24443299
94973151
79594892
108342190
73177877
59642268
97427765
48138087
86666274
44224488
64161346
28991732
98766831
96288302
1557289
73356030
47029169
2774527
96667605
50891494
77623028
75181739
37584516
64947972
85842096
41371658
110061291
73558289
37058196
97777948
83151674
79084739
74528903
19952624
10914424
25039789
83225995
105936906
94226742
158170
55707658
20606672
27434443
25410801
101992762
109032763
86938425
106387676
35401500
21485866
13306978
12675056
99589644
48946487
7620310
12283807
4313462
65016972
43140244
10707086
23249044
63199050
68170314
49489114
46976630
67961148
41063048
25551453
50229247
16103698
82973728
30296857
28863911
28651681
101456005
105855087
16114891
65452559
93080697
22726444
84879852
17094120
57788374
29789465
44633025
52853339
21877192
46340005
41767927
32674822
105520401
26493559
16222420
52942795
8426066
74158806
17731901
77692979
52827726
72666019
97489787
54322047
91824482
85992454
65270419
36003446
12774389
103638448
33306336
18470205
17671698
107824016
25194724
57668664
7912273
51026649
11085412
41935998
103803233
68007997
16452402
105311235
18067493
105047244
35210894
93716717
21331080
108049512
90453192
51239308
91091538
64230962
99301629
108554665
73218065
14365600
2697109
47037813
28450377
88465950
46009109
12736663
99911743
84418076
46583252
18709903
110207045
106061045
25483596
51225627
49940503
74388787
70100341
87334406
83716164
90145012
3263524
22825401
16957974
26222230
62187680
35270502
101262898
27419657
105857555
78913880
38648851
24481160
1028704
15713714
41287836
71841034
76403412
81201839
26944660
103505837
45959936
1465046
56120541
61344810
91375286
15339726
43406252
90205330
84070882
3374391
73187038
87291295
70887722
34421101
87942962
34768023
39662947
75082646
41504434
81376395
77885176
22935137
35926952
92171300
102293931
70335998
97630003
25631204
87975532
78213242
47385295
94865127
20339761
93514444
70672187
1169956
41518845
92765489
69751921
107029588
42736670
91499566
52081961
88853328
105008154
12860316
45997217
68536553
107447471
71302926
98183072
38447505
30891207
75840955
47274926
19146355
35094094
19416760
88495910
103360406
57873481
64120852
24192940
19169805
51995599
30640326
94401664
97472887
50028819
88502356
54947626
6616971
96741412
91955274
42856110
36471601
15662846
27427920
23087110
11483593
40411719
22342116
101422580
64478481
40746861
27858165
40900446
41983689
71793280
24375058
79167466
38703676
12125252
46286242
87751770
7256341
90861508
5899308
42525260
96145476
102010945
15725981
74010862
2753439
76292428
68161819
66118120
56912881
97266202
744993
73044643
28666867
91845256
73564415
23578035
51496801
66314886
16525388
15549851
85823232
12249805
85614853
3685535
4868911
65674735
81852462
17464710
104966033
66871993
26799279
74868243
41741134
102417182
5849043
46885319
19379547
81145617
65373127
36601867
11082963
19149738
109730229
5088832
93082084
59983157
7052647
88680578
33225283
57009211
40184999
82137697
7380894
19940118
84816702
40137830
13442331
67714098
100915431
30097789
25130859
87365727
11502828
105105815
83037635
34953426
91762193
35511308
12546282
98957018
37121639
5994131
36317654
102480700
50769814
57135135
26757874
2777064
48495579
3821214
49628317
72978510
50054624
19976693
59231416
69836233
49472399
93594542
42583239
66283333
71328590
83008673
57061720
86799403
13343622
47526327
75140773
45538804
108639670
6552150
62639363
97624569
7957946
89432520
75722826
47992749
61373185
75670289
63398748
28250697
6500219
82385252
13747094
90468392
80754295
75886874
79986622
35922695
22265952
12308195
9221613
37262816
69665051
9535393
64392258
20538446
101870287
68588623
93149442
11015101
51327833
25940472
74635372
12698826
80792964
52786166
94844002
33122487
69170069
33747125
14503603
26281828
1630957
100843850
63215398
97565229
53620922
67678427
26701082
37736765
52893144
52419848
25604186
49126605
70648736
106053636
37639005
90855186
69994419
9692598
99363359
38629007
55397508
21849206
28104825
47670477
93866097
61096877
71352513
95621870
84849796
76643383
73316431
67049358
47222928
105786972
70864147
68617785
67518912
27014862
64866208
3766539
92021113
29800551
64221228
32527179
88792846
27946407
101741828
31365412
7028718
19997781
63257811
60460660
38233109
77257949
86567964
50977856
28980709
47442759
22305439
70534067
29420455
77779460
48918840
31338771
91001689
43849284
56485206
63752372
45243750
87799286
102528941
1977561
51257705
36274821
41035352
57427434
73651318
24227675
78357602
56818059
92014672
96249863
84142697
39988882
101010868
91858834
28672417
11180271
18022304
107509609
74348855
50815312
39511400
5069556
85103566
79982945
51339163
21419549
71473432
43266189
36541580
8737748
71192210
104080272
72873504
69541306
31803461
69566888
42463003
92357740
25408991
104759419
47972623
102533864
11316464
32314225
16320157
84146438
47081417
77456993
10481837
11762927
75961747
69778455
63980394
6167644
8509513
8072974
95127970
5219312
82323980
42711309
98847874
54384532
14760438
56040245
79811932
49695722
44157897
47953585
97118745
33125128
35926583
68392027
28697334
90153656
95482809
49113165
16148229
88052118
1495245
50953382
58032534
69794103
3752570
55907420
74023304
56023829
88732624
105150289
69355068
80673076
27950871
42807629
84822601
17798345
11882348
84591976
62826978
63766398
12027002
81460347
57161422
108756557
83159219
89834170
74005426
7430690
47617920
75444848
82753213
94684772
99934441
54858743
48504427
462370
19908425
79123016
96918762
8059547
77199418
26547439
48584104
10152526
83658910
52964254
65221368
58365951
72564974
34100260
59338604
66254075
108551128
77577253
34751130
18212157
94949879
108810579
87661107
5666776
28244036
80628098
46180345
41955699
34950318
22115040
13793609
11848877
1923597
12854950
12209072
9530520
53138530
48353478
55181159
78026588
90649281
83854737
51760975
59044528
88532761
92011352
31502944
32822599
35361003
36190552
40801050
89283102
23050171
59766638
12220060
39021966
45677780
24065304
28162090
23101441
20191443
53672287
52373434
45126706
69966421
16589223
64599362
27845571
67954198
24060051
26265612
84338382
48055604
69999624
27541583
55710162
109383977
105562393
102271550
56327902
65874009
33768041
19546670
94278206
66822487
98404757
63593505
22576339
56607490
27223431
23461636
27798366
93955867
88517840
33260972
94854478
58885026
40539311
54313588
36349444
28738075
66515989
56796799
102595443
13349276
32229191
63688613
105789704
92422013
10987136
36781232
24329432
19679183
84125543
83418330
44246148
41797266
36370073
51848332
81542753
43517565
45193797
104787394
51835018
29632814
102971662
40540890
75269210
64534865
98047600
89802646
36392633
105900342
77301237
91640459
70543201
102790808
52701476
69008472
68092581
44041582
5389318
103894731
85683036
42328276
47048257
102647817
12988142
103102509
6654535
87005360
44416176
15560983
1815732
11294127
7097232
91170426
105476920
38200193
80875861
44880887
12501409
55002174
35357140
84760430
38938983
1534729
34698227
8659894
63619154
16931478
11092174
15794670
109580103
93285220
29340134
54195748
95993282
36232783
1169961
43827181
27673255
85855677
61197379
73628936
68800837
79147040
10294565
60596033
25698783
25873686
9523746
90724609
68796820
86556040
50062203
30279088
100899204
70500377
50301349
47824484
70335005
28056955
39188165
55384355
107541939
103357352
105759416
104899730
61293156
25564285
92879802
6777948
69788469
92300340
63334371
8204803
106181886
37154507
51072287
97957804
67326867
85951336
40662406
91251361
95906837
89811826
90227740
53074720
52899001
74978023
61369948
14950650
30765016
46080813
2358568
55375838
94797825
80195131
12019927
107248837
8509444
579462
53693577
61583666
38852083
26179864
9866145
60957711
80077641
75370952
57295397
28809135
42778128
61100581
1023620
42832116
89646454
67983346
101954773
90681980
44213006
68022763
65325711
28122807
61532989
32413438
43355911
40282616
14169314
11440465
53555260
57175779
14461008
80247342
104451149
30628001
56352223
44745194
3662313
51268506
85326453
106444817
80519143
110196012
24187756
96023904
103860973
51698102
23770340
86665639
25356269
16090199
6489774
85645902
37500525
73984002
18244123
31915446
96977357
67243536
49713085
26041546
5458259
36566636
23895119
59705955
26965687
5083717
12152370
60201126
23482992
27864069
82257061
37228868
59068668
25223282
72253564
17195334
26341833
60413769
80175865
102693997
31323303
95489402
67401778
58318708
29740273
3734216
92452361
70935811
61785277
65880078
54880056
108735934
9600949
18811402
47553584
19498190
34334354
37021930
88194065
38987752
21529030
109767408
17708933
41873334
109131450
11839794
100003099
86631465
81824095
94936464
88025848
83254596
8232756
6151190
76116347
69054463
52198940
79305912
68789383
5782972
56279129
36068654
61182349
42836387
94727049
63265283
41554126
48080230
15492900
31160286
21278819
89905696
635957
5869139
52120236
75233614
92999329
5066635
51339246
108819499
29187335
24358286
59871878
49428294
64202250
107060436
265080
99149597
23026783
32720729
54850623
66176370
104325235
50650695
1282261
99380447
47772383
10393839
26801411
88570833
83257958
68143309
90519089
35652344
23119810
47053601
76627996
36913459
86129300
26980960
48947621
32492670
70406036
63061443
49163214
17786282
26517280
20277980
97032603
67100414
91379123
56933557
64894109
4944788
2878311
43622051
72579036
11935179
90119511
11391731
108301745
47605613
45023498
43465487
11757977
96456352
13657930
49647036
40699466
106370259
9308553
96136179
93579457
105353383
89277791
81618863
83737309
69666867
39148857
40099045
54939934
86434335
54055246
74005687
42615753
101193133
63752540
3670932
13883434
95247527
76618234
7319886
88581265
1300775
82541186
72360942
108490515
17537672
93072112
54813288
12790801
66938799
6858388
64694223
21616074
72344553
42470005
43638263
14726933
62964523
96293800
91184248
96552211
5595741
62986775
91678449
87309699
21238642
90036328
59297177
6666261
17801087
87762329
16220323
3060261
65003514
32022459
106410856
57480499
26133312
47954900
830207
45322725
97497465
74957847
30711440
57617619
89755483
57594464
86526315
19145940
33181687
80931101
4873762
28536043
94481762
1642121
80746150
14572381
14718869
81784849
43179567
14740826
75492444
36931493
59633035
60256644
5889146
58455956
109383921
33544216
3191064
36122361
14611285
39879845
95452364
25850605
23824933
70609543
24412777
5595214
14272178
57379272
39182968
55965270
523522
79909381
39656880
109211302
81642815
110228044
59026034
6248073
65357792
15235800
31042347
53910708
3606351
25078559
55264892
73261560
18932931
16044847
103653626
41494309
68788541
24842821
1437828
18229719
56337364
19767133
19145874
11040537
56855750
69523588
16308389
54295849
51000195
39678837
50185268
17878369
44870252
96523863
27939355
64180713
64363077
58697417
51379445
93328421
6145627
39220044
79857935
87688623
110239936
78810805
92790110
50558822
78755458
91920695
109333845
98030456
15645012
2355915
104982149
55293530
71257022
29363181
4110581
33121825
105058585
6395034
100189015
33423168
32160785
79491939
65534897
23768285
52551789
12159400
13470486
81440634
91963738
1047130
47632142
59681113
52788976
869414
104208607
33458631
18759311
49461558
103298308
70601483
94082522
18102595
51182949
38135197
87288226
50449175
95916440
71635417
84484250
73430704
20621900
8392500
79673779
53375496
10297799
23844784
83179292
12423356
86542120
32282625
991783
46762728
8206135
19330345
34843732
54747048
93143953
58407829
8112665
85195712
19418534
55947325
93797999
53467402
105202386
15652809
76214926
75219365
103747145
76091750
104006926
77496405
50828329
108562623
22929833
108124444
47552665
50896667
64165202
92513021
76810118
34395067
11918996
63709088
89170022
86685903
99368012
7948240
91722924
62415340
44131342
18684760
3478568
20628818
29986105
82716650
22155664
123176
81462439
78984369
77997049
48177932
54566571
52953886
61009958
82283167
96692871
7773272
26820177
29770135
80594025
13101030
108208675
35483093
74591076
81221781
47696608
89686301
74066899
15521792
1420400
76236152
98948656
83745547
51206783
29862928
1254211
53421296
32376128
86018136
24417798
77776792
97417974
82533405
66511015
105970315
108196619
66922736
37429248
13719147
84545090
45110932
101493584
26986893
40520114
37638404
7154882
32174816
30749528
50564376
26823136
27924854
77762998
11569356
82491336
108035488
50220429
78219704
29003498
7332964
41333791
104868023
11265777
44181288
27070415
109838280
68541067
94477472
92627647
45051945
75209193
41824
4590817
63855179
19832011
8345298
59622505
9324135
58085308
2824674
25535006
67987409
108417147
79977511
71598927
57005261
79031990
95621094
89619542
87119105
106317188
49886131
77797608
11677498
85890222
42842944
69944261
76222751
72001908
35069451
40461127
11354013
32943442
48979148
56966303
63241505
2993619
56797830
94039129
42831528
57391157
55807496
106638483
51411886
53679150
28711462
20119347
44646514
99553906
39733411
9321497
94639690
74245910
87688293
104716866
62401100
23574665
87608439
88495252
60647894
2126009
44215608
7121339
22435565
45985529
168473
79452377
12895720
52140302
90965262
46443046
5979270
54861974
77927020
84026168
9032636
92141186
90635937
35325017
57647845
18221130
84616834
100172825
64578438
64113628
69842056
84155849
73176771
85482430
97013273
106260184
32424072
108480080
6952866
53233189
85823438
761799
98737115
76702675
46161032
88836917
78766026
84936732
45829338
38519463
46123859
26441248
34493341
14898435
60958184
67725021
63892692
20503206
30330769
90672590
43670485
37093254
39876205
77166588
53058358
41266821
41790946
89440884
22656642
6191066
64746075
9120763
64850768
62633827
50670277
13957928
43007579
40246563
38812873
72121718
4026122
83959053
75733065
19501949
61255744
40454978
37394252
83470103
29566349
45971143
103530014
19237526
94284897
51343012
88109270
73867475
18610179
35599880
77428438
13535879
104323928
54845876
11184114
103626469
72359877
10423714
85395056
23619489
88954069
7587449
106638654
37257802
22703309
88011716
92357698
88035642
63622257
44156737
32673717
63062452
61936247
104920631
94111886
73151051
32732833
52509390
49172666
5074299
94259582
22582561
2351765
697459
92736000
53494029
18231412
101474017
31719646
77807607
27230836
51696267
37617769
71360566
107883734
97651297
24389459
48200960
108095553
53293434
92470491
38003087
79200567
41518824
72187797
41602495
23978385
80392163
68499809
26590104
2722534
93562123
92830191
1591365
35199675
43995612
21774383
50673806
74243180
32757008
92923467
8603899
54062533
102950102
46971107
59682774
99805744
23829653
8464098
70092466
84342868
103685296
18548919
90331700
17540439
44529263
25836315
50121910
77669628
85187687
96743543
53864798
846075
48834579
90066983
37259498
22486060
41751004
68000339
65639281
31428103
42706994
14366420
104629760
3144357
75875083
103952305
82446907
49736786
15028803
104277176
46744797
86144857
26753284
64495385
20152158
77109636
50898628
63628368
76538459
26825240
47908963
16531444
73836578
79082148
101049608
79509160
67096780
10322900
25293345
104006490
37048344
92296266
48741338
53411084
83681080
78871926
88923502
30903360
55725618
91867576
77523891
92499412
8476327
59893649
66330386
66773791
53304806
24073388
15719404
2490642
5722291
21560444
25731837
104577419
11985368
90726707
54215815
15823919
26008185
95980709
107998780
36370888
8615186
22603041
74737583
105511348
23146308
49789555
63629470
73476206
83391249
70363871
78902655
51952537
59322472
42256997
51054386
103547792
71084726
46892589
87008806
11394873
9575076
97988760
103095233
48895078
7202150
68485107
70808768
99887298
29849151
85395739
14366934
66087467
109706734
24948028
94615507
2403730
76648307
45999228
47307180
84172341
11041398
36645658
898150
8508309
81422272
56895426
16538986
2173481
90051141
41753675
71283270
70929999
90786610
34610126
30819938
17564853
91369585
95663030
28003992
16495312
28422633
99668906
24205589
49786632
58549722
48616279
7830179
45209595
34957829
10661522
25757818
55266718
7957015
54252725
102219323
21732418
77094286
27518940
93873841
71854771
61217066
36673144
40110061
73221757
53490542
98140538
42294490
17357900
9724025
38585086
102539724
88886002
93852813
85839310
41956452
66073756
66392079
49902286
19451776
32424740
2704507
81755094
63297396
38958225
29892068
17184011
38108578
57973144
76551875
57200697
31744710
40728938
35916231
104953153
83660896
88866270
88416513
56443032
25068177
31088023
54982274
69434043
99663179
80512685
72180860
44787795
99355609
33967339
47197779
47946683
79377345
16479910
104596655
98847014
849647
82168925
50882136
91157881
78962063
88556566
74018095
89775187
9801671
110033590
16536640
79951492
63798093
110062118
1460758
8367763
94408474
27203218
49986811
54875384
33890705
38213521
50323644
51408926
7323623
30717869
106333657
33263960
68363892
22427730
47964877
19941767
55940491
15059199
69873415
41920505
21238523
16718134
73238547
40100179
46235497
69458151
78490734
108163959
15653644
84507541
68630952
92266719
46046141
64506919
4551739
92731780
30889898
72339404
108058898
26793292
15087606
83905927
95549083
48422125
76737240
85639307
2801981
66753615
46554304
53155281
78931959
91388345
80732638
56514024
14343074
101055167
53804507
46716822
39533007
86370554
91195028
56857662
87714980
63564362
33617020
95195965
37406511
56830235
57251798
24152971
94227838
19399110
7168686
9909776
45620144
62717254
91818632
2380329
40555285
65415960
82672644
75151563
19528899
32411099
2709517
77876252
4005788
20167582
8255423
92925345
51389203
27630666
75974271
45252644
78891480
29520414
37944166
13253539
15336026
90586317
16984285
84318062
84028967
107435062
81074774
43239815
22161969
26402671
29957686
75653722
98620690
102995173
14925674
51902647
81138940
35275564
12104457
21330444
21512007
33358385
69684703
6136559
58989187
99187486
7308477
65637940
14184388
57607850
49002883
94001593
6557350
19799224
3243288
93522781
85273092
107405731
13282129
109491877
38031982
89946142
3211676
99451672
21856233
89900111
39798190
59808496
66497185
31479701
4379369
15375448
84619199
80747218
109078083
46084876
85003098
2434256
69368686
83166424
51050499
29203659
90758305
76018199
44776132
6087558
80240652
28514844
69373749
86319616
106280201
101563940
68089909
23561565
59653482
14781366
76136555
8318489
55429126
103855366
109844132
33882152
16547366
38534323
48477749
49127454
86966191
1836673
61633758
92898655
102658120
27765929
94677528
84670747
48511176
68994917
99697438
104171036
32484644
20543438
18229707
82718635
41910458
106042171
158639
51334993
69602241
25014817
61457987
74280603
87308000
71309809
38138031
77669912
4301761
46641076
40227325
46801164
9428554
86601458
50954756
70721002
89504753
25682611
37706937
54590141
36510272
21637628
28424957
2499638
88882981
22437537
25043624
100825466
36439930
27877451
42610635
48055266
47956818
100398179
36142572
62371717
9491676
101746956
90176216
10234225
37212522
6359496
48580037
101691181
107346705
25272145
33014065
34914612
41905967
68802938
78898813
86744263
43004647
5987420
30189643
98307516
38731235
107416174
698459
41118293
32654262
52462457
11912694
38318730
33390131
44645616
82445502
51991079
7018062
26300347
14387817
45771341
9262792
23307891
11160744
14915721
36099807
16944755
8749428
65411705
25798291
72911393
109288249
107680761
19989813
33023470
40092685
50346571
17245540
58486003
29205598
104585533
19072326
77517079
66123229
34132680
90361183
108878783
90336891
71496722
69771184
101329927
87344226
47080700
39941713
104465990
6166292
80938103
43880093
98821665
8857084
28367531
105655208
76264779
10071703
22376871
68511559
91856683
21140973
22910008
39413677
61938520
91195933
37673274
39889525
67494446
106779419
71598090
91841228
99256965
94402497
22690484
61388213
35611865
40914407
69253611
60585896
70328257
14564646
15512562
103416458
42842306
71029456
25761965
60486849
81198650
1235898
45601551
52443006
69452453
41964076
54474031
74782624
23701486
41143856
21025064
28386847
7522454
87445594
69150743
37868751
1274260
34509706
44868231
85275969
23319779
107422594
45073334
77161800
81972341
107466736
20138120
35089085
42564435
24526067
14885298
28755643
42033445
56371104
108218976
104919830
70996218
66063804
106491189
48048268
33621401
43829471
69486105
22387332
28654962
87374666
45734149
26248291
11189926
47695638
40202635
109141609
25450252
100590228
57023679
99616885
7385928
48345682
20203787
13808792
92742623
11247823
83520297
100097245
95624886
94888800
51162269
22947950
32442403
5145346
88812164
63967698
67908138
92361439
86903183
2406670
18668368
50772140
38779285
65031947
22245385
102596037
52117930
88816997
93204299
61411626
21896726
46310765
65853060
61689592
93272124
45379006
25872938
98881498
48934976
15160564
4930025
98750552
44385787
78724705
47487209
49184353
29798144
7985095
16176699
88864672
16361014
63886422
28526755
46433248
65647646
96412018
9391738
100956304
66920271
99627163
105808567
12940762
63288642
73207682
35816654
104640627
106694031
63446003
36435100
2918053
81024777
36455321
51263342
47935063
101660190
92235743
33007654
103917102
101874082
62540278
60337917
80177767
50972405
95098367
89775139
74941342
29491746
20014576
105397738
106713138
36338521
85334514
87374109
11381643
76763652
25104280
68205527
103775978
35154854
52713408
4388339
33089714
97778760
69277600
67661038
50476717
100611662
80717376
43579185
74429944
64301502
75489551
100652628
86281063
8090248
69760563
79793605
33028609
93926056
72796853
72072658
77690506
8570862
4753456
53426117
25721302
42683055
68225747
41871267
2065140
65184649
45360740
75678677
100035672
21399567
39677290
6897532
26181718
69149503
20823263
84027316
88270440
9882930
30892065
6487458
27795268
28568136
59730381
71205952
68969178
64225991
9802829
24264389
35583188
72320402
37933999
36583664
40617915
55774727
106760528
89370092
17882606
76694801
88735016
93138139
105467850
80777788
38807898
105138031
91129064
63673961
105868880
81782982
34821291
55057557
109740706
66839316
69848959
48238019
3886751
97438418
28642802
47732428
39064019
51733153
84436116
34892900
40073137
3981451
37892121
82799355
635076
34994467
81476952
7957227
107063870
53063448
42382353
85383938
52002780
62079711
28852670
50811323
24775904
20715604
37942227
61502687
62952565
82660541
19595217
66404324
858027
29643278
73546312
4171118
11660015
22938293
107250780
10007411
3346375
2897654
1322403
102927850
38180598
81147133
18308503
21679932
53794297
33036271
109264897
1191457
37303806
60870695
12869095
16006846
68013039
65531687
41907470
106798242
24286142
42685567
45591640
106936910
17983263
103341648
59903968
54386233
72325547
104353126
8685007
10668526
17450684
30425271
27102975
16500666
80086465
38005860
75398665
52602840
105982466
48394202
41055990
74030589
45591284
71037
84349377
71464798
93979174
51955531
3690230
27599233
77435933
52499993
99766570
73847030
83749730
65800843
45701226
61657021
29386069
30993365
36299180
950018
3072435
41830743
51352002
80217254
42273395
79738092
64280478
84685506
2802917
40984953
99931212
84376487
69075493
85127475
67774568
66379941
84769599
61440238
90816292
3588903
21483891
33965727
80879433
22092709
89148403
67441490
25357841
28436051
80654558
47202065
59848016
33105182
109807349
24347539
68670404
10321518
76935174
23295525
95004294
81410060
24643088
67537366
69335548
2695552
357876
6334330
28297277
23664324
92689975
56850565
85693099
109641183
107800954
13437943
49468497
60712351
39520560
30889404
21321664
47549376
47644717
88234106
17168407
41969458
57662366
45374879
25567225
48258743
108902438
80200557
64808140
21947536
67179490
63001218
27131904
29427181
76627984
81696713
100954854
93298793
1783240
72255156
2656313
47088602
26651012
18579093
92124316
102221185
93494688
43337559
30380969
58408888
30571740
24527157
16402233
62137251
46722442
108350298
36184232
86954902
13021066
1806922
47549261
90485938
96623235
108418821
91455956
93579192
22397100
28699698
33126108
64944639
98337773
36810849
65214287
34679827
35334406
48786757
14323844
87819429
65499448
58587441
42006654
78684489
88054716
71035565
78686648
70017541
37812859
34377310
92139270
32785129
68167317
102114070
51763611
55777672
86021720
62756258
2936712
67702462
40611926
49048887
109980353
6141573
1476443
69161158
73089612
248606
36020938
65986404
45812774
97064959
23266354
23704718
52731470
18037175
85956335
44309338
30611900
5027730
18943622
42758829
33755147
12389645
16092349
99257354
105574589
71052887
74877960
64137825
67972110
34470353
100306073
93552823
96035591
1227837
33140220
7103207
64685832
49205980
95453679
74841685
97067118
5229179
47998384
8422131
40158904
80928604
78099345
40586700
24006212
6553977
26666479
44747794
69798686
108023092
77113022
41436763
3080776
40407607
16565381
27152916
101418391
99078235
60412603
88932384
46792006
36667869
74633158
42577776
62388862
90224500
26843301
88644987
17803904
19803408
93306416
52305833
109656021
71545368
13920220
89508419
47005292
28893388
20368400
81095551
104942316
36705415
24871382
28661489
49239217
80470776
76990313
12486007
52286229
76478363
67032855
56947859
84529007
37142286
15734474
26477504
14904224
59773522
48072200
18231700
20397388
74494676
38385612
20147601
24540076
95276833
11623647
18643369
86934702
36396614
108957798
18764454
97716199
107384236
4404805
89486838
28184546
511950
108436782
48071999
102199357
82624197
41213384
535131
22238062
66210953
31138933
106922525
92109762
26311152
32579716
249787
49954600
53358780
61257583
58630336
61075760
27960661
19935572
68170247
48930416
54307191
67093278
60962989
79199689
3892855
33783685
32846176
8562594
25812585
6858615
44147854
60386135
27736060
22129826
78299166
26834820
4827781
16826437
91859975
86606553
31954565
49242204
44057893
102533020
86030551
38694764
45639142
89280246
18362009
1076969
40701056
85357503
5684051
79912933
46353513
105580262
7971100
78721190
17148369
18160078
31856184
22018027
34820598
901240
17302045
61472729
45224845
81204857
37605500
95351400
95282289
92405175
73461654
5363129
56893878
49483934
20332754
44562173
101312819
43254507
48126546
13521751
91737618
10353790
14425461
20365952
88431893
100061022
99598635
105380342
36073109
30954944
57449611
83597869
65926395
99080818
76600858
2607074
38656197
108183955
21889745
89919160
35511296
76711349
37764003
65065334
904744
29811876
106685627
30274695
4250518
90506385
109346291
71371666
32171898
24614440
83750947
93301551
6471541
68643691
100664360
62725241
17762177
11102422
6997011
63319321
60424621
21150531
33450958
58987037
72672659
55428397
104888786
23179591
18290233
60685756
68629708
80880049
25561358
68912871
31178405
95862482
58334486
27215479
40354347
101853977
18142899
15107256
45370820
53996301
103615142
32045566
108461858
64692857
60927802
38580109
82601992
54171212
58727873
88272562
6831880
102226697
89871792
96936658
7283512
47660185
35124398
109966837
102435273
92682506
63312014
3962926
55508134
9214138
9072580
25247091
109216786
16880227
74475744
13325253
108518072
38922285
23851393
12365377
34824494
59490218
90102236
104579431
47339332
9234805
108650770
72878852
37426813
94945236
61812260
7566675
55474913
105425522
46654823
98472346
37174371
106831504
47623975
30261043
10247353
44925982
3504976
95891532
18612155
35553459
42207489
38636323
56831419
74611176
32513142
40495064
12150886
80867431
48662289
27194109
24541621
66439163
11066592
29860137
39470323
66636738
71161853
9736195
10734779
102806949
103582000
6913328
96584151
55431622
26756067
77339451
26313826
20685146
106417672
32709461
88972040
77846314
6123181
69069984
4943917
4379340
44566404
37690406
109059438
92473127
16127517
104931485
26968839
54679854
68948285
82467757
108635588
21088533
16404196
3821451
6222798
100884006
90407261
71978329
29117796
58804550
23655407
103854366
94696735
28571358
79319909
72635685
15386024
54477470
24503580
77503512
5569902
62343277
21562889
56861582
65504288
71697663
35983199
107484712
109027896
100593381
66063560
47297765
67599364
78503820
23664190
97228099
71766210
84336340
101056550
88247060
16841444
105334050
77268085
22061050
65918963
77576068
48132105
48132513
48907567
72410303
108674251
58958321
49572618
60115227
20878383
10753204
15403396
98373448
41421152
61730130
85727646
40293369
23633575
80621266
6737609
49577851
48905177
36252779
9978524
48456129
63712603
105030395
39415087
109942018
84178945
70520078
28668501
28455431
49708263
42682875
75571314
48559024
90813567
38819414
97445459
85488565
22065681
63923267
65379430
1127782
90830184
5106380
33555760
84305724
84449717
23218459
92332956
449048
25273805
67931759
61774671
64020586
20851449
79145009
23757145
108457143
20811815
38719254
63134118
53882867
62119309
89485529
3847194
58058631
69487361
33522192
20109134
20937899
25826711
2756678
77822023
6524460
30906664
63070930
44706397
26484297
50678283
77134826
101658006
71503219
47080309
92879663
40263441
75377936
58333194
37771519
45323025
19662577
86849946
26382218
50035673
56794307
72731796
23058630
37949496
48549462
7695481
70086085
106099505
72035880
82100015
67484722
14551692
57155995
12392647
20305199
35076292
89425064
30054517
8778343
31239778
81952374
87280098
55225551
30054910
38670617
61171574
71674436
22360532
30055638
6384050
79710672
71578440
24182334
15363149
78113412
105433587
98643230
40719699
38614783
110217817
24944019
55092075
104496493
74813332
85951212
100500683
26297948
668914
58352143
84481875
28747856
104631093
48609481
104303977
68630475
69043713
31115936
7774014
52899861
11210827
92451717
64347522
103715029
28998748
79703549
90127341
66818804
98675414
15775680
36256336
5721324
2864316
21874492
56729439
48515384
27765926
42148540
52066074
82171059
6454679
88606023
34693879
36000618
89815768
15671669
3340089
16143852
72638737
25572297
41285968
70479428
63452969
94893974
13587687
14913573
91278136
16835289
83296096
35437718
12911364
67115473
59241886
64598933
46842195
14580899
49182939
55844867
88427489
16193679
100210809
80704062
109040256
71755839
85394158
16155544
106016562
88017792
27591513
2159309
14852957
56641994
56891741
101273025
56349467
107002399
94601106
108574047
56657554
16180623
86445833
58562432
73006907
97394616
68149623
101247328
89137039
85722888
65884059
7723427
17403424
81188599
48043533
35368339
18472906
50109994
98814032
103857253
15648463
81199519
108251198
23829932
53026156
2622971
59405548
58025421
103078473
78420483
22128214
50828751
53423716
41784846
100662810
82009580
8257576
35160363
88096898
23897240
68319464
37429089
69929894
34768714
5199321
50667168
46804308
24865654
87195160
70348142
105856056
102068532
80906992
48111855
74674385
105250735
9794498
33718693
88630836
52249722
24996767
33076997
60415942
24147765
86260898
7986074
46646311
94610337
77090900
50667808
64217347
86284379
32229768
71996355
98214407
90583668
73722009
29189795
29259599
95376629
42174778
227829
80127775
85906258
38317356
93689321
69353528
10278405
8721926
108287468
102083780
53582630
57066099
105163497
87751455
101900562
41145175
106228503
83126619
101056522
18438040
102470992
40803601
104629730
108524347
11508240
61324069
31079009
39748645
81765399
67982482
66518521
14644101
96688455
69286359
28038951
27451022
71316060
18444626
7872925
51221369
49653912
76081176
7899166
6501950
91772953
71507572
50338653
87790463
90905627
2736549
76791939
104196646
29295361
43305661
19928966
24493223
32292299
15830155
83480125
67121297
81544028
49965791
96855151
11721061
108220299
62327954
72311726
72828320
79040714
42041750
43322203
95885591
94558224
99375223
66413297
3982489
90851946
47602104
63732153
96958982
83691189
33486278
26751307
57535766
63746991
56832440
51263099
75421002
44536128
86247962
22999775
12306595
51995493
34527197
102392964
88125608
93537240
30269976
29506117
35888752
57733527
54196980
29472294
90575734
8523277
18811193
103233966
46626592
74160915
30245875
12691303
78889052
79989287
22652496
59006296
41059618
12296311
75265138
105154856
84963162
86986098
98722578
72897260
74119886
103973587
72122988
58619490
132116
25270078
85559138
6416458
77407793
45673703
63394729
40075397
14630314
54900279
72988091
86668918
48005492
2990216
100288807
19882756
91663298
10356185
93991159
46154762
90316779
41012668
59165907
64799531
12866212
47482620
774272
15500395
103841470
99586538
25793981
103965659
58112286
39885435
106005358
90066025
83777018
8494450
77337306
90945025
59628415
12481503
96630112
28122736
21576919
32416250
88875227
98242165
30289407
105712119
97238856
78250877
28146456
64416915
64025258
107615818
53891151
64171364
42440043
52609440
41474252
96158547
108210302
20779889
8842046
39994536
65462348
103081993
1599664
64855803
47048542
31505679
43638213
64213861
102231139
33584755
2126843
35896736
1003308
4772159
77565663
85555570
14225618
30780639
63259393
52587523
7659403
1281711
22697111
109265125
107382768
73427992
29800129
68215766
8051170
16010053
91128501
606544
108767080
80343986
73951219
93084682
39524540
10053458
4570646
8818031
85315075
50088313
68581074
25697739
100796541
46785024
75029805
14371724
75854865
61977682
82624041
61377907
56882573
59519120
79464996
39167002
7860449
13790076
29820894
7444626
70226603
10784515
89638955
68416027
93553074
63897761
88514036
83440138
87722012
7215961
50486958
59617336
59541773
21796049
3401563
28908445
23663788
13052123
94731313
67210586
57828738
23104920
92162912
70449200
104392300
8158548
9346108
415823
106547102
19036379
80789301
1810576
80215070
25741193
90151992
10112936
28909378
23781702
32953180
28104676
407817
28690908
56215773
30633327
50865890
43083069
97160762
9186831
7957013
71626392
27781303
97629539
81696250
84004364
61103092
103976476
64595075
43043358
82610152
104736526
49071309
55048107
21908585
12585762
49565444
8853917
87409756
804701
76107514
56995901
82138904
80024491
30558647
65866333
96456195
94412688
87859684
25534370
34139157
20577475
42663771
54026939
89260076
30453403
72142918
70793363
21366324
70108550
104222049
80295674
25311568
89219176
58216292
65788297
35426007
48760743
95730033
83147484
28915798
106333024
79170882
69006200
93818297
46395960
30740277
70921825
2757159
67282209
35604228
90362218
94301028
64943997
92134022
18466713
9087079
54767996
76821314
104054280
97530611
67736502
74813011
69773272
106526798
9455549
22791892
62528523
19844945
99647010
56710231
12643226
12514727
32774922
90999552
75630101
96372430
73708069
88051226
22644941
25714810
23393860
50961825
75834315
55856918
90099655
51895400
68016429
9971014
61818441
81974898
27757338
71459705
65357462
99715009
43998274
99860605
33394883
5818292
59935347
87132283
76668938
31893675
99868256
99386121
17291483
40312504
73727489
100726888
64657366
24416745
60130496
77786943
71112171
23938915
40574118
22612268
42810588
38775160
92463677
100608736
16617436
38292330
80195060
75746858
8803754
38179982
92658886
109246229
92132984
28041672
97514028
87532817
14602192
2039380
78392261
79548225
85905139
49310743
93330021
39604052
6038203
36191581
89946454
101233531
33861956
54532587
40398592
52451852
22157724
106904975
73147305
51120579
82222205
42015078
35821600
9807525
109030627
64617214
11732201
4600167
13439479
37958276
61874185
98037597
79117871
29081518
38951833
46301087
96006169
109872069
2391227
67788302
2329625
35413867
60834939
91660104
32374863
96477247
32038176
81287146
24682770
31132227
68032607
72414680
95968080
81454387
108325325
104430460
51177735
26507553
105709612
78385512
11574034
32792667
1569392
32816784
96058979
39329765
96643489
80951496
107542444
77227361
6953363
73653150
3039004
17091321
2105556
3821346
71794477
905948
65988167
5001719
98147777
96828221
74339355
44271249
30276652
24301400
108970849
25525852
67667148
72916945
19299747
31490879
99717318
72489628
46423296
67841112
94770951
19416128
73998133
86622922
74188357
42595671
14031222
51951287
55546845
1199608
48083179
9276386
65741801
79409947
40912364
53876528
9035197
102771584
45550400
57484429
9367881
88787533
6226104
36176268
83449628
109793749
95317584
84609835
87968678
27007168
104092980
60881657
108211401
31402462
15075328
22237070
39782455
12831614
56601736
99004088
45707807
21406861
78614022
11865273
70374749
101124410
61059756
4284397
93403703
9496496
51258324
83441613
5337905
59415985
103842314
51573422
21825070
68310416
90766856
79820650
81779397
72690518
98539958
85974331
44353636
2243714
18368962
51028368
19857435
87928504
20390065
33842534
61282113
30223241
3539146
8573980
7720706
104296889
5759702
9962090
56892219
102092340
32332928
64014484
90324544
88265526
71056567
104988050
96781020
18076338
34014321
48538695
81070511
38779871
67605368
103575269
92636280
93424088
30638302
96264902
26646391
42900453
83037017
52708133
22502535
62225886
55547907
108008617
100138299
66650992
30362790
103127736
11767796
54317403
45691546
38070122
101734507
52980229
13457357
48242325
99989457
105484450
33666955
87745243
56393592
84431281
72936966
49105006
66777697
40471478
13227885
26671887
73131547
73544759
49893855
24743918
14821216
41630544
77645827
107260564
54883196
28779016
110169818
26431302
62832897
102961318
77346394
106225810
5724401
18222908
67308999
64977843
101824487
59485675
14808276
7288586
70387212
85199117
35877121
92839439
20073560
102666756
87028033
48387628
1207171
60996940
57348092
17810653
96997349
101600439
49824374
81185522
76196120
7208500
59334909
9340715
39720545
1607114
91650440
103730188
26648422
7823323
50169566
94535901
41832092
92592789
24145094
87797774
7609184
43460366
5811406
81935933
43943213
78764722
43773165
36130146
74249592
65997654
78236280
68545455
78137948
42615874
21850613
66855405
20221583
211423
80673905
98973987
85208693
83827117
53560621
42362522
18724860
10310406
12874435
64284319
84983605
90934729
24469995
88656881
52250782
37296685
90896397
7813066
57248759
88025512
68143867
5704136
40593335
88354034
46694842
11282543
75127920
74372818
38915129
31497597
25252731
49580417
45413366
95579800
65102256
95983844
82221716
7174170
35576802
32189707
39814323
49060352
38683947
97423311
50494113
44437715
32781555
2870885
102652829
51544622
47432177
32523462
69259295
29310792
13226114
25055653
25101043
43630323
49120087
99584713
38817860
92656561
37211789
59679522
66091713
57928086
2890670
50032009
20093476
96766450
46239389
52641013
51299868
104496232
7125383
47623228
104768516
91486934
8172337
12612995
92535328
18121385
19297347
96937271
56943378
79845792
28669195
88499960
57546092
9197154
4856551
89388338
26564848
89533704
109522481
16059704
90568239
69107850
56526249
77702463
45466582
51993157
45515630
56410268
52461345
78622079
92184520
92155521
109201606
100300953
103565648
48331686
13911636
49701556
68268076
21177047
75033329
72205669
83643408
20891382
92882307
25572848
90115858
63238773
109215466
93148260
12267084
65599404
23641267
57266720
32186833
41789943
109781813
19627179
16959377
70555824
79670474
102133568
98839874
3353548
28872945
106597721
90313611
45468218
27401855
48796035
47783639
106875576
89573363
58070560
41025525
82377162
26607382
49701227
50971689
96349691
69506992
7733992
86146200
34584953
57734908
12559654
77564195
91959618
50206706
25075809
24449579
18800554
15744251
44975781
23289937
36138356
79195866
94251205
107934579
83509909
69472673
99963080
65850051
59929830
31463178
101574298
31405473
93241321
32927864
95971326
62937120
87655668
2732713
73586546
9754387
18508919
72602948
52488385
9993666
84139781
62065187
89723799
48244245
32339524
18513544
39288733
38453777
48419585
24778532
7971499
17659858
9542843
10983530
17009381
81257986
101205486
11130062
45684148
30304201
55522197
35722240
42084203
20384908
36957423
983597
67516003
61248881
41196796
43156827
30519868
88629165
29725662
13693882
8955512
104135748
22827588
67243830
83215907
30759727
15235689
49721598
53384106
91268487
20028044
5879319
88307467
70901285
65857866
9961907
40953627
87870917
51498446
41100605
63118906
28442171
12520430
77092804
30729013
62817632
13431165
69559615
22157281
35839915
43599923
51961682
73653470
102317862
52008141
33494308
87625622
86950832
29693554
47504787
2961020
1860388
103005082
78345559
82681286
88236950
11197090
110103023
77485640
75789904
81313804
38759731
107963159
59952799
63661639
71419399
93393980
30324878
78693320
80445599
72436446
51532062
52687170
92892790
14692240
75307310
56534383
92854464
83989812
80566794
107483334
87599090
29429103
14768132
67148469
82828264
63484939
98390816
28789219
91459538
78076746
74094633
27831720
36543760
76808820
33336761
45459707
12948380
68138433
79894887
27758429
32277285
36839822
30113488
36358407
84821406
101567499
86217590
95621130
49124350
51137691
35198830
20450621
109584468
61533194
21491281
54039045
24759030
20314070
7428214
6111445
41532986
107535814
104744960
43817681
63860440
17931957
18298449
37923580
88594777
43055064
50378570
106168879
4752045
38795990
2874446
41933904
105176778
87813527
60422300
28673729
104536853
26399264
51692969
55545423
89507793
53910840
99344460
71381213
89031085
10142401
11616486
50448933
43675374
86813003
78252861
78670489
92320810
85493386
97795011
92675899
91036648
64316209
45778061
73068142
43869213
78044548
91761605
76503049
93526675
86756665
29714389
101725059
47141472
108032130
66450964
18126580
17613383
31685686
59764727
38582152
76717028
35053483
82446073
17738514
47225822
103009476
33609107
109894912
47190367
33478802
46897838
17968506
20446996
20467141
91556538
77616165
94767874
57738569
99522289
44535245
39615193
84665889
35274095
81748521
32902374
34765277
68611853
89281232
7702287
24711244
66386079
58978514
40561290
89686598
36863036
47580911
108552738
130305
5480702
29221861
65765435
79164325
36661969
53080832
88682897
86551598
30827505
50232628
18123376
67590029
9261150
10600301
51763514
53242446
13136667
53871143
79796619
96634238
22895153
58973773
36883583
86949482
74849107
103230379
33867489
36732731
94833838
21814505
44614871
36566377
102809893
12684603
43215057
2844000
74986956
38450269
68428222
15971105
93705107
60256704
15826514
8752333
107713634
50626000
83695828
79486059
83709619
73556475
59750655
46195672
94374667
43903204
105815621
90850005
8396541
12052984
44851489
58267461
29254613
31930268
46084949
42449521
100681277
4764788
44665779
1499479
107728792
60905147
144590
84952774
62793070
17934143
88040135
80961204
19650010
62872982
19735403
37513947
89431809
68581080
50630051
56258290
88240292
36246265
98732145
2862709
93048372
12921221
12182511
39538721
41498992
41320161
108033743
41665426
60019626
36494261
1354888
22776018
108362077
34944076
49646268
34565495
108534133
25167153
3709429
92386064
26174802
3887952
97133896
85907147
90590788
67117415
10259774
27861211
53447893
85810924
100930198
106243280
81672230
23595979
41754979
110083567
34034164
14023110
93044166
37243608
91115813
19144441
25863379
73796582
36659944
24479115
30856066
68881698
51725980
52555105
47985797
50517655
23547165
82750110
18131001
5213205
66403151
34698850
37181014
110188243
56872323
19817847
64488301
81838664
99811815
80465498
69773029
107040557
85890926
16383353
11380229
17319231
92734498
1384264
42940516
20511875
25486764
31034589
20895901
1208324
81741569
17969316
85120283
18333960
69080588
93682152
78282192
66464909
88076528
70096795
98433570
27767288
30256033
36756432
12065634
45504887
104824572
106123305
95660328
11055323
33898856
9995965
84628715
14706251
28631129
64639556
109865975
24278439
2026649
55660214
79071671
63407609
1622357
101688132
50301769
2615679
58339253
60919025
20764967
2792867
92574391
61677138
15701654
95001147
42181861
68925959
60094559
36252877
14708076
85664363
36676609
19192605
34098465
19989159
67823906
57086318
5096535
54205761
108190398
48869040
106771486
87633540
65839469
109256679
96082508
42116372
92100712
55546385
78594635
69337830
39824842
107823245
72228906
57025695
34906587
58662613
106951512
27163825
109826269
105765472
104299527
69421078
4102328
29745775
67626253
13618145
59145921
66477495
57684276
20556857
93279572
50248436
101801033
76456726
17155966
93269751
73771738
75496511
15721543
81021390
49842553
35532776
72916658
13566293
2807812
60476391
1569973
1186040
85847927
93138819
44146771
17037380
1794825
100734184
80849855
1148758
66183870
38589064
25931552
60169469
81739454
69556475
33092469
61264911
2684987
104643085
77548208
45483977
25653957
32922396
8104732
36276260
85458592
65173895
64729949
1621772
27362093
18681154
67289269
68810547
91343994
106396217
46437526
646067
34550314
42260791
27950834
58748030
9583239
66625078
79810628
20474543
9355115
38699385
93966703
67451011
78989128
97359441
37379244
99627698
197432
105914467
24279940
83836820
37811802
46048794
44582504
68801546
37587161
13626681
75106650
33181555
14329530
56910364
25428861
28535913
32677552
14059385
89187402
99358697
57269963
41111243
36757840
52154105
69960258
49340891
82805396
32095059
39645637
41714778
17831385
26610613
68102664
88481147
91987945
21743885
8461633
83689451
46428525
57139234
109547152
18196286
60486323
38527246
24232812
11369476
49598512
96302485
67039423
48076159
62600856
57849487
81400986
40150578
22082338
90598828
62428883
41090617
66997302
65768652
26345743
39600239
44872669
99092408
22503141
8298493
85565361
4056028
84392300
28232238
49386540
13503534
104213475
49116846
99178735
90913957
107313683
1522353
33701628
9189936
19408801
75183907
35767149
43535787
30455324
33725349
76335154
49393859
67478503
27397063
20895983
37503335
69830727
89307805
13527047
18447113
86889823
57333122
64919488
13372394
87002393
269694
24574800
66033147
52053164
40140010
109945957
98123747
34847180
68767722
26156416
86123015
44728582
54775428
19934262
33795094
18980475
48938091
28497876
29975168
10299965
94571808
23976288
51383613
2417982
8927554
6261254
16001056
23064358
64649794
99047595
20969245
950159
37168419
66337191
6663045
5292829
41178235
14450959
58974166
24039140
81630988
8672381
63667117
88528582
23729799
5297217
99255308
38638126
96909698
58732509
11649980
92153826
67782363
45122359
39150554
96113196
51861460
27203462
2095113
6183263
4362804
7365683
47020742
31875589
77892585
102462087
109302293
17139095
95803601
103035414
13105651
103352407
37676210
58369900
42006903
95341674
18637520
93256428
79721775
57489501
101200147
76777622
53003271
24402795
45994528
11947092
94018083
98411826
75574286
47463058
11896150
82737216
39723099
54808656
85556926
60753490
6658486
6266878
56767072
102701195
7842832
64985752
3829131
52584537
92466009
1484104
68353528
13881647
102306282
2944153
4486230
19280979
83516723
93789808
40634713
316331
46622807
46555025
28999304
103087071
7739959
67337494
49913918
31703238
100883799
79290048
56720046
14207292
51157675
102031321
41355691
65508295
25253372
55078656
36964638
78584361
9427823
65409375
62129046
25508930
82411060
73680052
88896267
25684020
47167001
104329689
24050656
106519365
38815066
71911810
105906782
28770349
19187324
80873871
85233193
86676507
80866001
64938726
25585229
95899381
19261576
39010664
81277286
109652641
45650832
81805264
69188944
36652522
35731944
98698995
46862664
109460669
79246680
94816579
54366993
103631265
65514623
62388846
612583
62778345
105458115
25032910
106520786
95494446
7870
20294466
61091278
37700249
98410779
96824566
67355724
72592565
103609833
109722022
40463697
61731939
98806949
80739949
100039859
89254905
72185944
62296085
55093676
85865415
29301956
102228147
103018682
55469906
67180732
28313302
8991188
62697298
25025040
86226320
34403168
15041249
32133688
74516713
23078154
78551842
103464734
10367330
32128868
94611522
10915073
12457376
71942081
62285673
8554005
90477402
34161229
96570530
32994129
5599157
35580362
26565679
87781044
74705380
99212347
57217063
56021890
33014869
28294129
9983791
54092631
70136456
44696724
6315475
81301980
12710824
99156603
61586840
109702258
72405121
22669441
1363028
3903371
34198308
80858073
22233476
57483273
81295700
3473795
59162079
28068114
13608611
37603332
30563981
71417118
8681106
28922933
46038099
89172238
10891302
18020696
100510785
99084477
31985900
70142502
72448768
65992195
79485111
38917399
50822858
68501749
41204762
30754956
34403524
86965035
52296002
71493309
108571195
53227586
100115185
21558746
50237761
105175123
81655855
54374677
25379019
29758869
70765260
80751032
41395082
22056825
96284797
83101912
79369338
18727333
43391020
86264998
15169337
10983361
107962638
20067902
86831854
64489727
31192583
73160216
31127469
51802044
81628125
87012449
2989825
47673691
102886521
48596713
79796104
104630615
93859417
107611616
98613788
48708435
94716236
11026798
105671117
20041091
92444521
45837969
3557996
32407658
88552360
105351436
87135137
96206540
41608948
13671638
86095887
32124167
101782091
54365021
48812219
86688063
36859556
7126740
20611216
50989535
64987297
82434488
6016827
97884611
12895380
30070617
53287318
17158773
28832278
2316776
16483095
2520491
67535609
61190189
55522522
45079449
6226116
15947127
10110652
62218409
22139547
84464495
93561949
67827657
17505464
94419108
8560475
38603650
105123073
48426728
44972708
77352686
69539108
28679838
44597293
48470236
1238339
103704171
53409306
79045416
45031168
65542907
57247970
75189789
107697702
92309023
34968797
54257708
104057581
35896158
21390089
7045519
66959031
51876470
1750809
31635443
42029663
70383748
46364570
27770387
89137621
69026499
85489022
73802501
27441499
103876752
105310930
32442924
58673003
98116400
74531075
22575008
10578834
17672575
40220992
53439994
40985071
51806268
85601247
39495689
79187128
79763620
5294710
88057216
62580435
41617062
38004502
14259276
33979756
87588072
105264994
15335119
94318629
91862271
78741572
105248575
45203749
59928159
10645478
88831624
30021194
109592128
92604017
67388841
29421133
41148353
20572375
1489382
82869141
5837627
34200979
43863540
69916814
73927648
102786343
48321159
60370935
60666430
71977912
18644636
46003072
13402723
99577177
99320054
46658522
71547042
94603097
9105754
29906964
64036980
106477608
72882354
22654623
51455664
99550094
27931751
11012841
14734748
20022031
91739229
46170814
13006960
51327198
74329284
66290342
42119913
29076876
41726299
67396987
58575189
82051089
56933019
19477829
28030135
4716957
90286397
41640077
83299746
12878147
9758239
94115985
55021944
83582261
104972873
93176452
84815346
60643348
82257241
21297563
59748700
40412031
24575159
56966619
9207285
97986037
77297672
27456555
80751688
69925211
10463968
91830988
106754582
52216061
92175062
39123687
84400841
77408250
31881838
41917389
68106204
36425979
99393113
14579121
109016916
97063154
63652839
6001410
894648
41845210
106972405
2782081
83938375
89572752
89918948
92000731
17234349
60106090
69726216
99170700
15904257
68497907
52389555
67630895
20548849
14766811
7241848
42483452
9302046
48189488
105507906
106260712
90392693
2329959
3659910
45499133
96168506
21807629
9279006
50846195
10640463
70133282
23113134
102187645
72338403
82546487
75008144
28313649
96935461
1228308
99514774
58523363
100682687
37622744
2872675
88315398
58198394
11785989
99959175
66024964
68046796
103177947
102600801
97627188
16411454
92102282
36220127
98055939
63900795
49395724
27733061
71436448
50528508
103550277
27179501
44024753
38344654
73779835
91782505
38412098
63529251
61892030
55650688
12367289
32157979
43820315
98606223
44907058
53989193
107031229
73674164
23153237
29250121
10498519
61407061
28605515
80935116
97074404
12806506
102714348
51600845
87166413
44256946
59237384
65205623
6133295
4975877
110182557
62984213
29890475
35495039
103895590
82467680
11830373
24011067
97500921
42564750
44308623
23966523
30835956
20264735
63175644
71996177
644606
92547033
17066286
68532638
88470769
45473559
35890094
941029
45097090
21960790
90857280
54261507
7756695
106132711
85335402
17171145
11822252
57672796
23664666
79884523
95216759
21999251
32436072
16018026
64462423
24043888
13524508
69089780
19620129
80878612
107663520
42361969
4076264
24326356
85376173
30013367
53110098
13929303
73067379
101085584
66937724
37458198
21659733
100835550
94310459
27662606
103756480
42187729
15189666
1665415
47448451
21682361
10270457
8392184
55227147
105622643
4423758
42895897
14159889
29991789
19285975
25820792
9719425
26796526
81466259
71446869
9679617
62274515
109975209
88342810
21909478
76352175
53397739
104247128
49812699
104856359
65206569
102091065
47472907
103757305
44128586
39056266
19188843
14897815
56702055
65064879
33946382
27165598
23609921
41072726
73005993
45223078
54604534
48522556
69850537
19191744
14205289
31586808
93098665
33623034
34945070
27912351
79273104
1275009
91774188
57971635
110117080
71699264
446106
8416641
27052090
29230771
35087840
64373965
33685062
29536457
41454957
103123656
6893233
31120472
96718193
24483437
28106170
35412790
87050896
38263729
36343079
33315884
49375367
7669942
64599930
86403690
99121792
74035098
54141559
20074924
9157
101700439
97380803
81465336
26062429
72928125
48279338
5551383
75652637
40811406
75376852
63068114
59139092
35143425
3014302
3789031
47682542
42576070
109319711
106468640
41621991
81406766
78965955
73221678
18798151
43298461
84995760
21530496
16509569
62691120
32944121
28793822
18121638
24452678
85919626
20511046
50009117
7467932
93158161
12584522
34405943
92967056
2537440
108083689
97710884
13171861
4719321
104197531
53687708
27912945
27502685
78650314
5092243
88401122
98475919
50001283
26788892
75038268
98836376
97965748
97303111
8491443
105857825
107860593
27177189
78451694
90336515
90158224
25795617
52924734
62780711
89305884
105506172
42099208
103364368
103763354
69734154
87056376
19178474
85287395
75554331
49351564
32908024
65340960
61612230
76171279
61414908
91806774
87985158
32828560
44841551
99692519
34047883
27406131
70257707
100002595
105389706
37411781
27377513
46739734
57668562
73415131
96191516
1742818
82615055
69041621
27068508
37180388
11502045
80076911
105113000
10213371
97989335
66986745
56659681
22539084
98436122
81319977
99698852
41026267
109030678
17435420
29434812
44295288
85000055
85579555
72625082
58649971
32476847
6696010
3281847
55925744
43533705
79883524
84924311
98168296
57539576
109975227
42317389
1288674
92337577
90859883
6287319
17933878
78800624
85589705
85823862
57409855
82539299
82263431
64325084
64735390
95418995
106838887
24403835
26350083
105836336
8412700
108101753
86801104
15895934
33648323
81251433
55615409
22343948
27682713
55850907
56250902
17637650
4191134
47734984
16887326
12059259
30947615
95093646
74124398
55784034
3560431
45818400
70537538
39578065
10219825
93065184
69068912
1002551
68724764
28498331
19035232
102766766
16937058
5549671
70530526
64038004
106302349
52498131
76343047
10045063
104393402
61249547
53483952
44865504
69520998
84777310
100918491
27897209
91533215
28305998
37980125
74232367
88332203
87722355
23242782
9217274
77074049
40570581
34700948
76207998
64294902
66219190
84969869
63149055
9497323
70766024
97944957
96257285
58354730
67827129
9294740
2011526
101978550
21440271
54197013
94357417
103494096
72612493
42650713
70034477
102957424
60507770
103723214
79114929
63381935
92922202
27249955
866050
29009308
78731759
43971758
1145847
56721867
14203845
17937726
76223667
12411294
82851457
86962545
109076833
76098580
40588098
58064513
60354761
28196175
34318149
104440333
33459619
79905070
92392944
76561264
23842495
49859464
63534641
104598602
62515885
63912894
1251825
67144293
27863461
22009892
29767912
35941749
33231828
54526180
98069899
99511123
13584462
6752876
99108076
51012319
15743819
12391922
23746364
8648057
104986557
64663080
12047389
9631984
108796203
95267109
65760252
82227523
97593580
109871748
45830405
105621592
88783062
89491934
90110010
102171712
99028064
27975361
100855480
43970706
40941718
91317023
53136675
72822143
43742686
86716154
27265955
7095761
17655366
11816913
49334297
37838200
8600505
79763910
54121733
26568680
50407158
8622133
36397118
102221988
21088686
66588471
68245211
96861350
43197499
4618277
54049861
55057358
97283643
62272086
43567660
78369576
100307965
76670522
45556188
36646925
11544415
68182670
10495093
90067167
3216408
22304016
36450096
92281826
29356752
45499600
42905191
58435170
97783448
80058647
33976777
34477336
76124601
6110562
95545118
98390142
17584634
44511404
64223327
18914067
72214121
19630766
32813387
6144668
7609735
30107147
26151832
31727249
7449890
40924705
106350700
21184583
103197265
101200496
102110263
23655210
57966153
73096545
77192022
5789739
56667675
80599843
49182219
30468088
98775929
103767342
86900444
51404196
82547284
97326189
38834309
8553081
12021031
55439869
90242837
28616114
22657256
95477127
35626550
38998936
100711070
5150203
29324320
22025683
95967972
81747347
56713189
104910043
16428870
106842180
66857521
78933215
92073915
108398507
106551274
100105362
73953687
42307883
12569887
16477831
85305158
93644440
28560244
36138546
85516242
105015711
103239565
36391949
47499686
83209976
9674616
21169015
72165861
310602
75562495
101307930
65318477
2604638
38052522
100479284
67501893
11192643
25115570
102218554
87178448
64243391
87535475
110209485
67252726
81909076
98167587
49166612
60861827
33794534
95882611
49124293
110249653
72763218
79450962
79064300
11044114
9364014
55856521
81107932
45242125
15441485
63255408
75089194
45352745
79593508
17847342
75533340
34264195
71122180
67416708
29702592
49724293
58360027
12041898
70819743
73780878
64373053
6017630
11737534
86528511
75853022
22406960
31185353
61719103
70086948
23207779
92919812
74371889
93148665
70586153
80402932
80338740
93911901
109975480
22553034
45329312
56975163
60850260
57295232
74131515
61790310
17660694
89154551
94829150
402474
64802113
62043343
30578171
93148238
42064203
55343158
66867547
5053641
60711202
79049292
105965059
93042744
75067287
46702586
12809924
86924253
23161081
269334
101316217
53000317
14436403
40767709
35577277
51793579
92368167
95226965
77211160
69991849
77086066
85519436
22557932
24387504
72712769
85485014
79014319
89744191
47365584
98068256
9338582
77918459
56715634
1746101
80232820
98393035
23541505
65274219
38341665
80410765
96082932
3032136
70156669
15376452
58649542
103333941
84832420
22376318
70874528
101941725
100167546
52698562
65540296
47322919
108356815
93218578
38119429
33679692
80405609
79697126
41352622
60326110
50419268
68572600
88454597
14958600
2534998
106114370
79441288
88043157
62987725
23190107
54632595
77072728
40794033
36273224
32459413
93140695
85192402
18175966
89135058
52844627
107325377
82571718
61937118
74677122
65546598
11155932
102577071
20079499
82011487
83030023
24605141
35460667
8521230
35073856
45767313
77475470
43126645
108984810
33410562
96164997
35129703
18359371
97346944
57903339
3814450
67017076
56739266
32347775
21100590
59296969
43641137
32648254
17025120
50781186
24833680
45467099
39394445
72280677
48207986
46550820
16992421
99781286
42426983
41295760
102197212
99766133
44064908
109945277
16338735
67784820
51551682
87476365
14544920
30329867
53897702
81716676
45916486
50175926
41440267
41185964
42271849
103109952
60548203
81808021
11386741
62803003
49992742
45577254
108021885
58676701
4123836
85946661
50317702
52910851
49964481
102501936
25911026
29013716
877223
39112371
53239900
21221815
86312292
95811874
37147010
3721776
93010038
57464151
7904077
48580316
90887762
70713828
91723211
50478829
84548908
18543115
7514747
101566041
94187047
74808853
61092628
61462986
35982180
58065767
79733454
73684394
44108341
39532284
86023817
89905409
63050080
10161654
36808434
82590516
55535465
89932860
106067700
44429722
19310018
100173878
9590734
93142562
96414921
15663723
95697711
35716496
87339698
42955895
40473413
32724061
38826673
55760489
34463160
15031415
13957426
92934799
97910577
6936561
86732205
18345791
105830604
90709565
7359818
57125575
29256445
11105743
13106470
58627450
87572617
36417457
3758957
104177011
50178480
3182053
91307655
52741816
105493083
54615637
56862851
37446553
108510901
23795258
41803063
51778362
80104467
59754494
58936223
79564786
11355958
106272641
63719602
48705029
3936748
106504075
44019105
80878995
33783127
86939014
107602122
36129234
38972606
576904
65602985
107686665
60672599
36692017
48612594
68046530
56354737
33067593
48377119
109466168
106674420
34782197
45575767
539681
48398536
62913583
68578813
15384558
44819521
67465527
4685924
86041382
72720948
9813720
26010502
50387522
47966408
107025217
80776250
94269571
50154306
28910968
1557699
45359698
90587281
15545001
72403040
109872198
36643173
13594921
63890401
48618367
96633662
92912185
42210868
85747607
70827691
1113286
10698634
69028139
47478208
47605833
60030880
75067055
72097313
29235286
79861273
6430466
56870911
104598911
92711872
57528237
48573687
96262699
83206658
33448712
31635456
58808119
45981797
98274807
79944889
81228217
6407499
63619683
74818122
93831211
75048973
1799552
6368706
15826430
61730888
82661154
85758521
30795594
105455783
65666847
25098003
27995991
76702224
109592675
56025223
106699174
27055207
67858604
7110870
24398539
97716915
43610650
31596858
75003581
91867308
16325206
59143723
75559917
41304339
73018570
87462505
1706171
103052293
33957553
40317910
30935294
29939000
72825303
58431219
77459792
41698252
25755329
24704396
80253051
25021096
98416620
42071931
2656668
22875318
73750221
45535310
22713334
61993343
68005281
68593487
69041019
27754496
96375154
98347413
92331796
22699906
106238581
71638262
14600627
4018552
20226236
82754076
5212837
83860680
32675890
105489024
71695202
53467862
36537777
90914748
22364428
18024930
78571711
9854987
161984
64490506
30263657
64369848
45685953
40250785
82468334
80943607
98406329
16158876
44842461
20693534
8099279
102220028
104145655
42096552
51539344
46615557
102811814
9973814
12165478
89458029
11434875
33514082
31103434
18512847
12343037
65243070
17862946
14081205
89841330
46042137
71538182
100262873
34635143
17475975
104828086
8793086
36101145
20196423
8059597
52872434
26797879
18736356
103414313
57530098
102268367
41565530
87183708
13353785
51272568
88901396
838223
45655656
21171045
18593993
649901
108511833
85651740
24554438
105526652
42312086
64140623
54062207
105684788
25842057
91624830
27115290
733489
93478712
103648545
42056870
2191749
79517782
26717989
61848783
23080019
31398210
43026591
108532312
65249190
5616911
10213979
92494231
45005755
22909213
43192253
28829092
55718809
96073283
70663816
51464445
46877299
38298566
15171006
21053125
77842197
108396119
33716746
68926620
33770591
24130763
68072509
103326596
109171391
48053408
18822192
24797708
76399021
90143308
40801961
83004960
70861157
97554766
102035607
68910291
19924033
110102600
68415277
4254364
49195983
32365250
89027068
78557803
13189998
69758517
97586380
8915577
17109156
62319612
53587739
40693996
77943001
20019101
26988031
26857311
81904388
91662514
94245747
46127690
19282151
106230825
33702982
54684495
77630733
102183007
53228643
68403297
3390245
36050027
25477297
23371809
71908881
72002180
91221424
4274421
52649361
88000396
65577838
29148789
37110240
86302267
66439593
51085690
48364714
45575518
95595194
88510327
14863991
98264923
65158337
74847657
28600091
94503604
1455852
61961065
41276390
17178615
42926000
90268436
16874775
6208746
42400386
67634460
19352819
55954656
101680212
76234201
103623785
32009200
72959196
96274551
37937552
20864075
8224125
12588016
83445156
107580271
76085619
50266335
12148460
23388361
73391805
19372655
53227214
37010865
19035065
61257955
303840
89450882
47868050
1973944
39589556
39179359
18687876
106102248
5064500
69671012
3275004
7349234
46805277
104828750
30534054
25349536
47668919
10893854
99486027
85912450
37915439
105430886
87124531
45509433
80411148
89114568
337590
44702888
89440654
92567812
13389905
108579896
102594955
61422320
36019697
43737309
86848488
59266865
102827243
50448894
22865735
8696255
87065181
74189370
109893460
19640199
36113509
14490098
25712044
46788770
109037920
45139635
25019738
50743591
45171843
88441889
52407543
70753408
31312983
91110759
42706486
4701214
15043827
58857645
27307461
87002832
103893696
89133222
89134759
36614616
73633714
1409994
61786425
67424982
38075860
37886990
46661784
42058368
15702178
33306038
21769032
777957
110217793
99561478
51069677
27152064
57128906
71546785
28046921
79345398
18550559
36582470
30127382
38290996
7697578
101157868
50601702
9762707
15499508
30208393
85078192
6208732
16067762
23899435
73496826
106267493
74918440
13355746
73022965
14924221
86071875
32457554
2441908
25549357
95166201
89772893
109355143
30517137
105729854
44198080
101951645
90509564
81618520
39219514
40422923
108184872
85658360
73126937
34934516
62024405
14140631
61178757
42961906
20050270
1714623
2624708
85978156
59994219
90267501
40565411
65215942
60522518
100274983
22919016
26444214
7132691
94293040
7640691
91549122
67953919
72829561
62732130
102820270
83683649
6294783
20029614
15733984
76367583
58986306
84005759
19062499
46823989
1947762
93070827
97055744
51970405
75340836
98146374
47511906
29744983
103274057
42296926
86811932
35625920
91609606
18803523
78567199
79072750
45061131
28816992
75383649
41879540
109170976
25274284
67949665
92910830
71293309
41978225
57305084
12162317
24541625
88975301
2501874
60227357
17729991
109159370
57192128
98329482
47605946
57948609
53183052
67648137
3420949
10492037
9792350
12536856
83992393
49750207
3689100
55915219
82629646
102842994
84179876
16260146
64230976
25971440
35605745
1614620
70170229
78579784
62394071
17047897
13728938
3592505
3035229
82384139
4037052
51977148
45146430
90207809
54527660
95424644
339415
101134094
36749644
70292144
8847755
80810803
77370562
63829736
81985344
66369500
91345647
58208436
90904401
5099984
8534840
9759590
49470549
53122332
7334473
1285194
14012668
41594800
109805453
3791709
89971338
76812873
107699489
59971787
89868394
63643567
1158627
40297272
34769966
8672470
45655211
108001649
109075459
11001062
82734089
76510537
85715099
28729291
102407225
23628439
65879435
65662509
2425117
100918984
39109664
18473302
1729742
62954587
4357091
85726209
6342221
29999551
97194480
44055922
1296787
102304750
81607229
102736158
47375690
37018318
62580641
34654149
25267560
85298551
88269592
106738427
26836941
4570288
73099857
36744716
73936951
17694080
26552845
36685444
41672870
28888705
66849839
26253533
56612366
84607541
41265358
15019927
28702763
47623358
15182322
61544259
54929060
44588911
92889146
65455170
64484387
30015719
56634557
81512763
58461609
26182932
33638570
100342226
40883338
108139405
10191871
89985136
86271211
50397768
22569233
15419336
82526340
92492299
37721804
94326068
108638407
103892001
52571234
19892133
102944299
80843411
78905114
99723890
32838153
5357055
8820613
93221625
81804110
83185254
47874193
10853012
95549594
88482794
32633983
3631831
21868194
12527731
9899530
13335503
78121429
40326935
87947533
40933901
94103893
44079804
94488462
88746274
947701
81977824
51237019
55954038
48005258
16031687
90903277
49866529
33802945
88618988
45347432
13434726
40369289
12125027
88469029
34401391
66614600
72839881
46465930
61266320
44656303
79822596
35637970
89921157
56473043
43867729
109429068
58091248
95865731
12510638
90242883
107977293
33972566
35205332
75300761
108388729
34962371
55017918
57252726
73101848
48249699
85956033
35215698
58701527
108494057
68362777
98185462
5348280
28183578
19376963
78361978
7468774
23349552
102020242
33225718
51115424
735627
96918430
20581993
98138439
31271701
55037551
85410161
35833837
52976590
20282843
103869632
72110524
6768218
81546694
90619779
42281801
30195605
77102921
70766066
103145776
40179199
21292127
89969932
73448432
106277411
29075365
26976685
82484129
101284615
46557289
83267060
65580818
8130356
75794443
65461907
105687865
2060961
65127317
42214206
33599695
13514625
75056567
34224374
17220046
104084717
13516857
24249364
37299830
89657351
49473939
65909473
19464396
25264716
3378194
99205376
76526911
38040751
90669397
109467070
35703797
91160561
7472617
52852540
12692492
16217109
334589
63473658
21194895
104346321
19891268
109625322
49028208
81221850
20707516
103220682
9268515
86843136
85025426
81640357
70192955
24209222
5014907
30509021
1471434
75587444
8535978
77309842
2336954
109758837
101994453
35584886
78468069
43989136
52517950
1952463
105272215
58971898
43582390
21819574
55318113
101653048
31401433
56057526
71953335
96848010
70928885
37878159
16650181
3299832
19109078
39683934
75471417
39677464
21973042
34411592
73250489
61760771
85565390
19485697
31290768
58005316
93316936
18999234
101700551
46279681
68620074
83452640
3653784
104912972
43151770
51994216
29699713
44803424
37862270
86808805
80197828
67629053
18769080
87216248
90812044
89681615
17710891
41059825
19160603
12945900
59096203
106498421
30470003
80293703
36418762
65025163
9038394
99770884
60629161
18247911
42625897
16440731
93034499
4393197
75213259
108598346
14131945
105874538
17339225
80483218
68039724
45715209
29550637
39337466
69505357
102485848
13004640
57498620
92213623
22912183
35209525
31536129
12563287
75694841
71255309
99631508
57129631
101040484
57144987
44188430
88197041
90966328
104211102
37169782
100511253
79588722
33742749
96632357
37834813
24357645
103666210
28702258
86459853
90048419
79066455
64740365
10272225
100342457
75022724
60677494
63082525
69764685
70530821
23181780
71298839
22948454
42486521
12941201
65577071
76428659
102960958
51027259
100705076
24622380
3427032
56612525
41753908
62118733
45699776
61866184
100881422
13617791
2369432
21719487
79776193
88973998
42451270
2328360
37259932
5258039
100396674
39900745
108715846
100315996
33428888
841266
67621383
76307862
72963873
14549812
85973584
78338578
100333856
96826180
93118472
104291929
63646378
32621353
13970940
32081985
1980379
79161934
96825227
23645435
89518218
19931461
51714066
37193231
64915316
107609187
59525822
80678
59205486
107874580
85428241
67371026
90861023
53071571
43067907
104875296
77199586
41881032
95470106
106291928
85913431
2980747
32804616
31564393
83374603
45059007
98240387
88584945
99893717
19377394
82181369
52324986
65266145
54354880
30401038
64834638
48403701
61901243
77636066
44568089
69747185
32356670
24303119
96235728
28605614
1186875
62138818
81157659
8701230
34972987
15970939
54349038
29856145
97995610
96307635
105039658
55415290
21346621
59137205
100302360
64361250
27826489
74657577
53165136
58684808
78749795
39932201
3835612
44887687
45279396
20264970
83761458
56484684
75849873
86830539
57697956
45219274
27165831
65186719
64602192
5116842
28225330
68291404
87800116
95313949
17444642
98636082
7846559
67235372
31310715
25644782
11196114
21875310
106157783
65966564
54849196
86595737
104902805
36304271
71376230
41528341
107398727
49664548
109036729
30630599
2148336
102761238
33350710
22048988
36961389
49044417
80300356
95895011
103580390
99414035
87467389
60459271
67325367
92451778
56039258
62169034
82470629
108213180
19759743
19562045
71313759
18544925
67953136
63374464
39155545
74445311
95475242
19251756
100249841
6275491
50013517
90349348
8283476
37039922
104732262
51316379
55714028
91136322
61161250
43121119
84822297
105265612
4420013
57889962
62714777
559707
42409290
62908584
89633049
1214818
4342538
7939295
32123009
46241454
20632851
72637418
26929099
31683379
79488239
9900492
50725643
65707224
38350715
67217098
91575895
13595940
42888758
65326538
59047654
66145639
38701105
26932335
95284464
56593935
15480671
110056194
21176658
93928101
1049674
81693754
79341810
68351084
40040072
12219220
19312355
99199473
103399179
17028606
33691364
66514644
24283406
36242174
26864958
24754774
24328340
26249357
64798287
29476748
26625432
32115319
23594804
92357171
64185292
95478270
88150906
31802571
51490148
102466534
14586290
42948590
41653682
9606218
49038729
103824229
19070041
55017378
7991737
89618164
102995201
50182819
92383314
109778633
11913834
615601
12690116
47585221
109873925
32682968
5881944
97251891
20663655
38366534
56939894
32382721
96721751
95934373
69949910
8541558
60812852
57713701
104159862
100813083
100786178
46754980
95832492
92435507
62272178
10542547
49968479
103466569
38268984
91767713
39572145
17062242
53725306
90257148
41703277
65355663
64752942
20249038
40311997
98530935
51894784
13739150
15166440
30663821
35121521
64969838
14631696
12733398
67177524
110138511
4980591
8350671
94732803
27773573
95200657
11539238
25007191
68450767
6378052
73940371
90776036
2048625
85608966
98619644
25504206
21454238
25043665
76472007
21087883
79306476
25848123
73964592
88867630
2930231
16032124
75121752
108042315
67476815
7752807
1310481
15405708
29940647
76133644
25677193
2766381
26749890
57894815
3800449
30408360
4329426
98581405
102406393
86794420
64154728
73575978
59282200
53099984
108720819
103357513
110106920
100688847
22917892
57932468
66479507
57871546
58805310
67368945
49215462
104804735
30545789
88160467
42462144
27174265
49383754
20516007
51699561
49075159
53565388
15469045
90985597
80518636
34426677
28830414
27512220
63788372
17588788
8658316
105976694
8031971
80439620
52174452
86942969
17779975
51860786
51844191
8656084
6734204
36823156
13788624
62342591
3371523
38776713
21946137
85724705
53042224
77200619
88964145
10823191
25780381
33775996
62155182
53006416
23371934
63975255
71587533
68061679
9556817
38468696
106535870
84072632
62659645
313666
87832407
9123891
97860211
15021035
47601089
54641614
33451632
85261912
93130082
27896819
38468118
54995519
49494189
42219033
104153867
55188148
58918009
83023965
63137691
108429928
34152512
65560255
107152067
33118836
14259438
88467815
86059052
106222204
106490225
53535753
65437084
72811372
14256431
43218597
91819403
15072806
14245160
5554813
46793794
38134563
31136258
106499086
61091652
47039670
93551024
73863531
44784086
3221710
48871453
50311065
1277861
1033676
51300817
71417881
57309785
18287234
92227590
32523299
93518749
33678853
92012951
22218487
33725598
109433626
81707066
28748218
78529013
28844226
27152184
103278338
87292912
36830217
12948061
39961750
2255584
32812942
77725707
47206650
1943848
47837777
109260248
92843610
53973892
85747212
31923919
24786486
87752115
58548737
103493978
71300262
52686884
35312953
103495051
4977380
30904613
52862840
1596034
27984304
104534944
43055595
90330276
47331161
34574633
32868748
72486044
65298935
30869094
29887930
100930031
72083868
104113886
76246665
60919691
29187406
108245097
26108811
84276138
16451853
5861853
10664652
78055212
47709504
4408340
50632211
56114975
2920309
1061525
68790439
100637657
57203782
8480962
57461528
27578746
79525699
1999654
95331743
17102532
11518855
36024045
24683366
11164177
74926480
78251569
87544509
107894898
91793244
20246957
16095113
101380271
68402350
6256312
27423001
44328158
1488030
102304315
97574536
65266282
106841372
60309477
43176129
82358665
91938892
108195503
42497003
62423167
43214428
59307698
45152795
354678
13831194
109415427
33869669
19765211
96708326
9781179
91799784
43146601
4578236
9838801
73957270
24074192
57501911
88102316
57003622
46471749
105712943
37265059
22090153
77216336
21104214
97964255
39861662
29515725
64981075
35922934
70004000
95593379
45476504
45987369
76735010
104315984
12707101
76822118
38215427
53561724
5202943
24444611
21922960
90754044
62586891
96104955
19804199
11030161
35123001
19738563
24381596
81230236
68894474
87109527
90088303
44322117
85716809
3938728
69761726
79637697
100696430
24016631
18858369
104144150
86013897
110162892
8584184
69395377
14102803
66504445
84372393
77432529
72107721
88801634
13433473
51556729
3465582
