#N=2100
1812249
2341092
2301534
1725809
1192635
2892001
851036
2167385
3796928
957088
2938766
615217
1013544
3541723
2248351
2351185
1301721
4381117
452756
3739578
2907170
710717
1694290
4029825
1499829
1680809
1752266
1111956
745018
3490037
4055744
4309602
1148457
3819533
874773
3435251
3318235
4117109
3451780
3181711
4353545
3807044
2776867
2885521
2053163
2277235
1711589
1972144
1287107
3965201
2045288
3100507
3620889
4236642
2277559
387873
935791
2485391
1279374
658577
2341580
236211
3434829
1936368
314459
1167664
4393471
136524
3986726
3867898
218005
1468024
1567041
499631
987092
81019
803289
2156389
4336857
2409762
344312
2031807
636109
3233016
3300851
4202168
3331661
90375
143811
1043163
1633749
218373
4144913
2267165
1952897
177935
1404100
338734
4141681
2518701
2114018
4128374
294093
1486022
3919504
3240704
154163
2616688
1625238
2118210
1773653
1334458
3140957
843941
4311356
3023637
3871518
2101659
2866627
4148600
1308250
3776585
2675476
3780139
676225
1427324
446255
3108561
2447878
13306
2037769
627996
208870
1463390
1331858
1115977
1428626
2259115
843035
290780
3200415
742873
1433103
117320
1195585
2022858
4380172
3946079
606569
3500043
1473124
1938112
2913520
1061313
3147044
1977665
3389447
432949
883952
1819882
4027598
574379
3519299
3316055
34763
3482744
86103
1137846
3281862
100162
3080839
3083094
3770449
3633407
147149
1472668
1229449
693290
2472955
3078458
586522
224972
3014230
935855
1895027
2714095
906874
1569565
628512
309573
2710583
524704
539616
36555
3229952
3120079
14043
4395942
2280168
198767
552874
3670594
2935945
2110942
2403957
3677021
3409713
2560992
4329929
2061144
64228
4060668
2739945
113295
4252143
325462
2085583
597301
3268983
4326970
3993119
2487189
1704753
1642698
4245673
3244011
653072
4225277
3656228
3019575
1485984
2851933
1266637
3482085
3111230
4066127
3570254
1161730
2496764
269261
3731200
4174094
4218526
2227644
2437713
3654842
1466480
1981775
827344
594954
2622216
2350420
2464678
2683904
989626
20396
3997783
2043498
2552453
804295
1566099
2413900
3963865
1423672
4134993
1762661
1569362
3300993
1653692
2545832
273896
1503555
1549542
563684
574325
455938
2640659
871525
3769559
2886924
2353438
4161474
1173955
2257442
3096122
3169290
1877944
3006649
290560
138553
1063592
4365589
2502068
2014365
4077471
834000
4332131
3433531
2840257
150136
996290
4120213
742391
906764
2146187
4112801
1096380
4163735
2741249
3831247
1526130
4319158
878513
2414665
379498
89473
2691891
1739390
1943056
334972
1859647
3459228
288117
1668068
1905396
643940
2216905
4181994
2250402
2943206
3630907
4312687
1974025
1039591
4220385
2392453
1184713
1488294
2450766
2832092
2952734
3521466
3939659
789040
3945936
2863270
2556417
2356919
4102905
2706990
46854
191579
1366993
3867339
3674325
2133402
2616699
3496860
364248
2347716
969181
2591316
4315464
3991573
4078040
2732091
4164849
2762622
2945561
3339301
3115594
2163694
3985531
889550
2642623
1402177
3170365
4072589
2310065
3724487
1339996
402677
740416
3456753
1063801
177464
1582315
268983
2340840
2182932
2255414
1387608
2736438
1583373
4049886
1315418
4009692
825548
3870189
781866
3763771
2226044
3744233
2396514
2129186
2980035
3315274
3669040
2545754
1720549
2984071
2106405
3748877
562951
1874437
607978
2059786
3809384
2423570
953232
3856495
485202
1560884
1234181
1983682
3224338
1855229
3227825
1471778
1644145
1260795
1180417
4320020
764198
3304402
2870147
247442
1594725
498129
252509
2381673
2234281
231968
2954059
2726327
2475054
2594409
1106554
4362890
1938368
3615510
2435474
2911521
2746546
3788953
2979018
1752560
24245
1967030
104521
1547287
309758
2099177
1263034
516756
1709676
2185178
4404933
3436214
2487010
20541
3650775
3917954
2166914
359650
1432934
2335326
469201
1901045
1740576
3250009
682124
2869683
4342503
993986
3577869
825149
1461200
2700119
1657271
2415345
97414
4203003
202662
3487856
521823
2496624
3921330
4197553
4008601
2979057
2076789
3291125
2298181
4054750
4113611
3941890
407911
1629193
1032081
3280894
3317507
4098139
3701815
3330515
3942787
690910
3577879
3269017
2602705
1864269
2025844
1019559
3681180
2116039
3789688
547432
2711185
942273
1933925
717476
494037
2432040
3400676
2579452
3460000
2484418
2909809
1537018
2534848
1157104
3802240
4396993
155352
2824066
4162637
486931
2498206
1713610
1243173
1396307
2406251
4319806
1639871
2946908
3628016
2660576
2836669
1993709
448236
3911886
1539962
2137746
3195202
916258
4079644
1736143
4359571
1752705
1957939
2361017
1001751
978174
234356
3891583
139020
2262188
3653759
1101899
3530521
1333368
4166436
3869343
504951
3202457
110239
1634307
2212340
3147945
266908
2533651
716684
623704
2468103
1272220
966688
2326939
4001365
1811715
564114
979765
2126661
1520169
652315
2195330
237824
3447122
3141668
2320391
1345464
4071178
641578
777140
3759104
3280645
803277
1185455
1367399
4088690
2431261
3866366
4288710
3667626
4067017
141163
1680855
3378135
1575986
3021600
3908216
3453946
140611
4154493
1095505
1615194
3463663
2140595
2101658
3480490
1491974
381484
312074
1770934
4383864
2386810
1726407
937749
2977356
1724195
4023141
3173636
4209350
4147547
1986770
502043
2788339
2882417
3693081
2532040
2694150
3976885
2171602
2935418
690830
3364911
3923537
4393173
648621
1533334
3168416
4131041
220782
2148426
4267689
3259275
3632616
2212
1324609
4213720
1924846
4098756
1186866
3520468
1359207
3327515
1218963
256299
188266
3939358
173599
4168733
3286055
3216692
3235043
707657
2716289
2203363
1037918
740742
1125713
833151
4086514
1371508
2925811
4265477
1934666
3642057
2300528
1449014
3026854
2814379
2739549
2269351
2301505
916069
3139249
1502767
4305861
242695
653303
1366908
933690
2391558
500402
1031679
3892901
1788708
890811
204766
1064229
4164206
2317341
4231038
3846842
3506915
1778110
298813
615203
3896150
2932627
757503
326035
1636640
3353264
611899
833370
2709715
662625
2938953
3719005
2671745
679667
4312012
2721819
2934856
4364030
3688135
724478
1136606
2297426
1056353
317363
3220427
2266089
3361190
2704873
2291961
1776186
4267701
3383276
1109148
1627400
4124137
803270
643549
4359275
2304418
3400710
2400880
2072447
3816994
4173088
1967972
4171144
3443685
2210378
3040584
1390709
3891287
819243
3300161
3200265
1179335
328714
4197290
1585004
2847173
3131847
480199
2640300
3669140
305877
983851
3988024
2722014
1466001
1958394
45132
3993717
2450954
104474
3869012
729403
4167595
1130559
2052976
2729092
2221341
2313710
504182
3863070
2971446
3412976
4004332
1891542
878604
917965
20034
3872708
4397484
1469610
3904278
1993864
3741012
2029629
2676882
1882285
3730602
4350658
4347866
1721550
160041
2738453
2899589
1438503
3132380
4149267
2038070
2768272
3565425
1501207
4081900
893065
2347533
2899527
1684669
1415897
930482
2960424
4191592
2403620
2138599
1874648
3540143
1671888
2522189
2549386
1757580
2009052
4003778
1609413
3045123
3131538
3829235
3160323
3623595
364107
397002
536863
2909534
2672360
3376835
995533
3431558
744797
1969045
3134245
1447467
2750024
634986
2316943
3086638
279872
3575621
990757
4137469
326298
2955608
148167
3373930
685401
2003340
4294800
3917944
3465127
2576482
3086731
1677735
1947804
1383190
1727162
3463963
2632038
3436489
110474
3520492
3442182
2499259
3540524
4073387
168274
2964484
2095881
552404
3062484
2445150
3989302
1362369
2083368
2554827
3302291
1177457
2761375
1531479
644374
1600553
628677
1516702
4360574
2707003
3161153
2700673
3353489
3334707
4217469
2021215
4389969
3778796
2144146
576040
1790667
4025871
4125161
4060732
786263
1700115
361781
1434475
2470078
719072
4016614
1770812
533083
1160821
902802
3350833
1649980
2144836
2765550
1473061
3763514
4236446
2706366
1145435
3354739
251833
4100231
3627089
1801290
2528275
860880
2139936
3052769
2425046
3512111
3761789
3453199
4052710
1641022
512427
185988
2855793
868010
1405412
3734003
2981127
585283
176919
2604484
2939105
2989857
2618079
881707
2454533
1455204
3950812
2860544
1385117
2579370
3884516
3885507
2845835
3037825
3514141
3195009
3869402
1933928
2940771
3679883
3195230
4054418
3190577
3344952
2110044
633290
3557084
376643
1869340
1410224
4396405
2057398
535324
976036
1154057
4003990
4293249
1184602
3199189
1909610
4143536
846691
184527
4060827
3391585
1580213
254237
2680
3148698
3109515
489305
4073440
1944374
2370448
4197869
1546562
2987112
1960021
203400
4221943
688061
3233530
716502
941335
1092787
4192616
617961
2196800
1451067
2165659
1725083
82709
1865106
3014314
3619750
3202066
2841516
1367884
3736536
3298420
978302
2528858
4098733
210973
3606498
2051009
1343162
2988331
1271960
1379870
3318602
4156727
1953904
747047
136534
3119149
2741549
2862303
471716
1181518
113714
2933931
686121
3073041
172798
2251866
3688692
3766258
202743
1207678
3422848
767329
3145521
2047724
3277812
431328
779049
4186453
3892891
1525234
3649128
2571554
3833353
3057916
2415499
1684232
2647433
1373192
2561750
1760947
495397
1450674
2761132
2844256
3607511
629702
1862283
2294174
343409
3845415
2285319
1375124
1712679
2714193
1081836
3314520
761599
3663816
537325
1321336
1915042
404373
4379217
2149121
410483
855468
3345644
699646
877794
1111076
3409816
2061142
2066325
1944591
981972
1313336
286293
2240030
8855
3378286
2132736
3981127
106448
2621320
1765754
1828021
2777195
3663425
1561934
4356114
1352120
4175922
4403890
3523749
3213477
3933999
4387674
2047729
1699831
3226653
3454752
1278386
892331
752988
1658298
2965104
1117642
1318007
107293
437729
3084999
3734578
2028533
2501589
4067287
2325491
266087
2644243
2311305
1609174
4362224
2238371
962445
283052
3359237
978909
2234167
974182
3002978
234606
2147483
2514924
3843250
2150388
3858508
340290
2857811
679912
2456170
595877
2632358
396571
3890453
3926204
2235502
1236204
14186
2880075
2692020
72933
646729
4079172
3102296
4206698
2272047
2198215
2385931
1999561
3236700
301215
614518
4220256
3066417
3502959
3702578
3178596
2107282
2261933
2457555
2059599
1115425
2929316
2571070
2467409
3912017
3578589
2954185
4164415
2233346
3022849
1380638
663193
1620286
717242
1820766
272486
3371516
1897877
1198203
3239606
1644799
1334721
517678
4110983
1395677
1440645
534201
47682
959669
3751401
3711691
2871178
3240460
3215643
3923225
3970764
1345243
4341337
2783777
1383314
1215724
476557
3252427
1347800
1568888
4146051
3297444
131910
253078
4086644
2535089
1756978
4349044
3487034
3576781
1347995
294137
1005962
559153
2498492
510941
496048
3357954
3679697
1683561
3805049
1000148
4371930
3125613
2307220
2354048
4091086
3130831
3329538
2273517
1436978
3892972
3620801
1819983
2719262
4147601
3458056
2590197
3001049
3192897
2383980
602003
2018807
495021
4286266
3550539
1054406
3222488
3776066
2492709
1534793
679436
3102929
2017881
3257689
3399551
3247672
1817568
1693853
3846567
3062717
4026996
986871
3883201
2771928
129065
959712
78320
206217
2212207
1174090
1702120
538898
2878269
3850616
1063778
3997634
2971697
1500856
3096630
3799781
3926912
1831747
3926540
2993371
1253282
1705698
3811106
3164852
2076858
2672857
3402678
1255068
857806
2736649
2506769
4146010
2970667
3314231
2914097
1486470
2518983
2261505
3885121
3290635
878918
3786083
901004
3395078
1983945
1078044
4096402
933541
391626
2220842
3592266
2498431
3852002
951410
3985335
634951
1815051
479190
2971461
1121797
4175983
3602539
1231912
1297358
795248
652592
2011349
3638348
1195748
99038
2389631
1707002
1802138
4046122
3708677
863565
499578
1688721
1751275
2303196
2592002
2454017
2923096
3030212
3546360
3319306
2073491
693254
713207
3778923
4113046
2691786
2807291
579320
3696009
1380061
3680006
1912311
1248717
3898747
2520061
2566671
2408326
751734
3359704
1833117
3522290
2606383
3319880
3520420
3790101
3784952
3317658
3826952
956721
2853106
2419260
2704569
803369
2244583
971632
3533726
3405778
1240390
1309315
1596859
131344
4004421
3615412
2905207
1490421
1581488
3430129
388370
1639445
753321
2923237
4225032
3226283
3758090
202761
4186311
2828231
464552
1220853
2662153
1862897
174677
1546098
1679644
3248806
4141242
2224410
1622080
922207
1528056
2391448
1449299
2514000
2033924
3698240
915212
4165205
2676807
1875133
1637574
1937039
3388309
4022271
3263134
929858
4148210
2965458
4389240
2824817
1046176
929216
183253
1149033
1814856
3865235
1439887
3032196
509515
3640633
3882909
3237218
170685
1974220
1411949
2091881
1021433
3450079
2340791
739768
2896825
2025304
2897067
2458451
4097223
297676
763780
1136554
1732443
3273185
2454725
4307144
3524360
728019
3932308
3192661
3168881
2209255
3559288
1682297
3283109
1721849
1638430
2488805
952787
2371870
3974251
281665
366415
315487
2065862
438374
2151243
2599391
1507832
2773830
2788395
1713756
2904991
1835300
4158826
1726706
187997
331699
1782300
1723053
4043373
1486583
3149308
1650600
4267029
794304
769062
3676561
2737715
484283
1818616
3658764
2625803
4338042
2387405
3689633
3153704
3600575
4034158
4204076
4278840
953095
1964931
1178285
1647303
3640287
4167568
2874945
698327
295716
2796907
2205934
1629555
2355004
881538
590468
2279750
97939
1671106
3488952
2268481
1890574
1084520
3159332
1184338
3009992
4065475
3359628
3731736
3081063
2239145
2913716
3715793
2547806
1233879
3182359
2941960
3685012
4301200
2715554
3076162
441903
1324396
1039087
4298415
596759
3142524
3200799
2052620
4003693
2217593
3519149
706236
2484529
3503858
2234711
3501417
797573
933644
631181
3588432
4101340
1679837
533434
3829007
1772028
3104321
39567
608850
3859297
1391158
2037074
366649
540798
2119725
1097616
2767301
3361992
796367
2943472
3297457
3956226
15291
2881526
3206273
2519446
1114227
2683397
1432302
1242305
3361345
3054998
85493
4130970
1652275
3789440
1163178
3655025
2871571
2981777
3305808
663521
4327350
3679034
2183498
2980895
114409
4233830
64535
1250142
2741341
415931
749952
1905846
1580459
522876
900304
4095084
3732052
2787305
1156812
3453537
1215884
519215
2967792
2407251
731030
2591402
162377
2208050
3064428
4036775
2890024
1159616
3564625
2172830
2916360
3274268
1305649
3871765
313351
835495
3058634
227076
818703
1895376
1013986
2336161
2751433
91676
1384581
450758
485744
3031795
4198185
376390
2244873
2932981
3750136
535603
3541188
1717973
285311
717194
2653257
290357
867180
3267756
2774078
283315
626292
86275
16792
976418
3436252
2705703
3553944
922309
951580
2113836
3829094
2575948
662573
4332516
786922
1265204
849416
1522431
3614955
2032163
63453
2823994
3287878
4404955
4073175
3608662
1926280
397026
2454625
2500964
266523
3873036
1060024
1534250
1832475
2327103
1754123
1253269
1503216
2598794
1451262
3906579
1789026
3807370
3483099
3487653
1873410
3040415
1458977
790961
2967447
68499
2973980
3902377
2291836
3676149
967198
3835317
4353664
2991590
1254101
2955435
1853722
3142921
4190128
579205
823887
3378491
4025169
1819799
809768
2053893
236640
2524535
1933960
255845
2028675
895610
72968
1203639
2040143
3288231
1999825
3707832
2748340
2866520
3545647
2385609
2394377
1398229
951029
2521180
3175308
1274516
2132195
624797
777198
3227249
2568723
1971276
1583159
2508395
119933
4390796
495859
851511
4406038
638197
3265468
1007899
3426975
2742312
353052
3543306
4385347
362730
472143
2147417
1434580
4096358
2446083
3899674
202146
2550510
310479
3314947
2279236
3215923
1644090
60328
1851343
1415524
2012535
3678423
4207920
4080824
1996044
3398139
1621223
336317
468007
4293670
2766966
4400323
2884324
2237929
3151312
598946
4111335
1758068
3707373
4118735
3402356
1297200
84435
1504556
1670856
2218907
1364580
228566
2270955
2582921
1430766
2341712
1682379
809780
2272762
1472888
2930132
1737554
1979352
290846
1222506
342197
1062172
2098539
2536595
1393244
1114735
4215762
2578873
2410173
3847460
1897800
4036344
2275529
139976
1442290
4171114
3191660
3020961
4339243
713703
620986
4292112
22652
2102810
535208
3903537
2639285
328208
1450315
3451836
3347129
2215603
4078929
983804
2543995
3037532
2927723
181462
681073
2783830
1571931
1570985
2594054
2327576
1358316
2644491
4241872
2291118
2399975
4270293
691051
2741337
3570065
342277
3873526
20160
2453221
3410611
1391080
3457874
3782908
2363325
3894769
1041396
2279242
2362533
2169620
143893
3019532
3333250
189776
3467517
212668
4172725
2308866
3477199
57676
4194741
1413228
3881800
513388
348774
3277812
3549905
2299056
276076
3039081
3218509
4037703
3250916
3973106
2554673
84083
1532236
3094938
1948510
3753002
3246370
4177279
3775177
3120582
240213
971811
958631
4115048
2524126
2063970
585877
3681352
1064454
417148
1373484
2272879
3001736
323984
3490548
648373
4198166
3468565
1296191
3166833
2440869
3869735
2358735
2002396
4258569
2181231
