#N=1100
949
60
480
1594
162
898
1452
1728
1682
1886
811
748
1236
1003
499
1896
1753
1071
289
1511
101
1872
446
1086
73
729
1257
1005
65
1233
1615
1356
1899
25
584
878
1659
9
1360
934
650
1809
249
1784
1251
1872
48
685
1412
418
1065
1016
241
160
1830
1068
1107
467
1834
710
1335
32
1214
1464
367
1018
1962
725
1360
1552
1128
1309
558
378
178
1009
902
1631
63
396
620
905
1630
1173
1497
1806
1235
397
1576
244
1939
1872
1666
196
1946
1643
1659
410
39
493
994
750
1131
1993
1919
548
946
949
1453
1159
1209
1448
1852
267
1939
1100
230
1434
901
1705
1022
1743
369
23
537
1979
45
1609
1417
1733
1363
1445
1275
583
1047
970
1538
230
183
5
1308
1385
1953
1195
37
947
198
969
412
1602
1779
999
1206
834
1978
1372
562
756
246
415
458
1222
398
305
1489
817
1230
1976
1366
1242
496
556
1347
1005
996
1512
535
1040
1191
1414
396
1388
1021
1834
272
1665
1569
147
298
1467
17
596
176
1582
1076
1514
1895
431
1922
810
1895
1492
2
278
470
1957
321
1121
644
1804
393
1005
1116
1800
708
125
1366
545
573
145
1734
879
1521
663
1688
1088
34
1528
979
430
807
1617
1021
489
1957
1350
1312
961
1171
82
688
1036
740
1434
434
163
1996
1664
1255
137
625
1070
1192
876
629
603
108
47
720
1363
1410
761
103
114
1178
1439
621
1673
273
135
1785
1698
602
577
1439
1214
1352
301
1481
184
946
1750
441
1032
767
1025
1883
1189
638
402
1260
1738
1584
665
1494
1948
1608
929
331
576
1976
1208
259
1832
1669
1581
1733
1167
1356
1732
1744
357
983
1417
1149
21
830
1481
1930
1343
819
1038
687
78
1500
564
59
1032
1397
1124
317
144
1982
1122
99
502
225
1
1867
999
1192
326
1208
962
1030
111
534
1930
661
1335
656
1184
1538
123
462
468
1611
936
714
1253
1585
1639
45
1923
897
540
1078
1227
1253
1541
233
230
1740
1540
870
1544
1451
1200
1274
1921
240
976
1165
1070
512
1526
1755
801
1795
1519
1208
1663
1185
1948
845
1671
1731
1981
1436
1023
1802
694
1360
196
532
113
712
1530
1403
298
1199
1171
906
1639
1316
1712
1732
679
1594
132
776
1703
1261
1515
660
1307
234
707
179
1185
1664
48
162
1690
1927
1445
711
414
331
675
1836
1561
1856
1195
350
1080
560
1600
345
334
1315
1262
1486
1954
1281
1954
1571
1050
1044
574
1465
417
121
718
978
1513
1114
479
1022
1214
820
640
1654
1219
1078
750
734
226
285
1084
1292
1804
424
1533
383
230
1352
1439
28
1070
453
747
1439
609
46
942
934
343
102
381
1561
1602
5
903
927
851
908
93
1378
482
1103
1760
1864
193
623
1388
645
282
1429
1724
1632
1845
1144
940
117
1704
1282
996
783
501
376
1100
1117
1598
438
834
1474
426
1433
1619
1062
910
1579
919
1992
341
401
922
1094
1585
1023
691
169
1441
101
1565
1363
781
620
126
1828
1222
1105
283
124
12
1845
297
1365
523
483
586
1362
1238
960
1070
1248
817
341
402
1859
1583
1033
605
520
1764
945
1237
954
1842
1465
1545
1541
1092
882
269
1091
1321
1815
779
1162
1246
68
735
1990
143
728
1289
1402
759
1813
1254
1506
1270
102
1284
810
1547
215
1853
744
372
663
1271
444
3
455
312
159
1012
710
870
1256
368
6
1144
1185
1970
1477
148
1697
542
1594
222
903
556
1511
1401
1246
1844
1190
1473
371
1102
1259
131
1845
1886
1603
1732
1757
785
864
555
1183
37
110
1037
716
934
997
1475
82
1038
1154
1503
1753
1668
654
216
1915
87
214
240
1701
1817
972
556
572
817
868
1645
1603
827
444
589
1764
1177
483
1685
1295
1960
320
1022
1729
1930
1292
1980
1754
566
2
1675
830
841
1711
1145
1687
155
1688
928
1658
41
1200
1457
1506
1268
106
79
324
524
1365
716
674
834
173
191
176
726
1978
521
1737
1162
1965
1686
1597
1999
1900
759
497
1647
171
201
536
1933
1351
1870
1387
25
715
51
293
973
986
925
658
1448
214
97
990
1259
557
493
7
1966
229
1281
1502
253
588
739
1111
239
1294
1109
989
1769
1155
1778
1733
184
1509
1811
758
1539
711
1004
901
1398
1541
939
1695
592
707
727
464
1976
693
1206
1586
792
1888
1
1694
1526
397
1654
36
1414
269
364
1427
1971
1100
197
1081
1757
1464
404
1704
949
675
968
127
732
476
1702
833
344
1761
1585
1099
362
47
482
1933
1427
1385
1672
1987
298
1708
1673
1333
1787
734
676
52
515
172
1179
821
1944
934
869
342
132
1942
1249
1246
1399
1537
1059
872
621
1541
261
1883
1087
407
757
1409
1922
939
657
1734
662
947
1317
1694
229
688
1953
1602
802
1371
1094
886
542
154
630
970
1359
1962
611
1182
454
297
1126
121
485
1818
752
631
277
1711
860
968
717
629
1742
1071
1886
1025
508
359
828
1382
256
1573
796
1111
801
177
1508
757
55
776
1812
1309
1370
297
1541
1042
213
1753
1436
231
1227
89
1186
1159
563
1970
640
1126
102
1256
586
1589
1215
1062
46
487
121
1175
946
747
1407
1958
1769
771
84
231
48
1983
968
1347
1489
511
1526
1217
519
1438
310
1385
983
957
484
1967
1986
1171
941
871
1542
1818
1769
1432
979
636
1874
1981
1165
545
1706
702
494
457
264
715
1992
88
1350
1578
897
1796
1344
1017
972
1314
1469
1114
72
1567
1546
553
838
1133
1559
1442
1914
1772
717
463
51
1249
881
222
909
175
1809
857
1192
1554
234
323
824
30
1991
301
1685
1903
11
1520
1171
412
995
1397
1663
230
725
1894
1721
1912
1583
272
340
1148
857
495
984
254
622
1311
1173
647
776
523
346
88
732
165
1175
42
968
1775
750
1208
672
212
953
1256
310
1892
1572
878
1416
288
164
1045
1873
