#N=6500
33450690
19244692
30228912
8916203
7953133
30910869
19616241
38916507
29443004
27068169
25838010
21982270
5434027
30413150
2012659
19430833
21037788
13605578
17467337
20197751
446669
15377329
18479902
7596635
34846998
28599638
6918920
27132129
25157873
9712034
17306545
17268084
4025156
34301641
24283559
11286627
36451462
34798073
5812093
7460734
14367739
30408458
12703208
20986791
9375362
23390679
1963496
35823634
13158909
37073606
1717849
27833631
15513929
24863862
677715
7714868
3441765
32190484
2559181
623386
40670476
17988502
27968123
34988530
40100179
31735487
40458131
28990728
13163931
17653636
37007527
35630948
13766693
24296126
11756892
15801728
10231770
7139891
26839382
20308875
14293274
11837585
27155916
7799060
21422097
10737232
40139285
37801977
26503606
19554276
14905264
5681946
20138324
38482637
29513996
3843048
11305152
22804495
26966799
19782984
38870540
5444997
16607653
40214966
14064356
4617000
23945944
24906493
27830215
15001797
35402960
41477811
25399086
16418683
9909776
25870121
19217224
13318606
15630310
13555257
41665953
18672628
11151547
9028873
19911081
6709501
19126249
26505766
18917553
14255399
3175330
33639172
33630642
4724250
9002619
24141461
11770383
8944146
31753533
21336002
24586309
18984277
31568035
41778966
32185057
31574768
10239811
5661967
13902653
39207683
2403709
25370677
33745144
39425644
32152624
28388913
22775546
39854448
23330436
20261978
15608354
33434678
24636553
9489181
27937465
58472
34637928
32684382
26607838
5502853
24751564
25057344
29049221
42243268
24272752
26523089
10405711
13282129
38241856
30781977
40446136
40211664
28201651
5356231
16650098
34548177
5058477
37497165
16979691
24879355
37875426
6119173
5497213
24578081
9834851
37503084
8434232
21868672
666414
1550493
18703633
24758297
35768190
2526131
31837557
10990623
23264831
21873735
7819590
40280193
37563924
35089905
23561565
35903475
35281352
14136531
17568486
22429122
34605337
3594115
19382142
13297345
38534323
2977727
8877445
30216180
36836669
6883739
38148636
18158118
765901
16177502
35170741
17511164
14244898
2697418
3171032
25234639
19293409
14979686
16718627
1660449
34792150
2158631
18334989
12852230
14514791
6707968
38030578
21307992
7309793
9138011
4419899
1051740
8391059
36977304
27051141
18678551
41101436
14704731
17970975
25504737
1932604
25206919
14340132
31260259
18387607
23174944
1249609
17632960
22437537
7293593
25575461
21939920
22627438
4360618
9805249
35456800
41648176
28892567
9621690
41241651
746952
2426193
8984196
31962509
30859466
5080007
35691173
15596698
12772127
35014057
11164605
5655942
41802910
26148786
22744247
754646
737407
28939614
34307500
35481214
26916156
13948440
4868268
22154236
4962443
23162683
18568707
35390123
28145614
7195497
24991051
3768041
6550324
38887787
38521336
15262768
34557880
35660714
39415691
42099783
28194744
19999417
25161696
41048264
25411379
28788231
1430744
239790
2023458
13092657
23346543
39745518
8985997
23955585
3585529
11822321
37267070
11373210
3132668
17111170
35628770
21086862
7496706
26271154
4329907
37844220
10830675
27441695
7465970
19416273
16938087
22130078
29571636
31357062
39617520
17905185
26764773
23321684
11876845
39511539
4106660
41640959
36159989
39413677
28938516
27195917
1423249
12889497
17994440
17029404
2348061
2091213
16756955
11902487
15440479
19138212
23111847
33664402
10503608
27585892
24828235
20564622
24762559
11666451
4592289
9029432
41011938
22236832
11948621
12485887
3351550
6942984
12702442
8964072
30724024
8782616
9201476
26643846
3275033
8636824
272449
32695575
28900734
39868743
23774238
16759675
1368201
37775955
1569764
24922584
2823333
13161784
15972333
8466724
5638110
17339054
32064409
28526051
18885282
5005636
42033445
29371076
18468961
3919826
34746193
39063776
40491181
35548250
26371396
12829459
21986091
37637305
1654934
4874656
31234139
28248283
15189910
18695618
34952622
23391578
8950250
29340207
7523673
33616877
11385912
12095657
40703773
27058773
28742607
24497804
21520273
30847216
36874883
14388782
40662243
41447944
12692380
20395319
13562159
23717689
3908122
17111434
6403165
15656651
24668344
5272118
28279259
26781930
9745367
40596013
15867905
10316971
17954294
30411614
27896702
19310737
25603051
8939565
40522097
32878988
29872922
7131491
32434974
30410537
36680000
13000521
27885785
31224691
16487197
31434322
10048121
23235068
27426688
36114645
22360990
40136415
37776752
29933246
3647622
34411994
22641719
27706291
24670270
33627155
4808563
11690733
21038641
27707660
21316644
33390606
444014
34445983
5435088
12168050
2524751
5455309
38763324
31435061
13910167
28235727
4007634
8917074
874078
29540274
40587894
34677745
29222390
38348356
25124
18191331
9741723
31264565
22897728
5713134
12588514
12084501
32624090
22631632
27263646
21854259
27955518
30525965
24654828
34963377
8388323
13339691
26528739
10527597
20161024
39976691
27361649
16717360
10579181
1179931
35301482
2239538
34652620
11031058
21340229
11010560
37543604
4028589
18676051
3546824
8072642
24940479
27070856
3503427
36926115
31721278
32183029
27975738
14871239
11315137
8434638
40110727
35428668
21535646
18149546
38427261
29397510
26181718
16399476
1073240
8777311
24270424
15882906
23642060
15737455
10045237
27318107
26730377
38205948
28719169
18725969
39552812
30264365
30333175
13570399
1683974
9583636
20867892
12274697
17010513
10870066
21882590
14694777
31985005
34388136
34217829
22027785
21057867
10138003
34379053
20173931
20118849
8532969
40821267
31307550
23990675
14089289
40848939
738005
33636734
33438402
30642794
25982413
21313988
13483136
27686105
24392874
34823124
2731422
32642108
37299333
21135062
29744454
22726949
9957219
6063866
16813423
22632330
883936
25002752
18579681
21602665
31061300
19525891
19465575
25442209
23252670
22702556
7410536
12345212
7654321
4858011
9893255
40546308
39171114
20910012
17688280
34000767
32507389
23846361
2897654
14572384
11177843
23680588
40897124
22308487
5179930
26794269
39036247
14264869
36191453
41303790
37120688
5619090
31256819
39013019
18031673
10907458
15048235
37536123
37435554
2091610
7936898
31233244
15591625
40153945
23386221
28825517
31103113
17935004
12668518
14200663
15925261
23852954
18500658
6836452
18255837
25898659
32852817
39982458
19394182
23305959
2780568
33091266
22571015
20349361
23964784
15479148
8455501
5690222
29599225
41185908
28749986
2766550
7847022
21749706
9050832
5451217
16156999
9636046
36993341
23799162
37950006
1822406
40580714
34852000
8967233
20523380
41488075
2280454
29935487
28552916
734944
24681207
9126482
42075465
4627457
18274562
28129924
9519594
19190237
19566271
33338886
41983877
35965719
37379403
5592707
34398384
3441474
34607838
13936041
27904531
18202045
3098005
35105174
20057334
28347523
41670376
25571491
12935158
1545510
5254279
12160031
35893077
12787347
25835518
13945541
37357864
41334326
1297249
11164306
12189957
25850553
30943080
36391170
36550933
33937929
5968467
20462342
10520540
9139389
3571633
35049358
40394712
9734080
28418396
29469440
15412365
40124866
20317212
35758725
7902434
27450530
21308110
21947536
17679484
26751193
5381889
18927155
21877965
17696697
15204823
18048788
24283218
39255152
23156299
16088590
16150986
39079079
9624306
17721183
10994678
36087554
6630962
3658869
36571716
23277128
9152228
14637237
32222432
27850280
7184212
28204899
9771045
36806918
9299244
33735927
4873228
22668790
38705929
3829177
28397076
18199672
29876087
8194628
15837763
19060818
6464284
40679803
28084401
15786753
3823818
69406
34499436
18337432
36756641
21934478
33304697
16285546
186622
4017533
10812831
12627295
11639252
18285119
24667287
21614052
30013596
36027649
36521714
20506257
8936688
20202448
2361909
3548865
1730344
10141557
33226418
25661128
29589582
20748592
16270915
27736387
5562765
12564957
20016333
13204692
14481453
29287164
40456313
29809328
27361879
34777713
22943606
25008798
23255121
30889639
27342338
9507339
19824558
9052863
10877944
5387822
18472104
34470353
5306045
11052813
15535573
12477826
9390213
1853194
15185826
3705958
453651
27341671
33067102
32979170
14998380
26922125
36908883
5678599
41849320
37336679
4256189
34303968
39916460
13747782
3798678
11023072
33612992
14436735
32830759
18657592
35065375
152888
11668376
35078219
1662600
13682379
39542001
40667853
36383141
22827753
12888856
9724482
12343291
6144977
31053885
2053377
20056403
34555802
36406008
7545352
39670219
32758408
30505290
28893388
15118387
24345540
20442314
14955400
21621361
25411468
6989216
34970754
40740288
40235998
37786219
38228346
12282836
9447845
27778996
19392255
10484461
41727477
13654195
3023511
21072172
31481681
7897370
5244647
37135583
3647599
19290063
10776831
10373618
41143347
1184671
35146585
37707777
30014443
7966184
21634205
19654778
1736815
39434535
2511942
20686759
21071971
10449350
27874178
41213384
21035117
5738060
7460950
13388902
24422515
30109738
8561121
29329695
4249771
28204585
26358752
28257579
13130314
2325757
10210630
3435570
13420228
27180401
8807169
3093262
41212966
24449670
17142836
16033654
11096161
34312593
35062582
22108588
24397831
22136118
26486031
379811
16299142
12334810
4827781
30076418
25859967
22606537
37954541
18242192
7807868
24032994
10780546
9694744
23889127
25280230
29611998
10326966
20951033
26607500
20934024
17912909
13353509
25080244
23221073
23971171
2648359
5660060
30606155
24018019
40820574
14151221
37802031
28472725
28724843
17204841
27105474
351372
7532266
6655144
7461646
40363125
143867
20483914
22332746
13562161
39312795
3004498
24376539
38021721
5987587
38103781
29675434
24365936
22431885
17561012
28348614
20880340
42073085
16454934
21199586
12347848
27676378
13330787
36350849
21107068
2406172
13183927
35139726
9419142
6511276
21961330
10763975
21565304
16154717
12061845
31435622
36274671
32000509
21256356
8346287
23871652
15671896
12114422
31000920
1551544
10471525
11893680
34664352
29725237
23762153
602396
18247000
6569310
10924615
15900518
20950940
35237030
6672651
13178396
33638765
19929570
40790211
33685728
32379683
22130046
22311337
2912863
27928384
862454
5584459
31215463
27854329
6853949
1642897
19107240
1870790
22996289
23115124
26795553
4211833
17192843
31927782
37330080
20601968
10671182
9227867
7772544
36581863
21726679
7371782
34936634
22533485
18660165
11374391
29466819
29185260
14182480
32312002
38962922
15258125
33714108
29572566
8747089
39966757
13630206
30975714
17325237
11518052
5922281
29851369
1865351
31574473
13990196
28102212
12829424
16339320
22484786
400761
36628827
34176792
23695215
23562243
35316666
31724906
32175509
39404818
32472338
41174355
33581491
2123953
6511036
35997352
8675957
12754973
22641519
2112153
25053433
22457466
2386298
9331405
15861173
16013140
18745049
39900877
5617426
5162259
14694091
23291592
11689144
13066584
41110126
34220310
33636734
38161849
34236165
25984752
40806925
23081982
34663319
39834140
28431594
36006064
6089430
6563803
22685138
35167651
34709453
15722027
6596293
28623159
25569954
10943893
3129311
6316387
17940383
17309431
35723116
1627507
24431467
19718834
21679850
2948277
34967743
385579
32338522
11154183
33571434
972785
29633985
40907255
26478307
21867791
6054523
5905376
14104351
41946708
28571358
41069892
25135671
30635997
18227445
19253567
35253511
28069880
12843271
16312876
27861562
16004282
22197657
21483189
19734689
14027868
5593353
23813559
1797743
24099334
16503796
34914179
9478076
7766194
27586329
13306527
497037
41341414
19584019
8018056
16811037
32918959
15576044
5882104
37632487
32407565
6410295
11674231
208318
31822587
36365220
6378373
31253190
903386
8623433
38171131
12230124
16477617
43360
9133565
14621258
8737601
7327850
31155146
2754
21228513
28706106
27462578
24530377
28915061
34692013
10928932
30270069
25418480
34455407
25958256
24932844
9571306
17559012
28813543
569397
28195430
32738538
28065657
30923263
27129413
38127770
38080157
1856359
33555760
1805714
18449709
1468444
21082935
2449040
7523774
31681734
34774643
35020566
13601444
40894992
2007130
11457123
4311813
35469233
24884101
1132840
38369302
1735506
24347180
31058603
7487337
39522168
5609124
32187888
27826703
18006651
4572010
36274443
25656651
24820913
15706377
8734266
28928268
24384799
2657994
14753208
18080289
36129652
33013436
37127919
36583179
1521494
28823023
38162571
39349932
15882192
19035661
44296
29231766
19808609
25449478
17549450
11695465
22586071
20349474
26535858
34600001
14734695
13301663
9655981
38142646
26305175
6076272
14175059
6304510
8778343
23989773
23202371
34530071
24225539
8304895
40670609
4421563
5674428
11860506
39305635
21634023
34210650
9578416
11682316
8113144
2863407
32183574
20143204
22969668
5614779
5967792
24944019
18842050
29246488
38563307
16701183
20000665
39547929
25168884
25352139
9231870
34747832
7631073
36109463
19803975
2630467
21543699
7365929
19024003
19899857
22460816
9951707
26097505
6715009
21748743
22953538
14877336
26568795
14175412
40275650
21756326
18971305
21364310
37124465
1979420
41265379
26515897
36898527
30316059
32671053
10454663
8106005
14943856
5000606
14565763
5171643
18590062
1643842
19888710
9072295
28785950
8479404
30452965
3143967
34087673
30163546
8778126
9585284
39796066
30187705
18911340
19615459
16991885
22348932
3342165
7330894
3682917
36094844
19177460
14943650
10460794
5454057
35790243
2505810
21394142
5655518
20266531
9517766
7841490
11409306
13602928
25641982
16641732
35273017
29349439
24502389
25351077
13574019
25657542
20180607
13195820
38812409
9006891
2394588
11399612
9497321
23137031
23722864
25634050
13723403
21403408
688581
19043513
22868321
17222877
4609972
40064029
8857225
30898436
24449508
29751172
20579911
31276141
27122941
2655537
15775420
33828444
5170470
378199
21828731
11173715
3534829
27412797
41759571
21507557
22660345
18846869
2147225
2319456
17679066
36929890
33518685
18449302
7167138
25054293
8365652
8695134
8348118
21356054
10318525
28156965
37611829
17924374
15500720
35544497
32468664
8130818
11999713
36246756
31826968
36665935
4397742
17010869
39736049
15646299
19360332
20340889
1167802
7467336
3784369
41479765
22496349
8464392
10083650
40722005
9439772
29259599
40626610
15174750
18727823
27377748
12656245
2067331
20439308
103499
16278381
38471909
11287448
17583778
24582610
14816098
31913484
31001444
39900538
19395160
14478496
4626593
16556520
1938038
27220987
30303575
24129712
24024345
34008218
23074052
35078993
29248619
3265373
5982458
2518505
9394088
6938440
5286343
28038951
16950996
31066051
40944604
6622896
38721351
20653892
35831167
9899158
5251921
16522948
28007542
2838639
12540458
19655606
21236543
12791923
3196642
38545358
1055660
23928950
39743196
12542276
21830131
26730114
36121285
41294019
32215760
23605138
24971042
16470292
22077945
3061697
27328298
20290711
13041730
28822193
8135568
19308219
16875213
2413281
3982489
8351936
23852097
34732133
16458964
24941186
11736263
14251289
33785759
23496982
37082417
13013082
18670991
22786113
29497951
5249744
9056574
15745468
1527193
14642941
24125592
1787233
32269968
40756106
4888740
35983512
11946979
5722287
15325729
8523277
20811185
4233954
26876569
41160911
22995870
37191273
26139025
30489281
12152470
13506274
39809589
14296303
25765132
6154844
6463136
6486080
3722550
29397230
33869877
34723558
24622974
25619486
31882091
31270054
28809127
41416454
20657782
3423702
19894699
3825372
16630306
21900275
23488085
24668894
7755483
27490186
25038802
12632751
25663290
40106168
29991143
33654744
566764
12012648
37415892
12049504
14866204
3982590
4774256
8250390
2841466
28336517
31793957
32715638
10612272
25385425
14255351
9566007
21776994
40244425
22587287
26945009
6878388
30981497
41880093
37372733
1826896
19916232
17625206
26992144
39539404
10712091
38488853
23500858
39396445
26166898
7275247
6615814
1141124
11421337
11440031
5109426
17724245
6408532
18460287
36029862
38592029
8994524
21962318
37081985
26099634
33855791
20048514
11755656
21888198
21963860
12481124
17084753
22626829
41896712
30753291
8772143
13565647
5055552
16225610
32780631
17759371
30837508
30159381
38281699
35947092
40015096
21632737
16677981
2800101
9465763
6801141
1510043
17878488
30356527
9767068
14343978
4701190
40334655
41524532
4803445
34320629
5568010
21315059
6588283
28331065
25697739
34796533
23035017
22279778
20371700
37604848
21727673
29874014
25127882
9382559
19269111
37214995
12166974
2610436
1290058
26570873
18694615
26726573
3534510
18388934
4416011
7803043
42147746
6014026
28690119
18471983
20465942
19486946
37867321
14041751
5296047
38401559
7158430
20413767
552105
25481284
5210562
5078711
10604902
30162888
32199183
9392272
28658534
27846102
26165822
9547082
23036363
35289279
22310562
30715064
18491188
40651986
21362925
16409360
20531681
9203173
22854663
41407789
14190898
41715763
6883320
19865878
30583051
16660744
7936802
30456991
14876381
10031272
15129529
36196228
1504354
4353081
25476450
11845048
39793337
25860141
29486521
34571299
16798090
23908577
2085736
37065426
12853901
12159751
35804697
14107490
29995873
23388901
34524469
29308618
3866309
25206174
4662673
35109657
1784363
32889128
15327462
13663751
8526917
3510045
3453375
24642904
41793343
41866310
24608528
5222037
1795648
40561541
25219160
14716262
3788273
32175986
1260729
33730009
17147476
12415796
21833022
35670852
12256189
9318295
24645945
3740249
23421811
6757143
19782195
23104210
24362210
4551013
2943973
26134014
3966703
3837066
35017973
36571305
32804259
19030585
14986475
22062984
36773268
28026772
13455533
5041861
15028509
31094934
11896987
16460222
35143204
12514727
11024907
1249537
20880082
10622399
26208055
35301199
24644933
7964779
12893834
33211794
584310
41356908
26099639
9645399
6016405
8720985
14318427
3474872
24507317
29209704
8607451
24465004
12998262
24610600
35394875
40818288
30935327
41632261
40418913
33893667
26618243
35386105
17291483
20562481
28227467
10976873
22407365
26416737
7380469
13786927
7112155
33188912
28074100
10112250
30310570
37525131
26463669
27358723
37117422
42313
8945039
26246852
24053727
14429975
28658870
28746211
35382973
39291661
15014018
5032807
16602184
41039360
42142236
41298208
40405117
1810729
38580002
1354035
12038179
16441558
20696425
31983502
37861940
25532567
25898582
2951846
407709
19154952
11147281
10870570
10972184
36765065
32571579
37557516
14030599
31617210
13732193
30350166
22689476
8958256
40124170
10287574
35617841
40331507
37701804
39051082
24756148
14872041
15641208
15038275
20829619
37413859
6084920
34910093
25124858
41727228
26788163
31787140
8182768
16632217
13282588
15664669
15468062
954369
23825323
25930434
8927734
39757534
25209594
5135499
8324013
42042664
7569368
38816760
8308956
22829763
16143471
2451470
36292423
20477350
8953355
20903123
12289001
41591291
855527
28321316
33544460
10155945
11238148
27501697
36147753
12328219
34089346
24521226
34276636
19051387
720840
38775833
24167118
25416931
32549728
4490851
26467305
26989606
22673289
40841084
21520938
37916122
35748116
8122896
8188349
2345662
12781193
18951283
8046831
32949583
17083167
41026361
8991790
41159930
35662351
11626527
13035181
7771556
23800385
30484401
29867867
10287507
6226104
19676266
41199627
40543720
24067563
20609819
5468668
27007168
5092968
6131638
22461370
33402454
30325301
31487067
29282429
22081611
36851713
2004068
23957792
10906835
5364009
39615264
28124748
20624392
22809739
17534378
20153690
6246475
24258296
10191600
11337881
665982
30592301
13323405
35075051
39310396
15516851
34320628
39529396
13940515
10789935
33224304
39103623
8243690
29618951
27278361
33107416
18678475
38890059
26592529
25032088
19723215
9539122
3323967
470701
9296861
28259680
9962090
29892191
23592314
14582897
40264477
574529
26265502
40056555
35738021
42031001
1576336
16264290
41288690
9820490
37529842
3605352
11825262
17386275
3674073
30638302
6514887
35896388
11900441
9787004
21708121
19252514
35225858
10047885
32758612
14388268
39650964
30362790
31877715
23017785
30567396
35191520
42070106
26484502
38480219
12207328
742311
26739444
20984448
30416934
40245229
20143567
42181280
23436960
3604984
10027686
11471458
38977884
6921864
27631525
9544743
4393833
28743902
13571187
5380519
2395822
24760554
16633179
34778992
31669792
15931276
4082894
38961302
22596375
18475787
4474372
33472881
5308975
21477813
35824479
30485655
16808268
16538583
24887190
4699099
6877101
38089420
18823531
22166738
2528031
41137623
30957154
33996912
26348080
31060634
30997341
2600427
28074359
35685500
30696098
34958491
35584902
20590704
27220527
24107092
5900409
17980157
39898403
17073320
4669544
19285896
40582063
4842766
2395079
29047771
20859165
26960364
35561389
19935909
26193182
3514717
7523140
34880117
2999571
23747653
2986275
30295438
6887927
35365869
100598
10105394
471560
4211407
7423892
1973967
26458690
31077090
13310612
20612507
11474855
34810376
9624414
11534292
26233602
17684716
28469979
35906854
35750780
32046672
5146366
33563065
35498744
26025488
31893842
14954133
9593323
2604003
30194840
39032534
27627906
30872788
37665100
40747594
20002718
11330400
30913356
40829781
19602234
13483834
3721690
34924161
8576774
34189699
25314313
25310345
24183937
38673308
23494085
2187714
31531526
21370879
36652821
20544610
16432165
22023436
27009294
12810790
17226098
34305650
36351032
29130313
10870070
26334700
2567835
14156535
26711763
17429521
29841688
26928074
39890658
11781992
2343445
25516429
2739359
28891006
36799858
21996222
42125379
2123206
518491
10986916
39922312
7362982
35785317
3621375
4797337
27687242
11443356
30345786
16169177
2749929
19296075
31697132
34606534
27388314
26564848
42033690
12522461
18059696
17318226
7107826
1776230
15702439
30966572
22993137
29015628
27410248
14211328
23872060
39434493
35405510
17451599
36300937
2565644
831672
27161617
16701552
11518065
1427024
3783308
19455642
10393395
26891358
5132284
34822845
14865853
1238749
24715464
40398233
9017063
36599384
18391254
13766690
28936812
38539922
8781809
40127165
22959353
21055818
6420461
3133556
32839866
9353524
1872917
20847690
31563608
18468190
5651840
27046020
33283629
11875548
14323358
17820551
12025505
38877132
10107380
9451218
34471687
23099678
22006978
30233970
396169
14834930
4984881
31059648
8314166
22709589
33706704
19825796
23199550
32050535
36244237
4725772
20039916
18388325
15195850
39501186
27434561
28759890
12722662
15463078
42100044
10429824
7713171
2574286
4405445
21991300
22427838
39221315
15437106
42155646
17982686
11586522
41504362
17258890
39602944
30738370
34493636
36639767
18565157
18473778
4744215
10589509
24513520
22788731
33203764
21419557
26778524
11971483
28909847
2292838
483504
32259354
41007977
20705468
15130046
7434131
6554194
22522193
13972225
38834182
35634881
35707394
14233578
10765992
17748851
37946775
4906810
16019858
24629149
7975647
28943855
24205485
19635746
38077561
30993805
13965878
34759711
24485686
4221576
31634091
38518460
22028036
17129308
26307443
14151274
34857854
35711906
2703610
21870909
13248429
24600603
24868889
10692140
11270401
40842779
1728993
13317626
39181164
22059601
35407262
30589902
25849892
35461680
40653466
3317850
6508119
9744301
3125620
20950824
24443541
14504783
12211017
610359
17255051
32845537
4181260
12986945
15197074
20353008
31985618
37539887
6063799
19009708
8963147
40202776
1661615
21919393
12893962
1324858
31193306
42195582
32186437
22532042
21687158
23642761
192230
27807296
20284358
23604435
8739807
16566778
32233329
14349077
38679100
4268106
17648463
26078253
15984925
12640785
14289209
5709507
28576740
844620
10081689
29293755
27308814
336757
25709684
12948380
11388422
1394861
20508424
1277273
22339812
28863459
3358403
11571393
19067489
3717580
33621106
29374327
20137679
20698820
38950615
5334443
30533182
39991275
11789044
3009015
26314046
6178185
30611415
41532986
15785807
9744932
38567668
14360434
23931933
17048420
27423554
2844746
21305049
26628563
40168871
3502016
9795970
34624421
12933884
24676760
18563498
12922286
32673713
7536833
25149235
33942938
35795400
20257764
6410826
40594457
7381197
27031061
32642379
20866483
37948915
1425373
28063000
14252845
21920478
13820784
37993372
794991
4925876
10536630
9566190
40528048
32818133
27369211
8794519
11598
34253048
11026665
22756649
33714373
6725031
4891471
27532112
37450944
12876567
14363362
685674
28764715
31332147
31217006
35053483
23696070
14488493
6975813
18509474
13859084
8894908
20190339
33478802
6647829
19968498
24446980
24467125
32806535
35366164
40017855
12238547
35522273
39285232
17865178
41165859
11524088
26998502
5902346
36765269
26361852
25281216
4452266
35961233
7636076
16728513
20811267
5186596
35613007
40330906
33302733
22630283
37230677
221841
1765419
17164301
29411964
31330817
19432868
13301585
34827489
732622
36623370
29340012
27761144
25850274
35263512
9742416
636649
22871131
25046600
25384217
17645140
29973753
7883563
2449480
16099104
22730361
6867461
12982724
38083827
25814489
20864864
20066375
13059878
12684603
32715031
8843976
31486926
18700246
18928216
40471075
7955076
3506693
36326500
10752325
25213624
5125978
26945817
10236030
40209589
30056445
17500654
15195660
13874649
27403202
30565616
38099978
26896535
23302973
27101458
18017452
12754611
8180261
22334942
39199500
16181275
14014785
32165761
25999449
3478767
8155120
4144574
39452752
20543069
23934119
18790106
7711191
42149988
31872970
34985376
25013929
16181796
25081050
26880044
10758268
35490265
42246241
3732117
1612680
10548362
18921197
37932510
8538709
34248987
8320157
7033739
25165424
3269615
16744238
21854874
6276016
29862051
15194053
13396243
5565475
24034131
29167137
7709413
17136059
8424771
2637923
40383885
40407125
31840785
19617401
42009749
26611182
31697878
27060921
5930170
36993251
26922211
22345950
1504970
9083563
40034140
25273099
38294147
39243600
21865784
41644419
27863371
24296576
33409923
26479107
40106063
41881670
13475963
40055087
11735772
10267646
13047139
13500081
33380974
40213201
22903121
14948827
20681012
29688225
35122308
18567818
35488281
17838648
24561810
11215469
5773013
790540
38390912
31633326
11380229
39819209
8234496
1384264
26440514
26511851
5736741
35034573
30145898
3208316
19741545
33219289
11870270
15083939
25580558
18432147
19532189
35464897
22076520
37096791
29183541
10017257
36256009
17006409
12065634
16504867
15074557
9123285
31660312
33555301
23398830
9995965
13378694
16706243
30631121
26389539
38615954
2528424
8026625
31910207
26321644
4657606
372328
35688124
37801751
32365662
31339225
17418995
41264953
4792859
35824380
12177132
40201624
19751142
1931852
37925947
27094555
16502854
20708052
21664347
20176607
6692587
14348442
29239156
13073887
20836293
11096511
6705747
11190378
3369018
24271476
32883521
1839453
10256667
39332497
13116352
33350709
26546365
23844616
29087821
41824834
16073238
2978877
2275676
34906587
20412596
9951492
40413806
38576248
14015465
49502
25921048
28602298
28495746
10876242
6368140
9645915
7727492
24684272
20556857
1529565
6748406
35801025
23706699
19155958
5519728
31521737
39246486
26971532
7771377
18842541
32282755
23416652
24816282
27307782
29476379
16819946
38186028
33097900
5388796
20396764
6537354
15044806
22234158
18849831
3148750
23933869
31339059
41181525
10669463
19739430
12806464
29842448
23014894
34434962
14893070
20798197
16483957
20403944
29672375
26604726
36276260
39958570
28923870
729933
31371755
31362077
11431149
17789263
26560546
32593991
33146204
29937524
11896056
40550290
29760773
39200823
5998003
4333226
28375061
15810612
38974537
13355099
14949378
2216696
17951005
36739127
26109420
32129231
26377685
24697402
32664454
28279924
8586815
39811794
31548784
13582492
4801530
21087159
19626657
31606620
13431532
27579511
35160349
7678830
27285884
25427547
3559359
32437391
7608690
15019962
861234
36757840
37654095
20460252
11090874
20805372
3095039
36395616
41714778
33081358
16110587
35102660
38981141
29987921
27743861
10461625
28939432
8178508
389223
34297147
38696272
40736300
35277225
9732802
4119471
37098494
10552454
30789398
31576157
13100850
12349465
22650983
18400563
9582320
10098810
9678856
21340594
4997278
13018625
41595716
36350218
28372667
92396
21253112
1048488
19565353
2805999
36892286
11732236
36886522
34003520
28963470
36616828
40428732
34163946
8313671
5522337
39701604
18439933
1658770
29683885
2767145
5285770
1455304
23225323
40085129
31643828
14728476
10897061
26895959
41503319
7830703
20057776
22777044
18447113
41389801
7833116
8169477
37872364
17752364
269694
35824789
29783122
28303157
27639992
29445939
32123739
38847164
10017719
8406385
38623001
28228580
14525419
184239
4795074
1230444
29188068
4747869
15475158
38049956
41821781
18726275
31633590
20917976
7677525
3011233
38501034
25064350
7899783
2047575
30219242
6950135
918394
337183
31163015
31042828
19428220
16450951
224163
24039140
36130966
31172359
16167103
6028572
5979768
47204
28005287
33388113
40159687
31732481
41399963
20903805
3782347
28622357
17400539
24863175
37361450
36453459
37095109
35933246
36112779
22615656
10770717
12125566
15892561
14712064
23552262
37639081
15303583
4035402
605633
30102394
17926187
16119899
13006883
14841656
2137518
31256404
26971748
11989479
27950134
12777606
3503265
13902769
26244505
23197081
30018067
36411802
35324277
7213049
17896126
23987213
6723095
38308654
23556902
20503481
41658482
19516859
29767044
27451190
21092813
26735735
9829107
3084531
6715978
16734077
22853506
25131636
3306270
14194142
8486214
6780961
21516699
15289782
26134703
24816301
30122805
22805018
11249273
11337064
489954
21837472
35413908
21203212
31633770
4040043
25720034
14207292
33407644
3031309
10355679
18008281
12753354
28078628
15214623
23834342
13427807
8659364
9379019
31508906
27661041
28180030
22896259
31683996
27416978
3329685
6300625
11519337
22315064
31661801
10906754
14270339
25187300
31373865
37733179
17426478
5615996
22688725
38835210
15399363
25261552
17260649
37777256
23902610
14650820
6555259
7188920
16902499
15981921
23448990
8612647
30960643
35746650
19566574
18116968
8631237
23264622
16888824
612583
778321
41458099
21782889
11520758
494418
25757869
15044453
20841269
25200231
32410771
21574561
12605705
36342540
2609829
31221996
16713690
32731919
25556936
25989930
8289852
20004876
22685938
31296073
12843675
27115412
38551953
1228143
8018654
15219897
17680726
13813292
24241161
33697278
38275021
38726306
21903150
35541235
24883683
41516709
5328123
31051828
18964732
16367306
19628850
4861507
5665060
25707357
24442067
40535658
3303992
11977376
7161201
37820527
34994121
4349128
11830355
16065653
18531015
36455363
25962334
18967046
10521868
27764856
11794127
2733786
13842622
22636442
22946709
28815453
22551977
31210818
4156575
6836821
10702246
28905091
22669441
112999
22403365
5198288
26108054
7733466
19233256
37795670
18723768
11662065
28068114
10358590
32353319
41813970
18667091
33181076
7172918
7788082
13922233
24141283
14770675
20010767
84465
33985892
17392475
8448752
13242168
10235082
26417381
3322844
6501725
10204750
16254946
7403496
28215032
23295982
23993295
7571191
9727556
8365178
21558746
21237741
26675097
34155841
27374649
10879009
19258843
18015233
28001005
28895064
24056817
23034784
37601890
26619311
13477320
42140991
17014969
9919324
3733356
16212631
29317899
34081827
24239718
27942562
25660202
13377438
6302022
15628117
28262446
30739816
16673679
22386503
28846690
15796088
7630595
9359415
17861601
32613780
36208417
4966221
26276771
32421104
2291060
30444497
2337939
3557996
38407634
802337
22851426
4635127
26956511
36358935
8421625
3595877
14374136
10032084
27364993
17812207
33938036
40859540
36876723
35861189
7489505
19487275
40184487
17266816
8134596
12895380
41320606
3787312
37658759
38082275
22816762
40983065
27020461
1535601
15690167
33772507
8829424
21476089
31197100
23360633
14718395
40639541
11214482
38811930
11077646
28755453
15919082
33060445
26103632
10123045
37926702
32472690
11352678
27289107
10929807
4347284
10220219
3238331
15954148
31659291
3795411
21281161
25292898
35497955
27689775
29197676
37559004
27718792
6757694
32807560
12146151
10890063
22295492
24709030
15626445
13000798
37635419
40779634
37383744
28614539
41020368
10637595
14276480
41988992
9802485
7691476
23376734
20810928
41692921
36922988
6366393
3281054
28574984
31078820
32922548
42220984
22439982
39735042
8306238
30851228
3245664
29687122
37513619
9294694
22057208
9830408
17867055
1754477
42009267
19479746
14338059
34014973
835109
41568602
18612258
31241558
8248555
28703747
7178132
31145464
1081601
10271171
5342103
28604001
8638838
28171104
26648343
26572351
36489378
20869117
35587610
36200971
363510
20416808
33677639
13036328
10071142
33370907
29666418
727891
18644636
7753055
15402715
4577149
33320046
32158512
16797023
19353092
20355743
39156961
18536958
14727601
1632333
12154597
1955658
17050084
33931727
40762824
33234742
35272004
13239203
15170802
37506930
29577183
3079263
35290330
25619911
2076848
14726271
14646960
27575177
6801084
16683010
18227800
30030127
13966954
4536366
19890062
35799732
5628142
30258225
41365958
12771943
26832250
20472871
38426433
26065343
33643320
20257217
10797537
32748672
25912021
4825136
2216600
3957272
35986013
13297656
3706548
16751672
7925187
40213951
2080973
11754554
2716055
6425031
2873662
13150820
41158225
31881838
29417371
35106200
3425975
20893087
9329108
766907
21813149
10902812
8001402
894648
36595197
5972401
30532072
14688346
3822721
31168945
250724
19234341
40356067
40726196
14670698
31154230
37497895
30639540
8880892
24548833
7516806
13241824
25983450
6052025
21189460
1257881
18510689
37642666
41329939
33409893
27749102
20918501
16557616
2029001
5346173
14640447
37133278
41613128
14437622
26838381
25796476
36758127
4563642
1935433
3228300
19014756
22273338
5682659
23122734
30622666
40815384
36448379
27035962
17459165
22524934
25796795
2177943
27350796
2627160
20411438
16852277
25720101
8305924
36900767
7145723
5983046
35186423
3028494
8550249
19929496
22274738
16594639
33529826
20532484
21912096
32529239
38142023
33900673
7117276
21657953
38570302
23356218
6657041
1239166
15281222
37424139
15903232
16750103
10498519
19157060
12105513
14935108
18574378
37306476
1714344
39100827
32416394
15256926
15737354
34205611
21383268
36725852
36932544
35984185
24640462
22995021
18145559
9217667
37580372
26011059
15000911
30064732
808593
4216500
27585935
33514716
26925619
38996173
4644590
30547009
35566280
9782635
13220764
21723552
4890082
21441015
16097070
40460784
28857256
21261503
32256665
20382680
12085389
6671119
10572223
15422795
27664650
34384501
36466756
249236
17936062
3518008
37462395
9543878
12274479
30839763
28870126
38628611
38413491
37111956
17326245
6576325
39876151
26763346
40610080
6679298
27567357
37085568
937716
1208173
1909710
25585545
9810457
38912595
21256470
18437722
13939637
27415414
16448439
25682345
40020440
8392184
26227127
6622631
22923752
15895869
27409870
26741768
14035962
24570763
32219403
25546497
8216246
33196852
34179587
3524512
40725180
19092781
27909454
17602172
33647716
5247116
39312673
26356333
17706555
36091057
36972881
30507292
22378571
8056254
34438816
33397809
20452030
3064855
14196359
31165582
1859906
37822705
29505963
23473063
16354517
41272551
26350507
4691734
27455270
15086806
10598655
23123008
27695065
22662338
13273096
24980
22524159
3221616
24367049
29449263
6446082
28916627
31052074
31230763
22587822
31373961
11935047
31536449
1204948
18623654
36643216
13370441
21468188
30483413
32106154
11662783
6550878
11263701
36343079
39315860
22375339
22919915
9849911
20403682
35121776
2785077
10641529
35324897
31759132
37700423
33380787
17465320
41312402
41928113
12029313
33301374
22902610
35561393
29876830
22818105
32139064
41143401
23514288
2539002
23932535
13576050
17569704
2218615
23871960
6156761
29465949
1971657
30048140
42048432
2495750
34780477
6009543
15191106
1944109
14293812
31371619
33702675
40419604
8011028
11759100
18717921
38408142
84504
38405927
23717027
34287415
22333658
17210866
2671835
27219299
14447516
24687688
11412943
15002667
21900303
11092219
22401114
41725908
30251260
36038889
22288241
32836368
33965732
18803085
10491435
8857805
23360591
14677171
21701683
4586484
4408193
15295591
7424712
780687
8805866
6506160
24349177
37364360
2763350
20234148
15806355
34428447
2787385
35304322
34851554
15157993
23090959
28612226
12171263
39664893
37056755
3485156
15078529
17841523
37692495
30797862
29406123
11507704
3002575
41389690
39411773
3627506
6489725
918551
11415107
13691506
3742810
4115029
14291602
3318501
10180360
22752034
41826894
22612990
12213363
6239328
2986729
18409664
26539068
8686107
17319961
11948829
776258
26530668
30685401
26184791
27795286
23000031
7079529
41625070
34899964
31226818
27195996
27781817
39425742
33675
34383502
424309
28918267
33789569
38725206
29817371
10538671
35587566
12359857
28787297
14683857
36550623
1089703
7323836
7909849
33039293
23513428
9575065
40985383
418967
11838859
21153814
30350067
10836308
7162671
42101745
34051077
19895918
35648315
39001432
13365408
593933
38932702
41350897
23250898
3137640
10191110
16734972
13637305
18059235
27697594
93618
21374371
3034007
26060409
33318382
27037508
15828058
32719803
12565166
12318901
1002551
6724740
30498323
19035232
29516753
41437028
37299646
6530510
27787979
35052328
6998109
19593036
35795062
23893384
41499524
24483932
27115473
24020976
6277284
31668462
17397183
16283210
30305990
10980097
10232351
35582176
14472342
38492755
31717252
40824024
24070579
16950917
19457987
24044893
16719184
15719840
13649049
2247318
34515999
8194942
41507266
25354726
13077110
4044727
31761509
17478548
10940245
37697011
41607390
32244075
1362472
41400684
41034457
29707411
38757755
6723194
3864924
8631916
14422176
7499932
21366036
35009284
231733
38721745
10395844
14471866
23453842
40437704
37973650
9161273
30101430
37462539
28576815
37848563
28088080
36314498
10854755
20946170
29068136
35190304
33459619
13905062
2642929
34311263
25842487
22859436
27284616
31348589
29515881
21662893
1796
24894292
24613440
28009868
15267902
4941737
11481813
7026166
3069871
511111
22834459
34502867
2108056
34512317
26993808
7141909
7246362
10648049
29736552
15163074
32547375
34131954
23046172
14767091
42010245
29477496
35593556
5621723
24080390
4621588
32033051
14241929
2359987
19671702
16528054
975333
36855464
10970702
26441708
10817005
33386652
30572142
242656
37216148
27265955
16345758
19655358
27066886
13084272
30588195
27100499
10513881
34371710
35818677
14157133
29122119
5397106
30971967
15838673
9838460
37245199
12361348
32697473
36368252
17799836
5557352
16783625
18772056
12567648
38119567
3307945
38420505
3306187
26146899
10294386
35182666
38245084
31317164
42216388
37553989
31200083
33531823
38606749
5249591
23155168
25435166
13283446
37808646
35976769
3477324
12124585
35860545
29545110
27140121
19584626
34011378
27973302
20914059
15464110
9130740
34813379
12144644
20859716
3107119
30151816
21227223
27949876
35674692
35100679
8684565
41197241
25950491
3110251
5905179
34216146
27596523
24441995
2539718
18417658
35099821
16182215
19968062
16275919
30517329
34150417
33654165
18547268
11576158
21084278
38303064
30521025
24439857
24242829
34616090
17407243
36727124
28376545
11998908
29461049
9150187
5574313
28025659
26717943
10497326
23713185
24410025
9178865
31592175
28607504
33433193
18823902
20648484
20801243
17605352
4703658
15307855
12569887
15227802
23305134
38894421
14060234
30888533
42016212
29765706
6239545
40391933
42249673
11959955
6424595
36418988
17415842
30060585
4312474
2307918
1318461
27104608
38052522
10729269
5501869
692617
5365547
1218550
8678422
5493388
5035465
24459454
34252722
8659063
1167567
34666602
31861807
26544529
17382585
1624279
22499630
29263188
26700935
40814283
36794113
18614011
32106514
15107924
28742123
12191464
6505397
32839193
21602738
30093502
40347320
4283319
34264195
42122160
31166683
19202566
6224263
31359999
23291887
34569718
11780854
16873039
10017614
30237528
39028497
23102995
9906942
23935348
34719075
8086924
8707769
14419786
32121888
12648647
1336124
38152931
32838726
18661896
27475470
10053016
38079307
40475161
8100233
7795226
28631493
34790282
38160680
13904546
19579145
41402446
24552104
23793326
12828140
21898217
13064183
15093149
23367517
36803616
7961175
20299289
18215036
31042720
5817258
28952555
22059921
24924229
3411058
15519307
15566186
29250310
36936381
23017678
4577265
8293549
4618144
14726947
15211136
31741832
24336039
30769417
21307903
37637485
3462740
39984992
33514297
11244165
42115571
3068228
18588579
19168456
7215628
24246079
8982799
23143030
25541497
41524212
2091640
16410749
20832927
27532106
17406642
21376428
18399533
24833915
35332414
15126313
25374506
26691720
3167526
28948555
20040274
23572912
39106786
34468575
40119421
23179666
34905587
22947115
38102601
29326098
2919254
26322599
40954583
9708587
13784987
1864345
20691285
9543131
33987705
34440096
9132573
34822727
28294015
3273220
41709410
8640693
4692384
38675952
41635044
21844615
24825367
27821699
18437088
15927119
34546586
9905903
27327066
5579489
12761458
11780002
23355112
35460667
5271209
31823835
31267303
39225453
10126641
21234787
410558
41414978
41129679
5859353
28096915
19653322
33564433
38017056
1989247
25097770
13850585
6546942
38391124
8898247
35525114
8531185
23583651
28967097
39394445
8280661
17207974
19550792
41492391
33781278
39176962
8295756
21697194
2766113
38814895
3695260
15088706
29534803
6051660
21476357
14544920
32329859
10397672
8466663
24166471
30425903
21690244
39935935
13271829
29859939
20298194
6558016
11386741
15302989
4492720
12577250
1771868
25676697
22623830
33196634
4817680
36410849
4464459
18001934
22661005
2013688
32627198
35862350
14989883
15971802
3812282
41061855
896985
22221770
21760017
19214134
17154074
34080306
19637741
6713812
18473198
39978803
37048894
33793088
6264718
21066023
24937018
3558832
13592614
28462982
28732175
29065747
6483441
37434369
20358334
21782253
29273806
16655396
32050068
8911625
7808414
23840513
12035435
23932852
5067696
29929712
34559991
3173858
8340705
14642536
11914919
19663707
26447682
8716468
1589667
2705886
7473409
38724037
17076658
19510464
14713137
26281404
8707413
19684786
8160562
38686536
31982186
13095778
1580579
8209555
31859788
26125563
11506414
24355724
24356459
36877435
14322604
19917455
33508940
30926998
23178452
38182049
10807637
23741796
1243058
5115631
20612826
22946543
24010899
33045255
10803051
37278352
10854438
5004475
22686198
37314785
37105957
23772631
16219588
17705017
31686739
7504063
1769104
16878979
10033120
4439004
38352093
18379203
31722601
37576892
12852958
41686657
29672587
5692005
38112568
20546516
23354733
29817572
4877089
21716145
14924413
40782173
7325750
15789654
10148519
41163568
13828794
12134537
27069490
8715524
15935913
7541356
39720944
32313698
13510484
26637515
14966404
775200
5526245
25019542
7904305
7160953
38557687
1859668
24587273
8294996
8403024
36622185
14893158
6344916
14390395
34118357
30633654
8412183
1960859
32997580
6827675
5113270
38448625
19528133
3978178
18605813
36280873
5817026
17347294
12735284
21111270
24930460
35120896
33348890
28711856
41028235
24823680
30262691
35706644
22948686
28385435
2058108
22231790
23024802
10694860
5978212
32157498
32619671
36568105
31831187
36798956
29549543
36118689
12576409
18230858
40411153
1258519
23545589
26955757
34666835
12597985
22745978
31202202
36342662
8525209
40699166
40305188
36858592
36860853
33648536
716895
5360633
26346845
16253578
33117305
20325190
4393704
35309908
30804313
7018562
37962499
16956144
4052281
37957537
11317890
36935270
6188993
1575282
3681200
4209779
38448231
18505324
6954365
32753037
31021072
13916618
38821910
6656652
28875294
31500220
35288
26713318
14493329
41005253
4593471
32790994
24504475
39625143
39597410
6581765
37949879
34988560
5638254
2100609
31768543
2476205
33254070
36962812
40360650
27425877
32239011
5695194
22467850
35287748
28914724
24364420
20024922
7321690
41604962
2161976
9740487
36263633
22119847
16685933
16500778
7218329
35443585
10656306
36658862
39592448
943511
35849270
3220016
38145647
11096540
29789329
4365556
40811790
4723801
34665456
4958027
31934861
11764067
40353431
15262826
21593034
17743056
17862946
39831204
5341328
22292130
28038152
19762855
7635115
16225946
40828070
5543065
38101137
2446392
809592
36372432
5047864
17486327
8414285
33780091
5268347
25065528
4683698
35853763
7772538
22901388
41838195
9405631
32421034
15343972
39649881
24011831
12401727
30554414
4526648
20562071
7390612
11812206
21184786
2092050
20374809
31115274
4733473
1728705
39648529
18306863
20691743
13517774
12217979
25598758
21829990
4398182
10026587
24032310
28999165
40616907
25463952
26494223
12005751
8409203
2942244
1829064
12218779
26823254
23163802
34964443
41627286
5298562
26420995
25053109
32342175
18646104
33716746
28676611
16020560
26130755
41072481
30076583
26671381
553394
15572171
40047681
17649018
4393277
33551956
2504942
28611156
17054748
16285576
2910283
31174022
11102588
20915263
19504337
27445968
17865240
1277045
9307774
7939985
508488
33586364
3665564
37609142
319588
22587727
28193978
34442971
40519087
7238008
21607298
25154377
3912491
6495724
7877673
18032122
9230805
21202964
18434470
28130727
5182987
16978618
4403281
18640218
3050023
18227292
10871791
2658852
35752155
17971411
4274421
5149347
26000372
23327837
2148761
860215
17052238
13689566
12835673
15364710
3325517
7845171
10010301
20863967
39514920
21658307
41847653
23350078
8753573
1455852
16461043
21526367
13928594
28425990
7768426
35374769
17458735
35150381
40634432
30602808
26954636
15930181
37984184
17873754
41259197
30709195
30274543
1687527
10364049
39974100
40338007
17445148
10580251
23335592
21266315
8898439
5638330
40391801
41872633
29477207
22510855
30285054
13757941
20803826
3700851
14868046
29723935
21839525
929342
17437847
27602222
1814479
16920985
7274988
29849212
32305267
13078743
25284041
3599521
35168901
29393848
9736012
31162431
36665410
10430858
23124515
2009403
18411124
10614542
11587579
8452863
36690627
19317799
41139896
33329891
16844924
6672301
5019685
36487304
34098461
516862
20327233
6948864
26865719
36446246
4565171
21439343
12893440
38140193
36113509
38990068
27712036
34288752
8037916
27389604
34269735
5243569
32671825
2691858
8907513
27253378
9562968
3360736
37456473
27201192
21043803
22607620
7557438
4502822
8893668
19883193
8634741
18864585
2383693
40409974
16286403
8674979
27575834
8886970
3161754
36808355
30952151
35306030
19017
37777945
36967780
24311473
31319654
40402045
35378891
5546777
32046905
17345374
17300530
7582450
12377351
16540981
6447549
22657842
30851679
25012680
17499500
3208365
2578182
35958715
5567736
7399433
40496822
33017480
12918416
10105725
29522935
35424207
33321848
17957544
41441888
31549333
23916180
25772877
8355139
10767114
23229844
17198052
39951621
759549
36118498
31969509
20672900
23684870
5158342
20376910
22434498
16524383
39890630
37428750
37711893
14800257
29464614
23124694
38478142
19744210
11767475
11565391
28965917
1772515
29024962
15669011
23194193
5882662
2543033
26140685
5799091
15203892
23329555
7982111
15070247
12433628
19544764
35279587
36233970
23617556
22736281
27255748
21062491
17823969
697733
7320796
11305713
9720404
4090815
19646348
25761891
9994960
17524026
13296906
13561919
15875897
5859575
39303509
35067169
22322739
2811130
40066981
133644
3629523
23420945
14774258
18449659
30910806
12543306
8978221
2555065
4912312
19291612
6475291
41501854
33227329
3229981
33909365
18942111
29079453
37105920
5198582
38683042
1648129
170928
9242008
15792326
25786837
36492379
37250189
22189094
34165204
9379633
20342984
27429865
34760140
2230952
9471438
28355740
364591
24670207
38329775
40644056
21047881
38228908
7592489
14285218
9134126
31787043
6477126
32646412
35457790
5027654
22174631
20839401
16634092
14999629
20792138
3597742
37310773
27870556
36829708
6735339
16869494
10845629
17958427
6404399
36849959
19784829
25009563
1970535
3622326
35084464
25785164
6762663
29094782
18055446
541688
11471312
31312851
1449472
10471781
14618389
30643563
42158599
47263
5769946
12672454
27905180
1751632
30575433
11001062
25984078
23760510
10465094
8979268
33157196
16378434
34879423
16162503
32175100
11168969
39109664
40973280
7729718
41204572
10357067
21726193
41342217
999531
16694462
13055910
3296779
7304722
17607213
29486145
7125681
4018314
17080619
16904118
18017555
41798521
35519565
9738407
25586912
29070258
16349846
16994693
19186932
16444051
19302840
26185418
38422849
32888689
23349809
28253525
42112356
9357536
40015329
21019903
39952752
2123336
30432295
8794232
179041
13588899
5139123
25205161
20984357
10265696
23634553
1012745
16211608
41432905
35638562
8592219
9883326
34889392
39941854
27985112
20271203
21397748
37819206
10169323
33026334
13992273
23221794
13826050
4388382
37891993
25571206
23892117
1944295
16843395
3655109
17223880
27588140
29857025
1570608
19971612
36304088
17185246
7624184
352986
31549578
35732767
3633963
16881812
14618189
11277702
25149503
2835477
30621415
23826933
29197530
11933881
9603891
27579802
23238441
22746266
35947697
8727811
20237007
19704013
31505256
8781682
15653272
7616528
35802937
19368959
12347428
28684699
20619266
6875014
38969023
7401363
21114578
27339859
26715907
4516309
22906288
1322570
15887947
11421131
14223042
1617728
23679037
21841223
26615702
14510630
37492856
8977281
19472556
11455325
4050740
23888727
7962343
31267911
30252698
42101836
40999694
40456011
31965677
5951500
20744034
4362761
22935457
16598269
4433571
18126934
23611959
4218753
29349528
14270219
22725692
27365417
9985624
9168407
19331964
17638421
30021672
26037531
39910139
37833829
38476580
15032830
28619627
8110508
32518217
32046688
2869756
27781791
12445574
27602915
25266044
4145764
42179191
39792121
27969908
35198415
31027406
2075337
16476659
1984111
4284595
13557285
767050
27330801
14130332
35544434
12711880
34437844
29810952
24877308
9214202
23099669
24764614
31556537
40224350
39720024
12334710
17516841
37499345
8299810
20407322
27723924
11159454
41964374
8764714
18628167
11455353
21776892
40040743
2919374
1217061
19203795
34410550
7472617
7352518
21942489
40717079
30084572
25223641
41694881
35096292
12641263
25125320
20028188
19221826
22707508
2220678
39018498
32093117
9775421
39390356
20692949
18959209
27514885
30509021
21971420
20837425
8535978
20559831
20836948
10758825
35994445
4584874
12468061
1739135
19517946
31702446
41272199
29971878
12582378
16569561
15068104
28403035
37401409
17807509
22453329
25597989
27428855
41878143
11400168
25799810
4609068
32433929
31971387
6677460
21973042
1411588
476
32760751
26815387
8985671
40540765
34255309
27316928
15749213
37700535
24529666
19120068
24702637
14903773
19162941
14151750
32244193
5949706
11803420
25362252
15558784
14197820
1629045
37269074
21216240
28812020
40181609
10460886
30559799
41660581
24195889
16846202
25998403
34469987
27543676
23918744
17525149
31538372
37770860
38879146
12997898
9625893
34940725
3284484
17643178
13213235
2348329
6881940
25374520
32589198
23733207
20539710
27965178
7800622
39337466
10755354
33235819
33504626
21248595
13713597
15662178
24709499
24286124
37063257
16944838
38255305
21131482
13629601
18540474
28144967
3938421
2447010
26966312
14461087
35919753
10761238
30088716
4742729
18132331
4834809
39607618
8666182
23452245
17209824
9548401
40816438
24490356
19522222
17842447
31522694
31677474
13582519
7764661
28280820
15931775
38298835
12448428
35236516
9691180
8827060
1178654
24460932
8777258
16205074
26622372
31177023
27612505
25253906
118709
2199746
16366162
15131391
41367782
17619405
34969468
32276179
22973990
27951260
22828346
4259928
23758033
3396654
39900745
11715826
8565989
15678857
21341252
3621367
34057861
20213846
49802
27223581
40088561
12583833
23576167
1368465
23791911
18146356
1621341
19970916
3081965
33730354
22411923
1825199
36895416
7018208
2181430
18714062
4193227
12165289
6609183
4775803
37080666
16955485
32624575
39928219
23870996
36111004
3571565
41817878
22375286
22449567
38631011
38720095
31041923
40413409
34730722
38804592
15064391
2874585
39808994
36240363
39084939
15393715
34627367
18181353
2824980
32266141
12104879
34401022
17334624
31903699
14401229
32136044
28068087
31497168
36356654
24303119
13735718
16105596
3186867
18638788
33657645
33201200
38972971
27220928
25349018
31856137
41245599
13807625
6039646
24415278
36596594
13637183
5302332
2361226
6076474
3407556
7665114
15184778
19999792
20182178
3835612
17887659
38029391
3764968
17761450
12984654
13849849
30080528
24697952
4969265
21915818
6436716
7852181
7116834
28225330
11541393
18550087
9563918
12194629
27386061
11846543
34235368
7560708
1894775
36946113
25875294
25657765
22466534
11349166
37095731
24402787
35054242
126209
17778334
24898717
22664520
30536703
8880584
898307
18261236
32100681
14798983
20461387
31294386
23550345
11395009
34330361
33414027
39967375
20209262
19825353
9951768
39539256
16669012
11220608
7213176
7259725
30812034
40313747
18544925
29703119
6624453
10155525
12445287
22225229
8751730
14499810
12275467
11763500
28349324
32783446
35789893
26232236
9066378
39214026
32386319
6411231
14121099
6322271
30015607
22920007
38139939
33714757
25059677
9409286
22658575
1883026
30964801
36092513
33689294
1122997
9991429
19382822
36387393
32929075
2683359
39238230
28400486
14475618
10957205
37100686
23717068
38825868
36095918
37638745
17826524
18797645
18645625
33451092
10432333
31284448
32843928
28730652
11056182
23176650
13428083
21549660
10443733
29841804
26101083
7040068
41969203
19312355
16699463
39399163
4528588
23191338
21014622
26283398
25742148
7114935
1004767
28328324
20999344
17298273
11726717
26625432
8365312
22344775
607164
16685278
20228265
2400875
15302569
24490120
5466514
25836279
37698577
3403665
22856199
6788728
25324203
2570039
7517364
28491723
11118138
20495191
32432788
6633283
25278631
39663825
28365592
18690092
9335204
36623912
8932961
31631943
18751865
26663631
2116509
33189887
1382709
30721743
39184362
24449888
29041544
2062849
37963678
30909849
13063060
20286160
34254962
39082481
26435499
29272174
31042533
39468453
37466561
35018963
20517692
41572137
23062218
26725278
9757130
19953262
10605644
17252928
22249030
27811979
25280922
13644767
28989123
11916419
36663797
37121513
21469808
40381695
23983387
17677518
31638485
16230580
36100662
4982788
773545
21950644
26789211
31007167
18950761
30878022
4690342
28776012
24548603
3108956
16119634
34754203
39954232
25043665
34222006
1337860
33806454
6098100
11964568
34117611
25430209
38532102
5871723
3792290
1476807
7752807
16560454
26655697
8190632
6883615
13177175
12016378
2999883
30894787
19050422
25158347
6329418
1581385
12656378
32044401
5404725
33325969
532197
31349969
26220809
20857503
24356889
41938844
22917892
15682467
20979485
14371516
37055295
40368917
22215434
9804707
34545773
2410436
6212119
38424254
3883732
17265986
27949554
12825134
24565368
17469037
5235566
9268615
38426661
21580409
31512204
9038353
42088758
14658292
41976678
26531965
40189611
8674422
13692956
1279973
13610769
15594166
34406083
19984185
5823144
12538595
3592588
38371519
40776705
31196134
10474700
26042196
34950618
3214114
323165
8030350
14025973
25905157
20006412
22121905
14475249
9587509
9311676
15556793
16718681
26035852
5572606
38909638
37313654
33082388
9123891
28610182
9771022
14601085
16391597
9701625
14011891
7380051
27896819
7468106
38495517
42244184
25719031
19653865
31438141
16668008
30273938
26887666
11429908
3152500
12810228
33902054
35118828
18259422
2717784
20059044
30972199
14740218
29785746
1437068
23311366
29506404
12218585
69396
35572792
1745142
24054807
6543785
11134535
20636232
23999076
18841651
3539640
9051022
24363525
39534073
40221698
27121438
6811035
19777855
10283673
36800807
23917867
15059784
29537223
30227566
32523299
22268728
33678853
35262940
31468484
15975567
36183613
3207040
10998187
29029007
25594205
38402173
17528307
34542885
9830189
14948053
29461724
6255568
3812922
32225685
25456635
20443842
16837765
12260228
30843586
37473890
42247182
28673898
24786486
2092
38798714
32243957
33050245
10436883
34062924
20995041
4977380
7154606
19862836
14846015
4234297
26034918
21305580
2580253
5081160
3574621
3868728
39486040
23048934
25619081
15387920
5930003
24583854
21613876
4996644
2169688
12687404
42245089
24858782
27526127
9201848
28361831
33164630
12055204
5459503
26908318
1132205
25114963
2920309
28811516
35790435
36637641
20953757
17730959
40961526
578718
22775688
20499648
16831717
9852527
36018825
36024045
933359
22414166
8926472
5001556
12294504
20144875
33043241
38746951
29345094
32130242
22902328
6256312
10922999
15328138
23988008
7304287
31574528
1266266
591355
18059476
37926116
13108636
29938868
13195475
25997001
12923161
19464421
23057673
1652765
13604659
19831170
30915401
10119662
23765195
14208316
8531150
33049781
35896596
8578220
23088782
21207243
7574190
17251902
38602310
26003610
22721742
6712931
13515052
5590151
22466317
23104206
17464237
29361636
17015707
35981055
37922926
4003992
40843360
3226503
12987365
3484997
38315976
16707085
36572109
32965414
20561720
42202931
2694596
7422950
1004029
5836880
24854934
16554178
36780160
24622975
12488558
17131591
19230212
25394444
23109511
28088279
41072096
16466780
33688711
13011715
37387696
34696422
33266628
37358363
42144126
31263878
9162888
40334159
38395365
29352776
23004415
5872367
33932499
39107717
17551613
19433449
11306720
35215557
