#N=6200
15297961
2035432
33667356
28549716
16410979
20369537
20864379
25927967
7748488
31143260
22575698
20572121
15154936
36111135
3879196
30458566
15669403
33662170
11880310
6428733
10306709
28966441
7882
21585967
15381194
37958949
30016044
13041119
2926238
23410278
2373348
20031838
18908046
8141411
2528929
28923013
12621049
28161120
36635862
20459960
10831915
24904564
16692924
23136371
20441732
3500619
13421848
4084261
23355461
16197461
6420851
22004334
13585247
33772527
24853516
35623668
35032711
6605766
5511363
16177992
37785825
32671937
17502909
28425034
33960363
12807810
25570744
25444682
12172796
11731298
3767035
20979137
4462832
8035897
9714523
11201062
18585158
30507979
36103411
34634720
35895807
5931916
35590819
11245172
37179817
18247749
30112304
13698310
7259942
11279427
37115084
9360791
31995167
37978692
36137883
8515681
33918606
13839446
16521238
29633660
7268466
34171139
11264613
26545362
22734332
12490137
8381244
22390439
27895765
30171495
37483901
19494227
7192100
12186662
19572868
18325099
5831399
13676469
9866819
36339152
12567853
32419984
6506501
23479485
37343679
22298437
25278036
4284946
6570980
15633692
13212639
14006696
11436807
32058069
18164118
343892
23034373
16649750
23346539
3245129
22979395
20140831
38361360
22150594
6355263
739991
3301871
7932247
1108616
10730428
24676243
22371960
33516306
22648065
36641450
33058733
15727457
9644343
24355900
25847876
4196885
19594570
34282579
5936506
9023696
1514368
15437354
14632835
26953948
36489300
3323770
828801
13785568
32464961
13692314
31706608
38071375
25855036
21696005
12020249
15654122
2028178
24170511
33741166
6920608
26997107
3546425
23163173
291050
38044922
30005298
31543972
10570874
32768210
28939153
27674454
7844013
12231647
11309065
26125147
22703732
4142402
20420079
15362553
27677178
21120871
10010603
26051126
10200914
19667826
21133331
15196549
28391163
35613405
30194741
22197435
21549649
37225096
31597876
2030671
27474048
35677089
2604819
16180013
19767789
11551098
16365389
15002459
27967916
2010254
548659
2184771
9748817
37739209
5351949
1626052
10919957
28782778
4917795
28287958
24560256
18803519
23441808
6193728
14063756
26253238
23883152
19518978
9751048
34360788
32709445
6137627
10752892
29493722
38254625
38048922
22023183
14355134
9297392
20626737
25545030
1249451
35272822
8122765
26819252
15009172
35148257
15915592
37506115
19397869
38129742
18366528
4739763
35628571
15594168
27828371
11345782
27962365
20093126
36897013
18451488
3215723
6323003
5987562
2314131
18743082
23595122
34680039
27250105
8047941
23793915
17422265
12870199
20263650
6258100
5747252
10786650
15750388
16225850
19139587
14658106
35784764
36055952
10194985
19126381
26071804
7735245
12888769
9510877
11720995
30574010
7307517
34185185
20863514
15676033
6074093
29932978
15547181
10886123
9827839
33617742
3530265
6007757
7122947
9476999
28947713
22804995
24930656
34375874
13724679
21523635
4463121
16658382
9984148
35743333
6237612
11404518
29297843
15598352
35486953
15975811
9710496
24915077
28111092
24214128
128851
28471562
20105139
20369440
7355858
37103675
21338387
32493267
10343636
17601545
17829936
27855432
3923907
3407021
29912753
35506298
6383079
2003381
5264362
31863223
6445490
23922852
14357566
13322032
5887856
5415467
21148312
18779960
24786226
32923122
37392582
13043004
21115704
21441464
32314645
8146184
21603631
3736842
9506923
20928205
8521229
9266507
36382680
6857610
35463943
27909371
25085527
12959857
28841484
19781511
12349248
31563459
12878588
8942099
25457313
20391489
13912834
21508782
14670971
11743221
6651010
15951118
14011952
7813112
33121426
28577803
37079262
675425
28499206
240416
17829118
1663619
12242565
3316900
15055676
22504086
32351480
5304016
33894201
35718026
1746515
3407149
949738
25770692
33469265
37232123
564110
2169613
9701364
37159854
31014862
32121490
21269692
23874150
9173851
27289593
33362190
31682438
16129900
26835587
21281444
14512218
25047944
28178480
4249013
4595251
21893477
35073454
36841094
25330644
29611880
9259416
8377885
35441208
20050174
26143244
22374351
1844257
9594751
16019875
15890161
1984304
22947639
27263692
28951961
10775006
6003285
1370195
10400994
1617682
35071236
31542965
5106796
15296284
1128594
7615560
6194158
29846426
5461574
27581678
16952759
27454265
22492835
15518233
13066857
18205917
16548493
6354476
24394096
2454039
26355829
21910062
6315936
7016224
16103999
27581766
374012
37669196
38022553
12141622
34950886
19774951
25257962
30774829
9102126
4565761
35437579
11896072
12893667
16447310
38372436
1434525
14387407
4286918
32253333
1555973
27095413
14094454
13282240
2484034
34578103
19339604
649654
17174171
1485804
16874804
22842806
21515983
2718309
18247601
25323660
37459650
10672825
20692201
33777251
30489647
30112094
18990269
11963637
6302734
35343495
34085518
2464785
12831434
10475097
18158879
21557326
24611379
12799943
32382636
35117973
12247524
17853800
22214851
32771366
13253413
9000087
37878797
34632324
36982253
7574776
37915052
3682398
13466771
23863700
9630574
18526010
18652952
16930366
11161711
3837949
22512061
18454013
17589498
24557700
19147311
202528
27614691
22776999
552419
9372428
12903122
17916158
37883980
8058356
28176162
17061090
10457834
30304021
30000865
28143447
27391598
14051352
27335417
28224354
5210747
25983801
2207890
14815003
32858306
31147699
19532043
31237954
32590294
17386970
35383010
34810313
38090109
13085855
9873877
15919854
9928449
38128359
28179997
20822889
36040522
31155734
20343818
15597980
36196015
15949513
808030
37607245
8840604
1351616
26016463
23679337
31565496
9500192
33722961
34903945
31840998
2145073
29138536
36219982
12580454
22297155
19780028
22170255
36440999
5029111
26179857
27545560
2087836
30307856
33762664
20442542
28243311
4394305
14789950
37028771
7108908
32740007
6434374
18444860
8226121
11359863
28396377
29945144
16099195
31577888
5765408
28904609
22848212
6841381
16439953
28850199
19139749
9594509
29273991
8895438
2941274
29155594
27066489
20085295
35348138
29368358
496183
24498133
30568990
15333536
25437989
21947641
24513886
33514511
28488484
11564570
33700669
35258490
24179735
20478179
3573268
32207620
12464655
32438013
20985224
1689036
32859801
10244311
6653235
33401990
15112542
16139572
27091049
36138132
14432704
10850004
32082961
23602648
32343737
8621349
24103243
30363478
31899157
7792908
38253843
31669995
25824835
8066082
26528814
25255708
8013523
9575255
11222396
5619211
32861805
10740913
28319394
37897812
28415362
23797256
1154533
12258003
1706868
16241044
4055170
29270057
11789860
23461612
32782997
1980259
10005784
16310335
30549636
229162
15251665
25031352
38424774
569127
33336152
16953558
8876904
2394312
9997043
481482
10583410
33403993
15609144
4522138
31586871
16157359
22090388
23353489
8202832
10876812
4451184
13877151
29770652
9809601
8299420
16472662
4714215
9776622
34342263
361876
33527981
14682538
30135201
16314808
30132224
25785432
6956515
8395421
25094494
15033051
23312339
6061272
1817122
32735378
20871751
8233382
2798118
6057168
13745897
27609274
14389752
33081584
421323
13297990
38378978
36962798
15413992
4352339
9532234
19659725
8666675
17213173
17833906
37633362
9358293
21736803
690937
25207057
18366675
19033222
8059521
23860553
23629522
32023741
29937260
9658175
27771078
8472437
24951008
19104313
22031543
34375355
27986199
1898525
36323999
34026639
27430564
29037860
34125665
30759061
35109411
4316906
2698472
34537104
36942425
17434829
36653720
20097716
17147536
27789715
28687292
14475781
32363294
8814939
4252663
16308415
17990759
3510356
24880894
23859246
29558115
20133018
36491356
32399561
7751554
2129731
38340975
35111504
32368449
24652351
22904181
33855900
5814482
18547236
36323385
11688300
287293
3707597
24694017
35955348
33866421
14715945
10223118
16054879
29264181
34025899
29867521
27415106
7235834
38031469
25807891
35598555
12381464
34361625
27342179
5923643
3044875
8532216
7050915
31796142
18837869
4356944
35972516
27409774
13103535
27459379
20277876
2771946
3124769
4821664
20575822
17811542
23891765
9480811
24627359
35132668
26790065
25119645
1607215
10077279
25650005
24729859
3099968
1301413
26160342
13653555
37312729
9688733
28134348
2693970
34263627
24711687
24537002
3356728
1975490
10331589
19178202
15456212
20636125
23753228
19369900
5938602
31624184
27199098
21130747
32791307
28369045
11556378
37909640
10160949
1820903
19192184
37009518
22730006
2428685
16471608
23959208
29462350
8708699
3422660
16596969
30906899
17579789
14205412
17462119
24959278
28135465
33864975
29369905
9541114
30569045
25454395
18091448
32116470
32113646
9574369
33321667
18208096
4579067
13561048
11591432
17530897
16763499
15381501
37210799
6249927
2606501
20536547
7708973
16241801
19126464
2391557
8288372
25904104
19353540
22037144
28872966
13437943
3295930
3915510
24733259
31736168
26624342
8517079
37234803
13905550
38278895
14604211
1460256
25488170
30081141
29493523
18760099
5357164
12775000
16674252
36980955
24804701
34693676
5317416
2797021
26505953
16321610
24691228
30314731
5915597
18741214
24957455
27144685
4843355
10574761
11059771
32941365
7562384
8678185
17474184
12445294
7634316
22963071
10406733
6728071
19567569
16718523
2085847
6816209
21253891
15264168
26507131
16851272
3031315
27435807
16545793
29474815
10406013
5950014
5357275
12054505
8741450
9226286
10928505
5185583
3012377
35665179
10310773
33557091
34327462
32951114
35322153
906245
36679094
32128211
4642224
7594952
28748225
20105271
18749079
4402619
7076445
37511325
33589072
6840093
11873386
5439371
24117539
31635101
30492157
34570990
34409592
36839460
6213908
8546919
28158402
2738879
1337717
15799660
36674938
33421217
29555612
3193942
34704021
23927734
36663579
17820546
27285874
19189198
7872418
14521346
4097140
236351
20481531
28149701
21162555
13521878
13387215
27986550
30509101
26936289
28357082
20706265
3524650
36758622
7209202
12358742
4503942
1200093
24684049
28324588
32000788
471470
38253957
16883475
35081861
17474381
4791719
7608119
9935650
7636067
32479816
14387440
17513797
1803245
14762486
26459598
21452777
19734518
38069469
4646428
18255231
24882053
13497062
29605909
32254680
6009109
26114694
9462947
7639305
19056171
23354223
15117313
37113202
20779576
6935348
27473742
2382323
35595653
13568304
28831803
28562270
25520162
38064955
24337792
18790469
28311560
26830130
11649941
34762880
8031008
29589367
27089323
25910966
7487953
3491215
17635325
31653397
1902115
19392316
25805585
15226561
2574647
8181965
9639460
13240845
9779695
13905437
6834113
7033383
21331735
29206849
4224478
1573285
4596986
30791255
7140528
31988681
13642714
15344167
2517148
20560043
22101414
23598108
8275641
9118149
34872693
31526601
5847811
25115554
16817669
17623620
5587101
22617394
31685862
34174024
6406732
36029905
25857295
16067265
2808905
14602041
19453454
6716815
32872758
11048306
11992133
25079954
24315125
31522672
26526346
17359041
12284402
12983265
27165416
10032632
3270337
4600730
14708932
21507784
19528453
27483868
19221351
4696670
16210662
34095958
3160320
23623060
33221000
6098846
35053811
29375682
20169284
8405148
33164683
2636396
20016774
13753054
36993609
6956084
19238270
13543081
28633625
2251769
9712927
17408278
28607293
15046146
23512278
25665065
35570026
9675375
6116798
23565394
1536349
25871194
34158550
30345067
27009250
3845318
24369563
21492255
34651000
17532887
26828375
14255220
4082788
7904282
32954785
18294120
11606051
16986500
3830153
11225347
6928069
27950374
27179593
36225821
17916121
13836902
14391859
6848224
2982618
13529196
27846844
4474875
37301945
25156824
5975504
360587
7634318
1680267
33103880
20395780
13450099
13767685
14584028
19072261
29581823
15968285
14463966
380704
4902023
9163372
17329347
3985840
4877844
13342690
16677554
5911489
5697876
862662
17441380
36947744
14667252
35973613
36939371
31784950
17522506
37578830
540299
25678539
26670169
19336195
655344
32817838
17469455
37055744
37891888
29201119
5909853
144186
16334949
34199776
4285528
3986657
25748287
37406356
7644814
15814892
26910110
7190133
19479003
14751360
33291965
16165894
18451107
32644134
26088243
30283967
10908660
19644105
19866787
32292332
1866740
35323194
28209543
21551928
25989482
32591294
7709762
4993670
34298659
12348292
8451489
162765
29625436
4776987
5339838
454680
29619481
7002341
7181761
36596702
34740254
33931424
28517652
21450732
21735474
6444137
5260772
11899921
12620957
17827186
37366381
13598404
4177303
34058250
8685758
20995812
31576228
33801470
34982182
34135894
16006449
3674502
28106520
29170755
8441098
36777497
26556512
31462780
10702088
6533930
8079049
8133114
7039542
22073515
16189960
9835552
27106773
20717178
12973541
37462554
13649883
36591724
38196239
21621492
2482022
13324289
19297222
35880335
12638613
31307680
872966
25275695
28516996
29769023
35897836
15418319
20919001
20022582
18227323
2568974
32777981
19289127
25226746
35643990
33406743
28756375
35302012
28084220
7067295
9665410
32549908
25311983
34109701
19715542
2324270
5041688
685676
26429543
29850961
20646511
36074277
4387535
22661452
13098677
8850022
15875253
30474589
18350027
20528194
32221788
10625820
35573991
24322385
29753964
341978
5322523
21689079
20480194
28817905
20195313
8839301
7677958
17831305
29068013
19029866
9178320
8474320
13322758
28795267
25463425
31268652
17819191
28821106
6786198
15907681
28939995
28630652
36692801
2567799
23394204
2742995
14155449
30075605
18999862
8064885
18301784
9788211
1493766
6484485
21139947
35647600
18211289
27088093
8652985
15437284
550700
18823054
16294488
20494107
5819667
29925912
24482453
1911510
38321112
11439139
17654881
21215788
5236448
28793398
26852351
31758599
17026725
934156
11773821
9211651
6571118
6660891
27088265
37569760
26713196
27335447
21838207
36057598
26537393
23113524
32426389
18496594
13003386
24808577
29295246
37191750
30044801
7886906
17540222
11948915
6202691
27301483
32803438
11917849
6610265
20761787
14828370
7815074
32803038
5112929
20563387
2284951
18387696
33036411
10575145
23939191
798054
37164683
36914801
2884391
10110138
7617812
22484940
9095229
33203777
16251932
19651528
12939477
1684214
28678739
17585478
27568435
15534810
6885243
30373072
32078784
26398749
9715441
25691687
25361679
20008826
25966977
24993399
32888505
27081949
11850462
20307983
31197256
21898137
29296989
18839451
1014909
12854036
6233008
27883701
20264299
9411310
24256382
28637592
12555780
7987521
5543826
30478956
21896027
18926495
15501223
6387096
34320663
22990207
33008303
33651872
25560322
32168621
13142937
7424114
34324694
28392326
24294587
12357804
15726820
11286544
12606443
11571208
31029738
30105291
36910912
24910300
35295530
11112453
23093766
15360417
24531494
19900924
14977733
10352523
23045832
25794608
6662386
33952384
35869886
839681
20508935
12979799
36283928
18034204
16413120
16810481
7509097
7851634
33034954
4155612
18696807
20941153
7943889
963030
33249761
20642051
1816534
14778705
25020959
36476434
382684
14178971
35295093
22466717
36973729
27533449
28364723
5822705
8287040
17733679
2995754
2474731
29850272
14317039
10525106
8561486
17059120
36637078
27594828
12093800
34651724
12577369
26131393
20585430
37586497
13314648
34061093
37063693
14396020
10841988
1181341
11199560
10488835
2605235
27385587
31151024
14090001
10631044
36110544
5812309
21167000
27118716
30389626
21288786
30541511
7171621
14250251
4965320
1985354
9861050
24402408
8909885
8274465
7660336
24964338
33806396
32202221
23219105
35882352
36480053
33636746
31859699
22253973
17777811
26955235
16754543
28324073
8277692
22747637
8991828
13862684
33161807
29860797
18061597
7038535
25576191
5186266
4389200
13846504
26359062
34870178
11585664
22385548
12908070
13898116
1745233
36364045
29005760
22865952
4022653
14226080
10702526
4904463
343022
27893739
13521135
27290499
14175837
32855009
28025831
12414623
29084680
26123272
4284606
12875330
2649334
6573279
17267205
2802615
35544433
37257107
21962108
36127548
20640314
9827617
23332357
12162874
32341392
9623272
12163425
32401782
13883058
16092380
24666921
6336115
13717901
19106127
37704669
35044807
3770329
1902559
8130017
16209349
23473937
30994920
34048126
33130312
9468846
13293691
19280508
37856886
16616792
6978082
7638783
3321032
15926226
8552676
33283042
33223203
34180215
29354638
7734861
2390534
2374479
5560793
7071447
11956687
10179390
30645702
26914789
26000980
16868622
10418690
15444816
23627218
21526073
15598026
13849803
10051961
29960492
7146018
25061694
8139352
24335449
32369700
3321583
21143024
12812462
37211997
20331933
26633273
26980159
35457661
28602680
28857792
28664996
9709337
18325491
22618411
13777080
16496099
5399756
26524997
27332618
33130383
9777415
6317704
24077535
1547377
18273860
16664731
16094161
25975587
4817769
3192425
14400830
37833180
34094683
24619190
10231838
23314273
31314185
31405959
6792665
13736935
10532301
890177
34372258
1829392
17218655
25692084
22447074
5552966
16747582
15858506
9052847
3073629
21327437
2256396
23893217
30738273
11846962
12901736
6418349
268182
2381335
28221641
27601342
10780410
26588597
12109471
11365200
12420842
20873658
746080
17804677
8702909
22111523
3523766
12665911
11665689
8944502
6588568
29783711
8517544
32971070
6796451
12464005
29029164
23693027
10991481
19163516
11578779
5363993
16636709
11106841
30040926
1633043
10335462
32698802
9011347
24519406
5462712
33056166
12170748
17074558
14280911
29320591
10445834
33019265
6077343
15165570
33710550
6901091
17830852
29337132
37225498
21543425
1472524
9865648
6957839
5627488
2526806
471938
8606660
15003666
34054972
30625716
25905289
19099649
27236090
14395182
7192250
21671747
18775255
21290158
6628724
14545238
23243248
28563856
32592308
32459845
35774719
37657011
8115593
29571019
27864607
27359850
14585586
34285037
7338842
1329493
30304421
25963141
4856967
16420944
22381969
9798915
3389626
11510107
6750991
407934
34059928
24342093
15043023
37513609
31330502
16504868
15236523
29223404
31229138
28218889
19187843
1047292
9792404
19195744
14985433
32019571
14864600
8099684
37264209
19815701
34912527
13883476
36864765
28341645
13031318
5715454
36331517
36265285
10733772
20848899
18648504
29829911
26295183
36978156
22277086
2107098
23715731
20301227
4879153
25025438
18426485
38432100
24501859
16212834
37614737
1729341
28038954
33488899
6470750
23380733
16234529
6570882
34135751
25992903
25293721
10049626
28265274
15482618
12460373
19343862
27837308
20110349
7552825
24188085
13262424
35259452
35667946
31973886
1874741
38170647
523578
35497244
817362
22772518
21457472
37409431
28542184
4658221
17254370
38339868
22528574
23525219
14560754
24086125
31011221
9811103
30872846
8921412
26085310
30790025
6634628
36932816
6847924
10733374
26960140
14572131
33384710
30780892
31450308
38101091
37353284
16191061
14039772
35131525
27513927
11642843
20155061
23485908
20569648
32169151
23779114
36882450
25797591
38033244
26496872
22089809
22165793
82821
2286784
22436087
18785692
34341255
9972675
30715794
15788665
29462841
21561824
28567212
26711200
15259247
18904911
2221759
21960726
35680522
14976464
37311612
29513196
21269502
38146795
16970791
1215152
19029462
5229169
3707782
15867451
21257643
14646617
38169707
19737129
1229122
7307004
26509899
18552590
18949835
3997562
20505045
36035234
1146169
9662301
24489441
26582113
21664390
20528887
17932707
1010918
26990555
37604817
7385997
20054350
13960925
11741621
35947371
3162011
17255119
22344758
16137745
1520514
8261087
25706295
26510823
21116533
26797170
17355928
31331137
16198194
36134986
10842744
11545792
13004056
21281504
37244147
8649406
15497064
31978333
13611483
26908514
6936205
23643892
34084376
22546979
5642505
27770095
8446205
25464267
15734605
8927263
23715043
8293283
25584555
37349126
9154895
28225396
5442568
14504535
20488393
37935994
23130930
22844832
7585238
4354650
5784440
5265813
28321516
21872143
25042128
28407591
31264138
17672818
18001387
6314281
8944366
18618239
6879082
37958943
35032817
2284913
21782709
24805918
37578389
30642751
26750150
27933953
2580595
5946574
29813606
30927154
30350756
18776279
11903984
2319425
9316727
22352298
18663686
38353925
29048005
2212902
10406204
19793449
8728452
32666741
32718791
9425423
22025422
4594169
11019826
5070491
36430118
24423550
31339361
9644436
28062156
20803575
36560348
4937034
14035819
5880918
19023170
22874923
4303144
27991686
22095740
9402803
31744294
11294376
27947721
9254556
31924450
11023056
20358251
32586622
10641318
28124622
31689190
11798523
1447644
25036277
12171131
26785681
34801395
10535785
11524089
17968714
6767756
25523021
24353865
24444489
34861367
24315076
779183
33340342
34687393
5644956
19895083
17333330
17809926
11768256
22179898
32621421
381738
25517221
897432
32126388
21520570
1496505
38067392
13101963
28674883
34918939
15261592
11676272
37051622
19284661
26898442
20763267
29101655
38788
18508898
1521025
28067684
33574228
8288851
12197655
21118622
8126826
33593433
18472098
6230110
35102677
31723989
1538942
37280244
32684520
32498997
8418607
11261623
36432046
36280372
16998610
31150909
29260524
18061423
16288355
28623007
26859654
35537962
22424221
10411105
23374671
26515767
10713620
7299197
162024
17044223
35930117
35180309
31774348
25188109
37974761
31106026
32323062
7479946
28861637
21422897
29350543
5421827
32703013
124729
7019848
32220780
14862554
33921110
29641770
19190394
1042377
16448548
12163290
34348455
32981078
10919066
21197335
32109398
4652673
3421716
18553468
10742008
30489141
668322
26148640
30494814
35527982
10900165
11412996
18283401
27159884
29225814
36841980
33765826
23702175
6382331
2579010
28955753
32878732
8036813
1870695
5133923
21907471
1244224
7994712
871680
1109985
12619210
8399522
32350666
11372576
17885146
23033369
33277919
36863933
10092066
19081818
12088173
22180282
20627182
14725014
26677651
367231
30459648
31186815
28030015
11943600
27825790
21928650
22588401
24569343
626471
30422804
15879383
33417832
33815502
25755751
7199320
1246634
28954377
4160889
11378250
14304805
7784894
14196101
24775760
26351785
31738229
30646751
33942631
15103543
22705367
28774429
5620809
18516048
36644618
6101365
22638792
3256447
16145771
30605597
3533551
5648639
35047303
28563633
26218512
27412460
35241375
36322024
23151977
14649571
34815995
30465742
27969046
19873110
15741465
27412602
25692747
16634685
7941384
11794
9482734
37472911
25413403
37959445
29160849
33388171
23239187
30473195
33006488
10497131
28841887
13409919
17870128
2478434
26605851
28336489
37544076
15435395
1506028
25969828
25120526
9786477
14724277
33840037
27463956
37546780
14314809
25680952
7151951
3752066
7881984
4806882
3155654
30465233
14720258
37127655
33665276
7585647
34914901
19596569
31067004
21207045
20087660
27973639
3374359
11170456
21674053
6417840
28754870
25003144
11245551
24564082
15606114
15617497
19525227
1783003
25238421
5406335
12642560
35628661
33880005
15856752
23370217
4468000
30083550
7134610
35496347
14068706
9802236
13707856
37948910
3093365
17832686
8917204
1143178
30240111
15699179
35110910
28455882
37474380
9397029
34068054
5038855
8666703
23662669
8962484
27580444
22893353
4809923
30069401
12258444
29412005
24213203
16235607
2255246
10858435
30615967
21788491
14559797
6708871
34315171
23875297
1950186
20876167
26501618
4472269
35067822
11508391
20557472
32827829
32435525
34013919
10405385
29359964
19526260
34052909
37436153
30794635
10634909
13837919
699790
29306430
22000351
13354767
24059640
18906756
34738639
18750688
25913321
23968093
4758684
8282595
35813680
35917918
19091938
9836819
17198390
2239993
17512867
24983554
22422443
36359154
14487659
9636069
30363811
22015217
18261592
23598234
24938437
19768480
25121161
25785024
90381
3093595
11899721
5308952
31433436
5614138
13992004
12474317
21438006
2124359
27630658
25976861
18719528
16851945
30763953
25498429
13101142
14437305
10495894
7629966
5995343
25756035
29814478
6765577
30360373
31776705
31760665
32437006
19678098
22027566
8728894
28065022
4943752
1129175
29756949
18959118
22616133
6711236
23283660
33901146
21844832
5622304
33652909
26504692
37034396
16326647
15002534
5471176
3285554
18023452
16255488
37669766
28679254
31321366
8288505
31206960
12098606
9733099
18551703
24896669
11927406
7599719
36748074
24424634
16953043
17889304
28959051
21998580
18149997
12504948
248237
33780141
7027909
17326261
6345749
31563219
7884685
30262675
22499281
4055789
27784199
23374123
24224853
30755887
14066352
36995407
7498849
20485530
31089285
10951984
21432187
25942773
23930268
13702362
28749176
28238056
38179308
16454103
21750343
17653448
5477038
21361976
27434392
8748283
4285168
9366667
9063938
3828896
2478476
32408751
13114528
35468313
4151363
25669447
18100630
32020822
749713
29830457
32336936
38430105
25461717
7729825
35633597
28975805
13963054
12295073
1331305
15369452
5820656
388366
28659057
30012348
11920400
12911316
38124345
456272
6888191
9938780
23997960
5450164
28257388
20728674
12211275
10570541
24919734
21553765
32967479
759609
4368740
24607110
2796508
34925913
27050364
18182116
22488091
31877195
1318009
942939
25150395
14248309
26907967
15747741
25171596
6307719
866717
28185565
9741905
1438027
20121393
3269286
26522482
12530438
34248941
29097510
16043063
24160125
17185025
3203961
31246694
7882828
35996747
17897985
7281413
33613169
16864107
21545152
6726800
25509701
7318564
4246246
22360306
15443840
14881024
35426032
35005815
32712282
8064171
6472618
8199138
2434547
7460346
35864972
34927376
10088816
6756077
7682694
26197024
9302196
5647214
8192301
33885008
35667171
1033878
19019854
21729961
29794407
9070180
35764146
36432988
30314725
27805223
25374275
18878025
15452334
27361860
28533197
24513144
473216
32295865
10774167
5947171
30655123
23952487
22088274
17175385
35893882
2035479
12848315
8700781
3263636
7158423
9708746
13937209
9679472
9949674
19249408
26645012
17195455
7958923
11058713
6280292
7196481
31296007
23628421
29379191
21732236
29520925
8582569
32966046
34924334
20105273
17142490
13479738
21342198
20052795
37610663
27193100
32055436
5689892
32275628
27766428
30762544
38199073
27971394
16318053
26037811
11290485
15586299
5758755
34046035
13046298
21091871
16257290
4407363
32547497
15640214
27206191
27880183
26917297
15823556
21444596
32046668
30373288
9152668
32589098
26437360
31920771
28201065
4289008
8210941
32516556
33078626
9288083
12161261
16680909
731754
15122648
10528043
35823593
23106885
17788744
3482527
26984375
33900669
15641173
37950907
27162918
11382635
6435587
28154222
18733861
7135519
37897570
3935928
15671898
37671626
16991944
18553422
34124509
4493974
37362859
15198887
16397717
8556329
35478614
6152866
36631754
25299356
26022891
32341066
34562511
17171668
26281354
22317061
6737750
37542131
31515319
37448697
25932367
32583661
23540244
14797933
29903622
33509537
20227577
35558477
3547117
12497969
19630564
13769214
26536258
23650122
18160273
10244850
5208167
5022850
13413568
4290688
24020438
8851223
903304
12245450
10433918
22022816
29241742
2572646
11609764
32215251
8752045
11134434
35963632
23314300
27853949
32785145
29962420
7729607
15927913
28217903
24401712
29264035
28892534
11135000
18441954
7981015
30114875
917479
19442413
37845938
36670977
11774988
36857306
17320489
16287300
2704864
10413051
30310084
27104194
33758923
34691620
23877745
21720486
3178486
31791881
14967933
16857232
35028109
21767896
19947471
32608962
8110304
10822080
15755111
19460125
12368067
26978602
25552530
35970096
2511017
988632
19350488
33927688
28996034
1751029
24417217
8884263
9937721
34058464
3226448
12038437
26356726
25369457
1596144
24761255
35203773
31640038
30193353
35702740
8501184
9125391
11697443
27090179
31737606
27216509
27191188
14837971
24467585
24563898
16619608
7023330
5276191
12443050
9510471
20111771
30253309
23642346
501406
36339284
2545330
16296992
10442293
1595470
28605685
3239699
27851495
32784626
17982445
21067962
18848888
19851006
15827785
22920935
38338992
11743227
36032517
2627289
36658364
17444255
14131299
4176558
30796452
23604421
20629742
19151718
14453956
32354026
15940607
22644415
20740583
949860
26131308
2046185
7027568
29104652
23697255
6783532
8779329
31415032
83769
34367954
19952014
37368151
25328418
35711703
13524864
18588262
21779583
27325398
19931396
23810471
21986817
11644734
9150464
21559309
36494703
25093134
6457034
14990747
34953107
18694398
27205884
30310249
11632523
244036
20325322
25565815
1543355
12851376
11463018
1155618
3883128
22680312
18686879
6740156
8775712
19483059
31940459
36409112
5338581
8286662
14660007
33711101
8433623
17340923
15102274
21503956
28580028
21046229
21068456
37926451
1905466
26961848
4828519
24506709
31984273
7473946
8946389
387737
3811840
27222706
15752332
35582973
8748192
32487413
8083289
10806600
14144478
23653797
16592697
10067481
33136631
30602677
13452418
25369668
22044488
32496046
33719093
29093578
13984355
32546608
27941524
15838758
28261168
35794573
10403911
31596536
3662106
20163684
17918998
1512460
13318106
21704919
27499683
36381593
18342935
17713085
27497496
37360590
28957167
24430021
35055063
7766963
8558189
14239965
24934168
31390911
13355283
34456077
34435647
36585597
4285440
30586951
5434847
29948224
26976059
23523820
13677538
35433239
6845578
34654079
7296369
15376514
36645577
9786598
8884097
19422346
22039511
3067474
2305526
21190204
10715424
15658690
16116387
10450871
884682
28918092
35395265
15209686
30170637
37132288
31150750
12777217
3610892
15194619
16270686
24826412
16678242
17463460
28136870
29909065
31292095
35949772
1336009
17223230
21030680
660214
17116820
849307
25635643
19930429
38357409
264553
14774007
25638296
13495607
18958589
37187456
36702977
22498937
12237012
33521396
10799723
29790124
12068073
31799970
32090819
35129543
25209178
19454957
25470691
23416648
14068865
14919091
675794
33390003
15024965
13464572
30469983
34215491
25371089
5156422
12719113
20052539
34255419
21734433
15232630
29743245
19794036
36465174
6542806
20886889
21453323
17439754
36139306
10222122
6590791
12635861
4502444
1792530
229684
10551599
17584445
13962454
33177719
20494815
36203613
14093067
26533484
25313561
16339970
162142
4184595
24268272
4819909
37795767
1940397
12051049
18044031
37347148
15011851
27543053
18031176
6074792
10848962
18347036
563270
38081854
7249769
32390846
17491678
19550823
10657473
30373223
16198842
13928244
32401332
10890051
31036689
21214934
15972558
30511699
28625826
4828829
22327875
31208861
14595328
3033250
30322790
28940979
14159564
8937059
16694090
38124140
355114
6050701
5940859
6612425
15433768
20982539
16576964
20402047
3351980
30012822
31255484
152383
21331555
11186398
28201086
524990
31029109
11143729
8183824
35856966
23517093
14138216
34169663
24094350
27313687
21385731
7090480
9319016
3425536
5486981
27026873
32182690
29056934
18241913
23319053
28315313
17630558
25004143
22430156
36483190
8681267
20069086
10391297
15650157
13440882
11900949
30781167
33612144
26066636
27329200
34970895
32706336
25264530
7627524
11847462
12838263
17960195
1603499
20732144
4526439
14870047
3628551
8863637
34025214
611355
36754911
728749
14430961
11166468
2361069
26091893
26314703
1471796
31773941
23308990
18268739
24274314
36735560
31924841
26643893
2064670
27343371
15702466
7269859
22950922
10243962
25389711
13433756
20017045
11947185
34102803
19284834
36300789
10548726
28140056
24620395
20432035
36807681
21622661
18135358
34172866
27601545
3005712
21643058
7499627
19857023
24783898
30914013
34670889
37865063
5785019
28078404
37676042
5458503
15163740
9517166
23510510
13442526
17770954
732210
14086396
23554076
29584779
11680394
23400284
24615968
36281327
35580270
2634815
32461117
15129645
7373399
14945510
21588690
30142753
15025614
18469727
20202428
19972586
1436077
189020
326516
7758256
28158876
15231586
1721214
30186213
22778300
32639723
32656878
9587432
35689595
33437385
38252403
8682660
21103606
21981153
3820210
20450625
28545008
12359199
26824548
15670647
38359896
36402556
9940324
33493029
17033650
20013408
19646070
32117822
5313737
18378523
880634
36412664
30893287
2365084
35969335
8034459
35390129
32503086
4618622
27006934
7177371
16271250
38146043
652981
26719738
24744604
26909669
12874361
12439303
28861993
573915
4866867
19368906
23210509
13846959
18199421
9543263
34551140
26080780
7341073
25925237
36955551
33726922
17702419
5414956
36749842
36699430
3226786
25325715
26787373
22144484
6524389
22835105
13401439
7026905
13845377
12305300
36487677
7144038
7572436
4336679
10646998
29459908
34453078
13667246
12579412
30558642
2202189
8625903
27565230
6897744
3066409
26384187
35417080
14286582
2188169
11424127
9912057
14365895
18801325
3952268
8743044
32781077
8989728
34379732
3822821
1544931
38016457
26994589
29780632
16552529
8323602
35419753
11724088
37178029
11465057
3953509
2993412
28588038
403085
34464636
9920665
22063420
19039609
23992953
4374524
21105867
31062803
5959789
5622851
19303841
28246133
7646905
28958256
2288389
34803276
10111824
5047891
21463928
18670987
32800880
4828441
9585574
23954696
7770578
34184617
16160612
36834017
1812369
18667373
16779666
10268618
24367713
12532488
36373743
26213743
36854736
10326608
11758962
10997249
31259538
28785585
25957744
11283630
13690024
35680498
13339348
29880838
10687012
16635487
9085412
8846184
35497863
13840958
2637676
4220154
27215840
35933240
14897943
24827343
32739661
37530771
12334876
31437563
8961345
20890727
14454781
25857486
17507070
21413377
23479506
19975908
9939153
23560838
36384283
17092778
19837078
35143862
20795426
1840827
14421216
33684455
1052100
26121301
19908711
5144437
22605804
2388496
3193579
15807173
12492467
34585691
28569426
24727741
11826374
21543859
3383657
31481404
2377980
30814755
6317816
33202261
22031625
31286376
3723760
1240421
29580945
17996251
15566237
25550972
34072320
26739916
8619335
34347664
3515496
17520215
35234451
6798631
23179622
1891481
25677748
21048319
22759317
1869158
21344084
13628562
14009471
5852494
25163588
7615720
8783130
13471441
24322093
20791204
34989023
19011102
18957777
4029973
17207524
22109914
16931636
38164656
23224420
29539121
32396806
30000458
27624186
33342970
19560884
2131303
12415757
18652181
38144235
3974346
21143280
10335182
26904975
6393751
35509365
6535739
16577220
26431927
16922418
5310991
35117020
30959050
35087171
30131456
25538338
17482868
37325495
20676108
611442
26507555
35198528
37493837
10439573
25492883
15770805
34192296
35710661
8441410
30792494
27809053
10352964
14749528
8109409
15212827
28256532
9077438
28053322
11266229
24598500
24403369
3507413
38269157
264304
17604302
31245962
38145823
11715018
10817940
23917580
1557605
16067981
9705645
16566624
9530870
23065814
7329394
3399801
7901608
31372039
16042966
14543236
33580138
24932997
37471972
20443098
16990303
17762531
3649952
2602408
19612936
18982657
19186703
7023195
558482
732876
20428022
9071834
10157413
28033551
14211935
18274574
1380703
19923424
9237230
6131069
15164206
9240948
25796836
26641965
36231902
29549970
15511265
7980631
2786285
14553032
11636738
9231487
36589596
23107296
16699297
12589741
13267767
18453827
25035174
29926648
29015464
25678063
33299900
30322840
26652848
27572104
3880936
33689635
38042810
38436282
13617825
26962242
11449047
34686867
5974292
23094862
21607276
958232
29627486
31994799
16403437
26969443
25815783
18843447
9839528
36685471
20838160
21781120
27878364
37797111
29910341
37132625
37465216
571388
21285496
26246806
27969294
3884654
20071809
11080568
21830827
17370959
15831542
21637778
13079591
5016059
31907377
22896070
17838388
2658043
1022608
30843582
11973506
22413905
36445288
26498409
8807106
21481049
25154372
29185740
331895
29338952
10690721
6062001
11042095
12244433
6174997
11732318
15337420
35984443
33689026
193049
4291368
5659075
28170402
23467113
25617672
29249333
21873462
25434807
23968130
11892296
32838295
23915098
13606798
14964239
34627630
18061367
15992746
34255420
13338611
27553487
18296857
31729880
38327005
32593369
35347014
3474146
11326885
9987963
31693075
28029951
10462648
14107847
13324996
32204661
1593651
182865
124795
4824758
25880105
53032
36725498
17874056
22571060
28829024
32255086
372210
4722755
26879260
15958563
14892324
27666482
18987081
34822867
34852859
16110076
20202642
5064664
21736934
37965316
12428820
9548547
11541579
12514196
13142131
32079866
30052485
7586353
71763
1382853
8006049
10765564
7896474
18902563
22198850
24106269
219418
22853648
23114024
37652778
30255075
18509457
26097216
36160597
9463817
24631787
32813143
20677327
31075845
7031979
21267329
33198216
34846417
17901714
15745304
399370
32008102
28669632
32863897
27746200
31926380
22387079
27006715
17073798
18683145
32628795
992244
1006640
25882166
37888160
6399154
32534478
9045640
1465429
36631047
27226491
31995943
25781164
32693591
31161221
10625562
3365614
12296504
29290639
24333613
25515672
819066
37545495
35183253
10476818
739485
9696174
3703934
27661512
16081553
12520096
6746629
34827678
33047487
31787688
28842519
38217317
29187024
20259150
7909487
10849883
27816493
834721
9999193
24171568
13708309
14618516
17472002
25220833
23315165
20071710
28772420
28782249
36806010
20330671
1616476
6361565
26898213
29623838
20914883
19693876
17912610
8242534
5985159
28113763
35884257
8583369
30307830
13180732
25726250
7074766
850690
36928517
25566413
28664270
6699566
21771069
29743351
35840293
29732006
27816509
16549293
3285340
27165773
30444445
31872459
10432638
23886683
2047929
11711228
7515941
13708717
23082440
10798277
30685383
36245934
17547117
21297119
23233064
12330042
22081326
19948353
5470012
30228951
37078937
37360920
9299274
30479064
35210435
14134592
21290257
650736
24544849
9852882
11576726
1401353
24668121
37161411
16370742
26779213
21912381
30001256
16306927
20120099
26534753
9388263
13012870
5217074
32499386
3284710
6860030
25135967
16153009
1392685
20929677
1443465
35434078
28448275
4032398
29403290
28029744
11437375
27514011
23143495
23624762
12855316
18314204
31172501
10092621
19653079
10472286
35075875
3466503
1762255
7107229
21317679
10172470
9728159
31640637
2207011
20415294
310936
4206290
14709543
4398608
25764995
35851068
874379
418531
31035024
1889279
4886248
21096206
14658694
38112884
25735854
36046288
31944718
20700214
8300339
16186576
3553623
27968646
20588825
24873378
35819070
22960634
7965459
27752866
26173293
36440722
5705751
34352329
16881295
12142068
36807822
25346464
4816043
32268693
33972283
4782410
25670586
56957
33800353
11895999
1011758
5035639
27745949
15758142
17146591
18771693
28881344
11963837
25433169
30911783
16907919
8066204
30070934
4808330
16890707
30260965
14403018
26847275
35984508
29974832
7326025
37822722
29814182
33317226
6598107
28758918
9422058
13774586
32328791
23608305
22590051
23693617
26329049
3817847
20160391
26346
26622117
31253153
28339511
17366964
840849
6943181
24459090
38249970
28845312
28483432
32716458
22868187
14364842
31445379
33444243
7292392
31224615
34338856
23895167
31263521
34870128
19097346
24468128
8635174
35719257
13615796
36816819
21146295
15635731
22190830
4970428
4098745
30412304
21396329
31347875
34314472
16537870
29259251
5533512
820717
8962182
34554672
22707537
1916042
220764
37545387
21837225
33244686
37908729
38081414
1638985
21078546
16661681
10852332
5101947
14572962
31263658
9469581
11019459
6380578
30218527
22014099
11190871
34537833
38142052
35372217
28780960
15717153
15140661
9418841
11396772
7046139
29177500
23602151
18518818
259670
32920251
22195812
31605701
11673775
16263325
29226654
15976598
2088719
12872267
34072367
36837096
24883080
17691055
27445360
33629708
28964287
22312048
14258655
600465
22424899
15075148
19362118
37603973
8094521
13524934
26234622
26967322
23761421
23965493
29606599
7093970
21246475
776079
35662639
34137178
9018198
16354387
15187824
3691623
21272780
11224904
4235328
24536965
22010361
5133312
14214645
28363822
38327149
32467100
19678347
18104519
1824218
680776
11369351
19567200
28203514
35552722
30644316
11511043
2719017
28830520
9871332
20392890
25041474
19308252
13792946
170166
28365200
37246512
37896296
35175816
27654544
37542016
5165912
32086540
5246164
20187546
3529066
15066222
30642881
18997571
6735168
20697019
10917263
9100221
27362884
11536063
32833705
35097389
1639711
15609720
37072639
23846673
1443536
24871307
24226644
9830026
713871
31629385
9591968
33637873
24853496
34008005
32295852
23418367
23401065
23463534
22828257
22971496
8331054
4789454
2923900
30918539
26617728
37821201
9550109
25549088
4739944
17223985
36464751
11076631
9009775
12201331
38060029
30053511
19001028
31037260
238058
359591
1619481
14023963
1342020
34718722
5450532
3675910
33873702
429569
15132480
12882395
14891187
15852516
16611727
36826293
16212022
34352233
27924849
30766125
27524337
26946906
3057801
19107012
11456602
17396265
26483896
1866361
24659044
13485029
24261370
19497688
37457571
5340760
8573431
36106111
34128612
38304555
26983431
15834899
18821975
37719965
34710669
11348487
32924087
15543087
3745036
18729489
6827895
977943
27708324
3260917
10333895
24101537
25906709
9590241
26020814
12998866
16044992
4948
14467459
18920610
10924256
1351460
4495741
3552469
3966272
13137305
14326172
27703467
19564230
2317080
38079471
14011174
2447042
9038189
8715191
2767093
29461166
36850571
23927640
36890380
10637801
743654
31364316
12907842
31985250
20859457
31815000
35564383
27520693
13115999
9268461
7371787
30668780
29798436
22509889
14702806
32013076
12009092
22907589
396648
33153630
23884873
5295983
38119950
18017024
5148213
12123046
25854379
21056361
23183986
369656
36169960
7198405
10504858
14376435
34860868
31778765
18699001
21139514
14992497
20887219
12753617
18145491
10809566
31068953
10500797
30235218
26460020
12139055
32306308
28384258
33473681
5867849
33431362
20840496
25446237
17375445
22222653
25484723
23326402
15985580
28304798
16637117
10777538
12009686
34117434
8564946
11629860
36251783
8385896
35287007
4921245
14968257
2488286
19014348
4608933
36801743
31212503
36515763
11948966
26438459
28236488
7476777
18861613
16055917
31901436
38401515
27332635
6237072
30463518
6689285
5208042
11138704
15803275
2212592
33663419
31149244
33462642
14782853
26174129
26701232
27642313
24346898
10359323
4126544
21085438
6533171
19696368
38057637
3122866
4472189
7576846
12180571
8858934
13743691
22006875
25664363
2781589
20643350
1029030
14168405
24169603
2995449
10758878
17937624
2033543
18880565
4975115
6761410
25580541
1827231
11185501
18359361
36545052
3826152
17713768
16311394
36693898
10067771
30480791
24225888
34053255
27116748
28613697
16478164
10962102
1363525
24635333
21896776
29757340
31317174
3409527
1075571
961906
30318314
12962509
28555726
31740025
36431476
34015910
2064771
3722180
2202941
645593
15077250
415847
2489589
24270604
12468009
14454517
3364043
34052192
12418683
16154646
22093764
30282832
22348918
10046186
26601752
18487249
23525361
30355267
6374806
26553063
5689773
37018289
14971033
32979817
24518846
32709296
26656561
1419178
21928523
1787094
31439597
24090238
26387838
26475073
20906561
11699410
2035833
20492990
6802020
15419444
27089320
12047578
3681080
3861669
19804418
29530077
6956035
35412299
24665494
7796517
6425621
11149957
7343035
15545330
1166848
23099667
5624365
24869467
8419582
31121877
8682848
38248117
3183677
14688428
19282831
33697164
38180982
19899982
31843670
33194443
11738364
23227651
30683161
7434595
30189226
22832120
4864583
37599519
23830269
8359128
453482
24163884
4826701
17526961
9920964
14737382
14680085
7786081
11030210
3455058
27938200
32434421
18965285
7926513
9791039
32666442
35137087
4986539
8161617
8616019
2511282
37587362
26322018
2694633
35853605
31029708
37441851
29789048
37146037
32949978
3532427
16210114
14242920
23372912
36130469
2134883
36990764
11225026
18287881
17035790
17773366
14855279
17486974
19582436
6073019
38088093
19348417
26521068
2475256
3857848
20734002
33100242
35017350
28575902
3692782
6064557
32323672
37775466
26256621
15779515
18707058
13443107
13363238
6951628
19665741
24905442
22287003
19954974
26735253
36716195
32832409
31474523
3625851
12682474
234019
17991952
35612836
15490568
5787066
7815015
2124091
25441692
24251052
28952793
34692231
4357317
13091529
11387749
19068408
12813513
35699870
6599021
27060959
26897796
23104626
38150768
31453782
18854400
20406157
33700731
33090344
14993527
31240504
18917492
15509638
18027043
12204886
27797821
8210069
13628966
16847556
6454891
29189462
19893735
15861264
18148073
18572501
33561608
14127880
7312979
24192555
8802073
16777988
22193784
33884015
4250226
17744610
36193051
24204057
256222
35743820
9016444
37923890
13213460
6712605
26151818
9816974
31859513
5793857
35038770
22879505
30237414
29033628
11041389
1321233
15583248
4020193
6103114
9369053
169399
28974992
35282363
13358059
12527762
37732767
30974557
13329761
17488388
33732824
15187613
772333
22530360
2303838
6615664
3396486
8136685
20357960
8061797
8980008
8840036
6005142
11838116
28916180
8293972
7021196
28501712
6214195
37134387
15568123
12526691
25251341
11290822
30833189
15667095
32481593
20244378
30525326
36582149
16716055
11202464
12883775
27440262
19133874
27450746
24697704
28618282
32440270
6361516
35340248
35581893
18363857
36151171
4816920
414468
35363370
3170402
7777180
32127505
11883046
37560894
14977094
4427838
12092821
5432403
18425362
34339445
3528323
19322862
23698374
22559386
30508591
18716622
36026150
23799185
28294068
18336188
31718035
35298378
21281252
32472670
30764973
17949388
34071394
34930111
25920881
3235865
29727357
3499879
11994002
2298800
25468073
4388283
19286069
16193377
1904080
37542501
5484663
14252529
27254272
4981752
19816829
1552998
23706146
17689962
25364743
31435691
30338529
37685366
37816998
3331863
31684869
29118455
30468508
30835529
46346
17264594
24525455
27428557
16471807
7605719
16296324
9274696
2484203
20183569
5552305
20935143
10288229
502911
32875701
20544866
14559198
2126867
14628256
25554048
20635025
26119378
26902285
27006666
844089
3542135
11303356
849340
29072109
8047506
1153665
11057790
34076380
16919736
5975825
7197111
5121515
29396348
37005983
14832653
9895340
38332987
26499443
23026956
19227306
30748834
5916610
27445151
14775434
21792471
31935356
32068360
25275289
18203742
10546902
33278342
12910027
36539442
38135675
12857911
12411127
17517522
38365558
26879269
11798221
9863070
8631128
23572455
19501008
31956589
26773211
20151977
19105681
29034201
17110346
30222156
10816992
22564140
28793388
15990667
29800775
8575206
16365050
25280540
5293714
12447460
33582667
33335709
24128315
15461745
12932354
23971859
5719301
23346080
18248140
26665766
28802063
9958132
30082837
37789032
12850908
31022602
3041631
22167118
13060801
32986207
1428768
33266326
26046958
15061774
32909209
4520235
3281491
3917590
24981465
5241598
26759146
18120922
20403355
156455
9742444
28026275
5723719
12337127
32984018
3133600
29866522
29453032
35547224
32343828
29590993
23967383
12805393
3339017
20738350
18234476
6939249
19650587
33640709
16370315
6623874
28991619
17978770
36479894
15598444
1704135
23278243
26602691
8378477
25660673
27716329
30688910
33482258
35873711
15754198
36814579
6026377
35962695
33145632
6423433
14382027
21095568
3229033
33010917
34839769
34371356
23033768
23852527
13026712
37932683
36831545
8583981
13393175
11118227
8045243
22279346
31765659
30901163
32169954
10973160
30618416
30282619
9778303
29951272
29847334
18231504
3668947
32886537
16424260
6893656
36477992
19811110
24695800
7297678
9977149
5830834
21344643
18384678
25460982
37726324
24539508
20556910
538738
24397421
17792569
15584081
28549393
15636090
33566339
35170928
34478450
667144
33718877
29986800
26282325
30244390
35090837
30058884
34848545
35053150
20637857
29180314
9833961
13708558
24393036
30032472
18809852
16901912
27128763
4904072
37187586
33425679
2764341
18238250
29131621
35440071
15301334
31818465
14441233
32899195
34735644
4491650
12824820
3474487
28179555
29507034
33835846
37687
9421027
5668231
20062781
6929299
38070871
18241489
33338706
7491124
36187302
8749372
12997918
26986676
2139730
13792928
4294058
607863
2936915
35753157
15842430
20842140
30366414
9949583
20074374
31261157
9595687
16601379
8078642
22985460
20086007
23011206
13258498
2491728
880953
1821292
6874185
30579747
15337780
19432926
27776798
4044218
6609642
37644991
22692618
34815460
5699605
1824494
18049026
20534776
5386742
5892846
767766
32388850
33637489
36756588
23182515
25050228
29798965
18351028
9726962
17594279
16973845
6280798
28901135
8741207
24923513
25881260
2802948
11293562
7666876
23415400
14635192
10234182
26788978
20868124
11610026
23604830
29721344
12156179
19767010
11437893
10695358
35734772
9206335
8587261
1801214
38115079
10166858
12204686
34660776
36729756
27133144
8232637
19797286
36303468
5938259
8473543
18214384
12671141
29941962
30716286
35066423
32207069
37064157
36467741
24430373
37893848
3837820
18283451
34744414
17315831
35515150
2108097
28777149
4374849
31703996
28036529
36737896
11877102
23511543
26428139
11776062
29269677
2294378
6167335
12932675
26550711
16971581
25938099
16044718
36174894
32092130
31882275
2620288
32453902
32629921
6146921
36433027
19805582
16051894
32636316
26978682
31140301
8844102
740620
920546
14670485
37808579
10309757
101040
32681866
18977352
452318
11180594
9027260
27635755
25434577
10505992
19236688
27129561
17446036
28398198
32921821
32535947
34913367
34460876
12824339
23378620
3796710
26110492
23351593
18635806
21081654
25063347
32613618
34655635
29050790
9413037
5126712
24615997
32932315
16344864
9950092
6100156
19029609
36961269
8399067
31588609
26343549
24122082
32647741
18193681
26768424
36900946
19711608
11534747
25507757
19997439
33310620
18444497
5028838
36728247
24462189
19709611
34452558
18044173
29528923
37718385
9764315
22065441
14665905
21675750
35755256
6272416
36141090
20724593
10617719
17560577
37380869
2993460
30637251
29030387
36922074
15233677
6236781
32997762
11507720
1906852
14968601
35022374
32422309
18602820
35559281
6418016
28620689
30017766
3123450
2307074
23052480
21372157
24750186
8393489
23974661
9874254
34094697
13424105
21783725
2467851
25363327
3194073
37794980
15403574
22793606
3924312
37009550
37613522
18029161
9768939
7924543
29649374
32746685
20847885
28422131
5541515
3294566
26313615
6965286
15034885
10840481
14658990
35837497
14875931
7582385
5394148
26530530
26470438
26500779
13433244
3112872
4803344
18840468
33870668
11677617
18463677
19178744
22084203
29688978
26819788
15462254
20360251
34510835
27205170
17553319
2108516
31859822
26699681
10316726
30746296
12480981
34404550
1920197
25286941
26785402
19551948
17333370
7940878
23357565
16541026
33032777
2525797
31565728
33660383
9535516
22877007
27214700
30798957
6621948
4172319
25592545
21540677
2806931
32402319
28628940
29293639
25075382
1113526
9062292
14352177
23669691
25634040
7619148
15651842
7953571
13688116
34634383
34075936
13348102
15675360
23415299
32655986
31430282
3532312
6445683
12020152
11098651
17885972
5206411
23521272
1365388
26473819
26195330
6796885
2170529
22359006
20231346
10723205
10727428
21868253
6733029
8017848
12524061
27214624
19457460
7161228
33623607
13802615
10660637
19132116
17528670
14726579
21053895
14253722
25717254
26999712
6813740
26017380
16520584
12016185
30609535
27852095
24303290
37119916
25005540
29887324
11631578
31646686
3990176
2709579
4187784
12801997
27000389
5362833
32031018
498436
34940592
14491491
29557538
29217651
31361814
36558541
22292917
32494184
7439982
38139875
5322719
33237556
33847846
27108490
26152896
26773211
36130148
27699558
25488338
31798854
25897148
3765591
27458902
29628180
14149191
37264952
14054572
21345545
3705834
17539527
4224491
566533
16413269
26282590
1768325
37307631
29118559
22593043
22015056
12642427
37575622
16654230
1928251
1918226
29418342
31736931
34568466
4331294
1802410
21722747
37623545
34708969
28056401
23477543
10417199
26087239
28402710
34955046
11964645
3139301
34409850
11225494
32081800
12389231
35604032
17615283
10136167
11319724
18301013
5360826
5557767
30500988
25675889
3474913
5789761
25087048
29934520
12845719
38431343
377034
26949939
8989593
24291769
35252755
33514834
8745746
8966185
25263409
33828789
739151
4341093
22020619
14061463
14466517
35536657
19127900
32597863
4775341
605548
26240026
18124938
35366447
24711227
588840
11980394
26227634
19939298
24401078
19179373
24285341
14525266
30137185
13914760
10389615
21130161
3095017
8200550
8227034
20922315
11808169
25117688
23158169
19767555
28217156
15152247
30761316
18522351
6357836
25090404
36962695
34812392
17536097
23386053
31767185
13933135
20862909
7048261
34093958
9875812
27482189
10370581
4135650
3850615
5663334
2189065
7746719
20612703
29675973
21549347
31047739
25324207
30184125
8005922
27446240
9694805
8794410
514504
14843249
4829037
7554306
13576642
36328800
3602962
2523144
24718924
13122770
10987097
18006072
23723376
583753
18475166
37990840
35230178
29387489
23490632
5796685
24637373
22848557
4351766
24648815
23041816
36317967
20489320
32495105
26931736
33291557
37248966
31400198
1266606
6940238
3951344
5897090
11609875
23763785
29976048
1556444
27839394
5246935
37970907
24172537
3793576
22371269
9343799
29433493
4750116
33925668
1444918
33272151
38246741
6473800
4159495
23830304
9386231
25637764
28529731
28815131
26868542
30308728
27448854
28653109
28613955
13471151
14361043
4897023
29207984
24729112
2025537
3666857
1453359
10443230
9672330
7643676
12464745
8701724
27988574
4761558
34118928
33411119
29112656
9260029
35527570
11805324
33740574
13854693
32052814
36661004
34649869
36655434
34978366
8821295
14292065
23716932
22703168
28071932
36155079
25541127
18119345
24865900
27278120
27093275
31262078
34254199
18095103
7703186
13022797
27861048
14088903
19702491
36323550
17307332
13959456
16516469
13036102
30363163
12488416
33837381
1682638
25828574
17206961
6105026
24558127
24660134
20845446
30445634
4796178
6132770
31546600
29466071
32043823
31463922
3841764
23558891
16074994
23517648
26897876
26603899
29977498
35221572
5743035
14650673
37554822
16879886
37311645
17638722
28680525
25099843
11474012
28861205
34554040
30986827
18543173
27396086
19863956
14712675
37339035
8613700
12528948
82678
20467898
3328524
10232520
18764117
29944608
27911096
26823742
30116304
20860864
15326825
30950343
22146742
15779029
14759692
26639362
7055394
6164710
33102913
28985804
13770777
5161624
2001546
11122871
3830497
28497051
6093847
35467320
32099949
21429395
9200424
28290159
1703781
6667508
20761425
25223968
33111897
1893824
11496917
37605962
31997715
37987797
11034243
28790973
3567226
8594981
26820042
16509591
25677526
27941289
21827850
2647906
34614719
11944495
